110032759566
110032759575
110032759593
110032759600
110032759619
110032759628
110032759637
110032759655
110032759664
110032759673
110032759682
110032759708
110032759717
110032759726
110032759744
110032759753
110032759762
110032759771
110032759799
110032759806
110032759815
110032759824
110032759842
110032759851
110032759860
110032759879
110032759888
110032759897
110032759904
110032759913
110032759931
110032759940
110032759959
110032759968
110032759977
110032759986
110032759995
110032760000
110032760019
110032760028
110032760037
110032760046
110032760055
110032760064
110032760073
110032760082
110032760091
110032760108
110032760117
110032760135
110032760144
110032760153
110032760162
110032760180
110032760206
110032760215
110032760233
110032760242
110032760251
110032760260
110032760279
110032760288
110032760297
110032760304
110032760322
110032760331
110032760340
110032760359
110032760368
110032760377
110032760386
110032760402
110032760411
110032760439
110032760448
110032760457
110032760466
110032760475
110032760484
110032760493
110032760509
110032760518
110032760527
110032760536
110032760545
110032760554
110032760563
110032760572
110032760581
110032760590
110032760607
110032760616
110032760625
110032760634
110032760643
110032760652
110032760661
110032760670
110032760689
110032760705
110032760714
110032760723
110032760732
110032760741
110032760750
110032760769
110032760778
110032760787
110032760796
110032760803
110032760812
110032760830
110032760858
110032760867
110032760876
110032760885
110032760894
110032760901
110032760910
110032760929
110032760938
110032760947
110032760956
110032760965
110032760974
110032760983
110032760992
110032761009
110032761027
110032761036
110032761045
110032761054
110032761063
110032761072
110032761081
110032761107
110032761116
110032761125
110032761134
110032761143
110032761152
110032761161
110032761170
110032761189
110032761198
110032761205
110032761214
110032761223
110032761232
110032761241
110032761250
110032761269
110032761278
110032761287
110032761296
110032761303
110032761312
110032761321
110032761349
110032761358
110032761367
110032761376
110032761385
110032761394
110032761401
110032761410
110032761438
110032761447
110032761456
110032761465
110032761483
110032761492
110032761517
110032761526
110032761535
110032761553
110032761562
110032761571
110032761580
110032761599
110032761606
110032761615
110032761633
110032761642
110032761660
110032761679
110032761697
110032761704
110032761713
110032761731
110032761740
110032761759
110032761768
110032761777
110032761786
110032761795
110032761802
110032761811
110032761820
110032761839
110032761848
110032761857
110032761866
110032761875
110032761884
110032761893
110032761900
110032761919
110032761937
110032761946
110032761955
110032761964
110032761973
110032761991
110032762017
110032762026
110032762035
110032762044
110032762053
110032762062
110032762071
110032762080
110032762099
110032762106
110032762133
110032762142
110032762151
110032762160
110032762179
110032762188
110032762197
110032762204
110032762231
110032762240
110032762259
110032762268
110032762277
110032762286
110032762295
110032762302
110032762311
110032762320
110032762339
110032762348
110032762357
110032762366
110032762375
110032762384
110032762393
110032762400
110032762419
110032762428
110032762446
110032762482
110032762491
110032762507
110032762516
110032762525
110032762534
110032762543
110032762552
110032762561
110032762570
110032762589
110032762598
110032762605
110032762614
110032762623
110032762632
110032762641
110032762650
110032762669
110032762678
110032762687
110032762703
110032762712
110032762721
110032762730
110032762749
110032762758
110032762767
110032762794
110032762801
110032762810
110032762829
110032762838
110032762847
110032762856
110032762865
110032762874
110032762892
110032762909
110032762918
110032762927
110032762936
110032762945
110032762954
110032762963
110032762972
110032762981
110032762990
110032763007
110032763016
110032763025
110032763034
110032763043
110032763052
110032763061
110032763070
110032763089
110032763098
110032763105
110032763114
110032763123
110032763132
110032763141
110032763150
110032763169
110032763178
110032763187
110032763196
110032763203
110032763212
110032763221
110032763230
110032763249
110032763267
110032763276
110032763285
110032763301
110032763310
110032763329
110032763338
110032763347
110032763356
110032763365
110032763374
110032763383
110032763392
110032763409
110032763418
110032763427
110032763436
110032763445
110032763454
110032763472
110032763481
110032763490
110032763506
110032763515
110032763524
110032763533
110032763542
110032763551
110032763579
110032763588
110032763597
110032763604
110032763622
110032763631
110032763640
110032763659
110032763668
110032763677
110032763686
110032763695
110032763702
110032763711
110032763720
110032763739
110032763748
110032763766
110032763775
110032763784
110032763793
110032763800
110032763819
110032763828
110032763837
110032763846
110032763855
110032763864
110032763873
110032763882
110032763891
110032763908
110032763917
110032763935
110032763944
110032763953
110032763962
110032763971
110032763980
110032763999
110032764006
110032764015
110032764024
110032764042
110032764051
110032764060
110032764079
110032764097
110032764113
110032764122
110032764131
110032764140
110032764159
110032764168
110032764186
110032764195
110032764202
110032764220
110032764239
110032764248
110032764257
110032764266
110032764275
110032764284
110032764293
110032764300
110032764319
110032764328
110032764337
110032764346
110032764355
110032764364
110032764382
110032764391
110032764408
110032764417
110032764426
110032764435
110032764444
110032764453
110032764462
110032764480
110032764499
110032764505
110032764532
110032764550
110032764569
110032764578
110032764587
110032764596
110032764603
110032764612
110032764621
110032764649
110032764658
110032764667
110032764676
110032764685
110032764694
110032764701
110032764710
110032764729
110032764738
110032764747
110032764756
110032764765
110032764774
110032764783
110032764792
110032764809
110032764818
110032764827
110032764836
110032764845
110032764854
110032764872
110032764881
110032764890
110032764916
110032764925
110032764934
110032764943
110032764952
110032764961
110032764970
110032764989
110032764998
110032765005
110032765014
110032765032
110032765050
110032765069
110032765078
110032765087
110032765096
110032765103
110032765112
110032765130
110032765149
110032765158
110032765167
110032765176
110032765185
110032765194
110032765201
110032765210
110032765229
110032765238
110032765247
110032765256
110032765265
110032765274
110032765283
110032765292
110032765309
110032765318
110032765327
110032765336
110032765345
110032765354
110032765363
110032765381
110032765390
110032765407
110032765416
110032765425
110032765434
110032765443
110032765452
110032765461
110032765470
110032765489
110032765498
110032765504
110032765513
110032765522
110032765531
110032765540
110032765559
110032765577
110032765586
110032765595
110032765602
110032765611
110032765620
110032765639
110032765648
110032765657
110032765666
110032765684
110032765693
110032765719
110032765728
110032765746
110032765755
110032765773
110032765817
110032765826
110032765835
110032765844
110032765853
110032765862
110032765988
110032765997
110032766004
110032766013
110032766022
110032766031
110032766040
110032766059
110032766068
110032766077
110032766086
110032766095
110032766102
110032766120
110032766139
110032766148
110032766157
110032766166
110032766175
110032766184
110032766193
110032766200
110032766219
110032766228
110032766237
110032766255
110032766264
110032766273
110032766282
110032766291
110032766308
110032766326
110032766344
110032766353
110032766371
110032766406
110032766415
110032766424
110032766433
110032766442
110032766460
110032766479
110032766488
110032766497
110032766512
110032766521
110032766549
110032766558
110032766567
110032766585
110032766594
110032766601
110032766629
110032766647
110032766656
110032766665
110032766674
110032766683
110032766692
110032766709
110032766718
110032766727
110032766736
110032766745
110032766754
110032766763
110032766772
110032766781
110032766790
110032766807
110032766816
110032766825
110032766852
110032766861
110032766870
110032766889
110032766898
110032766905
110032766923
110032766932
110032766941
110032766950
110032767067
110032767076
110032767085
110032767101
110032767110
110032767129
110032767138
110032767147
110032767156
110032767165
110032767174
110032767183
110032767192
110032767218
110032767236
110032767245
110032767254
110032767263
110032767281
110032767325
110032767334
110032767343
110032767352
110032767370
110032767389
110032767398
110032767405
110032767414
110032767423
110032767432
110032767441
110032767450
110032767478
110032767487
110032767496
110032767502
110032767511
110032767520
110032767539
110032767548
110032767557
110032767575
110032767584
110032767593
110032767600
110032767619
110032767628
110032767637
110032767646
110032767655
110032767673
110032767682
110032767691
110032767708
110032767717
110032767726
110032767735
110032767744
110032767753
110032767762
110032767771
110032767780
110032767799
110032767806
110032767815
110032767824
110032767833
110032767842
110032767851
110032767860
110032767879
110032767888
110032767897
110032767913
110032767922
110032767931
110032767940
110032767959
110032767968
110032767977
110032767986
110032768002
110032768011
110032768020
110032768182
110032768191
110032768208
110032768217
110032768226
110032768235
110032768244
110032768253
110032768262
110032768271
110032768280
110032768299
110032768306
110032768315
110032768324
110032768333
110032768342
110032768360
110032768379
110032768388
110032768397
110032768404
110032768413
110032768422
110032768431
110032768440
110032768459
110032768468
110032768477
110032768486
110032768495
110032768501
110032768510
110032768529
110032768538
110032768547
110032768556
110032768565
110032768583
110032768609
110032768618
110032768627
110032768636
110032768645
110032768663
110032768672
110032768681
110032768690
110032768707
110032768725
110032768743
110032768752
110032768761
110032768770
110032768789
110032768798
110032768805
110032768814
110032768823
110032768832
110032768850
110032768869
110032768878
110032768887
110032768896
110032768903
110032768912
110032768921
110032768930
110032768949
110032768958
110032768967
110032768985
110032768994
110032769010
110032769029
110032769038
110032769047
110032769056
110032769065
110032769074
110032769083
110032769092
110032769109
110032769118
110032769127
110032769412
110032769421
110032769430
110032769449
110032769458
110032769467
110032769476
110032769485
110032769494
110032769528
110032769546
110032769555
110032769564
110032769573
110032769582
110032769591
110032769608
110032769617
110032769626
110032769644
110032769653
110032769662
110032769680
110032769699
110032769706
110032769715
110032769733
110032769742
110032769751
110032769760
110032769779
110032769804
110032769813
110032769822
110032769831
110032769840
110032769859
110032769868
110032769877
110032769886
110032769895
110032769902
110032769920
110032769939
110032769948
110032769957
110032769975
110032769984
110032769993
110032770008
110032770017
110032770026
110032770035
110032770044
110032770053
110032770062
110032770071
110032770080
110032770099
110032770106
110032770115
110032770124
110032770133
110032770151
110032770160
110032770179
110032770188
110032770197
110032770204
110032770213
110032770222
110032770231
110032770240
110032770259
110032770277
110032770286
110032770295
110032770302
110032770311
110032770320
110032770339
110032770348
110032770357
110032770366
110032770375
110032770384
110032770400
110032770614
110032770623
110032770632
110032770650
110032770669
110032770678
110032770687
110032770696
110032770703
110032770712
110032770721
110032770730
110032770749
110032770758
110032770767
110032770776
110032770785
110032770794
110032770801
110032770810
110032770829
110032770838
110032770847
110032770856
110032770865
110032770874
110032770892
110032770909
110032770918
110032770927
110032770936
110032770945
110032770954
110032770963
110032770972
110032770981
110032770990
110032771007
110032771016
110032771043
110032771052
110032771061
110032771070
110032771089
110032771105
110032771114
110032771132
110032771150
110032771169
110032771178
110032771187
110032771196
110032771203
110032771212
110032771221
110032771230
110032771249
110032771258
110032771276
110032771285
110032771294
110032771301
110032771310
110032771329
110032771338
110032771347
110032771365
110032771374
110032771392
110032771409
110032771418
110032771427
110032771436
110032771445
110032771454
110032771463
110032771490
110032771506
110032771515
110032771524
110032771542
110032771560
110032771579
110032771588
110032771597
110032771604
110032771622
110032771631
110032771640
110032771659
110032771668
110032771686
110032771695
110032771702
110032771711
110032771720
110032771739
110032771748
110032771757
110032771766
110032771775
110032771784
110032771800
110032771828
110032771837
