110032771846
110032771855
110032771864
110032771891
110032771908
110032771917
110032771926
110032771935
110032771944
110032771971
110032771980
110032771999
110032772006
110032772024
110032772033
110032772042
110032772051
110032772060
110032772079
110032772088
110032772097
110032772104
110032772113
110032772122
110032772131
110032772140
110032772159
110032772168
110032772177
110032772186
110032772195
110032772202
110032772211
110032772248
110032772266
110032772275
110032772284
110032772293
110032772300
110032772319
110032772328
110032772337
110032772346
110032772355
110032772364
110032772373
110032772382
110032772391
110032772426
110032772435
110032772444
110032772453
110032772462
110032772471
110032772480
110032772499
110032772514
110032772523
110032772550
110032772569
110032772578
110032772587
110032772596
110032772603
110032772612
110032772621
110032772630
110032772649
110032772667
110032772685
110032772694
110032772701
110032772710
110032772747
110032772756
110032772765
110032772774
110032772783
110032772792
110032772809
110032772818
110032772827
110032772836
110032772845
110032772854
110032772863
110032772872
110032772890
110032772907
110032772916
110032772925
110032772934
110032772943
110032772952
110032772961
110032772970
110032772989
110032773014
110032773023
110032773032
110032773050
110032773069
110032773078
110032773087
110032773096
110032773103
110032773112
110032773130
110032773149
110032773158
110032773167
110032773176
110032773194
110032773201
110032773210
110032773238
110032773247
110032773283
110032773292
110032773309
110032773318
110032773327
110032773336
110032773345
110032773372
110032773381
110032773407
110032773416
110032773425
110032773434
110032773452
110032773461
110032773470
110032773489
110032773498
110032773504
110032773513
110032773522
110032773531
110032773540
110032773559
110032773568
110032773577
110032773586
110032773602
110032773611
110032773620
110032773639
110032773648
110032773666
110032773675
110032773684
110032773693
110032773700
110032773737
110032773746
110032773764
110032773773
110032773782
110032773791
110032773817
110032773835
110032773844
110032773853
110032773862
110032773880
110032773899
110032773906
110032773915
110032773924
110032773933
110032773951
110032773960
110032773979
110032773988
110032773997
110032774004
110032774013
110032774022
110032774031
110032774040
110032774059
110032774068
110032774077
110032774086
110032774095
110032774102
110032774111
110032774120
110032774139
110032774157
110032774166
110032774175
110032774184
110032774193
110032774200
110032774219
110032774228
110032774237
110032774255
110032774264
110032774273
110032774282
110032774291
110032774308
110032774317
110032774326
110032774335
110032774344
110032774353
110032774371
110032774380
110032774399
110032774415
110032774424
110032774451
110032774460
110032774488
110032774497
110032774503
110032774521
110032774549
110032774558
110032774567
110032774576
110032774585
110032774594
110032774629
110032774638
110032774647
110032774656
110032774665
110032774674
110032774683
110032774692
110032774709
110032774718
110032774727
110032774736
110032774745
110032774754
110032774763
110032774772
110032774781
110032774790
110032774807
110032774816
110032774834
110032774843
110032774852
110032774861
110032774870
110032774889
110032774898
110032774905
110032774914
110032774923
110032774941
110032774950
110032774969
110032774978
110032774987
110032774996
110032775003
110032775012
110032775021
110032775030
110032775049
110032775058
110032775067
110032775085
110032775094
110032775101
110032775129
110032775138
110032775147
110032775156
110032775165
110032775174
110032775183
110032775192
110032775209
110032775218
110032775227
110032775245
110032775254
110032775263
110032775281
110032775290
110032775307
110032775316
110032775325
110032775334
110032775343
110032775352
110032775361
110032775370
110032775389
110032775398
110032775405
110032775414
110032775423
110032775432
110032775450
110032775469
110032775487
110032775496
110032775502
110032775511
110032775520
110032775539
110032775548
110032775557
110032775566
110032775575
110032775584
110032775593
110032775600
110032775619
110032775628
110032775637
110032775646
110032775655
110032775664
110032775673
110032775682
110032775691
110032775708
110032775717
110032775726
110032775744
110032775753
110032775762
110032775771
110032775780
110032775799
110032775806
110032775824
110032775833
110032775842
110032775851
110032775860
110032775879
110032775888
110032775897
110032775904
110032775913
110032775922
110032775931
110032775940
110032775959
110032775968
110032775977
110032775986
110032776002
110032776020
110032776039
110032776048
110032776057
110032776066
110032776075
110032776084
110032776093
110032776100
110032776119
110032776128
110032776137
110032776146
110032776155
110032776164
110032776173
110032776182
110032776208
110032776217
110032776226
110032776235
110032776244
110032776253
110032776262
110032776271
110032776280
110032776299
110032776306
110032776315
110032776333
110032776342
110032776351
110032776360
110032776379
110032776388
110032776404
110032776413
110032776422
110032776431
110032776440
110032776459
110032776477
110032776486
110032776495
110032776501
110032776510
110032776529
110032776538
110032776547
110032776556
110032776574
110032776583
110032776592
110032776609
110032776618
110032776627
110032776636
110032776654
110032776663
110032776672
110032776690
110032776707
110032776716
110032776725
110032776734
110032776743
110032776752
110032776761
110032776770
110032776789
110032776798
110032776805
110032776823
110032776832
110032776841
110032776850
110032776869
110032776878
110032776887
110032776896
110032776903
110032776912
110032776921
110032776930
110032776949
110032776958
110032776967
110032776976
110032776985
110032776994
110032777001
110032777010
110032777029
110032777047
110032777056
110032777065
110032777074
110032777083
110032777092
110032777109
110032777118
110032777136
110032777145
110032777163
110032777181
110032777190
110032777207
110032777216
110032777225
110032777234
110032777243
110032777261
110032777270
110032777289
110032777298
110032777305
110032777314
110032777323
110032777332
110032777341
110032777350
110032777369
110032777378
110032777387
110032777396
110032777403
110032777412
110032777421
110032777430
110032777449
110032777458
110032777467
110032777476
110032777485
110032777500
110032777519
110032777537
110032777546
110032777555
110032777564
110032777573
110032777582
110032777591
110032777608
110032777617
110032777626
110032777635
110032777644
110032777653
110032777662
110032777680
110032777706
110032777724
110032777733
110032777742
110032777751
110032777760
110032777779
110032777788
110032777797
110032777813
110032777822
110032777831
110032777840
110032777859
110032777868
110032777877
110032777886
110032777895
110032777902
110032777911
110032777920
110032777939
110032777948
110032777957
110032777966
110032777975
110032777984
110032777993
110032778000
110032778019
110032778028
110032778037
110032778046
110032778055
110032778064
110032778082
110032778091
110032778108
110032778135
110032778153
110032778162
110032778171
110032778180
110032778206
110032778215
110032778224
110032778233
110032778242
110032778251
110032778260
110032778279
110032778288
110032778297
110032778304
110032778313
110032778322
110032778331
110032778368
110032778377
110032778386
110032778395
110032778402
110032778420
110032778439
110032778448
110032778457
110032778466
110032778475
110032778484
110032778493
110032778527
110032778545
110032778554
110032778563
110032778572
110032778581
110032778590
110032778625
110032778643
110032778652
110032778661
110032778670
110032778689
110032778698
110032778714
110032778723
110032778732
110032778741
110032778769
110032778778
110032778787
110032778796
110032778803
110032778821
110032778830
110032778849
110032778858
110032778876
110032778885
110032778894
110032778901
110032778910
110032778929
110032778947
110032778956
110032778965
110032778974
110032778983
110032778992
110032779009
110032779018
110032779027
110032779036
110032779054
110032779063
110032779072
110032779081
110032779090
110032779107
110032779116
110032779125
110032779134
110032779143
110032779152
110032779161
110032779170
110032779189
110032779198
110032779205
110032779214
110032779223
110032779232
110032779250
110032779269
110032779278
110032779287
110032779303
110032779312
110032779321
110032779330
110032779349
110032779367
110032779385
110032779394
110032779401
110032779410
110032779429
110032779438
110032779447
110032779456
110032779465
110032779474
110032779492
110032779508
110032779517
110032779535
110032779553
110032779571
110032779580
110032779599
110032779606
110032779615
110032779633
110032779660
110032779679
110032779688
110032779704
110032779713
110032779722
110032779731
110032779740
110032779759
110032779768
110032779777
110032779786
110032779795
110032779802
110032779811
110032779820
110032779839
110032779848
110032779857
110032779866
110032779875
110032779884
110032779893
110032779900
110032779937
110032779946
110032779955
110032779964
110032779973
110032779982
110032780006
110032780015
110032780024
110032780033
110032780042
110032780051
110032780060
110032780079
110032780088
110032780097
110032780104
110032780122
110032780131
110032780140
110032780159
110032780168
110032780177
110032780186
110032780195
110032780202
110032780211
110032780220
110032780239
110032780248
110032780257
110032780275
110032780284
110032780293
110032780300
110032780319
110032780328
110032780337
110032780346
110032780355
110032780364
110032780373
110032780382
110032780408
110032780426
110032780435
110032780444
110032780453
110032780462
110032780471
110032780480
110032780499
110032780505
110032780514
110032780532
110032780541
110032780550
110032780569
110032780578
110032780587
110032780596
110032780603
110032780612
110032780621
110032780630
110032780649
110032780658
110032780667
110032780685
110032780694
110032780701
110032780710
110032780729
110032780738
110032780756
110032780765
110032780774
110032780783
110032780792
110032780809
110032780818
110032780827
110032780836
110032780845
110032780863
110032780872
110032780881
110032780890
110032780907
110032780916
110032780934
110032780952
110032780970
110032780989
110032780998
110032781005
110032781014
110032781023
110032781032
110032781050
110032781069
110032781087
110032781096
110032781103
110032781112
110032781121
110032781130
110032781149
110032781167
110032781176
110032781185
110032781194
110032781201
110032781210
110032781229
110032781247
110032781256
110032781265
110032781283
110032781292
110032781309
110032781318
110032781327
110032781336
110032781345
110032781354
110032781363
110032781381
110032781390
110032781407
110032781416
110032781425
110032781434
110032781452
110032781461
110032781489
110032781498
110032781504
110032781513
110032781522
110032781531
110032781568
110032781577
110032781586
110032781595
110032781602
110032781611
110032781620
110032781648
110032781657
110032781666
110032781675
110032781684
110032781700
110032781728
110032781737
110032781746
110032781755
110032781764
110032781773
110032781782
110032781808
110032781817
110032781835
110032781844
110032781853
110032781862
110032781871
110032781880
110032781899
110032781906
110032781915
110032781924
110032781933
110032781960
110032781988
110032781997
110032782004
110032782013
110032782022
110032782031
110032782040
110032782059
110032782068
110032782077
110032782086
110032782095
110032782102
110032782111
110032782120
110032782139
110032782148
110032782157
110032782166
110032782193
110032782219
110032782228
110032782237
110032782246
110032782255
110032782273
110032782282
110032782291
110032782308
110032782317
110032782326
110032782335
110032782344
110032782353
110032782371
110032782380
110032782399
110032782406
110032782415
110032782424
110032782433
110032782442
110032782451
110032782460
110032782479
110032782488
110032782497
110032782503
110032782512
110032782521
110032782530
110032782549
110032782558
110032782567
110032782576
110032782585
110032782594
110032782601
110032782610
110032782629
110032782638
110032782647
110032782656
110032782665
110032782674
110032782692
110032782709
110032782718
110032782727
110032782736
110032782745
110032782754
110032782772
110032782781
110032782790
110032782807
110032782816
110032782825
110032782834
110032782843
110032782852
110032782861
110032782898
110032782905
110032782914
110032782923
110032782932
110032782941
110032782950
110032782969
110032782978
110032782987
110032782996
110032783003
110032783012
110032783021
110032783030
110032783049
110032783076
110032783085
110032783094
110032783101
110032783110
110032783129
110032783138
110032783147
110032783156
110032783165
110032783174
110032783183
110032783218
110032783227
110032783236
110032783245
110032783254
110032783263
110032783272
110032783281
110032783290
110032783307
110032783316
110032783325
110032783343
110032783352
110032783361
110032783370
110032783389
110032783398
110032783405
110032783414
110032783423
110032783432
