110032783441
110032783450
110032783469
110032783478
110032783487
110032783496
110032783502
110032783511
110032783520
110032783539
110032783566
110032783575
110032783593
110032783619
110032783628
110032783637
110032783646
110032783655
110032783664
110032783682
110032783691
110032783708
110032783717
110032783726
110032783735
110032783744
110032783753
110032783762
110032783780
110032783799
110032783806
110032783815
110032783824
110032783833
110032783842
110032783851
110032783879
110032783888
110032783897
110032783904
110032783913
110032783922
110032783931
110032783940
110032783959
110032783968
110032783977
110032783986
110032783995
110032784002
110032784011
110032784020
110032784039
110032784057
110032784066
110032784075
110032784084
110032784093
110032784100
110032784137
110032784146
110032784164
110032784173
110032784182
110032784191
110032784208
110032784217
110032784235
110032784253
110032784262
110032784271
110032784280
110032784299
110032784306
110032784324
110032784333
110032784342
110032784351
110032784360
110032784379
110032784388
110032784397
110032784404
110032784413
110032784422
110032784431
110032784440
110032784459
110032784468
110032784501
110032784510
110032784547
110032784565
110032784574
110032784583
110032784592
110032784609
110032784618
110032784627
110032784636
110032784645
110032784654
110032784663
110032784672
110032784681
110032784690
110032784707
110032784716
110032784725
110032784734
110032784743
110032784752
110032784761
110032784770
110032784789
110032784798
110032784805
110032784823
110032784832
110032784841
110032784850
110032784869
110032784878
110032784887
110032784896
110032784903
110032784912
110032784930
110032784949
110032784958
110032784967
110032784976
110032785001
110032785010
110032785038
110032785065
110032785074
110032785083
110032785092
110032785109
110032785127
110032785136
110032785145
110032785154
110032785163
110032785181
110032785190
110032785216
110032785225
110032785234
110032785243
110032785261
110032785270
110032785289
110032785305
110032785314
110032785323
110032785332
110032785341
110032785350
110032785369
110032785378
110032785387
110032785396
110032785403
110032785412
110032785430
110032785449
110032785458
110032785467
110032785476
110032785485
110032785494
110032785500
110032785519
110032785528
110032785537
110032785546
110032785555
110032785564
110032785573
110032785582
110032785608
110032785617
110032785626
110032785644
110032785653
110032785662
110032785671
110032785680
110032785699
110032785706
110032785715
110032785724
110032785733
110032785742
110032785751
110032785760
110032785779
110032785788
110032785797
110032785813
110032785822
110032785831
110032785840
110032785859
110032785868
110032785877
110032785886
110032785895
110032785902
110032785911
110032785920
110032785939
110032785948
110032785957
110032785975
110032785984
110032785993
110032786019
110032786028
110032786037
110032786046
110032786064
110032786073
110032786082
110032786091
110032786108
110032786117
110032786135
110032786153
110032786162
110032786171
110032786180
110032786199
110032786206
110032786215
110032786224
110032786242
110032786251
110032786279
110032786288
110032786297
110032786304
110032786313
110032786322
110032786331
110032786340
110032786359
110032786377
110032786386
110032786395
110032786402
110032786411
110032786420
110032786439
110032786448
110032786457
110032786466
110032786475
110032786484
110032786493
110032786509
110032786518
110032786527
110032786536
110032786545
110032786554
110032786563
110032786572
110032786581
110032786590
110032786607
110032786616
110032786625
110032786634
110032786643
110032786652
110032786661
110032786670
110032786698
110032786705
110032786723
110032786732
110032786741
110032786750
110032786769
110032786778
110032786787
110032786796
110032786803
110032786812
110032786821
110032786830
110032786858
110032786867
110032786876
110032786885
110032786894
110032786910
110032786929
110032786938
110032786947
110032786956
110032786974
110032787009
110032787018
110032787027
110032787045
110032787054
110032787063
110032787081
110032787090
110032787107
110032787116
110032787134
110032787152
110032787161
110032787170
110032787189
110032787198
110032787205
110032787214
110032787223
110032787232
110032787241
110032787250
110032787269
110032787278
110032787287
110032787296
110032787303
110032787312
110032787321
110032787349
110032787367
110032787376
110032787394
110032787401
110032787410
110032787438
110032787447
110032787456
110032787465
110032787474
110032787483
110032787492
110032787508
110032787517
110032787526
110032787544
110032787562
110032787571
110032787580
110032787599
110032787606
110032787615
110032787624
110032787642
110032787651
110032787660
110032787679
110032787688
110032787704
110032787713
110032787722
110032787731
110032787740
110032787759
110032787768
110032787777
110032787786
110032787795
110032787802
110032787811
110032787839
110032787848
110032787857
110032787875
110032787893
110032787900
110032787919
110032787928
110032787937
110032787946
110032787955
110032787964
110032787973
110032787991
110032788008
110032788026
110032788035
110032788044
110032788080
110032788099
110032788106
110032788133
110032788142
110032788151
110032788160
110032788179
110032788188
110032788197
110032788204
110032788213
110032788222
110032788240
110032788259
110032788268
110032788295
110032788302
110032788311
110032788320
110032788339
110032788348
110032788357
110032788366
110032788375
110032788384
110032788393
110032788419
110032788428
110032788437
110032788446
110032788455
110032788464
110032788473
110032788482
110032788491
110032788507
110032788516
110032788525
110032788534
110032788543
110032788552
110032788561
110032788570
110032788589
110032788605
110032788614
110032788623
110032788632
110032788641
110032788669
110032788687
110032788703
110032788712
110032788721
110032788749
110032788758
110032788767
110032788776
110032788785
110032788794
110032788801
110032788810
110032788829
110032788838
110032788865
110032788874
110032788883
110032788892
110032788909
110032788918
110032788927
110032788936
110032788945
110032788954
110032788963
110032788972
110032788981
110032789007
110032789016
110032789025
110032789034
110032789043
110032789061
110032789070
110032789098
110032789105
110032789114
110032789123
110032789132
110032789141
110032789150
110032789169
110032789178
110032789187
110032789196
110032789212
110032789221
110032789230
110032789258
110032789267
110032789276
110032789301
110032789310
110032789329
110032789338
110032789347
110032789356
110032789365
110032789374
110032789383
110032789392
110032789409
110032789418
110032789427
110032789436
110032789445
110032789463
110032789472
110032789481
110032789490
110032789515
110032789524
110032789533
110032789542
110032789551
110032789560
110032789579
110032789588
110032789597
110032789622
110032789631
110032789640
110032789659
110032789668
110032789677
110032789686
110032789695
110032789702
110032789711
110032789748
110032789757
110032789766
110032789775
110032789793
110032789800
110032789819
110032789828
110032789837
110032789846
110032789855
110032789864
110032789873
110032789882
110032789891
110032789908
110032789917
110032789926
110032789935
110032789944
110032789953
110032789962
110032789971
110032789980
110032789999
110032790004
110032790013
110032790022
110032790031
110032790040
110032790059
110032790068
110032790077
110032790086
110032790102
110032790111
110032790120
110032790139
110032790148
110032790157
110032790166
110032790184
110032790193
110032790200
110032790219
110032790228
110032790237
110032790246
110032790255
110032790264
110032790273
110032790282
110032790291
110032790308
110032790326
110032790335
110032790344
110032790353
110032790362
110032790371
110032790380
110032790399
110032790406
110032790415
110032790424
110032790433
110032790442
110032790451
110032790460
110032790488
110032790497
110032790503
110032790512
110032790530
110032790549
110032790567
110032790576
110032790585
110032790594
110032790601
110032790629
110032790638
110032790647
110032790656
110032790665
110032790674
110032790683
110032790692
110032790709
110032790718
110032790727
110032790736
110032790745
110032790754
110032790772
110032790781
110032790790
110032790807
110032790816
110032790825
110032790834
110032790843
110032790852
110032790861
110032790889
110032790898
110032790905
110032790914
110032790923
110032790932
110032790941
110032790950
110032790969
110032790978
110032790987
110032791003
110032791012
110032791030
110032791058
110032791067
110032791076
110032791085
110032791094
110032791101
110032791110
110032791129
110032791138
110032791147
110032791165
110032791183
110032791192
110032791209
110032791218
110032791227
110032791236
110032791254
110032791272
110032791281
110032791290
110032791307
110032791316
110032791325
110032791334
110032791343
110032791352
110032791370
110032791389
110032791398
110032791405
110032791414
110032791423
110032791432
110032791441
110032791450
110032791469
110032791478
110032791487
110032791496
110032791502
110032791511
110032791520
110032791548
110032791557
110032791566
110032791575
110032791584
110032791593
110032791600
110032791619
110032791628
110032791637
110032791646
110032791655
110032791664
110032791673
110032791682
110032791691
110032791708
110032791717
110032791735
110032791744
110032791753
110032791771
110032791799
110032791806
110032791815
110032791824
110032791833
110032791842
110032791851
110032791860
110032791879
110032791897
110032791904
110032791913
110032791922
110032791931
110032791940
110032791959
110032791968
110032791977
110032791995
110032792002
110032792011
110032792020
110032792048
110032792057
110032792066
110032792075
110032792100
110032792128
110032792137
110032792146
110032792155
110032792164
110032792173
110032792191
110032792208
110032792217
110032792235
110032792253
110032792262
110032792280
110032792299
110032792306
110032792315
110032792324
110032792333
110032792342
110032792351
110032792360
110032792379
110032792388
110032792404
110032792413
110032792422
110032792431
110032792440
110032792459
110032792468
110032792477
110032792486
110032792495
110032792501
110032792510
110032792529
110032792538
110032792547
110032792556
110032792565
110032792574
110032792583
110032792592
110032792609
110032792618
110032792627
110032792636
110032792654
110032792663
110032792672
110032792681
110032792707
110032792716
110032792725
110032792734
110032792743
110032792752
110032792761
110032792770
110032792789
110032792798
110032792805
110032792814
110032792823
110032792841
110032792850
110032792869
110032792878
110032792887
110032792896
110032792903
110032792912
110032792921
110032792930
110032792949
110032792958
110032792967
110032792976
110032792985
110032792994
110032793001
110032793010
110032793029
110032793038
110032793047
110032793065
110032793074
110032793083
110032793109
110032793127
110032793136
110032793145
110032793154
110032793163
110032793172
110032793181
110032793190
110032793207
110032793216
110032793225
110032793243
110032793252
110032793261
110032793270
110032793289
110032793298
110032793314
110032793323
110032793332
110032793341
110032793350
110032793369
110032793378
110032793387
110032793396
110032793403
110032793412
110032793421
110032793430
110032793458
110032793467
110032793476
110032793485
110032793500
110032793519
110032793528
110032793537
110032793546
110032793555
110032793564
110032793573
110032793591
110032793608
110032793617
110032793626
110032793635
110032793644
110032793653
110032793662
110032793671
110032793680
110032793706
110032793715
110032793724
110032793742
110032793751
110032793760
110032793779
110032793788
110032793797
110032793804
110032793813
110032793822
110032793840
110032793859
110032793877
110032793886
110032793895
110032793902
110032793911
110032793920
110032793939
110032793948
110032793957
110032793966
110032793975
110032793984
110032793993
110032794000
110032794019
110032794028
110032794046
110032794055
110032794064
110032794082
110032794091
110032794108
110032794126
110032794135
110032794144
110032794153
110032794162
110032794171
110032794180
110032794199
110032794206
110032794215
110032794224
110032794233
110032794242
110032794251
110032794260
110032794279
110032794288
110032794297
110032794304
110032794313
110032794322
110032794331
110032794340
110032794359
110032794368
110032794377
110032794386
110032794395
110032794402
110032794411
110032794420
110032794439
110032794448
110032794457
110032794466
110032794475
110032794484
110032794493
110032794518
110032794527
110032794536
110032794545
110032794554
110032794563
110032794572
110032794590
110032794607
110032794616
110032794625
110032794643
110032794652
110032794661
110032794670
110032794689
110032794698
110032794714
110032794732
110032794741
110032794750
110032794769
110032794778
110032794787
110032794796
110032794803
110032794812
110032794821
110032794830
110032794849
110032794858
110032794867
110032794876
110032794885
110032794901
110032794910
110032794938
110032794947
110032794956
110032794965
110032794974
110032794983
