110032794992
110032795009
110032795018
110032795027
110032795045
110032795063
110032795072
110032795081
110032795090
110032795116
110032795125
110032795134
110032795143
110032795152
110032795161
110032795170
110032795189
110032795198
110032795205
110032795214
110032795223
110032795232
110032795241
110032795250
110032795269
110032795278
110032795287
110032795296
110032795303
110032795321
110032795330
110032795349
110032795358
110032795367
110032795376
110032795385
110032795394
110032795401
110032795410
110032795438
110032795447
110032795456
110032795465
110032795474
110032795508
110032795517
110032795526
110032795544
110032795580
110032795599
110032795606
110032795615
110032795624
110032795633
110032795642
110032795651
110032795660
110032795679
110032795688
110032795697
110032795704
110032795713
110032795722
110032795731
110032795740
110032795759
110032795768
110032795777
110032795786
110032795795
110032795802
110032795839
110032795857
110032795866
110032795875
110032795884
110032795893
110032795919
110032795928
110032795937
110032795946
110032795964
110032795973
110032795982
110032795991
110032796008
110032796017
110032796026
110032796035
110032796044
110032796053
110032796062
110032796071
110032796080
110032796115
110032796124
110032796133
110032796142
110032796151
110032796160
110032796179
110032796188
110032796213
110032796222
110032796231
110032796259
110032796268
110032796286
110032796302
110032796311
110032796339
110032796348
110032796366
110032796384
110032796393
110032796400
110032796437
110032796446
110032796455
110032796464
110032796473
110032796482
110032796491
110032796507
110032796516
110032796534
110032796543
110032796552
110032796561
110032796570
110032796589
110032796598
110032796605
110032796614
110032796623
110032796632
110032796650
110032796669
110032796678
110032796687
110032796696
110032796712
110032796721
110032796730
110032796749
110032796758
110032796776
110032796785
110032796794
110032796801
110032796810
110032796829
110032796838
110032796856
110032796865
110032796874
110032796892
110032796909
110032796918
110032796945
110032796954
110032796963
110032796972
110032796981
110032796990
110032797007
110032797016
110032797043
110032797052
110032797061
110032797070
110032797089
110032797098
110032797105
110032797114
110032797123
110032797132
110032797150
110032797169
110032797178
110032797187
110032797196
110032797203
110032797212
110032797221
110032797230
110032797249
110032797258
110032797267
110032797276
110032797285
110032797294
110032797301
110032797310
110032797329
110032797338
110032797347
110032797356
110032797365
110032797374
110032797383
110032797392
110032797409
110032797418
110032797427
110032797445
110032797454
110032797463
110032797472
110032797481
110032797490
110032797506
110032797515
110032797524
110032797533
110032797542
110032797551
110032797560
110032797579
110032797588
110032797597
110032797622
110032797631
110032797640
110032797659
110032797668
110032797677
110032797686
110032797695
110032797702
110032797711
110032797720
110032797748
110032797757
110032797766
110032797775
110032797784
110032797793
110032797800
110032797819
110032797828
110032797837
110032797846
110032797855
110032797864
110032797873
110032797882
110032797891
110032797908
110032797917
110032797926
110032797935
110032797944
110032797953
110032797962
110032797971
110032797980
110032798015
110032798024
110032798033
110032798042
110032798060
110032798079
110032798088
110032798097
110032798104
110032798113
110032798122
110032798131
110032798140
110032798159
110032798168
110032798177
110032798195
110032798202
110032798211
110032798239
110032798248
110032798257
110032798266
110032798275
110032798284
110032798293
110032798319
110032798328
110032798346
110032798355
110032798373
110032798382
110032798391
110032798408
110032798417
110032798426
110032798435
110032798444
110032798453
110032798462
110032798471
110032798480
110032798499
110032798505
110032798523
110032798532
110032798541
110032798550
110032798569
110032798578
110032798587
110032798596
110032798603
110032798612
110032798630
110032798649
110032798658
110032798667
110032798676
110032798685
110032798694
110032798701
110032798710
110032798729
110032798747
110032798756
110032798765
110032798774
110032798783
110032798792
110032798809
110032798818
110032798827
110032798845
110032798854
110032798863
110032798881
110032798907
110032798925
110032798934
110032798961
110032798989
110032798998
110032799005
110032799014
110032799023
110032799032
110032799041
110032799050
110032799069
110032799078
110032799087
110032799096
110032799103
110032799112
110032799121
110032799130
110032799149
110032799158
110032799167
110032799176
110032799185
110032799194
110032799201
110032799210
110032799229
110032799238
110032799247
110032799256
110032799265
110032799274
110032799283
110032799292
110032799309
110032799318
110032799327
110032799372
110032799390
110032799452
110032799540
110032799666
110032799764
110032799773
110032799782
110032799791
110032799808
110032799817
110032799826
110032799835
110032799844
110032799853
110032799862
110032799871
110032799880
110032799899
110032799906
110032799915
110032799924
110032799933
110032799942
110032799951
110032799960
110032799988
110032799997
110032800002
110032800011
110032800020
110032800039
110032800048
110032800066
110032800084
110032800093
110032800119
110032800128
110032800137
110032800146
110032800155
110032800164
110032800173
110032800191
110032800208
110032800217
110032800226
110032800244
110032800253
110032800262
110032800271
110032800280
110032800306
110032800342
110032800351
110032800360
110032800388
110032800397
110032800404
110032800422
110032800431
110032800440
110032800468
110032800477
110032800486
110032800495
110032800501
110032800510
110032800529
110032800538
110032800547
110032800556
110032800565
110032800574
110032800583
110032800592
110032800609
110032800618
110032800627
110032800636
110032800654
110032800663
110032800672
110032800681
110032800690
110032800707
110032800716
110032800725
110032800734
110032800743
110032800752
110032800770
110032800789
110032800798
110032800814
110032800823
110032801154
110032801163
110032801172
110032801190
110032801216
110032801225
110032801234
110032801243
110032801252
110032801261
110032801270
110032801289
110032801298
110032801305
110032801314
110032801323
110032801332
110032801341
110032801369
110032801378
110032801387
110032801396
110032801403
110032801412
110032801430
110032801449
110032801467
110032801476
110032801485
110032801494
110032801500
110032801519
110032801528
110032801537
110032801546
110032801555
110032801564
110032801573
110032801582
110032801591
110032801608
110032801617
110032801626
110032801635
110032801644
110032801653
110032801662
110032801680
110032801699
110032801706
110032801715
110032801724
110032801733
110032801751
110032801760
110032801779
110032801797
110032801804
110032801822
110032801831
110032801840
110032801859
110032801877
110032801886
110032801895
110032801902
110032801911
110032801920
110032801939
110032801957
110032801975
110032801984
110032801993
110032802000
110032802019
110032802028
110032802037
110032802046
110032802064
110032802073
110032802082
110032802091
110032802439
110032802475
110032802484
110032802493
110032802518
110032802536
110032802545
110032802554
110032802563
110032802572
110032802581
110032802590
110032802607
110032802616
110032802625
110032802643
110032802661
110032802670
110032802689
110032802698
110032802705
110032802714
110032802723
110032802732
110032802741
110032802750
110032802769
110032802778
110032802787
110032802796
110032802803
110032802812
110032802821
110032802830
110032802849
110032802858
110032802867
110032802876
110032802885
110032802894
110032802901
110032802910
110032802929
110032802938
110032802947
110032802956
110032802965
110032802974
110032802983
110032802992
110032803009
110032803018
110032803027
110032803036
110032803045
110032803054
110032803063
110032803072
110032803081
110032803090
110032803107
110032803116
110032803134
110032803143
110032803152
110032803161
110032803170
110032803189
110032803198
110032803205
110032803214
110032803223
110032803232
110032803241
110032803250
110032803269
110032803278
110032803287
110032803296
110032803303
110032803312
110032803321
110032803330
110032803349
110032803358
110032803367
110032803376
110032803385
110032803394
110032803401
110032803410
110032803802
110032803811
110032803839
110032803848
110032803857
110032803866
110032803875
110032803884
110032803893
110032803900
110032803919
110032803928
110032803937
110032803946
110032803955
110032803964
110032803991
110032804017
110032804026
110032804035
110032804053
110032804071
110032804099
110032804106
110032804115
110032804124
110032804142
110032804151
110032804160
110032804179
110032804188
110032804197
110032804204
110032804213
110032804222
110032804231
110032804240
110032804259
110032804268
110032804286
110032804295
110032804302
110032804311
110032804320
110032804339
110032804348
110032804366
110032804375
110032804384
110032804393
110032804400
110032804419
110032804428
110032804437
110032804455
110032804464
110032804473
110032804491
110032804507
110032804516
110032804525
110032804534
110032804543
110032804552
110032804561
110032804589
110032804598
110032804605
110032804614
110032804623
110032804632
110032804641
110032804650
110032804669
110032804678
110032804687
110032804696
110032804703
110032804712
110032804721
110032804730
110032804749
110032804758
110032804767
110032804776
110032804785
110032804794
110032804801
110032804810
110032805196
110032805203
110032805212
110032805221
110032805258
110032805285
110032805294
110032805301
110032805310
110032805329
110032805338
110032805347
110032805356
110032805365
110032805374
110032805383
110032805392
110032805418
110032805427
110032805436
110032805445
110032805454
110032805463
110032805472
110032805481
110032805490
110032805506
110032805515
110032805524
110032805533
110032805542
110032805551
110032805560
110032805579
110032805588
110032805597
110032805604
110032805613
110032805622
110032805640
110032805659
110032805668
110032805677
110032805686
110032805695
110032805702
110032805711
110032805720
110032805739
110032805748
110032805757
110032805766
110032805784
110032805793
110032805800
110032805819
110032805828
110032805837
110032805846
110032805855
110032805864
110032805873
110032805882
110032805908
110032805917
110032805926
110032805935
110032805944
110032805953
110032805962
110032805971
110032805980
110032805999
110032806006
110032806015
110032806024
110032806033
110032806042
110032806060
110032806079
110032806088
110032806104
110032806113
110032806122
110032806131
110032806140
110032806159
110032806168
110032806177
110032806319
110032806480
110032806499
110032806514
110032806523
110032806532
110032806541
110032806550
110032806578
110032806587
110032806596
110032806603
110032806630
110032806649
110032806658
110032806667
110032806676
110032806685
110032806694
110032806701
110032806710
110032806729
110032806738
110032806747
110032806756
110032806765
110032806774
110032806783
110032806792
110032806818
110032806827
110032806836
110032806845
110032806854
110032806863
110032806881
110032806907
110032806916
110032806925
110032806952
110032806961
110032806970
110032806989
110032806998
110032807005
110032807014
110032807023
110032807032
110032807041
110032807050
110032807069
110032807078
110032807096
110032807103
110032807121
110032807130
110032807149
110032807158
110032807167
110032807176
110032807185
110032807194
110032807201
110032807210
110032807229
110032807238
110032807247
110032807265
110032807274
110032807283
110032807292
110032807309
110032807318
110032807327
110032807336
110032807345
110032807354
110032807363
110032807372
110032807381
110032807390
110032807407
110032807416
110032807434
110032807443
110032807461
110032807470
110032807489
110032807498
110032807853
110032807862
110032807880
110032807899
110032807915
110032807933
110032807942
110032807951
110032807979
110032807997
110032808004
110032808013
110032808031
110032808040
110032808059
110032808068
110032808077
110032808086
110032808102
110032808111
110032808120
110032808148
110032808157
110032808166
110032808175
110032808184
110032808193
110032808200
110032808219
110032808228
110032808237
110032808246
110032808273
110032808291
110032808308
110032808317
110032808326
110032808335
110032808344
110032808353
110032808371
110032808380
110032808399
110032808406
110032808415
110032808424
110032808433
110032808442
110032808451
110032808479
110032808488
110032808497
110032808503
110032808512
110032808521
110032808530
110032808549
110032808558
110032808567
110032808576
110032808585
110032808594
110032808601
110032808610
110032808629
110032808638
110032808674
110032808683
110032808692
110032808709
110032808718
110032808727
110032808736
110032808745
110032808754
110032808763
110032808772
110032808781
110032808790
110032808807
110032808816
110032808825
110032808834
110032808843
110032808861
110032808870
110032808889
110032808898
110032808905
110032808914
110032808923
