110032808932
110032808941
110032808950
110032808969
110032808978
110032808987
110032808996
110032809003
110032809012
110032809021
110032809030
110032809049
110032809058
110032809067
110032809076
110032809094
110032809101
110032809110
110032809129
110032809138
110032809147
110032809156
110032809165
110032809174
110032809183
110032809192
110032809209
110032809218
110032809227
110032809236
110032809245
110032809254
110032809263
110032809272
110032809281
110032809290
110032809316
110032809325
110032809334
110032809343
110032809361
110032809370
110032809389
110032809398
110032809405
110032809414
110032809423
110032809432
110032809441
110032809450
110032809478
110032809487
110032809496
110032809502
110032809511
110032809539
110032809548
110032809557
110032809566
110032809575
110032809600
110032809619
110032809628
110032809637
110032809655
110032809673
110032809682
110032809691
110032809708
110032809726
110032809735
110032809744
110032809753
110032809771
110032809780
110032809799
110032809806
110032809815
110032809824
110032809833
110032809842
110032809851
110032809860
110032809879
110032809888
110032809897
110032809904
110032809913
110032809922
110032809931
110032809940
110032809959
110032809968
110032809977
110032809995
110032810028
110032810037
110032810224
110032810233
110032810242
110032810251
110032810260
110032810279
110032810288
110032810297
110032810304
110032810313
110032810322
110032810331
110032810340
110032810359
110032810368
110032810377
110032810386
110032810395
110032810402
110032810411
110032810420
110032810439
110032810448
110032810457
110032810466
110032810475
110032810484
110032810493
110032810509
110032810518
110032810527
110032810536
110032810554
110032810563
110032810581
110032810590
110032810607
110032810616
110032810625
110032810634
110032810643
110032810652
110032810661
110032810670
110032810698
110032810705
110032810732
110032810741
110032810750
110032810769
110032810778
110032810787
110032810796
110032810803
110032810812
110032810821
110032810830
110032810858
110032810867
110032810876
110032810885
110032810894
110032810901
110032810910
110032810929
110032810938
110032810947
110032810956
110032810965
110032810974
110032810983
110032810992
110032811009
110032811018
110032811036
110032811045
110032811054
110032811063
110032811072
110032811081
110032811090
110032811107
110032811116
110032811134
110032811143
110032811152
110032811161
110032811170
110032811189
110032811198
110032811205
110032811214
110032811223
110032811232
110032811241
110032811250
110032811269
110032811287
110032811580
110032811606
110032811615
110032811624
110032811633
110032811642
110032811651
110032811660
110032811679
110032811688
110032811697
110032811704
110032811722
110032811740
110032811759
110032811768
110032811786
110032811795
110032811802
110032811820
110032811839
110032811848
110032811857
110032811866
110032811875
110032811884
110032811893
110032811900
110032811928
110032811937
110032811946
110032811955
110032811964
110032811973
110032811982
110032811991
110032812017
110032812026
110032812035
110032812053
110032812062
110032812071
110032812080
110032812099
110032812106
110032812115
110032812124
110032812133
110032812142
110032812151
110032812160
110032812179
110032812188
110032812197
110032812204
110032812213
110032812222
110032812231
110032812277
110032812286
110032812302
110032812311
110032812320
110032812348
110032812357
110032812366
110032812375
110032812384
110032812393
110032812400
110032812419
110032812428
110032812446
110032812455
110032812473
110032812491
110032812507
110032812516
110032812525
110032812543
110032812552
110032812561
110032812570
110032812589
110032812598
110032812605
110032812614
110032812623
110032812945
110032812954
110032812963
110032812972
110032812981
110032812990
110032813016
110032813025
110032813034
110032813043
110032813061
110032813070
110032813089
110032813098
110032813105
110032813114
110032813123
110032813132
110032813141
110032813150
110032813169
110032813178
110032813187
110032813196
110032813203
110032813230
110032813249
110032813258
110032813276
110032813285
110032813301
110032813310
110032813329
110032813338
110032813347
110032813356
110032813365
110032813374
110032813383
110032813392
110032813409
110032813418
110032813427
110032813436
110032813445
110032813454
110032813463
110032813472
110032813481
110032813490
110032813506
110032813515
110032813524
110032813533
110032813542
110032813560
110032813579
110032813588
110032813597
110032813604
110032813622
110032813631
110032813659
110032813668
110032813677
110032813686
110032813695
110032813702
110032813711
110032813739
110032813748
110032813757
110032813766
110032813775
110032813784
110032813793
110032813800
110032813819
110032813828
110032813837
110032813846
110032813855
110032813864
110032813873
110032813882
110032813891
110032813908
110032813935
110032813944
110032813953
110032813962
110032813971
110032813980
110032813999
110032814006
110032814015
110032814319
110032814328
110032814337
110032814346
110032814355
110032814364
110032814373
110032814382
110032814391
110032814408
110032814417
110032814426
110032814435
110032814444
110032814453
110032814462
110032814471
110032814499
110032814505
110032814523
110032814532
110032814550
110032814578
110032814587
110032814596
110032814621
110032814630
110032814649
110032814658
110032814667
110032814676
110032814685
110032814694
110032814701
110032814710
110032814729
110032814747
110032814765
110032814774
110032814783
110032814792
110032814809
110032814818
110032814827
110032814836
110032814854
110032814863
110032814872
110032814881
110032814890
110032814907
110032814925
110032814934
110032814943
110032814952
110032814961
110032814970
110032814989
110032814998
110032815005
110032815023
110032815032
110032815041
110032815050
110032815078
110032815087
110032815096
110032815103
110032815112
110032815121
110032815130
110032815158
110032815167
110032815176
110032815185
110032815201
110032815210
110032815229
110032815247
110032815256
110032815283
110032815292
110032815309
110032815318
110032815327
110032815336
110032815345
110032815354
110032815363
110032815372
110032815470
110032815489
110032815498
110032815504
110032815513
110032815522
110032815531
110032815540
110032815559
110032815568
110032815577
110032815586
110032815595
110032815602
110032815611
110032815620
110032815639
110032815648
110032815657
110032815666
110032815675
110032815684
110032815693
110032815700
110032815719
110032815728
110032815737
110032815746
110032815773
110032815782
110032815791
110032815808
110032815817
110032815826
110032815835
110032815844
110032815862
110032815871
110032815899
110032815906
110032815915
110032815924
110032815933
110032815942
110032815951
110032815960
110032815979
110032815988
110032816004
110032816022
110032816031
110032816040
110032816059
110032816068
110032816077
110032816086
110032816095
110032816102
110032816111
110032816120
110032816139
110032816157
110032816166
110032816175
110032816184
110032816193
110032816200
110032816219
110032816228
110032816237
110032816255
110032816264
110032816273
110032816282
110032816291
110032816308
110032816317
110032816326
110032816335
110032816344
110032816353
110032816362
110032816380
110032816406
110032816415
110032816424
110032816442
110032816451
110032816460
110032816488
110032816503
110032816512
110032816521
110032816530
110032816549
110032816567
110032816576
110032816585
110032816594
110032816601
110032816610
110032816629
110032816638
110032816647
110032816656
110032816665
110032816674
110032816683
110032816718
110032816727
110032816736
110032816745
110032816763
110032816772
110032816781
110032816790
110032816816
110032816825
110032816834
110032816843
110032816852
110032816889
110032816898
110032816905
110032816987
110032816996
110032817003
110032817012
110032817021
110032817030
110032817049
110032817058
110032817067
110032817076
110032817094
110032817101
110032817110
110032817129
110032817138
110032817147
110032817156
110032817165
110032817174
110032817183
110032817192
110032817218
110032817227
110032817236
110032817245
110032817254
110032817263
110032817290
110032817307
110032817316
110032817325
110032817334
110032817343
110032817352
110032817370
110032817389
110032817414
110032817423
110032817441
110032817450
110032817469
110032817478
110032817487
110032817496
110032817502
110032817520
110032817539
110032817548
110032817557
110032817566
110032817575
110032817584
110032817593
110032817600
110032817619
110032817637
110032817646
110032817655
110032817682
110032817691
110032817708
110032817717
110032817726
110032817735
110032817744
110032817753
110032817762
110032817771
110032817780
110032817815
110032817824
110032817833
110032817842
110032817851
110032817860
110032817879
110032817897
110032817904
110032817913
110032817922
110032817931
110032817940
110032817959
110032817968
110032817995
110032818002
110032818351
110032818379
110032818388
110032818397
110032818404
110032818413
110032818422
110032818431
110032818440
110032818459
110032818468
110032818486
110032818501
110032818510
110032818529
110032818538
110032818547
110032818556
110032818565
110032818574
110032818583
110032818592
110032818609
110032818618
110032818627
110032818636
110032818654
110032818663
110032818672
110032818681
110032818707
110032818716
110032818725
110032818734
110032818743
110032818752
110032818761
110032818770
110032818789
110032818798
110032818805
110032818814
110032818823
110032818832
110032818841
110032818887
110032818896
110032818903
110032818912
110032818921
110032818930
110032818949
110032818958
110032818967
110032818976
110032818985
110032818994
110032819001
110032819010
110032819038
110032819047
110032819056
110032819065
110032819074
110032819083
110032819092
110032819109
110032819118
110032819127
110032819136
110032819145
110032819154
110032819163
110032819172
110032819181
110032819190
110032819207
110032819216
110032819225
110032819234
110032819243
110032819252
110032819261
110032819270
110032819289
110032819298
110032819305
110032819323
110032819332
110032819341
110032819350
110032819369
110032819378
110032819387
110032819396
110032819403
110032819421
110032819449
110032819458
110032819467
110032822202
110032824549
110032824558
110032824567
110032825138
110032825147
110032825156
110032825165
110032825174
110032825192
110032825209
110032825361
110032825520
110032825986
110032826100
110032826208
110032826217
110032826235
110032826253
110032826280
110032826404
110032826887
110032828064
110032828171
110032828224
110032829553
110032830140
110032830346
110032831354
110032831363
110032831372
110032831390
110032831407
110032831416
110032831434
110032831443
110032831461
110032831489
110032831498
110032831522
110032831531
110032831540
110032831559
110032831568
110032831577
110032831586
110032831595
110032831602
110032831620
110032831648
110032831657
110032831666
110032831675
110032831684
110032831693
110032831700
110032831728
110032831737
110032831746
110032831755
110032831764
110032831773
110032831782
110032831808
110032831817
110032831826
110032831835
110032831844
110032831853
110032831862
110032831871
110032831880
110032831924
110032831942
110032831951
110032831960
110032831979
110032831997
110032832004
110032832013
110032832022
110032832031
110032832040
110032832059
110032832068
110032832102
110032832111
110032832120
110032832157
110032832166
110032832175
110032832184
110032832200
110032832219
110032832228
110032832246
110032832255
110032832264
110032832273
110032832282
110032832291
110032832308
110032832317
110032832326
110032832335
110032832344
110032832353
110032832362
110032832371
110032832380
110032832399
110032832406
110032832415
110032832442
110032832451
110032832460
110032832479
110032832488
110032832497
110032832503
110032832512
110032832521
110032832530
110032832549
110032832567
110032832576
110032832585
110032832594
110032832601
110032832610
110032832629
110032832638
110032832647
110032832656
110032832665
110032832683
110032832692
110032832709
110032832718
110032832727
110032832736
110032832745
110032832754
110032832772
110032832781
110032832790
110032832807
110032832825
110032832834
110032832843
110032832852
110032832861
110032832870
110032832889
110032832898
110032832905
110032832914
110032832923
110032832932
110032832941
110032832950
110032832969
110032832978
110032832996
110032833003
110032833012
110032833021
110032833049
110032833058
110032833067
110032833076
110032833085
110032833094
110032833101
110032833129
110032833138
110032833156
110032833165
110032833174
110032833183
110032833192
110032833209
110032833227
110032833236
110032833245
110032833254
110032833263
110032833272
110032833316
110032833325
110032833334
110032833343
110032833389
110032833398
110032833405
110032833414
110032833423
110032833432
110032833441
110032833450
110032833487
110032833496
110032833502
110032833520
110032833539
110032833566
110032833575
110032833584
110032833593
110032833600
110032833619
110032833637
110032833646
110032833655
110032833664
110032833708
110032833717
110032833726
110032833735
110032833744
110032833762
