110032833771
110032833833
110032833851
110032833860
110032833879
110032833897
110032833904
110032833913
110032833922
110032833931
110032833940
110032834002
110032834020
110032834039
110032834093
110032834100
110032834119
110032834128
110032834146
110032834182
110032834208
110032834226
110032834235
110032834244
110032834262
110032834271
110032834280
110032834306
110032834315
110032834324
110032834342
110032834388
110032834547
110032834556
110032834565
110032834574
110032834583
110032834949
110032835387
110032835396
110032835403
110032835412
110032835421
110032835430
110032835458
110032835467
110032835476
110032835500
110032835555
110032835564
110032835582
110032835591
110032835617
110032835626
110032835635
110032835662
110032835706
110032835715
110032835724
110032835733
110032835742
110032835751
110032835760
110032835788
110032835804
110032835911
110032835920
110032835939
110032835948
110032835957
110032835975
110032835984
110032835993
110032836000
110032836019
110032836037
110032836055
110032836064
110032836073
110032836082
110032836108
110032836135
110032836144
110032836153
110032836171
110032836215
110032836224
110032836233
110032836251
110032836260
110032836279
110032836297
110032836304
110032836322
110032836331
110032836340
110032836359
110032836368
110032836395
110032836420
110032836439
110032836448
110032874361
110032877849
110032877876
110032877885
110032880103
110032880194
110032881870
110032881889
110032881978
110032881996
110032882003
110032882094
110032882110
110032882183
110032882218
110032882272
110032882361
110032883976
110032883985
110032883994
110032884001
110032884010
110032884047
110032884109
110032884163
110032884421
110032886535
110032889417
110032889462
110032889765
110032890815
110032891930
110032892190
110032894081
110032894394
110032894401
110032894526
110032894642
110032894688
110032895017
110032897499
110032897587
110032897676
110032897685
110032899031
110032899068
110032899157
110032899166
110032902189
110032902303
110032902394
110032905373
110032938686
110032938695
110032938837
110032938846
110032939453
110032939462
110032941627
110032941850
110032941869
110032941887
110032941896
110032941903
110032941921
110032941930
110032941949
110032941958
110032941967
110032941985
110032941994
110032942001
110032942010
110032942038
110032942047
110032943082
110032943091
110032943117
110032943126
110032943135
110032943144
110032943153
110032943162
110032943171
110032943180
110032943199
110032943215
110032943224
110032943233
110032943242
110032943251
110032943260
110032943279
110032943288
110032943297
110032943304
110032943313
110032943322
110032943331
110032943340
110032943359
110032943368
110032943377
110032943395
110032943402
110032943411
110032944125
110032944170
110032944205
110032944483
110032944492
110032944508
110032944517
110032953481
110032955489
110032955504
110032956111
110032956120
110032956139
110032956148
110032956772
110032956781
110032956816
110032956825
110032957003
110032957478
110032957496
110032957502
110032959494
110032959500
110032959519
110032959528
110032959537
110032959546
110032959555
110032959573
110032959582
110032959591
110032959608
110032959617
110032959626
110032959797
110032959822
110032959957
110032960099
110032960115
110032960124
110032960133
110032960142
110032960268
110032960491
110032960598
110032960614
110032960829
110032960856
110032963498
110032963504
110032963513
110032963522
110032963531
110032963540
110032963559
110032963568
110032963577
110032963586
110032963595
110032963602
110032963611
110032963620
110032963639
110032963648
110032963657
110032963666
110032963675
110032963684
110032963693
110032963700
110032963719
110032963737
110032963746
110032963755
110032963764
110032963773
110032963782
110032963791
110032963817
110032963826
110032963835
110032963844
110032963853
110032963862
110032963871
110032963880
110032963906
110032963915
110032963924
110032963942
110032963951
110032963960
110032963979
110032963988
110032963997
110032964013
110032964022
110032964031
110032964040
110032964059
110032964068
110032964077
110032964086
110032964095
110032964102
110032964111
110032964120
110032964139
110032964148
110032964157
110032964166
110032964175
110032964184
110032964193
110032964228
110032964246
110032964264
110032964273
110032964291
110032964308
110032964317
110032965913
110032965968
110032966011
110032966057
110032966084
110032966093
110032966100
110032966119
110032966128
110032966155
110032966164
110032966191
110032966208
110032966217
110032967270
110032967289
110032967305
110032983895
110032983920
110032983948
110032983957
110032983975
110032983984
110032983993
110032984000
110032984019
110032984037
110032984055
110032984064
110032984073
110032984135
110032985526
110032985535
110032985544
110032985553
110032985562
110032985571
110032985580
110032985599
110032985606
110032985624
110032985633
110032985642
110032985651
110032985660
110032985679
110032985688
110032985704
110032985713
110032985722
110032985731
110032985759
110032985777
110032985786
110032985795
110032985811
110032985820
110032985839
110032985848
110032985857
110032985866
110032985875
110032985884
110032985893
110032985900
110032985919
110032985928
110032985937
110032985946
110032985955
110032985964
110032985973
110032985982
110032985991
110032986008
110032986017
110032986026
110032986035
110032986044
110032986053
110032986062
110032986071
110032986080
110032986115
110032986124
110032986142
110032986151
110032986197
110032986204
110032986213
110032986240
110032986259
110032986268
110032986277
110032986286
110032986295
110032986302
110032986311
110032986339
110032986348
110032986384
110032986393
110032986400
110032986428
110032986437
110032986446
110032986455
110032986464
110032986482
110032986491
110032986507
110032986516
110032986525
110032986534
110032986543
110032986552
110032986561
110032986570
110032986589
110032986598
110032986605
110032986623
110032986632
110032986650
110032986669
110032986678
110032986687
110032986703
110032986712
110032986721
110032986730
110032986749
110032986767
110032986785
110032986794
110032986801
110032986810
110032986829
110032987383
110032987427
110032987445
110032987454
110032987463
110032990841
110032990878
110032990887
110032990896
110032990967
110032990994
110032991001
110032991038
110032991047
110032991065
110032991083
110032991092
110032991109
110032991145
110032991190
110032991207
110032991261
110032991742
110032991751
110032991797
110032991822
110032991939
110032991966
110032991984
110032993964
110033010186
110033010195
110033010220
110033010248
110033010266
110033010275
110033010284
110033010300
110033010328
110033010337
110033010346
110033010364
110033010373
110033010417
110033010569
110033010578
110033010587
110033010603
110033010612
110033010630
110033010649
110033010658
110033010667
110033010676
110033010694
110033011274
110033011461
110033011470
110033011498
110033011513
110033013209
110033013218
110033013325
110033013334
110033013343
110033013352
110033013361
110033013370
110033013389
110033013398
110033013405
110033013414
110033013423
110033013432
110033013469
110033013478
110033013487
110033013496
110033013502
110033013511
110033013520
110033013539
110033013548
110033013566
110033013575
110033013584
110033013593
110033013600
110033013628
110033013637
110033013646
110033013655
110033013664
110033013673
110033013833
110033013913
110033013959
110033013968
110033013986
110033014002
110033014011
110033014039
110033014048
110033014066
110033014075
110033014100
110033014119
110033014128
110033014137
110033014146
110033014155
110033014173
110033014182
110033014191
110033014208
110033014217
110033014226
110033014235
110033014244
110033014253
110033014262
110033014440
110033014459
110033014468
110033014477
110033014486
110033014510
110033014529
110033014538
110033014547
110033014556
110033014565
110033014574
110033014583
110033014592
110033014609
110033014618
110033014627
110033014636
110033014645
110033014654
110033014672
110033014681
110033014690
110033014716
110033014725
110033014743
110033014752
110033014761
110033014770
110033014798
110033014805
110033014814
110033014823
110033014832
110033014841
110033014869
110033014878
110033014887
110033014912
110033014921
110033014930
110033014949
110033014958
110033014967
110033014976
110033014985
110033014994
110033015010
110033015038
110033015047
110033015056
110033015065
110033015074
110033015083
110033015092
110033015109
110033015118
110033015127
110033015136
110033015145
110033015154
110033015163
110033015181
110033015190
110033015207
110033015216
110033015225
110033015252
110033015261
110033015270
110033015289
110033015298
110033015305
110033015314
110033015323
110033015341
110033015350
110033015369
110033015378
110033015396
110033015412
110033015421
110033015430
110033015449
110033015458
110033015476
110033015485
110033015500
110033015519
110033015528
110033015537
110033015546
110033015555
110033015564
110033015573
110033015582
110033015591
110033015608
110033015644
110033015653
110033015662
110033015671
110033015706
110033015715
110033015742
110033015751
110033015760
110033015779
110033015788
110033015797
110033015804
110033015813
110033015822
110033015831
110033015840
110033015859
110033015868
110033015877
110033015886
110033015895
110033015902
110033015911
110033015920
110033015939
110033015948
110033015957
110033015966
110033015975
110033015984
110033015993
110033016000
110033016019
110033016028
110033016046
110033016064
110033016073
110033016082
110033016091
110033016108
110033016117
110033016126
110033016135
110033016144
110033016153
110033016162
110033016180
110033016199
110033016215
110033016224
110033016233
110033016242
110033016251
110033016260
110033016279
110033016288
110033016297
110033016304
110033016313
110033016322
110033016331
110033016340
110033016359
110033016368
110033016377
110033016386
110033016395
110033016402
110033016420
110033016439
110033016448
110033016457
110033016466
110033016484
110033016493
110033016509
110033016518
110033016527
110033016536
110033016545
110033016554
110033016563
110033016572
110033016581
110033016590
110033016607
110033016616
110033016625
110033016643
110033016652
110033016670
110033017027
110033017045
110033017063
110033017072
110033017081
110033017090
110033017107
110033017116
110033017125
110033017134
110033017143
110033017152
110033017161
110033017170
110033017189
110033017198
110033017205
110033017223
110033017232
110033017241
110033017269
110033017278
110033017296
110033017303
110033017321
110033017330
110033017358
110033017367
110033017376
110033017401
110033017410
110033017429
110033017660
110033017679
110033017759
110033017768
110033017777
110033017786
110033017820
110033017839
110033018357
110033018366
110033018375
110033018428
110033018865
110033018874
110033018892
110033018909
110033019043
110033019196
110033019212
110033019258
110033019276
110033019855
110033019864
110033020629
110033020638
110033020647
110033020656
110033020674
110033020683
110033020692
110033020709
110033020718
110033020727
110033020736
110033020745
110033020754
110033020772
110033020781
110033020790
110033020807
110033020816
110033020825
110033020834
110033020843
110033020852
110033020861
110033020870
110033020889
110033020898
110033020905
110033020914
110033020923
110033020932
110033020941
110033020950
110033020969
110033021030
110033021067
110033021076
110033021085
110033021539
110033021548
110033025358
110033025447
110033025866
110033025875
110033026080
110033026277
110033028738
110033039129
110033107108
110033107475
110033131466
110033131545
110033131554
110033131634
110033131643
110033134365
110033134374
110033134383
110033134392
110033134436
110033134445
110033134463
110033136880
110033136899
110033137692
110033138986
110033139002
110033139878
110033139887
110033141008
110033141017
110033141026
110033141133
110033141160
110033141188
110033141231
110033141240
110033142016
110033142034
110033142052
110033142061
110033142089
110033142098
110033142114
110033142123
110033142132
110033145308
110033145317
110033147075
110033147084
110033147093
110033147100
110033147128
110033153904
110033156108
110033156117
110033156126
110033156135
110033156153
110033156215
110033156527
110033156554
110033156563
110033156572
110033156581
110033156670
110033156689
110033156714
110033157410
110033157456
110033157465
110033157562
110033157580
110033157606
110033157615
110033157651
110033157679
110033157722
110033157731
110033157740
110033157768
110033157777
110033157866
110033157875
110033157919
110033157964
110033157973
110033157991
110033158008
110033158017
110033158026
110033158044
110033158053
110033158062
110033158071
110033158080
110033158099
110033158106
110033158115
110033158124
110033158133
110033158142
110033158151
110033158160
110033158188
110033158605
110033158650
110033158712
110033160040
110033160059
110033160068
110033160077
110033160086
110033160095
110033160102
110033160111
110033160120
110033160139
110033160148
110033160157
110033160166
110033160184
110033160193
110033160200
110033160219
110033160870
110033160898
