110033160905
110033160923
110033160932
110033160941
110033161012
110033161021
110033161076
110033163546
110033163555
110033163564
110033163573
110033163582
110033163608
110033163680
110033163715
110033163797
110033164144
110033164180
110033164652
110033164661
110033164689
110033164698
110033164705
110033164714
110033164723
110033164796
110033164812
110033164821
110033164830
110033164858
110033164876
110033164885
110033164894
110033164901
110033164938
110033164947
110033164956
110033164965
110033164983
110033164992
110033165009
110033165018
110033165036
110033165045
110033165054
110033165063
110033165072
110033165081
110033165090
110033165107
110033165116
110033165125
110033165134
110033165768
110033165928
110033165991
110033166026
110033166053
110033166062
110033166080
110033166106
110033166115
110033166142
110033166151
110033166160
110033166179
110033166188
110033166197
110033166204
110033166222
110033166231
110033166268
110033166320
110033166339
110033166348
110033166357
110033166366
110033166375
110033166384
110033166393
110033166400
110033166419
110033166428
110033166437
110033166446
110033166455
110033166464
110033166473
110033166482
110033166491
110033166507
110033166516
110033166525
110033166534
110033166543
110033166552
110033166561
110033166589
110033166598
110033166605
110033166614
110033166632
110033166641
110033166650
110033166669
110033166678
110033166687
110033166703
110033166712
110033166749
110033166758
110033166767
110033166776
110033166785
110033166801
110033166810
110033166838
110033167276
110033167294
110033167301
110033167329
110033167338
110033167347
110033167383
110033167392
110033167409
110033167418
110033167436
110033167445
110033167454
110033167463
110033167472
110033167481
110033167490
110033167506
110033167515
110033167524
110033167533
110033167551
110033167560
110033167588
110033167597
110033167604
110033167613
110033167622
110033167631
110033167640
110033167659
110033167668
110033167677
110033168319
110033168328
110033168337
110033168346
110033168355
110033168364
110033168578
110033168587
110033168596
110033168603
110033168630
110033168649
110033168738
110033168756
110033168765
110033168774
110033168783
110033168792
110033168809
110033168818
110033168827
110033168836
110033168845
110033168854
110033168863
110033168872
110033168881
110033168890
110033168907
110033168925
110033168934
110033168943
110033168952
110033168961
110033168970
110033168989
110033169005
110033169014
110033169498
110033169522
110033169531
110033169540
110033169559
110033169568
110033169577
110033169586
110033169595
110033169602
110033169611
110033169620
110033169639
110033169648
110033169657
110033169666
110033169675
110033169684
110033169693
110033169700
110033169719
110033169728
110033169737
110033169746
110033169755
110033169764
110033169782
110033169791
110033169808
110033169817
110033169826
110033169835
110033169844
110033170084
110033170226
110033170333
110033170342
110033170379
110033170422
110033170556
110033170583
110033170592
110033170627
110033170636
110033170645
110033170654
110033170663
110033170672
110033170681
110033170690
110033170707
110033170716
110033170725
110033170994
110033171001
110033171010
110033171047
110033171056
110033171065
110033171074
110033171083
110033171109
110033171118
110033171136
110033171145
110033171154
110033171163
110033171172
110033171181
110033171190
110033171216
110033171225
110033171234
110033171243
110033171252
110033171261
110033171289
110033171298
110033171305
110033171314
110033171323
110033171332
110033171635
110033171644
110033171653
110033171662
110033171671
110033171680
110033171699
110033171733
110033171751
110033171779
110033171797
110033171804
110033171813
110033171822
110033171831
110033171840
110033171859
110033171868
110033171877
110033171902
110033171920
110033171948
110033171975
110033172000
110033172028
110033172037
110033172055
110033172073
110033172091
110033172126
110033172135
110033172144
110033172199
110033172224
110033172242
110033172260
110033172279
110033172322
110033172340
110033172359
110033172493
110033172545
110033172572
110033172581
110033172607
110033172625
110033172634
110033172643
110033172652
110033172670
110033172698
110033172705
110033172714
110033172723
110033172732
110033172741
110033172750
110033172769
110033172778
110033172787
110033172796
110033172803
110033172812
110033172821
110033172830
110033172849
110033172867
110033172876
110033172885
110033172894
110033172901
110033172910
110033172929
110033172938
110033172947
110033172956
110033172965
110033172974
110033172983
110033172992
110033173009
110033173018
110033173054
110033173063
110033173072
110033173090
110033173107
110033173116
110033173492
110033173508
110033173517
110033173535
110033173544
110033173571
110033173599
110033173606
110033173615
110033173624
110033173633
110033173642
110033173651
110033173679
110033173688
110033173704
110033173713
110033173768
110033173786
110033173795
110033173802
110033173820
110033173839
110033173848
110033173857
110033173866
110033173875
110033173884
110033173893
110033173900
110033173919
110033174730
110033174749
110033174758
110033175285
110033175294
110033175301
110033175356
110033175383
110033175828
110033175837
110033175855
110033175864
110033175873
110033175891
110033175908
110033175917
110033175926
110033175935
110033175944
110033175953
110033175962
110033175971
110033175980
110033176435
110033176444
110033176453
110033176462
110033176471
110033176480
110033176499
110033176505
110033176514
110033176523
110033176532
110033176541
110033176550
110033176569
110033176578
110033176587
110033176596
110033176612
110033176621
110033176863
110033176872
110033176881
110033176907
110033176916
110033176925
110033176934
110033176943
110033176952
110033176961
110033176970
110033176989
110033176998
110033177005
110033177023
110033177032
110033177041
110033177265
110033177425
110033177434
110033177443
110033177452
110033177470
110033177924
110033177951
110033178139
110033178157
110033179469
110033179496
110033180055
110033180135
110033180171
110033180242
110033180377
110033180661
110033180956
110033180965
110033181143
110033181152
110033181330
110033181571
110033182801
110033182829
110033182883
110033182892
110033182918
110033182936
110033182945
110033182954
110033182981
110033183034
110033183043
110033183052
110033183061
110033183070
110033183098
110033183105
110033183141
110033183668
110033185354
110033185390
110033185443
110033185504
110033185513
110033185522
110033187334
110033187637
110033187940
110033187986
110033188262
110033188315
110033188547
110033188618
110033188645
110033188887
110033188994
110033189163
110033189939
110033190348
110033190473
110033190482
110033191258
110033191515
110033191604
110033192113
110033192186
110033192257
110033192284
110033192337
110033192621
110033192729
110033193265
110033193283
110033193327
110033193611
110033193657
110033194031
110033194184
110033194380
110033194479
110033194521
110033194585
110033194781
110033194807
110033194816
110033194834
110033194923
110033194932
110033194987
110033195012
110033195058
110033195094
110033195370
110033195389
110033195398
110033195441
110033195469
110033195496
110033195539
110033195548
110033195566
110033195815
110033195931
110033196011
110033196020
110033196039
110033196066
110033196075
110033196093
110033196100
110033196333
110033196556
110033196565
110033196574
110033196761
110033196798
110033197243
110033197298
110033197396
110033197421
110033197779
110033197859
110033197868
110033197886
110033197895
110033197902
110033197911
110033197920
110033197966
110033197975
110033198019
110033198233
110033198297
110033199982
110033213671
110033213804
110033213939
110033218934
110033218998
110033594064
110033594420
110033594484
110033594509
110033594661
110033594670
110033595152
110033595278
110033595465
110033603946
110033621935
110033622140
110033622159
110033622168
110033622211
110033622220
110033622275
110033622284
110033622300
110033622319
110033622382
110033622391
110033622417
110033622426
110033622444
110033622453
110033622462
110033622471
110033622480
110033622499
110033622505
110033622514
110033622523
110033622532
110033622541
110033622550
110033622569
110033622765
110033622827
110033622836
110033622863
110033622890
110033622907
110033623265
110033623274
110033623318
110033624380
110033624399
110033624406
110033624415
110033624424
110033624433
110033624451
110033624460
110033624479
110033624488
110033624834
110033624843
110033624852
110033624861
110033624870
110033624889
110033624898
110033624905
110033624923
110033624932
110033624941
110033624950
110033624969
110033624978
110033624987
110033625003
110033625012
110033625021
110033625030
110033625049
110033625058
110033625067
110033625076
110033625085
110033625094
110033625101
110033625110
110033625129
110033625138
110033625147
110033625245
110033625263
110033625290
110033625307
110033625352
110033625370
110033625389
110033625860
110033625879
110033626075
110033626084
110033626093
110033626128
110033626789
110033626805
110033626823
110033629660
110033629679
110033629688
110033629697
110033629704
110033629777
110033629786
110033629848
110033630006
110033630015
110033630024
110033630060
110033630088
110033630097
110033630104
110033630113
110033630122
110033630131
110033630140
110033630195
110033630202
110033630667
110033630694
110033630710
110033630738
110033630747
110033630756
110033630765
110033630774
110033630783
110033630792
110033630818
110033630827
110033630836
110033630854
110033630863
110033630872
110033630881
110033630890
110033630907
110033630916
110033630925
110033630934
110033630943
110033630952
110033630961
110033630970
110033630989
110033631504
110033631559
110033631568
110033631577
110033631586
110033631648
110033631666
110033631684
110033631700
110033631728
110033631737
110033631755
110033631764
110033631773
110033631782
110033631817
110033631835
110033631844
110033631862
110033631871
110033631880
110033631906
110033631924
110033631933
110033631960
110033631979
110033632068
110033632086
110033632102
110033632111
110033632120
110033632139
110033632157
110033632175
110033632362
110033632585
110033632610
110033632629
110033632709
110033632727
110033632772
110033632790
110033632834
110033632843
110033632861
110033632870
110033632889
110033632941
110033632950
110033632996
110033633003
110033633147
110033633156
110033633165
110033633174
110033633183
110033633192
110033633218
110033633227
110033633236
110033633254
110033633263
110033633272
110033633281
110033633584
110033633780
110033633815
110033633824
110033633833
110033633851
110033633860
110033633879
110033633888
110033633904
110033633913
110033633922
110033633931
110033633940
110033633968
110033633977
110033633986
110033633995
110033634020
110033634217
110033634459
110033634468
110033634477
110033634495
110033634501
110033634690
110033634707
110033634716
110033634725
110033634734
110033634752
110033634761
110033634770
110033634789
110033634798
110033634805
110033634903
110033634912
110033634949
110033634958
110033635369
110033635387
110033635396
110033635403
110033635412
110033635421
110033635430
110033635449
110033635458
110033635467
110033635476
110033635494
110033635500
110033635519
110033635528
110033635537
110033635546
110033635555
110033635564
110033635573
110033635582
110033635591
110033635608
110033635957
110033635966
110033635975
110033635984
110033635993
110033636000
110033636028
110033636037
110033636046
110033636055
110033636064
110033636073
110033636082
110033636091
110033636108
110033636117
110033636126
110033636135
110033636144
110033636153
110033636171
110033636180
110033636199
110033636206
110033636215
110033636224
110033636233
110033636242
110033636279
110033636288
110033636297
110033636304
110033636313
110033636322
110033636331
110033636359
110033636368
110033636377
110033636386
110033636402
110033636420
110033636439
110033636448
110033636457
110033636466
110033636563
110033636572
110033636581
110033636590
110033636607
110033636616
110033636625
110033636634
110033636652
110033636661
110033636670
110033636689
110033636698
110033636705
110033636714
110033636732
110033636741
110033636750
110033636769
110033636778
110033636787
110033636796
110033636803
110033636812
110033636821
110033636830
110033636849
110033636867
110033636876
110033636885
110033636894
110033636901
110033636910
110033636929
110033636938
110033636947
110033636956
110033636965
110033636974
110033636983
110033636992
110033637009
110033637018
110033637036
110033637045
110033637054
110033637063
110033637081
110033637090
110033637107
110033637116
110033637125
110033637134
110033637143
110033637161
110033637170
110033637189
110033637198
110033637205
110033637214
110033637223
110033637232
110033637241
110033637250
110033637269
110033637278
110033637287
110033637296
110033637303
110033637312
110033637321
110033637330
110033637349
110033637358
110033637367
110033637376
110033637385
110033637394
110033637401
110033637410
110033637429
110033637438
110033637447
110033637456
110033637465
110033637474
110033637483
110033637517
