110033637526
110033637535
110033637544
110033637553
110033637562
110033637571
110033637580
110033637606
110033637615
110033637633
110033637642
110033637651
110033637660
110033637679
110033637688
110033637697
110033637713
110033637722
110033637731
110033637740
110033637759
110033637768
110033637777
110033637786
110033637795
110033637802
110033637811
110033637820
110033637839
110033637848
110033637857
110033637866
110033637875
110033637884
110033637900
110033637919
110033637937
110033637946
110033637955
110033637964
110033637982
110033637991
110033638008
110033638017
110033638026
110033638035
110033638044
110033638053
110033638062
110033638071
110033638080
110033638099
110033638106
110033638115
110033638124
110033638133
110033638142
110033638151
110033638160
110033638188
110033638197
110033638204
110033638213
110033638222
110033638231
110033638240
110033638277
110033638286
110033638295
110033638311
110033638320
110033638339
110033638348
110033638357
110033638552
110033638561
110033638589
110033638598
110033638605
110033638623
110033638669
110033638678
110033638687
110033638696
110033638703
110033638721
110033638749
110033638758
110033638767
110033638776
110033638785
110033638794
110033638810
110033638829
110033638838
110033638874
110033638883
110033638892
110033638909
110033638918
110033638927
110033638936
110033639285
110033639294
110033639301
110033639310
110033639329
110033639338
110033639356
110033639365
110033639374
110033639383
110033639392
110033639409
110033639427
110033639436
110033639445
110033639463
110033639481
110033639490
110033639506
110033639515
110033639524
110033639533
110033639542
110033639551
110033639560
110033639579
110033639588
110033639597
110033639604
110033639784
110033639793
110033639891
110033639908
110033639935
110033639944
110033639953
110033639962
110033640068
110033640077
110033640086
110033640264
110033640282
110033640291
110033640308
110033640317
110033640326
110033640335
110033640344
110033640353
110033640460
110033640479
110033640488
110033640497
110033640772
110033640790
110033640807
110033640816
110033640825
110033640834
110033640843
110033640852
110033640861
110033640889
110033640898
110033640914
110033640923
110033640932
110033640941
110033640969
110033640978
110033640987
110033640996
110033641003
110033641012
110033641227
110033641236
110033641469
110033641682
110033641691
110033641708
110033641717
110033641735
110033644117
110033644144
110033644251
110033644260
110033645731
110033645759
110033645768
110033645786
110033645802
110033645811
110033645875
110033646320
110033646847
110033646874
110033646990
110033647016
110033717351
110034124258
110034129529
110034129556
110034129814
110034130321
110034130795
110034130848
110034130964
110034131311
110034131936
110034132150
110034132686
110034134087
110034134247
110034134461
110034135264
110034135282
110034135807
110034136263
110034136673
110034136806
110034136888
110034138680
110034139395
110034140757
110034140793
110034141006
110034141051
110034141630
110034142050
110034142620
110034142648
110034143077
110034143905
110034143941
110034144129
110034144147
110034144183
110034144806
110034145495
110034145510
110034145529
110034146118
110034146500
110034146984
110034147126
110034147153
110034148697
110034156080
110034156721
110034157285
110034162411
110034165123
110034166060
110034171054
110034171722
110034173052
110034173114
110034179305
110034179555
110034181187
110034181230
110034185478
110034186878
110034190890
110034201307
110035420121
110035420764
110035426063
110035426492
110035426508
110035426562
110035426571
110035426599
110035426642
110035426973
110035426982
110035427142
110035427151
110035427160
110035427179
110035427188
110035427197
110035427204
110035427213
110035427222
110035427231
110035427240
110035427259
110035427268
110035427277
110035427286
110035427295
110035427302
110035427311
110035428132
110035428141
110035428150
110035428169
110035428178
110035428196
110035428203
110035428212
110035428221
110035428230
110035428249
110035428258
110035428267
110035428276
110035428294
110035428301
110035428310
110035428329
110035428338
110035428347
110035428365
110035428392
110035428409
110035428418
110035428436
110035429676
110035430691
110035430735
110035430744
110035430753
110035430771
110035430824
110035430851
110035432859
110035432957
110035437079
110035437088
110035437104
110035437131
110035437211
110035437220
110035439594
110035439914
110035439932
110035439941
110035439950
110035439969
110035439978
110035439987
110035439996
110035440001
110035440172
110035440181
110035440190
110035440207
110035440216
110035440225
110035440234
110035440243
110035440252
110035440261
110035440270
110035440289
110035440305
110035440323
110035440332
110035440341
110035440350
110035440369
110035440378
110035440387
110035440396
110035440403
110035441386
110035441402
110035441439
110035441448
110035441457
110035444864
110035444873
110035444882
110035444891
110035444908
110035444917
110035444926
110035444935
110035444944
110035444953
110035444962
110035444971
110035444980
110035445006
110035445042
110035445051
110035445079
110035445088
110035445097
110035445104
110035445113
110035445122
110035445131
110035445140
110035445159
110035445177
110035445202
110035445211
110035445220
110035445239
110035445257
110035445266
110035445275
110035445300
110035445319
110035445337
110035445355
110035445373
110035445382
110035445391
110035445408
110035445435
110035445453
110035445462
110035445471
110035445480
110035445514
110035445523
110035445541
110035445550
110035445569
110035445578
110035445596
110035445612
110035445621
110035445630
110035445649
110035445658
110035445667
110035445676
110035445694
110035445701
110035445747
110035445783
110035445792
110035445809
110035445818
110035445827
110035445836
110035445845
110035445854
110035445863
110035445872
110035445881
110035445890
110035445907
110035445916
110035445925
110035445934
110035445952
110035445961
110035445970
110035445989
110035445998
110035446014
110035446023
110035446032
110035446041
110035446050
110035446069
110035446078
110035446103
110035446130
110035446149
110035446158
110035446167
110035446176
110035446201
110035446210
110035446229
110035446238
110035446247
110035446256
110035446283
110035446292
110035446318
110035446327
110035446345
110035446354
110035446363
110035446381
110035446390
110035446416
110035446425
110035446434
110035446443
110035446461
110035446489
110035446498
110035446513
110035446522
110035446531
110035446540
110035446559
110035446595
110035446602
110035446611
110035446648
110035446657
110035446666
110035446675
110035446693
110035446700
110035446728
110035446746
110035446764
110035446791
110035446817
110035446826
110035446835
110035446844
110035446853
110035446862
110035446871
110035446899
110035446915
110035446924
110035446933
110035446942
110035446951
110035446960
110035446979
110035447004
110035447022
110035447031
110035447040
110035447059
110035447068
110035447077
110035447095
110035447111
110035447139
110035447148
110035447157
110035447166
110035447175
110035447184
110035447200
110035447219
110035447228
110035447237
110035447246
110035447255
110035447264
110035447273
110035447291
110035447308
110035447326
110035447335
110035447344
110035447353
110035447362
110035447371
110035447380
110035447399
110035447406
110035447415
110035447424
110035447433
110035447442
110035447451
110035447460
110035447479
110035447488
110035447497
110035447503
110035447530
110035447549
110035447567
110035447585
110035447601
110035447610
110035447638
110035447647
110035447656
110035447665
110035447683
110035447692
110035447709
110035447718
110035447727
110035447736
110035447745
110035447754
110035447763
110035447781
110035447790
110035447807
110035447816
110035447825
110035447843
110035447852
110035447861
110035447870
110035447898
110035447905
110035447914
110035447923
110035447932
110035447941
110035447969
110035447978
110035447996
110035448003
110035448012
110035448021
110035448030
110035448049
110035448067
110035448076
110035448085
110035448101
110035448110
110035448129
110035448138
110035448183
110035448192
110035448218
110035448227
110035448236
110035448245
110035448263
110035448272
110035448281
110035448290
110035448307
110035448316
110035448325
110035448334
110035448343
110035448352
110035448361
110035448370
110035448389
110035448398
110035448405
110035448414
110035448432
110035448441
110035448450
110035448469
110035448478
110035448487
110035448502
110035448511
110035448520
110035448548
110035448557
110035448566
110035448575
110035448584
110035448593
110035448600
110035448619
110035448628
110035448637
110035448646
110035448655
110035448673
110035448682
110035448691
110035448708
110035448717
110035448726
110035448735
110035448744
110035448753
110035448762
110035448771
110035448780
110035448799
110035448806
110035448842
110035448851
110035448860
110035448897
110035448904
110035448913
110035448922
110035448931
110035448940
110035448959
110035448968
110035448986
110035448995
110035449020
110035449039
110035449048
110035449057
110035449075
110035449084
110035449093
110035449100
110035449119
110035449128
110035449137
110035449146
110035449155
110035449182
110035449208
110035449217
110035449226
110035449235
110035449244
110035449253
110035449271
110035449280
110035449299
110035449306
110035449315
110035449333
110035449351
110035449379
110035449388
110035449397
110035449404
110035449413
110035449422
110035449431
110035449440
110035449459
110035449477
110035449486
110035449495
110035449501
110035449510
110035449538
110035449547
110035449556
110035449565
110035449574
110035449583
110035449592
110035449609
110035449618
110035449636
110035449645
110035449654
110035449663
110035449681
110035449690
110035449707
110035449716
110035449725
110035449734
110035449743
110035449752
110035449761
110035449770
110035449789
110035449798
110035449805
110035449814
110035449832
110035449841
110035449850
110035449869
110035449887
110035449896
110035449903
110035449912
110035449921
110035449949
110035449958
110035449967
110035449976
110035449985
110035449994
110035450008
110035450017
110035450026
110035450035
110035450044
110035450053
110035450071
110035450080
110035450099
110035450106
110035450115
110035450124
110035450133
110035450142
110035450151
110035450179
110035450188
110035450213
110035450231
110035450240
110035450259
110035450268
110035450277
110035450286
110035450295
110035450302
110035450311
110035450320
110035450339
110035450348
110035450357
110035450366
110035450375
110035450384
110035450400
110035450419
110035450428
110035450455
110035450464
110035450473
110035450482
110035450491
110035450516
110035450525
110035450534
110035450561
110035450570
110035450589
110035450598
110035450614
110035450632
110035450641
110035450650
110035450678
110035450687
110035450696
110035450703
110035450712
110035450721
110035450749
110035450758
110035450776
110035450785
110035450794
110035450810
110035450829
110035450838
110035450847
110035450856
110035450865
110035450874
110035450883
110035450892
110035450909
110035450918
110035450927
110035450936
110035450945
110035450954
110035450963
110035450972
110035450981
110035450990
110035451007
110035451016
110035451025
110035451034
110035451043
110035451052
110035451061
110035451070
110035451089
110035451098
110035451105
110035451114
110035451123
110035451132
110035451150
110035451169
110035451178
110035451187
110035451196
110035451203
110035451212
110035451221
110035451230
110035451249
110035451258
110035451285
110035451294
110035451301
110035451329
110035451338
110035451347
110035451356
110035451365
110035451374
110035451383
110035451392
110035451409
110035451427
110035451436
110035451445
110035451454
110035451472
110035451481
110035451490
110035451524
110035451533
110035451542
110035451551
110035451560
110035451579
110035451588
110035451597
110035451604
110035451613
110035451640
110035451668
110035451677
110035451686
110035451702
110035451739
110035451757
110035451784
110035451793
110035451800
110035451828
110035451837
110035451846
110035451855
110035451873
110035451891
110035451908
110035451917
110035451926
110035451935
110035451944
110035451953
110035451962
110035451971
110035451980
110035451999
110035452015
110035452024
110035452033
110035452042
110035452060
110035452079
110035452097
110035452113
110035452122
110035452140
110035452159
110035452168
110035452177
110035452186
110035452195
110035452202
110035452211
110035452248
110035452266
110035452275
110035452284
110035452293
110035452300
110035452319
110035452328
110035452346
110035452355
110035452382
110035452391
110035452408
110035452417
110035452426
110035452435
110035452444
110035452453
110035452471
110035452480
110035452499
110035452505
110035452514
110035452523
110035452532
110035452550
110035452569
110035452578
110035452587
110035452596
110035452603
110035452612
110035452621
110035452630
110035452658
110035452667
110035452676
110035452685
110035452694
110035452701
110035452710
110035452729
110035452738
110035452747
110035452765
110035452774
110035452783
110035452792
