110035452809
110035452827
110035452836
110035452854
110035452872
110035452881
110035452890
110035452907
110035452916
110035452925
110035452934
110035452961
110035452970
110035452989
110035453005
110035453014
110035453032
110035453041
110035453050
110035453069
110035453078
110035453087
110035453096
110035453103
110035453112
110035453121
110035453149
110035453158
110035453167
110035453176
110035453185
110035453194
110035453201
110035453210
110035453229
110035453247
110035453265
110035453274
110035453283
110035453292
110035453309
110035453318
110035453327
110035453336
110035453345
110035453354
110035453363
110035453381
110035453407
110035453425
110035453434
110035453452
110035453461
110035453470
110035453498
110035453504
110035453513
110035453522
110035453531
110035453540
110035453568
110035453577
110035453586
110035453595
110035453602
110035453611
110035453620
110035453639
110035453648
110035453657
110035453666
110035453675
110035453684
110035453693
110035453700
110035453719
110035453728
110035453737
110035453746
110035453755
110035453764
110035453782
110035453791
110035453808
110035453817
110035453826
110035453844
110035453862
110035453871
110035453880
110035453899
110035453906
110035453915
110035453924
110035453933
110035453942
110035453951
110035453960
110035453979
110035453988
110035454013
110035454031
110035454040
110035454059
110035454068
110035454086
110035454095
110035454102
110035454111
110035454120
110035454139
110035454157
110035454175
110035454219
110035454237
110035454255
110035454282
110035454308
110035454326
110035454362
110035454371
110035454380
110035454399
110035454406
110035454424
110035454460
110035454497
110035454549
110035454558
110035454567
110035454576
110035454601
110035454629
110035454656
110035454665
110035454674
110035454683
110035454692
110035454709
110035454736
110035454745
110035454754
110035454763
110035454772
110035454781
110035454807
110035454816
110035454825
110035454834
110035454843
110035454852
110035454861
110035454870
110035454889
110035454898
110035454905
110035454914
110035454923
110035454932
110035454941
110035454950
110035454969
110035454978
110035454987
110035455003
110035455012
110035455030
110035455058
110035455067
110035455085
110035455110
110035455129
110035455138
110035455147
110035455156
110035455165
110035455174
110035455183
110035455192
110035455209
110035455218
110035455227
110035455236
110035455245
110035455254
110035455263
110035455272
110035455281
110035455290
110035455307
110035455316
110035455343
110035455352
110035455389
110035455398
110035455405
110035455414
110035455441
110035455450
110035455478
110035455487
110035455496
110035455502
110035455511
110035455520
110035455539
110035455548
110035455557
110035455566
110035455575
110035455584
110035455593
110035455600
110035455619
110035455628
110035455637
110035455655
110035455664
110035455691
110035455708
110035455726
110035455735
110035455744
110035455753
110035455771
110035455780
110035455799
110035455806
110035455815
110035455824
110035455842
110035455851
110035455860
110035455879
110035455888
110035455897
110035455904
110035455922
110035455931
110035455959
110035455968
110035455977
110035455986
110035455995
110035456002
110035456011
110035456020
110035456039
110035456048
110035456066
110035456075
110035456084
110035456100
110035456119
110035456128
110035456137
110035456146
110035456155
110035456173
110035456182
110035456191
110035456226
110035456244
110035456253
110035456262
110035456271
110035456280
110035456299
110035456306
110035456333
110035456342
110035456351
110035456360
110035456379
110035456388
110035456397
110035456404
110035456413
110035456431
110035456440
110035456459
110035456468
110035456477
110035456486
110035456495
110035456501
110035456510
110035456529
110035456538
110035456547
110035456556
110035456574
110035456583
110035456592
110035456618
110035456627
110035456636
110035456645
110035456654
110035456663
110035456672
110035456681
110035456690
110035456716
110035456743
110035456752
110035456761
110035456789
110035456798
110035456823
110035456832
110035456850
110035456869
110035456878
110035456887
110035456896
110035456903
110035456912
110035456930
110035456949
110035456958
110035456994
110035457001
110035457010
110035457029
110035457038
110035457047
110035457056
110035457074
110035457083
110035457092
110035457109
110035457118
110035457127
110035457145
110035457154
110035457163
110035457172
110035457181
110035457190
110035457207
110035457216
110035457225
110035457243
110035457252
110035457270
110035457289
110035457298
110035457305
110035457314
110035457332
110035457341
110035457350
110035457378
110035457387
110035457403
110035457412
110035457421
110035457449
110035457458
110035457476
110035457485
110035457494
110035457500
110035457519
110035457537
110035457546
110035457555
110035457564
110035457573
110035457591
110035457608
110035457617
110035457626
110035457644
110035457671
110035457680
110035457699
110035457715
110035457724
110035457733
110035457742
110035457751
110035457779
110035457788
110035457822
110035457831
110035457840
110035457859
110035457868
110035457877
110035457886
110035457895
110035457902
110035457911
110035457920
110035457939
110035457957
110035457966
110035457984
110035458000
110035458019
110035458028
110035458037
110035458046
110035458055
110035458064
110035458073
110035458082
110035458091
110035458108
110035458117
110035458126
110035458135
110035458144
110035458153
110035458162
110035458171
110035458180
110035458199
110035458206
110035458215
110035458224
110035458233
110035458242
110035458251
110035458260
110035458288
110035458297
110035458322
110035458331
110035458359
110035458386
110035458402
110035458420
110035458439
110035458457
110035458466
110035458475
110035458484
110035458493
110035458509
110035458518
110035458527
110035458545
110035458563
110035458572
110035458581
110035458590
110035458607
110035458625
110035458634
110035458670
110035458689
110035458705
110035458714
110035458732
110035458741
110035458769
110035458778
110035458787
110035458796
110035458803
110035458812
110035458821
110035458830
110035458849
110035458867
110035458876
110035458885
110035458894
110035458901
110035458910
110035458929
110035458938
110035458947
110035458956
110035458965
110035458974
110035458992
110035459009
110035459027
110035459045
110035459054
110035459063
110035459116
110035459125
110035459134
110035459143
110035459152
110035459161
110035459170
110035459189
110035459205
110035459223
110035459232
110035459241
110035459250
110035459269
110035459278
110035459287
110035459296
110035459303
110035459312
110035459321
110035459330
110035459358
110035459367
110035459385
110035459401
110035459410
110035459429
110035459447
110035459456
110035459465
110035459474
110035459483
110035459492
110035459535
110035459562
110035459571
110035459580
110035459599
110035459606
110035459615
110035459624
110035459633
110035459642
110035459651
110035459679
110035459688
110035459697
110035459704
110035459713
110035459722
110035459731
110035459740
110035459759
110035459768
110035459777
110035459786
110035459820
110035459848
110035459857
110035459866
110035459884
110035459893
110035459919
110035459937
110035459946
110035459955
110035459964
110035459973
110035459982
110035459991
110035460006
110035460015
110035460024
110035460033
110035460051
110035460060
110035460079
110035460088
110035460104
110035460113
110035460122
110035460131
110035460159
110035460168
110035460177
110035460186
110035460195
110035460211
110035460239
110035460248
110035460266
110035460275
110035460293
110035460300
110035460319
110035460328
110035460337
110035460346
110035460355
110035460373
110035460417
110035460426
110035460480
110035460499
110035460505
110035460514
110035460541
110035460550
110035460569
110035460578
110035460612
110035460621
110035460630
110035460658
110035460685
110035460694
110035460710
110035460729
110035460738
110035460747
110035460765
110035460774
110035460783
110035460792
110035460818
110035460827
110035460845
110035460854
110035460863
110035460881
110035460890
110035460907
110035460925
110035460934
110035460943
110035460952
110035460961
110035460970
110035460989
110035461005
110035461014
110035461023
110035461041
110035461050
110035461069
110035461078
110035461087
110035461096
110035461103
110035461112
110035461121
110035461149
110035461158
110035461167
110035461176
110035461194
110035461210
110035461238
110035461247
110035461256
110035461265
110035461274
110035461292
110035461309
110035461318
110035461327
110035461336
110035461363
110035461372
110035461381
110035461390
110035461407
110035461416
110035461443
110035461452
110035461461
110035461470
110035461489
110035461498
110035461504
110035461513
110035461531
110035461540
110035461559
110035461568
110035461586
110035461595
110035461611
110035461620
110035461639
110035461648
110035461666
110035461675
110035461693
110035461700
110035461719
110035461737
110035461755
110035461764
110035461773
110035461782
110035461791
110035461808
110035461817
110035461826
110035461835
110035461853
110035461862
110035461871
110035461880
110035461906
110035461915
110035461933
110035461942
110035461951
110035461960
110035461979
110035461988
110035462004
110035462013
110035462022
110035462031
110035462040
110035462059
110035462077
110035462086
110035462095
110035462102
110035462120
110035462139
110035462157
110035462166
110035462184
110035462200
110035462219
110035462228
110035462237
110035462246
110035462255
110035462264
110035462273
110035462291
110035462308
110035462317
110035462326
110035462335
110035462344
110035462353
110035462362
110035462371
110035462399
110035462406
110035462415
110035462433
110035462451
110035462460
110035462479
110035462488
110035462512
110035462576
110035462585
110035462610
110035462629
110035462638
110035462647
110035462665
110035462683
110035462727
110035462736
110035462754
110035462763
110035462781
110035462790
110035462816
110035462825
110035462834
110035462852
110035462861
110035462889
110035462898
110035462905
110035462914
110035462923
110035462932
110035462969
110035462978
110035462987
110035462996
110035463003
110035463021
110035463030
110035463049
110035463067
110035463085
110035463094
110035463101
110035463138
110035463147
110035463165
110035463174
110035463183
110035463192
110035463218
110035463227
110035463236
110035463245
110035463254
110035463263
110035463272
110035463281
110035463307
110035463316
110035463361
110035463370
110035463398
110035463450
110035463478
110035463487
110035463496
110035463502
110035463511
110035463539
110035463548
110035463557
110035463566
110035463584
110035463600
110035463619
110035463637
110035463655
110035463673
110035463682
110035463691
110035463708
110035463717
110035463726
110035463735
110035463744
110035463762
110035463771
110035463780
110035463799
110035463806
110035463815
110035463824
110035463833
110035463842
110035463851
110035463879
110035463913
110035463922
110035463931
110035463968
110035463977
110035463995
110035464011
110035464057
110035464075
110035464084
110035464093
110035464100
110035464128
110035464146
110035464164
110035464173
110035464191
110035464217
110035464235
110035464253
110035464262
110035464280
110035464299
110035464306
110035464333
110035464342
110035464379
110035464388
110035464397
110035464413
110035464422
110035464431
110035464459
110035464468
110035464477
110035464486
110035464510
110035464538
110035464547
110035464556
110035464565
110035464574
110035464583
110035464592
110035464609
110035464618
110035464645
110035464654
110035464672
110035464681
110035464690
110035464707
110035464734
110035464743
110035464752
110035464761
110035464770
110035464798
110035464805
110035464823
110035464832
110035464841
110035464850
110035464869
110035464878
110035464887
110035464896
110035464903
110035464912
110035464921
110035464930
110035464949
110035464958
110035464976
110035465010
110035465047
110035465056
110035465065
110035465118
110035465145
110035465163
110035465172
110035465181
110035465190
110035465207
110035465216
110035465225
110035465234
110035465243
110035465252
110035465261
110035465270
110035465298
110035465305
110035465314
110035465323
110035465332
110035465341
110035465378
110035465387
110035465396
110035465403
110035465412
110035465421
110035465430
110035465467
110035465476
110035465494
110035465519
110035465528
110035465537
110035465555
110035465573
110035465608
110035465653
110035465671
110035465706
110035465724
110035465733
110035465742
110035465760
110035465779
110035465797
110035465813
110035465822
110035465831
110035465840
110035465859
110035465868
110035465877
110035465895
110035465902
110035465911
110035465920
110035465939
110035465948
110035465957
110035465984
110035466000
110035466019
110035466037
110035466046
110035466055
110035466073
110035466082
110035466091
110035466108
110035466117
110035466126
110035466135
110035466144
110035466153
110035466162
110035466171
110035466180
110035466199
110035466206
110035466215
110035466224
110035466242
110035466251
110035466260
110035466279
110035466288
110035466297
110035466304
