110035466313
110035466331
110035466340
110035466359
110035466377
110035466386
110035466395
110035466402
110035466411
110035466439
110035466448
110035466466
110035466484
110035466493
110035466518
110035466527
110035466545
110035466554
110035466563
110035466607
110035466616
110035466625
110035466652
110035466661
110035466670
110035466689
110035466867
110035466885
110035466894
110035466901
110035466910
110035466929
110035466947
110035466956
110035466965
110035466974
110035466983
110035466992
110035467009
110035467018
110035467027
110035467045
110035467054
110035467063
110035467081
110035467107
110035467116
110035467134
110035467143
110035467152
110035467161
110035467170
110035467198
110035467205
110035467223
110035467241
110035467250
110035467269
110035467278
110035467287
110035467296
110035467303
110035467349
110035467358
110035467367
110035467385
110035467394
110035467401
110035467410
110035467429
110035467438
110035467456
110035467465
110035467483
110035467492
110035467508
110035467526
110035467535
110035467544
110035467553
110035467562
110035467571
110035467580
110035467599
110035467615
110035467624
110035467633
110035467642
110035467651
110035467660
110035467697
110035467704
110035467713
110035467722
110035467731
110035467740
110035467759
110035467768
110035467777
110035467786
110035467795
110035467811
110035467820
110035468026
110035468062
110035468071
110035468106
110035468115
110035468124
110035468133
110035468142
110035468151
110035468160
110035468179
110035468188
110035468197
110035468204
110035468213
110035468222
110035468231
110035468240
110035468259
110035468268
110035468295
110035468302
110035468311
110035468320
110035468339
110035468348
110035468357
110035468366
110035468375
110035468384
110035468393
110035468400
110035468419
110035468428
110035468437
110035468446
110035468455
110035468464
110035468473
110035468482
110035468525
110035468534
110035468552
110035468561
110035468614
110035468632
110035468650
110035468678
110035468687
110035468696
110035468703
110035468810
110035468829
110035468856
110035468883
110035468892
110035468909
110035468918
110035468936
110035468945
110035468954
110035468963
110035468972
110035468990
110035469007
110035469025
110035469034
110035469043
110035469052
110035469061
110035469098
110035469105
110035469114
110035469123
110035469132
110035469150
110035469169
110035469178
110035469196
110035469221
110035469249
110035469258
110035469285
110035469294
110035469310
110035469338
110035469347
110035469356
110035469365
110035469383
110035469427
110035469436
110035469454
110035469472
110035469481
110035469490
110035469506
110035469515
110035469524
110035469533
110035469542
110035469551
110035469560
110035469579
110035469588
110035469597
110035469613
110035469622
110035469640
110035469668
110035469677
110035469686
110035469695
110035469702
110035469784
110035469793
110035469800
110035469837
110035469846
110035469855
110035469864
110035469873
110035469882
110035469891
110035469908
110035469917
110035469926
110035469935
110035469944
110035469953
110035469962
110035469971
110035470013
110035470022
110035470031
110035470077
110035470086
110035470102
110035470111
110035470120
110035470139
110035470148
110035470157
110035470166
110035470175
110035470184
110035470193
110035470200
110035470219
110035470228
110035470246
110035470255
110035470264
110035470273
110035470291
110035470308
110035470317
110035470326
110035470335
110035470353
110035470362
110035470371
110035470380
110035470406
110035470442
110035470460
110035470488
110035470497
110035470665
110035470674
110035470683
110035470709
110035470718
110035470727
110035470736
110035470754
110035470763
110035470781
110035470790
110035470807
110035470816
110035470825
110035470834
110035470843
110035470861
110035470889
110035470898
110035470905
110035470923
110035470941
110035470950
110035470978
110035470996
110035471003
110035471012
110035471021
110035471030
110035471049
110035471058
110035471067
110035471076
110035471085
110035471094
110035471101
110035471110
110035471129
110035471138
110035471147
110035471156
110035471165
110035471174
110035471183
110035471192
110035471218
110035471254
110035471281
110035471290
110035471307
110035471316
110035471325
110035471334
110035471343
110035471352
110035471361
110035471370
110035471405
110035471414
110035471423
110035471432
110035471441
110035471450
110035471469
110035471478
110035471487
110035471496
110035471511
110035471520
110035471539
110035471557
110035471566
110035471575
110035471600
110035471619
110035471637
110035471664
110035471673
110035471708
110035471717
110035471726
110035471735
110035471753
110035471762
110035471780
110035471806
110035471815
110035471833
110035471851
110035471888
110035471897
110035471904
110035471913
110035471922
110035471940
110035471959
110035471968
110035471986
110035471995
110035472002
110035472011
110035472048
110035472057
110035472066
110035472119
110035472128
110035472137
110035472164
110035472182
110035472191
110035472226
110035472244
110035472253
110035472271
110035472299
110035472315
110035472324
110035472342
110035472351
110035472360
110035472379
110035472388
110035472413
110035472422
110035472431
110035472459
110035472468
110035472477
110035472486
110035472495
110035472501
110035472510
110035472529
110035472565
110035472583
110035472592
110035472609
110035472618
110035472627
110035472636
110035472654
110035472663
110035472672
110035472681
110035472707
110035472734
110035472743
110035472752
110035472761
110035472770
110035472798
110035472814
110035472823
110035472832
110035472850
110035472878
110035472896
110035472912
110035472921
110035472930
110035472958
110035472967
110035472985
110035472994
110035473001
110035473047
110035473065
110035473074
110035473083
110035473092
110035473109
110035473118
110035473127
110035473163
110035473172
110035473190
110035473207
110035473234
110035473243
110035473252
110035473323
110035473341
110035473350
110035473387
110035473412
110035473430
110035473449
110035473458
110035473467
110035473476
110035473485
110035473494
110035473500
110035473519
110035473528
110035473537
110035473546
110035473555
110035473564
110035473573
110035473582
110035473591
110035473617
110035473626
110035473635
110035473653
110035473662
110035473671
110035473680
110035473699
110035473706
110035473715
110035473724
110035473733
110035473742
110035473751
110035473760
110035473788
110035473797
110035473804
110035473813
110035473822
110035473831
110035473840
110035473877
110035473895
110035473902
110035473911
110035473939
110035473957
110035473966
110035473984
110035474000
110035474028
110035474037
110035474046
110035474055
110035474064
110035474073
110035474091
110035474108
110035474144
110035474279
110035474288
110035474297
110035474304
110035474313
110035474322
110035474331
110035474340
110035474359
110035474368
110035474377
110035474386
110035474395
110035474402
110035474411
110035474420
110035474439
110035474457
110035474466
110035474475
110035474493
110035474518
110035474527
110035474536
110035474545
110035474572
110035474581
110035474590
110035474607
110035474616
110035474634
110035474661
110035474741
110035474769
110035474867
110035474910
110035474929
110035474938
110035474956
110035474974
110035474992
110035475009
110035475018
110035475027
110035475045
110035475072
110035475090
110035475107
110035475125
110035475134
110035475170
110035475198
110035475214
110035475241
110035475287
110035475312
110035475321
110035475358
110035475385
110035475394
110035475410
110035475429
110035475483
110035475492
110035475517
110035475526
110035475535
110035475544
110035475553
110035475571
110035475580
110035475599
110035475606
110035475624
110035475633
110035475642
110035475660
110035475679
110035475697
110035475704
110035475713
110035475731
110035475740
110035475759
110035475768
110035475777
110035475786
110035475795
110035475802
110035475811
110035475848
110035475857
110035475866
110035475875
110035475884
110035475893
110035475900
110035475919
110035475928
110035475937
110035475946
110035475973
110035475991
110035476017
110035476035
110035476044
110035476053
110035476062
110035476080
110035476099
110035476106
110035476115
110035476124
110035476133
110035476142
110035476160
110035476179
110035476188
110035476197
110035476204
110035476213
110035476231
110035476240
110035476259
110035476268
110035476277
110035476286
110035476295
110035476302
110035476311
110035476320
110035476339
110035476348
110035476357
110035476375
110035476384
110035476393
110035476419
110035476428
110035476437
110035476455
110035476464
110035476473
110035476482
110035476491
110035476516
110035476525
110035476534
110035476552
110035476598
110035476605
110035476623
110035476632
110035476650
110035476687
110035476696
110035476712
110035476721
110035476730
110035476776
110035476856
110035476874
110035476883
110035476892
110035476918
110035476936
110035476945
110035476954
110035476972
110035476990
110035477034
110035477043
110035477052
110035477061
110035477098
110035477105
110035477114
110035477123
110035477132
110035477141
110035477150
110035477169
110035477178
110035477196
110035477203
110035477212
110035477230
110035477249
110035477267
110035477276
110035477294
110035477301
110035477310
110035477329
110035477338
110035477347
110035477365
110035477374
110035477383
110035477409
110035477427
110035477436
110035477445
110035477472
110035477481
110035477515
110035477524
110035477533
110035477542
110035477551
110035477560
110035477579
110035477604
110035477613
110035477622
110035477631
110035477659
110035477668
110035477677
110035477695
110035477702
110035477720
110035477739
110035477748
110035477757
110035477766
110035477775
110035477784
110035477793
110035477855
110035477864
110035477873
110035477891
110035477917
110035477926
110035477935
110035477953
110035477971
110035477980
110035478006
110035478015
110035478024
110035478042
110035478051
110035478060
110035478079
110035478088
110035478097
110035478131
110035478140
110035478159
110035478168
110035478177
110035478186
110035478195
110035478202
110035478220
110035478239
110035478248
110035478257
110035478266
110035478275
110035478293
110035478300
110035478364
110035478391
110035478408
110035478426
110035478435
110035478462
110035478471
110035478480
110035478499
110035478505
110035478514
110035478541
110035478569
110035478587
110035478596
110035478603
110035478612
110035478621
110035478649
110035478658
110035478676
110035478685
110035478738
110035478792
110035478836
110035478943
110035478952
110035478961
110035478970
110035478989
110035479005
110035479014
110035479023
110035479050
110035479069
110035479078
110035479096
110035479103
110035479112
110035479121
110035479130
110035479149
110035479158
110035479167
110035479176
110035479185
110035479194
110035479229
110035479238
110035479247
110035479265
110035479283
110035479309
110035479318
110035479327
110035479354
110035479372
110035479381
110035479407
110035479416
110035479425
110035479434
110035479443
110035479452
110035479461
110035479470
110035479498
110035479513
110035479531
110035479540
110035479559
110035479577
110035479586
110035479595
110035479648
110035479657
110035479666
110035479684
110035479693
110035479719
110035479728
110035479737
110035479764
110035479791
110035479808
110035479817
110035479835
110035479871
110035479915
110035479942
110035479951
110035479979
110035479988
110035479997
110035480011
110035480020
110035480039
110035480057
110035480075
110035480100
110035480137
110035480164
110035480235
110035480404
110035480413
110035480422
110035480431
110035480440
110035480459
110035480468
110035480477
110035480486
110035480529
110035480574
110035480592
110035480725
110035480734
110035480761
110035480770
110035480789
110035480805
110035480814
110035480823
110035480850
110035480869
110035480878
110035480887
110035480912
110035480921
110035480930
110035480949
110035480967
110035480976
110035481001
110035481038
110035481065
110035481074
110035481092
110035481118
110035481136
110035481154
110035481163
110035481172
110035481190
110035481216
110035481243
110035481261
110035481270
110035481289
110035481305
110035481314
110035481323
110035481332
110035481341
110035481350
110035481378
110035481387
110035481403
110035481412
110035481421
110035481458
110035481467
110035481476
110035481485
110035481494
110035481564
110035481582
110035481608
110035481617
110035481626
110035481635
110035481699
110035481706
110035481733
110035481742
110035481751
110035481779
110035481788
110035481797
110035481804
110035481813
110035481822
110035481831
110035481868
110035481877
110035481886
110035481895
110035481902
110035481911
110035481920
110035481939
110035481948
110035481957
110035481966
110035481975
110035481984
110035481993
110035482000
110035482019
110035482028
110035482037
110035482046
110035482055
110035482064
110035482073
110035482082
110035482091
110035482108
110035482117
110035482126
110035482135
110035482153
110035482162
110035482171
110035482199
110035482215
110035482242
110035482260
110035482288
110035482297
110035482304
110035482313
110035482322
