110035482331
110035482340
110035482368
110035482386
110035482395
110035482402
110035482411
110035482439
110035482448
110035482475
110035482484
110035482493
110035482509
110035482527
110035482536
110035482545
110035482554
110035482572
110035482581
110035482590
110035482607
110035482616
110035482661
110035482670
110035482689
110035482705
110035482723
110035482732
110035482787
110035482796
110035482803
110035482812
110035482821
110035482830
110035482849
110035482858
110035482876
110035482885
110035482894
110035482901
110035482910
110035482938
110035482947
110035482956
110035482974
110035482992
110035483054
110035483072
110035483081
110035483090
110035483116
110035483125
110035483152
110035483161
110035483170
110035483205
110035483241
110035483250
110035483269
110035483287
110035483296
110035483303
110035483312
110035483321
110035483349
110035483358
110035483367
110035483385
110035483394
110035483401
110035483410
110035483429
110035483438
110035483456
110035483465
110035483492
110035483508
110035483517
110035483526
110035483535
110035483553
110035483562
110035483571
110035483580
110035483606
110035483615
110035483624
110035483633
110035483660
110035483679
110035483688
110035483697
110035483704
110035483713
110035483740
110035483759
110035483820
110035483839
110035483857
110035483866
110035483875
110035483884
110035483900
110035483919
110035483928
110035483937
110035483946
110035483955
110035483964
110035483973
110035483982
110035483991
110035484008
110035484017
110035484026
110035484035
110035484044
110035484053
110035484062
110035484080
110035484099
110035484124
110035484133
110035484151
110035484188
110035484240
110035484268
110035484286
110035484339
110035484366
110035484375
110035484384
110035484400
110035484419
110035484428
110035484446
110035484455
110035484473
110035484482
110035484516
110035484534
110035484589
110035484605
110035484614
110035484623
110035484632
110035484669
110035484678
110035484687
110035484703
110035484721
110035484730
110035484749
110035484758
110035484767
110035484810
110035484838
110035484874
110035484883
110035484909
110035484918
110035484945
110035484954
110035484981
110035484990
110035485016
110035485052
110035485061
110035485070
110035485089
110035485098
110035485105
110035485114
110035485123
110035485132
110035485141
110035485150
110035485178
110035485187
110035485203
110035485212
110035485258
110035485294
110035485310
110035485329
110035485338
110035485356
110035485365
110035485374
110035485383
110035485392
110035485409
110035485418
110035485436
110035485445
110035485454
110035485463
110035485472
110035485481
110035485490
110035485506
110035485515
110035485533
110035485542
110035485551
110035485560
110035485579
110035485588
110035485597
110035485604
110035485613
110035485622
110035485631
110035485640
110035485659
110035485668
110035485677
110035485686
110035485695
110035485711
110035485720
110035485739
110035485748
110035485757
110035485766
110035485793
110035485819
110035485837
110035485846
110035485855
110035485864
110035485873
110035485882
110035485891
110035485908
110035485917
110035485926
110035485935
110035485953
110035485962
110035485980
110035485999
110035486006
110035486015
110035486033
110035486113
110035486122
110035486131
110035486140
110035486177
110035486186
110035486195
110035486211
110035486239
110035486248
110035486257
110035486293
110035486328
110035486364
110035486373
110035486417
110035486435
110035486453
110035486480
110035486514
110035486541
110035486569
110035486578
110035486612
110035486667
110035486676
110035486694
110035486710
110035486729
110035486774
110035486792
110035486809
110035486827
110035486845
110035486907
110035486916
110035486925
110035486934
110035486943
110035486952
110035486970
110035486989
110035486998
110035487023
110035487069
110035487078
110035487087
110035487112
110035487121
110035487130
110035487149
110035487158
110035487167
110035487176
110035487201
110035487238
110035487247
110035487274
110035487283
110035487292
110035487309
110035487318
110035487327
110035487336
110035487345
110035487372
110035487390
110035487416
110035487425
110035487461
110035487470
110035487489
110035487504
110035487540
110035487568
110035487586
110035487611
110035487620
110035487657
110035487666
110035487675
110035487728
110035487755
110035487808
110035487817
110035487826
110035487853
110035487871
110035487906
110035487933
110035487979
110035487988
110035487997
110035488004
110035488013
110035488022
110035488031
110035488059
110035488068
110035488086
110035488095
110035488102
110035488111
110035488148
110035488157
110035488166
110035488175
110035488184
110035488200
110035488219
110035488228
110035488237
110035488246
110035488255
110035488264
110035488273
110035488282
110035488308
110035488326
110035488335
110035488353
110035488406
110035488415
110035488424
110035488451
110035488460
110035488488
110035488521
110035488549
110035488567
110035488576
110035488638
110035488647
110035488692
110035488709
110035488718
110035488736
110035488745
110035488754
110035488772
110035488816
110035488852
110035488889
110035488905
110035488950
110035488996
110035489012
110035489049
110035489058
110035489085
110035489094
110035489174
110035489183
110035489218
110035489245
110035489263
110035489290
110035489316
110035489325
110035489334
110035489361
110035489398
110035489432
110035489441
110035489450
110035489469
110035489478
110035489487
110035489496
110035489539
110035489566
110035489575
110035489584
110035489593
110035489600
110035489646
110035489655
110035489664
110035489691
110035489708
110035489717
110035489735
110035489744
110035489780
110035489799
110035489824
110035489860
110035489913
110035489940
110035489968
110035489977
110035489986
110035490000
110035490019
110035490028
110035490055
110035490064
110035490073
110035490091
110035490117
110035490126
110035490135
110035490144
110035490153
110035490251
110035490279
110035490288
110035490304
110035490313
110035490359
110035490368
110035490386
110035490395
110035490402
110035490439
110035490457
110035490475
110035490484
110035490563
110035490581
110035490607
110035490616
110035490625
110035490634
110035490714
110035490732
110035490741
110035490778
110035490796
110035490803
110035490821
110035490830
110035490849
110035490858
110035490867
110035490894
110035490910
110035490929
110035490947
110035490974
110035491009
110035491152
110035491170
110035491198
110035491241
110035491250
110035491303
110035491330
110035491349
110035491394
110035491410
110035491429
110035491465
110035491526
110035491535
110035491553
110035491562
110035491580
110035491599
110035491606
110035491615
110035491624
110035491633
110035491651
110035491679
110035491688
110035491713
110035491722
110035491731
110035491740
110035491759
110035491777
110035491811
110035491839
110035491848
110035491857
110035491866
110035491875
110035491893
110035491900
110035491919
110035491955
110035491982
110035492008
110035492115
110035492124
110035492133
110035492142
110035492151
110035492160
110035492204
110035492231
110035492240
110035492277
110035492286
110035492311
110035492339
110035492357
110035492375
110035492393
110035492400
110035492419
110035492428
110035492446
110035492455
110035492464
110035492473
110035492482
110035492507
110035492525
110035492543
110035492552
110035492561
110035492570
110035492589
110035492598
110035492614
110035492623
110035492632
110035492641
110035492650
110035492669
110035492678
110035492687
110035492696
110035492721
110035492749
110035492758
110035492767
110035492794
110035492801
110035492810
110035492829
110035492838
110035492865
110035492909
110035492936
110035492945
110035492954
110035492981
110035493007
110035493025
110035493034
110035493043
110035493052
110035493061
110035493070
110035493089
110035493098
110035493105
110035493114
110035493123
110035493132
110035493141
110035493150
110035493169
110035493178
110035493187
110035493196
110035493221
110035493230
110035493249
110035493276
110035493285
110035493329
110035493338
110035493347
110035493356
110035493365
110035493383
110035493392
110035493409
110035493418
110035493427
110035493445
110035493463
110035493472
110035493481
110035493490
110035493506
110035493515
110035493524
110035493533
110035493542
110035493551
110035493588
110035493613
110035493622
110035493631
110035493640
110035493659
110035493686
110035493695
110035493711
110035493720
110035493739
110035493748
110035493757
110035493775
110035493793
110035493819
110035493837
110035493846
110035493855
110035493873
110035493882
110035493891
110035493908
110035493917
110035493926
110035493935
110035493944
110035493953
110035493971
110035494006
110035494024
110035494051
110035494060
110035494079
110035494088
110035494097
110035494113
110035494159
110035494202
110035494211
110035494220
110035494239
110035494248
110035494266
110035494275
110035494284
110035494293
110035494355
110035494364
110035494373
110035494391
110035494408
110035494426
110035494435
110035494444
110035494453
110035494462
110035494499
110035494569
110035494578
110035494612
110035494658
110035494685
110035494694
110035494710
110035494729
110035494747
110035494783
110035494792
110035494809
110035494890
110035494907
110035494925
110035494934
110035494943
110035494952
110035494961
110035494970
110035494989
110035495005
110035495014
110035495032
110035495041
110035495050
110035495069
110035495078
110035495096
110035495112
110035495130
110035495167
110035495185
110035495201
110035495256
110035495274
110035495309
110035495327
110035495336
110035495363
110035495381
110035495390
110035495407
110035495416
110035495425
110035495434
110035495443
110035495452
110035495461
110035495489
110035495498
110035495513
110035495522
110035495531
110035495540
110035495559
110035495568
110035495586
110035495595
110035495620
110035495639
110035495648
110035495657
110035495666
110035495675
110035495684
110035495693
110035495719
110035495728
110035495737
110035495746
110035495755
110035495764
110035495773
110035495782
110035495791
110035495808
110035495817
110035495826
110035495835
110035495880
110035495899
110035495906
110035495915
110035495924
110035495951
110035495960
110035495979
110035495988
110035496013
110035496022
110035496031
110035496040
110035496059
110035496068
110035496086
110035496095
110035496102
110035496111
110035496120
110035496148
110035496157
110035496166
110035496175
110035496184
110035496193
110035496200
110035496219
110035496237
110035496246
110035496255
110035496273
110035496282
110035496308
110035496317
110035496344
110035496353
110035496362
110035496371
110035496424
110035496433
110035496442
110035496451
110035496460
110035496479
110035496488
110035496497
110035496503
110035496512
110035496521
110035496530
110035496567
110035496576
110035496585
110035496601
110035496638
110035496647
110035496656
110035496674
110035496709
110035496718
110035496745
110035496754
110035496790
110035496807
110035496852
110035496861
110035496870
110035496889
110035496905
110035496923
110035496941
110035496969
110035496978
110035496987
110035497021
110035497049
110035497076
110035497129
110035497147
110035497156
110035497165
110035497174
110035497316
110035497334
110035497343
110035497361
110035497370
110035497441
110035497450
110035497469
110035497478
110035497487
110035497496
110035497502
110035497511
110035497539
110035497548
110035497566
110035497575
110035497584
110035497593
110035497600
110035497619
110035497628
110035497637
110035497673
110035497682
110035497691
110035497717
110035497726
110035497744
110035497780
110035497799
110035497860
110035497888
110035497897
110035497904
110035497913
110035497922
110035497968
110035497977
110035497986
110035497995
110035498002
110035498011
110035498039
110035498048
110035498066
110035498100
110035498119
110035498173
110035498191
110035498208
110035498217
110035498226
110035498235
110035498244
110035498271
110035498299
110035498306
110035498315
110035498324
110035498342
110035498360
110035498379
110035498459
110035498468
110035498477
110035498495
110035498501
110035498510
110035498529
110035498538
110035498565
110035498574
110035498583
110035498690
110035498716
110035498725
110035498734
110035498743
110035498761
110035498770
110035498798
110035498823
110035498832
110035498850
110035498869
110035498878
110035498930
110035498949
110035498958
110035498967
110035498976
110035498985
110035499038
110035499154
110035499163
110035499172
110035499243
110035499270
110035499314
110035499332
110035499537
110035499546
110035499564
110035499591
110035499662
110035499706
110035499715
110035499724
110035499751
110035499760
110035499779
110035499822
110035499840
110035499859
110035499877
110035499911
110035499920
110035499948
110035499957
110035499966
110035499975
110035499984
110035499993
110035500008
110035500017
110035500026
110035500035
110035500044
110035500053
110035500062
110035500071
110035500099
110035500133
110035500142
110035500151
110035500160
110035500213
110035500222
110035500240
110035500259
110035500286
110035500357
110035500366
110035500384
110035500393
110035500437
110035500446
110035500464
