110035500491
110035500507
110035500516
110035500570
110035500589
110035500650
110035500703
110035500730
110035500767
110035500776
110035500785
110035500801
110035500829
110035500838
110035500847
110035500856
110035500865
110035500874
110035500883
110035500892
110035500918
110035500927
110035500936
110035500945
110035500954
110035500963
110035500972
110035500990
110035501007
110035501016
110035501034
110035501043
110035501052
110035501061
110035501070
110035501089
110035501098
110035501105
110035501114
110035501123
110035501132
110035501150
110035501169
110035501203
110035501249
110035501258
110035501276
110035501285
110035501294
110035501301
110035501329
110035501338
110035501347
110035501356
110035501365
110035501374
110035501392
110035501409
110035501418
110035501436
110035501445
110035501454
110035501472
110035501481
110035501490
110035501515
110035501524
110035501542
110035501560
110035501579
110035501588
110035501597
110035501604
110035501622
110035501659
110035501668
110035501677
110035501686
110035501695
110035501702
110035501711
110035501720
110035501739
110035501748
110035501757
110035501766
110035501784
110035501793
110035501800
110035501819
110035501828
110035501846
110035501855
110035501873
110035501891
110035501908
110035501917
110035501926
110035501935
110035501980
110035501999
110035502006
110035502033
110035502042
110035502051
110035502079
110035502088
110035502097
110035502104
110035502113
110035502131
110035502168
110035502195
110035502202
110035502239
110035502257
110035502266
110035502284
110035502293
110035502300
110035502319
110035502337
110035502355
110035502373
110035502391
110035502426
110035502435
110035502444
110035502462
110035502480
110035502499
110035502505
110035502514
110035502523
110035502541
110035502550
110035502587
110035502649
110035502658
110035502667
110035502676
110035502685
110035502701
110035502710
110035502729
110035502747
110035502756
110035502765
110035502774
110035502783
110035502818
110035502827
110035502836
110035502845
110035502854
110035502872
110035502943
110035502961
110035502970
110035503014
110035503023
110035503032
110035503069
110035503078
110035503087
110035503103
110035503112
110035503121
110035503130
110035503149
110035503167
110035503176
110035503185
110035503194
110035503210
110035503229
110035503247
110035503256
110035503265
110035503283
110035503309
110035503327
110035503354
110035503381
110035503416
110035503425
110035503434
110035503443
110035503452
110035503461
110035503470
110035503489
110035503504
110035503531
110035503540
110035503559
110035503568
110035503577
110035503586
110035503595
110035503602
110035503611
110035503639
110035503666
110035503684
110035503693
110035503700
110035503719
110035503737
110035503746
110035503755
110035503773
110035503782
110035503817
110035503826
110035503835
110035503844
110035503853
110035503880
110035503906
110035503915
110035503924
110035503933
110035503942
110035503960
110035503979
110035504013
110035504040
110035504059
110035504077
110035504086
110035504102
110035504120
110035504139
110035504148
110035504157
110035504166
110035504184
110035504193
110035504200
110035504219
110035504228
110035504273
110035504282
110035504291
110035504308
110035504317
110035504362
110035504406
110035504415
110035504460
110035504488
110035504497
110035504503
110035504512
110035504521
110035504530
110035504549
110035504558
110035504585
110035504601
110035504610
110035504629
110035504638
110035504647
110035504656
110035504665
110035504692
110035504709
110035504718
110035504736
110035504754
110035504772
110035504790
110035504807
110035504816
110035504870
110035504898
110035504905
110035504978
110035505021
110035505067
110035505101
110035505110
110035505129
110035505138
110035505147
110035505156
110035505165
110035505174
110035505183
110035505192
110035505209
110035505218
110035505227
110035505236
110035505254
110035505263
110035505272
110035505281
110035505290
110035505307
110035505316
110035505325
110035505334
110035505343
110035505352
110035505361
110035505370
110035505389
110035505398
110035505405
110035505414
110035505423
110035505432
110035505441
110035505469
110035505478
110035505496
110035505548
110035505557
110035505575
110035505584
110035505600
110035505628
110035505637
110035505655
110035505664
110035505673
110035505717
110035505753
110035505762
110035505771
110035505780
110035505799
110035505806
110035505815
110035505833
110035505842
110035505851
110035505879
110035505888
110035505897
110035505904
110035505913
110035505922
110035505959
110035505986
110035506002
110035506020
110035506039
110035506048
110035506057
110035506066
110035506100
110035506137
110035506146
110035506164
110035506173
110035506191
110035506208
110035506226
110035506244
110035506262
110035506271
110035506299
110035506306
110035506315
110035506324
110035506333
110035506379
110035506404
110035506459
110035506468
110035506477
110035506486
110035506495
110035506510
110035506529
110035506538
110035506556
110035506583
110035506609
110035506618
110035506627
110035506636
110035506663
110035506681
110035506734
110035506743
110035506752
110035506761
110035506770
110035506805
110035506841
110035506850
110035506869
110035506896
110035506921
110035506930
110035506949
110035506958
110035507010
110035507038
110035507047
110035507056
110035507109
110035507127
110035507136
110035507154
110035507172
110035507181
110035507207
110035507216
110035507225
110035507234
110035507243
110035507252
110035507261
110035507270
110035507289
110035507298
110035507305
110035507314
110035507323
110035507332
110035507341
110035507350
110035507387
110035507430
110035507449
110035507494
110035507500
110035507519
110035507537
110035507546
110035507555
110035507564
110035507573
110035507591
110035507608
110035507617
110035507626
110035507635
110035507662
110035507671
110035507680
110035507733
110035507742
110035507779
110035507788
110035507797
110035507831
110035507859
110035507868
110035507886
110035507902
110035507911
110035507920
110035507948
110035507966
110035507984
110035507993
110035508019
110035508028
110035508046
110035508055
110035508064
110035508073
110035508091
110035508108
110035508126
110035508135
110035508180
110035508199
110035508206
110035508260
110035508279
110035508288
110035508304
110035508313
110035508331
110035508340
110035508359
110035508368
110035508377
110035508386
110035508402
110035508420
110035508448
110035508457
110035508466
110035508475
110035508493
110035508536
110035508545
110035508563
110035508572
110035508590
110035508616
110035508625
110035508652
110035508698
110035508714
110035508723
110035508732
110035508741
110035508750
110035508769
110035508778
110035508787
110035508796
110035508803
110035508821
110035508830
110035508849
110035508858
110035509125
110035509143
110035509232
110035509241
110035509250
110035509269
110035509278
110035509287
110035509296
110035509312
110035509321
110035509330
110035509367
110035509376
110035509385
110035509394
110035509401
110035509410
110035509429
110035509438
110035509447
110035509456
110035509465
110035509474
110035509483
110035509492
110035509526
110035509535
110035509553
110035509571
110035509599
110035509606
110035509615
110035509624
110035509642
110035509679
110035509688
110035509697
110035509713
110035509722
110035509768
110035509777
110035509786
110035509802
110035509820
110035509839
110035509848
110035509893
110035509955
110035509964
110035509973
110035509991
110035510006
110035510015
110035510042
110035510060
110035510079
110035510088
110035510097
110035510113
110035510122
110035510131
110035510140
110035510159
110035510168
110035510186
110035510195
110035510248
110035510257
110035510266
110035510355
110035510373
110035510417
110035510444
110035510453
110035510462
110035510471
110035510505
110035510514
110035510523
110035510532
110035510541
110035510550
110035510569
110035510578
110035510596
110035510603
110035510649
110035510667
110035510747
110035510756
110035510765
110035510774
110035510783
110035510792
110035510809
110035510827
110035510845
110035510863
110035510872
110035510881
110035510916
110035510925
110035510934
110035510952
110035510970
110035511032
110035511041
110035511050
110035511078
110035511087
110035511103
110035511149
110035511167
110035511201
110035511210
110035511247
110035511256
110035511489
110035511498
110035511504
110035511513
110035511531
110035511540
110035511559
110035511568
110035511577
110035511595
110035511611
110035511657
110035511666
110035511693
110035511700
110035511719
110035511728
110035511746
110035511755
110035511791
110035511808
110035511826
110035511835
110035511844
110035511853
110035511871
110035511924
110035511979
110035511988
110035512013
110035512040
110035512095
110035512148
110035512193
110035512353
110035512362
110035512479
110035512497
110035512567
110035512594
110035512601
110035512610
110035512638
110035512683
110035512718
110035512736
110035512763
110035512781
110035512790
110035512825
110035512905
110035512923
110035512932
110035512941
110035512969
110035513003
110035513049
110035513094
110035513101
110035513110
110035513129
110035513147
110035513156
110035513165
110035513174
110035513183
110035513192
110035513209
110035513227
110035513236
110035513245
110035513254
110035513263
110035513272
110035513281
110035513290
110035513361
110035513389
110035513398
110035513423
110035513548
110035513628
110035513637
110035513708
110035513726
110035513735
110035513744
110035513753
110035513762
110035513771
110035513780
110035513799
110035513806
110035513815
110035513824
110035513833
110035513842
110035513851
110035513860
110035513931
110035514020
110035514084
110035514093
110035514119
110035514128
110035514137
110035514155
110035514164
110035514173
110035514217
110035514226
110035514244
110035514253
110035514262
110035514271
110035514280
110035514306
110035514315
110035514333
110035514351
110035514360
110035514379
110035514388
110035514397
110035514404
110035514413
110035514431
110035514440
110035514459
110035514468
110035514477
110035514495
110035514501
110035514529
110035514556
110035514565
110035514583
110035514609
110035514645
110035514654
110035514663
110035514672
110035514690
110035514734
110035514743
110035514761
110035514770
110035514789
110035514798
110035514805
110035514814
110035514823
110035514850
110035514896
110035514921
110035514930
110035514949
110035514967
110035514976
110035515001
110035515038
110035515056
110035515065
110035515092
110035515127
110035515136
110035515145
110035515154
110035515172
110035515207
110035515216
110035515225
110035515252
110035515305
110035515332
110035515412
110035515421
110035515430
110035515449
110035515458
110035515467
110035515476
110035515494
110035515500
110035515528
110035515537
110035515546
110035515582
110035515608
110035515617
110035515626
110035515662
110035515671
110035515699
110035515706
110035515715
110035515760
110035515779
110035515788
110035515797
110035515831
110035515840
110035515868
110035515886
110035515895
110035515911
110035515920
110035515939
110035515957
110035515966
110035515984
110035515993
110035516000
110035516028
110035516037
110035516046
110035516055
110035516091
110035516108
110035516117
110035516135
110035516144
110035516162
110035516199
110035516206
110035516233
110035516260
110035516279
110035516297
110035516304
110035516313
110035516322
110035516340
110035516359
110035516377
110035516386
110035516395
110035516402
110035516411
110035516439
110035516448
110035516457
110035516466
110035516475
110035516484
110035516493
110035516509
110035516518
110035516527
110035516563
110035516625
110035516643
110035516705
110035516714
110035516741
110035516769
110035516778
110035516796
110035516812
110035516821
110035516830
110035516849
110035516858
110035516867
110035516929
110035516938
110035516947
110035516956
110035516965
110035516983
110035516992
110035517027
110035517045
110035517054
110035517063
110035517072
110035517081
110035517090
110035517116
110035517152
110035517198
110035517205
110035517214
110035517223
110035517232
110035517241
110035517250
110035517269
110035517287
110035517312
110035517330
110035517358
110035517394
110035517401
110035517410
110035517429
110035517438
110035517447
110035517465
110035517474
110035517517
110035517526
110035517535
110035517544
110035517553
110035517580
110035517599
110035517606
110035517633
110035517651
110035517688
110035517704
110035517713
110035517722
110035517731
110035517740
110035517759
110035517768
110035517777
110035517795
110035517802
110035517811
110035517820
110035517839
110035517893
110035517900
110035517919
110035517928
110035517937
110035517946
110035517982
110035518008
110035518035
110035518044
110035518053
110035518062
110035518071
110035518106
110035518151
110035518160
110035518179
110035518188
110035518204
110035518268
110035518320
110035518393
110035518428
110035518437
110035518482
110035518570
110035518598
110035518623
110035518632
110035518641
110035518678
110035518687
110035518703
110035518749
110035518767
110035518776
110035518785
110035518794
110035518810
110035518838
110035518865
