110035518874
110035518892
110035518909
110035518918
110035518927
110035519061
110035519070
110035519089
110035519098
110035519105
110035519123
110035519132
110035519141
110035519150
110035519169
110035519178
110035519187
110035519196
110035519203
110035519212
110035519221
110035519230
110035519249
110035519258
110035519267
110035519310
110035519329
110035519356
110035519374
110035519445
110035519560
110035519622
110035519695
110035519702
110035519711
110035519720
110035519739
110035519748
110035519757
110035519766
110035519775
110035519793
110035519800
110035519819
110035519828
110035519837
110035519846
110035519926
110035520004
110035520013
110035520031
110035520077
110035520086
110035520095
110035520102
110035520111
110035520139
110035520148
110035520166
110035520175
110035520184
110035520200
110035520228
110035520246
110035520273
110035520291
110035520308
110035520317
110035520344
110035520353
110035520362
110035520371
110035520380
110035520399
110035520406
110035520415
110035520424
110035520433
110035520442
110035520451
110035520460
110035520479
110035520488
110035520497
110035520530
110035520558
110035520576
110035520594
110035520610
110035520629
110035520638
110035520656
110035520665
110035520674
110035520683
110035520692
110035520718
110035520852
110035520870
110035520889
110035520898
110035520905
110035521058
110035521067
110035521094
110035521110
110035521138
110035521147
110035521174
110035521192
110035521209
110035521218
110035521227
110035521272
110035521281
110035521334
110035521361
110035521370
110035521423
110035521478
110035521548
110035521575
110035521593
110035521619
110035521664
110035521888
110035521977
110035521986
110035522002
110035522011
110035522020
110035522039
110035522048
110035522057
110035522244
110035522299
110035522306
110035522333
110035522342
110035522388
110035522404
110035522413
110035522422
110035522431
110035522734
110035522743
110035522752
110035522798
110035522814
110035522823
110035522841
110035522850
110035522869
110035522878
110035522887
110035522896
110035522903
110035522912
110035522930
110035523001
110035523010
110035523476
110035523519
110035523537
110035523617
110035523626
110035523699
110035523724
110035523733
110035523760
110035523779
110035523788
110035523797
110035523804
110035523822
110035524340
110035524377
110035524395
110035524411
110035524448
110035524484
110035524493
110035524509
110035524536
110035524581
110035524590
110035524616
110035524625
110035524634
110035524643
110035524652
110035524661
110035524689
110035524705
110035524714
110035524723
110035524812
110035524821
110035524849
110035524858
110035524867
110035524894
110035524901
110035524929
110035524938
110035524956
110035524974
110035525009
110035525018
110035525027
110035525036
110035525045
110035525054
110035525063
110035525072
110035525090
110035525134
110035525250
110035525287
110035525296
110035525303
110035525321
110035525358
110035525367
110035525376
110035525429
110035525465
110035525562
110035525571
110035525580
110035525606
110035525651
110035525660
110035525688
110035525697
110035525704
110035525713
110035525731
110035525740
110035525759
110035525786
110035525795
110035525802
110035525811
110035525820
110035525839
110035525848
110035525857
110035525866
110035525875
110035525884
110035525919
110035525928
110035525937
110035525946
110035525973
110035525982
110035525991
110035526008
110035526017
110035526026
110035526035
110035526044
110035526053
110035526062
110035526071
110035526080
110035526099
110035526160
110035526188
110035526213
110035526231
110035526240
110035526268
110035526302
110035526339
110035526357
110035526366
110035526375
110035526428
110035526437
110035526473
110035526491
110035526507
110035526516
110035526534
110035526543
110035526552
110035526561
110035526570
110035526589
110035526605
110035526614
110035526623
110035526632
110035526641
110035526650
110035526678
110035526687
110035526696
110035526703
110035527329
110035527347
110035527365
110035527374
110035527409
110035527454
110035527481
110035527515
110035527551
110035527560
110035527579
110035527597
110035527604
110035527631
110035527640
110035527686
110035527695
110035527702
110035527711
110035527720
110035527739
110035527757
110035527766
110035527775
110035527819
110035527828
110035527837
110035527846
110035528015
110035528024
110035528088
110035528113
110035528122
110035528131
110035528140
110035528168
110035528177
110035528202
110035528211
110035528248
110035528266
110035528300
110035528319
110035528328
110035528337
110035528783
110035528943
110035528952
110035528970
110035528989
110035528998
110035529005
110035529014
110035529023
110035529050
110035529087
110035529096
110035529112
110035529130
110035529149
110035529158
110035529167
110035529194
110035529201
110035529210
110035529229
110035529238
110035529247
110035529256
110035529274
110035529318
110035529327
110035529345
110035529354
110035529363
110035529390
110035529416
110035529443
110035529461
110035529489
110035529531
110035529540
110035529568
110035529577
110035529586
110035529595
110035529611
110035529675
110035529700
110035529755
110035529791
110035529808
110035529835
110035529844
110035529853
110035529871
110035529880
110035529915
110035530119
110035530128
110035530146
110035530182
110035530208
110035530217
110035530226
110035530235
110035530244
110035530253
110035530262
110035530315
110035530324
110035530342
110035530351
110035530360
110035530379
110035530388
110035530404
110035530413
110035530440
110035530459
110035530468
110035530477
110035530486
110035530495
110035530501
110035530510
110035530529
110035530547
110035530556
110035530565
110035530574
110035530583
110035530869
110035530878
110035530887
110035530896
110035530912
110035530967
110035530994
110035531216
110035531252
110035531270
110035531298
110035531396
110035531458
110035531476
110035531528
110035531537
110035531555
110035531582
110035531608
110035531662
110035531742
110035531779
110035531804
110035531813
110035531822
110035531831
110035531859
110035531895
110035531920
110035531966
110035532019
110035532028
110035532037
110035532091
110035532144
110035532153
110035532171
110035532180
110035532206
110035532233
110035532251
110035532260
110035532304
110035532313
110035532331
110035532368
110035532377
110035532386
110035532395
110035532411
110035532420
110035532439
110035532475
110035532518
110035532554
110035532563
110035532581
110035532590
110035532723
110035532769
110035532796
110035532812
110035532821
110035532830
110035532849
110035532858
110035532867
110035532876
110035532885
110035532938
110035533009
110035533027
110035533036
110035533045
110035533054
110035533063
110035533072
110035533081
110035533090
110035533143
110035533152
110035533161
110035533170
110035533189
110035533205
110035533777
110035533786
110035533795
110035533802
110035533811
110035533848
110035533875
110035533893
110035533900
110035533928
110035533955
110035533964
110035534008
110035534017
110035534026
110035534035
110035534044
110035534053
110035534062
110035534071
110035534080
110035534133
110035534142
110035534151
110035534160
110035534179
110035534197
110035534204
110035534464
110035534552
110035534561
110035534614
110035534641
110035534678
110035534703
110035535043
110035535052
110035535212
110035535230
110035535258
110035535276
110035535285
110035535294
110035535301
110035535310
110035535962
110035535971
110035536015
110035536042
110035536060
110035536079
110035536088
110035536097
110035536104
110035536113
110035536122
110035536131
110035536140
110035536159
110035536168
110035536177
110035536186
110035536195
110035536202
110035536211
110035536220
110035536319
110035536328
110035536355
110035536391
110035536417
110035536532
110035536587
110035536596
110035536612
110035536621
110035536630
110035536649
110035536658
110035536667
110035536694
110035536701
110035536756
110035536774
110035536792
110035536809
110035536827
110035536845
110035536854
110035536863
110035536872
110035536890
110035537194
110035537336
110035537345
110035537363
110035537372
110035537390
110035537407
110035537416
110035537425
110035537452
110035537461
110035537470
110035537498
110035537504
110035537531
110035537540
110035537559
110035537568
110035537577
110035537595
110035537620
110035538175
110035538193
110035538200
110035538246
110035538255
110035538282
110035538291
110035538326
110035538371
110035538380
110035538399
110035538442
110035538451
110035538460
110035538479
110035538576
110035538594
110035538610
110035538638
110035538656
110035538665
110035538683
110035538692
110035538709
110035538736
110035538745
110035538754
110035538816
110035538843
110035538852
110035538870
110035538889
110035538898
110035538923
110035538932
110035538941
110035538950
110035538969
110035539021
110035539058
110035539067
110035539076
110035539085
110035539129
110035539183
110035539192
110035539218
110035539227
110035539254
110035539263
110035539860
110035539977
110035540000
110035540019
110035540082
110035540153
110035540162
110035540171
110035540180
110035540215
110035540224
110035540233
110035540251
110035540260
110035540288
110035540313
110035540322
110035540340
110035540368
110035540386
110035540411
110035540572
110035540581
110035540590
110035540607
110035540616
110035540625
110035540670
110035540732
110035540787
110035540894
110035541198
110035541205
110035541214
110035541223
110035541232
110035541241
110035541250
110035541269
110035541287
110035541296
110035541303
110035541321
110035541330
110035541349
110035541358
110035541367
110035541385
110035541394
110035541401
110035541410
110035541429
110035541456
110035541483
110035541492
110035541508
110035541553
110035541884
110035541955
110035541973
110035542008
110035542035
110035542062
110035542071
110035542080
110035542106
110035542115
110035542142
110035542151
110035542302
110035542311
110035542348
110035542357
110035542366
110035542516
110035542525
110035542534
110035542605
110035542712
110035542721
110035543025
110035543052
110035543141
110035543150
110035543169
110035543196
110035543203
110035543212
110035543230
110035543249
110035543267
110035543294
110035543301
110035543338
110035543392
110035543686
110035543702
110035543739
110035543748
110035543766
110035543775
110035543793
110035543908
110035543962
110035544284
110035544293
110035544300
110035544337
110035544408
110035544417
110035544426
110035544444
110035544453
110035544505
110035544523
110035544578
110035544603
110035544612
110035544630
110035544809
110035544818
110035544827
110035544845
110035544854
110035544907
110035544916
110035544925
110035544934
110035544943
110035544952
110035544961
110035544998
110035545005
110035545014
110035545032
110035545041
110035545050
110035545069
110035545078
110035545087
110035545194
110035545201
110035545210
110035545229
110035545238
110035545247
110035545256
110035545265
110035545274
110035545283
110035545292
110035545318
110035545327
110035545540
110035545568
110035545586
110035545595
110035545639
110035545648
110035545657
110035545675
110035545684
110035546166
110035546175
110035546184
110035546255
110035546291
110035546308
110035546353
110035546406
110035546424
110035546479
110035546488
110035546503
110035546512
110035546521
110035546558
110035546576
110035546585
110035546601
110035546610
110035546629
110035546638
110035546647
110035546656
110035546665
110035546674
110035546683
110035546692
110035546709
110035546736
110035546745
110035546763
110035546772
110035546781
110035546807
110035546816
110035546825
110035546834
110035546843
110035547049
110035547058
110035547067
110035547076
110035547110
110035547129
110035547138
110035547272
110035547281
110035547307
110035547325
110035547352
110035547389
110035547398
110035547441
110035547575
110035547691
110035547744
110035547753
110035547762
110035547771
110035547824
110035547833
110035547851
110035547860
110035547879
110035547888
110035548208
110035548226
110035548262
110035548324
110035548333
110035548342
110035548351
110035548388
110035548397
110035548404
110035548413
110035548422
110035548431
110035548440
110035548477
110035548486
110035548734
110035548770
110035548789
110035548798
110035548805
110035548814
110035548823
110035548832
110035548841
110035548850
110035548869
110035548878
110035548896
110035548903
110035548912
110035548921
110035548930
110035548949
110035548958
110035548967
110035549145
110035549216
110035549485
110035549494
110035549500
110035549519
110035549528
110035549537
110035549546
110035549555
110035549564
110035549573
110035549591
110035549608
110035549699
110035549788
110035549797
110035549804
110035549813
110035549831
110035549840
110035549859
110035549886
110035549984
110035549993
110035550025
110035550061
110035550105
110035550123
110035550196
110035550203
110035550221
110035550267
110035550276
110035550285
110035550294
110035550301
110035550310
110035550347
110035550356
110035550720
110035550775
110035550784
110035550800
110035550828
110035550837
110035550882
110035550891
110035550908
110035550917
110035550926
110035550935
110035550944
110035550953
110035550962
110035550971
