110035550980
110035550999
110035551006
110035551015
110035551024
110035551051
110035551060
110035551275
110035551346
110035551578
110035551603
110035551612
110035551621
110035551630
110035551649
110035551658
110035551667
110035551676
110035551685
110035551694
110035551729
110035551738
110035551747
110035551765
110035551774
110035551783
110035551792
110035551809
110035551827
110035551854
110035551863
110035551872
110035551881
110035552112
110035552121
110035552167
110035552176
110035552185
110035552194
110035552201
110035552265
110035552292
110035552309
110035552345
110035552540
110035552577
110035552602
110035552611
110035552639
110035552648
110035552666
110035552693
110035552700
110035552719
110035552746
110035552791
110035552817
110035552826
110035552880
110035552933
110035552942
110035552951
110035552960
110035553200
110035553219
110035553237
110035553255
110035553264
110035553273
110035553291
110035553326
110035553344
110035553362
110035553371
110035553380
110035553399
110035553406
110035553415
110035553424
110035553433
110035553451
110035553594
110035553745
110035553754
110035553763
110035553772
110035553781
110035553790
110035553807
110035553816
110035553898
110035553905
110035553923
110035553932
110035553941
110035553950
110035553987
110035554003
110035554012
110035554147
110035554183
110035554441
110035554450
110035554469
110035554478
110035554487
110035554496
110035554502
110035554520
110035554539
110035554548
110035554557
110035554566
110035554575
110035554584
110035554593
110035554600
110035554646
110035554664
110035554682
110035554691
110035554708
110035554717
110035554744
110035554851
110035555342
110035555477
110035555486
110035555495
110035555501
110035555529
110035555538
110035555547
110035555565
110035555574
110035555583
110035555654
110035555663
110035555681
110035555690
110035555734
110035555752
110035555761
110035555798
110035555823
110035555832
110035555841
110035555878
110035556172
110035556225
110035556234
110035556261
110035556270
110035556289
110035556323
110035556332
110035556350
110035556378
110035556396
110035556403
110035556412
110035556421
110035557000
110035557019
110035557028
110035557037
110035557046
110035557064
110035557108
110035557126
110035557144
110035557180
110035557199
110035557206
110035557215
110035557224
110035557233
110035557260
110035557279
110035557288
110035557313
110035557322
110035557331
110035557340
110035557359
110035557368
110035557377
110035557386
110035557411
110035557439
110035557448
110035557457
110035557466
110035557484
110035557493
110035557509
110035557536
110035557581
110035557625
110035557652
110035557661
110035557689
110035557796
110035557812
110035557821
110035557849
110035557858
110035557876
110035557929
110035557983
110035558009
110035558036
110035558072
110035558081
110035558090
110035558107
110035558116
110035558125
110035558143
110035558198
110035558214
110035558330
110035558358
110035558385
110035558786
110035558795
110035558811
110035558820
110035558848
110035558857
110035558900
110035558919
110035558928
110035558937
110035558946
110035558955
110035558964
110035559017
110035559026
110035559053
110035559071
110035559099
110035559115
110035559124
110035559133
110035559142
110035559151
110035559188
110035559357
110035559393
110035559400
110035559419
110035559446
110035559455
110035559507
110035559516
110035559525
110035559534
110035559561
110035559589
110035559730
110035559767
110035559794
110035559829
110035559838
110035559981
110035559990
110035560005
110035560014
110035560023
110035560041
110035560327
110035560452
110035560470
110035560504
110035560782
110035560835
110035560844
110035560899
110035560906
110035560915
110035560924
110035560979
110035560997
110035561059
110035561068
110035561086
110035561102
110035561120
110035561139
110035561424
110035561433
110035561460
110035561665
110035561692
110035561709
110035561727
110035561781
110035561790
110035561816
110035561825
110035561834
110035561843
110035561852
110035561861
110035561870
110035561889
110035561898
110035561905
110035561914
110035561923
110035561932
110035561941
110035561950
110035561969
110035561987
110035561996
110035562021
110035562049
110035562076
110035562129
110035562147
110035562165
110035562236
110035562245
110035562263
110035562325
110035562334
110035562343
110035562361
110035562370
110035562389
110035562398
110035562405
110035562414
110035562423
110035562478
110035562487
110035562664
110035562673
110035562682
110035562708
110035563075
110035563084
110035563093
110035563100
110035563119
110035563137
110035563146
110035563164
110035563173
110035563182
110035563217
110035563299
110035563306
110035563315
110035563333
110035563342
110035563360
110035563379
110035563388
110035563440
110035563459
110035563486
110035563495
110035563501
110035563529
110035563547
110035563556
110035563565
110035563574
110035563583
110035563887
110035563896
110035563921
110035563949
110035563958
110035563967
110035563976
110035564029
110035564038
110035564047
110035564065
110035564074
110035564092
110035564145
110035564314
110035564350
110035564387
110035564396
110035564412
110035564430
110035564500
110035564519
110035564537
110035564546
110035564591
110035564608
110035564644
110035564671
110035564699
110035564706
110035564751
110035564760
110035564779
110035564788
110035564797
110035564804
110035564813
110035564822
110035564831
110035564840
110035564877
110035564911
110035564920
110035564939
110035564948
110035564957
110035564966
110035564975
110035564984
110035564993
110035565000
110035565019
110035565028
110035565037
110035565046
110035565055
110035565064
110035565073
110035565082
110035565091
110035565108
110035565117
110035565135
110035565144
110035565153
110035565171
110035565180
110035565199
110035565206
110035565215
110035565634
110035565643
110035565652
110035565661
110035565670
110035565689
110035565698
110035565705
110035565714
110035565732
110035565741
110035565769
110035565778
110035565787
110035565796
110035565803
110035565812
110035565821
110035565830
110035565849
110035565929
110035565965
110035566054
110035566090
110035566125
110035566134
110035566152
110035566161
110035566170
110035566189
110035566250
110035566269
110035566278
110035566287
110035566296
110035566303
110035566349
110035566358
110035566438
110035566474
110035566492
110035566508
110035566517
110035566526
110035566535
110035566544
110035566553
110035566571
110035566599
110035566606
110035566624
110035566651
110035566660
110035566679
110035566688
110035566697
110035566704
110035566713
110035566722
110035566731
110035566740
110035566768
110035566777
110035566786
110035566795
110035566802
110035566811
110035566839
110035566848
110035566866
110035567044
110035567080
110035567231
110035567268
110035567295
110035567311
110035567348
110035567366
110035567384
110035567419
110035567516
110035567534
110035567543
110035567678
110035567721
110035567749
110035567801
110035567838
110035567847
110035567856
110035567874
110035567909
110035567972
110035567981
110035567990
110035568007
110035568016
110035568025
110035568034
110035568043
110035568061
110035568070
110035568114
110035568123
110035568141
110035568178
110035568187
110035568196
110035568427
110035568454
110035568481
110035568551
110035568668
110035568677
110035568686
110035568711
110035568720
110035568766
110035568784
110035568846
110035569060
110035569079
110035569088
110035569104
110035569122
110035569131
110035569159
110035569177
110035569195
110035569211
110035569248
110035569266
110035569275
110035569284
110035569373
110035569382
110035569417
110035569426
110035569453
110035569462
110035569471
110035569505
110035569532
110035569578
110035569587
110035569649
110035569685
110035569701
110035569710
110035569747
110035569756
110035569765
110035569774
110035569783
110035569792
110035569809
110035569836
110035569854
110035569863
110035569881
110035569925
110035569943
110035569970
110035569989
110035569998
110035570003
110035570012
110035570021
110035570030
110035570049
110035570058
110035570067
110035570085
110035570094
110035570101
110035570110
110035570129
110035570138
110035570147
110035570156
110035570192
110035570209
110035570236
110035570245
110035570254
110035570263
110035570272
110035570281
110035570290
110035570307
110035570316
110035570334
110035570352
110035570361
110035570414
110035570432
110035570469
110035570478
110035570539
110035570584
110035570600
110035570637
110035570646
110035570664
110035570673
110035570691
110035570708
110035570717
110035570726
110035570753
110035570762
110035570771
110035570780
110035570799
110035570806
110035570815
110035570824
110035570833
110035570842
110035570851
110035570860
110035570888
110035570904
110035570913
110035570931
110035570940
110035570959
110035570977
110035570986
110035570995
110035571002
110035571011
110035571020
110035571039
110035571048
110035571066
110035571075
110035571093
110035571100
110035571119
110035571128
110035571164
110035571173
110035571182
110035571235
110035571280
110035571306
110035571333
110035571342
110035571379
110035571397
110035571404
110035571431
110035571440
110035571468
110035571477
110035571495
110035571510
110035571547
110035571556
110035571565
110035571583
110035571627
110035571636
110035571645
110035571654
110035571681
110035571725
110035571761
110035571770
110035571789
110035571805
110035571814
110035571823
110035571832
110035571850
110035571869
110035571878
110035571903
110035571912
110035571930
110035571949
110035571967
110035571994
110035572029
110035572047
110035572074
110035572163
110035572207
110035572216
110035572270
110035572289
110035572298
110035572305
110035572332
110035572369
110035572387
110035572412
110035572421
110035572430
110035572449
110035572458
110035572467
110035572476
110035572485
110035572494
110035572500
110035572519
110035572644
110035572653
110035572662
110035572680
110035572706
110035572715
110035572724
110035572751
110035572760
110035572779
110035572788
110035572797
110035572804
110035572813
110035572822
110035572831
110035572840
110035572868
110035572886
110035572895
110035572911
110035572920
110035572939
110035572948
110035572957
110035572966
110035572975
110035572984
110035572993
110035573019
110035573028
110035573037
110035573055
110035573091
110035573108
110035573117
110035573135
110035573153
110035573297
110035573322
110035573331
110035573340
110035573359
110035573368
110035573377
110035573386
110035573395
110035573402
110035573411
110035573420
110035573439
110035573448
110035573457
110035573466
110035573484
110035573493
110035573554
110035573563
110035573572
110035573670
110035573698
110035573705
110035573714
110035573732
110035573750
110035573778
110035573787
110035573803
110035573830
110035573849
110035574027
110035574125
110035574134
110035574143
110035574152
110035574170
110035574214
110035574223
110035574232
110035574241
110035574269
110035574278
110035574303
110035574321
110035574358
110035574367
110035574376
110035574394
110035574401
110035574429
110035574492
110035574526
110035574535
110035574599
110035574642
110035574759
110035574866
110035574875
110035574884
110035574893
110035574900
110035574919
110035574928
110035574937
110035574964
110035574973
110035574991
110035575008
110035575017
110035575026
110035575035
110035575071
110035575080
110035575115
110035575124
110035575133
110035575142
110035575151
110035575160
110035575179
110035575259
110035575268
110035575277
110035575286
110035575295
110035575302
110035575348
110035575357
110035575384
110035575400
110035575419
110035575428
110035575437
110035575446
110035575455
110035575473
110035575482
110035575507
110035575534
110035575552
110035575561
110035575570
110035575598
110035575614
110035575678
110035575696
110035575749
110035575794
110035575801
110035575810
110035575865
110035575936
110035576089
110035576098
110035576114
110035576123
110035576178
110035576187
110035576196
110035576203
110035576212
110035576221
110035576230
110035576249
110035576258
110035576276
110035576285
110035576294
110035576365
110035576427
110035576454
110035576463
110035576481
110035576490
110035576506
110035576515
110035576588
110035576604
110035576622
110035576659
110035576668
110035576677
110035576686
110035576695
110035576702
110035576711
110035576720
110035576739
110035576757
110035576766
110035576855
110035576873
110035576882
110035576935
110035576962
110035576971
110035577006
110035577015
110035577024
110035577033
110035577060
110035577088
110035577113
110035577122
110035577131
110035577140
110035577159
110035577168
110035577186
110035577195
110035577211
110035577220
110035577239
110035577248
110035577257
110035577266
110035577275
110035577284
110035577293
110035577300
110035577319
110035577328
110035577337
110035577346
110035577355
110035577373
110035577391
110035577408
110035577417
110035577435
110035577541
110035577550
110035577603
110035577612
110035577649
110035577676
110035577685
110035577694
110035577701
110035577738
110035577747
110035577765
110035577774
110035577827
110035577943
110035577989
110035577998
110035578005
110035578014
110035578069
