110035578087
110035578096
110035578103
110035578112
110035578121
110035578292
110035578327
110035578336
110035578354
110035578363
110035578372
110035578381
110035578390
110035578416
110035578425
110035578434
110035578443
110035578470
110035578489
110035578498
110035578513
110035578540
110035578568
110035578595
110035578639
110035578657
110035578675
110035578719
110035578728
110035578755
110035578764
110035578773
110035578853
110035578862
110035578871
110035578880
110035578899
110035578906
110035578933
110035578942
110035578951
110035578979
110035578988
110035579022
110035579031
110035579040
110035579059
110035579068
110035579086
110035579095
110035579111
110035579139
110035579148
110035579157
110035579193
110035579219
110035579255
110035579282
110035579291
110035579399
110035579424
110035579451
110035579460
110035579479
110035579503
110035579521
110035579530
110035579567
110035579594
110035579601
110035579610
110035579629
110035579647
110035579656
110035579665
110035579674
110035579683
110035579692
110035579736
110035579745
110035579763
110035579772
110035579781
110035579807
110035579816
110035579825
110035579834
110035579843
110035579861
110035579870
110035579889
110035579898
110035579905
110035579923
110035579941
110035579978
110035580010
110035580029
110035580038
110035580083
110035580109
110035580118
110035580145
110035580154
110035580163
110035580298
110035580582
110035580591
110035580617
110035580644
110035580653
110035580662
110035580671
110035580680
110035580699
110035580715
110035580724
110035580733
110035580742
110035580751
110035580760
110035580779
110035580788
110035580797
110035580804
110035580813
110035580822
110035580831
110035580939
110035581046
110035581055
110035581064
110035581073
110035581082
110035581091
110035581108
110035581153
110035581162
110035581242
110035581279
110035581288
110035581313
110035581322
110035581331
110035581340
110035581368
110035581402
110035581448
110035581616
110035581625
110035581670
110035581858
110035581867
110035581876
110035582214
110035582232
110035582241
110035582250
110035582349
110035582358
110035582367
110035582376
110035582385
110035582394
110035582410
110035582447
110035582456
110035582465
110035582474
110035582483
110035582492
110035582508
110035582517
110035582526
110035582535
110035583213
110035583384
110035583400
110035583419
110035583428
110035583437
110035583446
110035583455
110035583464
110035583507
110035583525
110035583561
110035583570
110035583605
110035583678
110035583687
110035583696
110035583703
110035583963
110035583981
110035583990
110035584007
110035584016
110035584043
110035584052
110035584061
110035584089
110035584098
110035584114
110035584123
110035584141
110035584150
110035584169
110035584178
110035584187
110035584196
110035584203
110035584212
110035584230
110035584249
110035584276
110035584285
110035584294
110035584310
110035584329
110035584338
110035584347
110035584356
110035584365
110035584383
110035584436
110035584445
110035584454
110035584463
110035584481
110035584490
110035584524
110035584533
110035584542
110035584551
110035584560
110035584579
110035584588
110035584597
110035584613
110035584622
110035584631
110035584640
110035584659
110035584668
110035584677
110035584686
110035584695
110035584702
110035584711
110035584720
110035584739
110035584748
110035584775
110035584784
110035584793
110035584800
110035584819
110035584828
110035584846
110035584855
110035584864
110035584873
110035584882
110035584908
110035584926
110035584962
110035584999
110035585006
110035585015
110035585042
110035585060
110035585113
110035585248
110035585293
110035585319
110035585337
110035585346
110035585382
110035585417
110035585426
110035585435
110035585471
110035585480
110035585499
110035585505
110035585523
110035585541
110035585569
110035585587
110035585603
110035585621
110035585649
110035585667
110035585694
110035585701
110035585729
110035585738
110035585747
110035585756
110035585765
110035585774
110035585783
110035585792
110035585809
110035585818
110035585827
110035585836
110035585854
110035585863
110035585881
110035585907
110035585916
110035585925
110035585961
110035585970
110035585989
110035585998
110035586005
110035586023
110035586032
110035586069
110035586149
110035586176
110035586201
110035586265
110035586274
110035586283
110035586327
110035586363
110035586372
110035586381
110035586470
110035586489
110035586498
110035586513
110035586531
110035586540
110035586568
110035586586
110035586602
110035586611
110035586639
110035586657
110035586666
110035587004
110035587013
110035587022
110035587148
110035587157
110035587175
110035587228
110035587291
110035587326
110035587335
110035587344
110035587353
110035587406
110035587415
110035587424
110035587433
110035587442
110035587451
110035587460
110035587488
110035587497
110035587503
110035587512
110035587521
110035587530
110035587558
110035587567
110035587576
110035587585
110035587594
110035587601
110035587610
110035587629
110035587638
110035587647
110035587656
110035587665
110035587674
110035587683
110035587692
110035587709
110035587727
110035587736
110035587754
110035587772
110035587790
110035587807
110035587816
110035587825
110035587852
110035587870
110035587889
110035587898
110035587905
110035587914
110035587923
110035587941
110035587950
110035587978
110035587987
110035587996
110035588076
110035588094
110035588110
110035588129
110035588138
110035588147
110035588218
110035588227
110035588236
110035588245
110035588254
110035588263
110035588272
110035588290
110035588307
110035588325
110035588423
110035588432
110035588478
110035588539
110035588557
110035588566
110035588584
110035588619
110035588673
110035588682
110035588691
110035588708
110035588717
110035588735
110035588744
110035588762
110035588771
110035588780
110035588815
110035588824
110035588833
110035588842
110035588851
110035588860
110035588879
110035588888
110035588897
110035588904
110035588913
110035588922
110035588931
110035588940
110035588959
110035588968
110035588977
110035588986
110035588995
110035589002
110035589020
110035589039
110035589093
110035589100
110035589128
110035589164
110035589173
110035589182
110035589191
110035589217
110035589235
110035589244
110035589253
110035589262
110035589271
110035589306
110035589342
110035589351
110035589360
110035589379
110035589388
110035589404
110035589921
110035589949
110035589958
110035589976
110035590018
110035590081
110035590090
110035590107
110035590161
110035590198
110035590205
110035590214
110035590223
110035590250
110035590278
110035590287
110035590303
110035590312
110035590321
110035590330
110035590349
110035590367
110035590376
110035590385
110035590394
110035590401
110035590410
110035590429
110035590456
110035590465
110035590483
110035590492
110035590517
110035590526
110035590606
110035590795
110035590802
110035590820
110035590857
110035590875
110035590900
110035590928
110035590964
110035591035
110035591053
110035591062
110035591080
110035591099
110035591106
110035591124
110035591151
110035591160
110035591179
110035591197
110035591213
110035591222
110035591231
110035591240
110035591286
110035591311
110035591375
110035591393
110035591400
110035591534
110035591543
110035591632
110035591712
110035591721
110035591856
110035591865
110035591990
110035592016
110035592025
110035592061
110035592098
110035592105
110035592123
110035592132
110035592141
110035592169
110035592187
110035592221
110035592249
110035592258
110035592294
110035592347
110035592365
110035592383
110035592392
110035592409
110035592418
110035592436
110035592445
110035592454
110035592481
110035592490
110035592506
110035592515
110035592533
110035592551
110035592560
110035592622
110035592631
110035592659
110035592686
110035592695
110035592819
110035592828
110035592855
110035592873
110035592882
110035592891
110035592908
110035592917
110035592926
110035592999
110035593033
110035593220
110035593239
110035593248
110035593266
110035593293
110035593300
110035593319
110035593328
110035593346
110035593355
110035593364
110035593391
110035593417
110035593435
110035593444
110035593471
110035593499
110035593523
110035593541
110035593550
110035593569
110035593603
110035593621
110035593630
110035593685
110035593694
110035593747
110035593774
110035593783
110035593809
110035593818
110035593827
110035593836
110035593863
110035593872
110035593881
110035593890
110035593916
110035593925
110035593934
110035593952
110035593989
110035593998
110035594014
110035594023
110035594041
110035594050
110035594069
110035594078
110035594087
110035594096
110035594103
110035594121
110035594130
110035594149
110035594158
110035594167
110035594176
110035594185
110035594201
110035594210
110035594238
110035594247
110035594265
110035594283
110035594309
110035594327
110035594345
110035594354
110035594363
110035594381
110035594390
110035594416
110035594425
110035594443
110035594755
110035594773
110035594782
110035594844
110035594899
110035594951
110035594960
110035594979
110035594997
110035595004
110035595013
110035595031
110035595040
110035595059
110035595068
110035595077
110035595086
110035595095
110035595102
110035595175
110035595184
110035595193
110035595200
110035595219
110035595228
110035595246
110035595255
110035595264
110035595282
110035595291
110035595326
110035595353
110035595362
110035595380
110035595399
110035595406
110035595415
110035595424
110035595451
110035595460
110035595479
110035595488
110035595497
110035595521
110035595567
110035595638
110035595709
110035595736
110035595745
110035595754
110035595763
110035595772
110035595781
110035595790
110035595807
110035595816
110035595825
110035595843
110035595889
110035595905
110035595914
110035595932
110035595941
110035595987
110035596003
110035596021
110035596030
110035596058
110035596076
110035596398
110035596414
110035596441
110035596487
110035596502
110035596655
110035596664
110035596708
110035596851
110035596860
110035596879
110035596888
110035596904
110035596922
110035596940
110035596959
110035596968
110035596977
110035596986
110035596995
110035597002
110035597075
110035597084
110035597093
110035597100
110035597119
110035597173
110035597280
110035597299
110035597315
110035597351
110035597360
110035597397
110035597404
110035597413
110035597468
110035597477
110035597495
110035597501
110035597592
110035597618
110035597627
110035597636
110035597645
110035597663
110035597690
110035597725
110035597789
110035597798
110035597805
110035597814
110035597832
110035597841
110035597850
110035597869
110035597878
110035597887
110035597896
110035597903
110035597912
110035597921
110035597930
110035597949
110035597958
110035598029
110035598127
110035598181
110035598190
110035598207
110035598234
110035598341
110035598350
110035598369
110035598378
110035598387
110035598430
110035598449
110035598458
110035598467
110035598476
110035598485
110035598494
110035598500
110035598519
110035598528
110035598546
110035598555
110035598564
110035598573
110035598582
110035598608
110035598617
110035598635
110035598653
110035598662
110035598671
110035598680
110035598699
110035598706
110035598715
110035598742
110035598751
110035598760
110035598840
110035598859
110035598920
110035598948
110035598957
110035598966
110035598975
110035598984
110035599000
110035599028
110035599055
110035599064
110035599073
110035599082
110035599091
110035599108
110035599135
110035599206
110035599215
110035599297
110035599304
110035599322
110035599340
110035599359
110035599377
110035599395
110035599411
110035599420
110035599439
110035599448
110035599466
110035599475
110035599484
110035599493
110035599509
110035599518
110035599527
110035599563
110035599572
110035599616
110035599634
110035599643
110035599652
110035599670
110035599698
110035599705
110035599714
110035599723
110035599750
110035599787
110035599821
110035599830
110035599867
110035599894
110035599910
110035599956
110035600016
110035600043
110035600052
110035600061
110035600141
110035600150
110035600187
110035600196
110035600212
110035600230
110035600258
110035600267
110035600285
110035600294
110035600301
110035600329
110035600347
110035600374
110035600383
110035600392
110035600409
110035600418
110035600427
110035600436
110035600445
110035600454
110035600463
110035600560
110035600604
110035600613
110035600631
110035600668
110035600686
110035600695
110035600702
110035600720
110035600766
110035600775
110035600784
110035600819
110035600828
110035600864
110035600873
110035600882
110035600891
110035600908
110035600917
110035600926
110035600935
110035600944
110035600953
110035600962
110035600971
110035600980
110035601042
110035601051
110035601060
110035601079
110035601088
110035601097
110035601104
110035601113
110035601122
110035601168
110035601177
110035601186
110035601195
110035601202
110035601505
110035601514
110035601943
110035601952
110035601961
110035601989
110035602014
110035602023
110035602087
110035602096
110035602121
110035602130
110035602149
110035602167
110035602176
110035602185
110035602201
110035602210
110035602256
110035602283
110035602292
110035602309
110035602336
110035602345
110035602354
110035602363
110035602372
110035602381
110035602407
110035602416
