110035602425
110035602434
110035602443
110035602452
110035602461
110035602470
110035602489
110035602498
110035602504
110035602513
110035602531
110035602559
110035602577
110035602595
110035602611
110035602639
110035602648
110035602657
110035602666
110035602684
110035602693
110035602737
110035602746
110035602755
110035602764
110035602782
110035602791
110035602808
110035602817
110035602826
110035602835
110035602844
110035602853
110035602871
110035602899
110035602906
110035602924
110035602933
110035602942
110035602951
110035602960
110035602979
110035602988
110035602997
110035603004
110035603013
110035603022
110035603031
110035603040
110035603059
110035603068
110035603077
110035603095
110035603175
110035603237
110035603246
110035603380
110035603399
110035603512
110035603521
110035603549
110035603585
110035603674
110035603683
110035603692
110035603709
110035603718
110035603736
110035603745
110035603754
110035603763
110035603781
110035603790
110035603807
110035603816
110035603825
110035603834
110035603843
110035603852
110035603861
110035603898
110035603905
110035603914
110035603923
110035603932
110035603950
110035603969
110035604110
110035604147
110035604156
110035604192
110035604209
110035604227
110035604236
110035604245
110035604263
110035604272
110035604281
110035604290
110035604307
110035604325
110035604334
110035604343
110035604352
110035604361
110035604370
110035604398
110035604405
110035604414
110035604423
110035604432
110035604441
110035604450
110035604496
110035604520
110035604557
110035604600
110035604619
110035604628
110035604646
110035604655
110035604664
110035604673
110035604691
110035604708
110035604735
110035604762
110035604799
110035604824
110035604842
110035604851
110035604860
110035604879
110035604888
110035604897
110035604904
110035604931
110035604940
110035604959
110035604968
110035604977
110035604995
110035605002
110035605011
110035605039
110035605048
110035605057
110035605066
110035605084
110035605093
110035605119
110035605164
110035605173
110035605208
110035605235
110035605244
110035605324
110035605388
110035605422
110035605459
110035605468
110035605477
110035605495
110035605510
110035605538
110035605547
110035605574
110035605583
110035605627
110035605636
110035605645
110035605654
110035605663
110035605672
110035605681
110035605690
110035605716
110035605725
110035605734
110035605743
110035605752
110035605761
110035605770
110035605789
110035605798
110035605823
110035605832
110035605841
110035605878
110035605887
110035605903
110035605912
110035605967
110035605976
110035605985
110035605994
110035606001
110035606056
110035606065
110035606074
110035606083
110035606092
110035606109
110035606118
110035606127
110035606136
110035606145
110035606154
110035606163
110035606172
110035606181
110035606190
110035606216
110035606243
110035606252
110035606261
110035606270
110035606289
110035606305
110035606314
110035606323
110035606332
110035606341
110035606350
110035606369
110035606378
110035606387
110035606396
110035606403
110035606421
110035606430
110035606458
110035606476
110035606494
110035606528
110035606537
110035606546
110035606555
110035606573
110035606591
110035606635
110035606644
110035606653
110035606706
110035606715
110035606724
110035606733
110035606742
110035606751
110035606760
110035606779
110035606797
110035606804
110035606822
110035606831
110035606868
110035606911
110035606939
110035606957
110035606966
110035606975
110035606984
110035606993
110035607000
110035607019
110035607028
110035607037
110035607046
110035607055
110035607073
110035607082
110035607091
110035607108
110035607117
110035607126
110035607135
110035607144
110035607153
110035607162
110035607171
110035607180
110035607199
110035607206
110035607224
110035607233
110035607251
110035607260
110035607297
110035607304
110035607313
110035607322
110035607331
110035607340
110035607359
110035607368
110035607377
110035607386
110035607395
110035607402
110035607411
110035607420
110035607439
110035607448
110035607457
110035607466
110035607527
110035607563
110035607581
110035607616
110035607689
110035607705
110035607723
110035607732
110035607741
110035607750
110035607778
110035607787
110035607796
110035607812
110035607830
110035607849
110035607858
110035607867
110035607876
110035607885
110035607894
110035607947
110035607965
110035607974
110035607983
110035607992
110035608009
110035608018
110035608027
110035608036
110035608045
110035608054
110035608063
110035608081
110035608090
110035608107
110035608143
110035608161
110035608214
110035608223
110035608232
110035608241
110035608250
110035608296
110035608303
110035608321
110035608330
110035608349
110035608376
110035608385
110035608394
110035608438
110035608447
110035608474
110035608508
110035608535
110035608544
110035608553
110035608562
110035608571
110035608580
110035608599
110035608615
110035608624
110035608633
110035608660
110035608688
110035608713
110035608722
110035608731
110035608786
110035608795
110035608884
110035608893
110035608919
110035608928
110035608937
110035608946
110035608955
110035608964
110035608973
110035608982
110035608991
110035609008
110035609017
110035609026
110035609035
110035609044
110035609053
110035609062
110035609071
110035609080
110035609099
110035609106
110035609115
110035609124
110035609133
110035609142
110035609160
110035609188
110035609197
110035609213
110035609222
110035609231
110035609259
110035609277
110035609286
110035609295
110035609302
110035609311
110035609320
110035609339
110035609357
110035609375
110035609464
110035609473
110035609491
110035609507
110035609516
110035609525
110035609534
110035609543
110035609552
110035609561
110035609589
110035609598
110035609614
110035609623
110035609632
110035609641
110035609650
110035609767
110035609874
110035609883
110035609892
110035609909
110035609936
110035609945
110035609954
110035609963
110035609981
110035609990
110035610005
110035610014
110035610023
110035610032
110035610041
110035610069
110035610078
110035610096
110035610103
110035610167
110035610176
110035610185
110035610194
110035610201
110035610210
110035610229
110035610247
110035610318
110035610327
110035610381
110035610425
110035610434
110035610470
110035610489
110035610498
110035610504
110035610513
110035610522
110035610531
110035610559
110035610568
110035610595
110035610602
110035610611
110035610620
110035610639
110035610648
110035610657
110035610684
110035610700
110035610719
110035610728
110035610737
110035610746
110035610755
110035610764
110035610826
110035610880
110035610899
110035610924
110035610942
110035610951
110035610960
110035610979
110035610988
110035610997
110035611004
110035611013
110035611031
110035611040
110035611068
110035611077
110035611086
110035611095
110035611102
110035611139
110035611148
110035611175
110035611184
110035611200
110035611219
110035611246
110035611255
110035611273
110035611308
110035611317
110035611371
110035611415
110035611424
110035611451
110035611460
110035611488
110035611558
110035611567
110035611594
110035611601
110035611656
110035611674
110035611683
110035611709
110035611718
110035611727
110035611745
110035611754
110035611763
110035611772
110035611781
110035611790
110035611807
110035611843
110035611852
110035611861
110035611870
110035611889
110035611898
110035611905
110035611932
110035612012
110035612227
110035612254
110035612414
110035612423
110035612441
110035612450
110035612469
110035612478
110035612487
110035612496
110035612502
110035612511
110035612539
110035612548
110035612566
110035612584
110035612600
110035612619
110035612628
110035612637
110035612646
110035612655
110035612735
110035612753
110035612815
110035612833
110035612842
110035612851
110035612860
110035612879
110035612913
110035612940
110035612986
110035612995
110035613002
110035613066
110035613075
110035613084
110035613093
110035613100
110035613119
110035613128
110035613137
110035613146
110035613155
110035613164
110035613173
110035613182
110035613191
110035613217
110035613235
110035613244
110035613253
110035613262
110035613271
110035613280
110035613299
110035613306
110035613324
110035613333
110035613342
110035613351
110035613360
110035613379
110035613397
110035613404
110035613440
110035613477
110035613538
110035613547
110035613565
110035613583
110035613592
110035613663
110035613672
110035613681
110035613690
110035613707
110035613716
110035613725
110035613734
110035613743
110035613752
110035613761
110035613798
110035613805
110035613814
110035613823
110035613841
110035613887
110035613896
110035613903
110035613912
110035613921
110035613949
110035613958
110035613967
110035613985
110035613994
110035614001
110035614029
110035614038
110035614047
110035614056
110035614065
110035614074
110035614083
110035614092
110035614109
110035614118
110035614127
110035614136
110035614145
110035614154
110035614163
110035614172
110035614181
110035614190
110035614207
110035614216
110035614225
110035614252
110035614261
110035614270
110035614289
110035614298
110035614305
110035614314
110035614323
110035614341
110035614350
110035614369
110035614378
110035614387
110035614396
110035614403
110035614412
110035614421
110035614430
110035614449
110035614467
110035614476
110035614485
110035614494
110035614500
110035614519
110035614528
110035614537
110035614546
110035614555
110035614573
110035614582
110035614591
110035614617
110035614626
110035614644
110035614653
110035614699
110035614724
110035614733
110035614779
110035614797
110035614804
110035614813
110035614822
110035614840
110035614895
110035614902
110035614911
110035614920
110035614948
110035614975
110035615019
110035615073
110035615082
110035615091
110035615108
110035615117
110035615279
110035615288
110035615297
110035615304
110035615313
110035615322
110035615331
110035615340
110035615359
110035615368
110035615377
110035615386
110035615395
110035615402
110035615411
110035615420
110035615439
110035615466
110035615475
110035615509
110035615518
110035615769
110035615778
110035615787
110035615803
110035615812
110035615821
110035615830
110035615849
110035615938
110035615947
110035615956
110035616018
110035616027
110035616045
110035616081
110035616116
110035616125
110035616134
110035616161
110035616250
110035616312
110035616321
110035616330
110035616349
110035616358
110035616367
110035616376
110035616385
110035616394
110035616401
110035616447
110035616456
110035616465
110035616474
110035616562
110035616599
110035616615
110035616642
110035616651
110035616660
110035616679
110035616688
110035616697
110035616722
110035616777
110035616795
110035616802
110035616811
110035616820
110035616848
110035616857
110035616875
110035616884
110035616893
110035616900
110035616919
110035616928
110035616937
110035616964
110035616973
110035616982
110035616991
110035617017
110035617035
110035617044
110035617053
110035617062
110035617080
110035617099
110035617106
110035617133
110035617142
110035617204
110035617311
110035617339
110035617348
110035617357
110035617375
110035617384
110035617437
110035617464
110035617473
110035617482
110035617491
110035617516
110035617525
110035617963
110035617981
110035617990
110035618007
110035618016
110035618025
110035618034
110035618043
110035618070
110035618098
110035618212
110035618249
110035618276
110035618285
110035618294
110035618310
110035618338
110035618347
110035618356
110035618365
110035618374
110035618383
110035618392
110035618409
110035618418
110035618427
110035618436
110035618445
110035618454
110035618463
110035618472
110035618481
110035618490
110035618506
110035618524
110035618533
110035618542
110035618551
110035618560
110035618579
110035618588
110035618597
110035618604
110035618613
110035618622
110035618631
110035618640
110035618659
110035618668
110035618677
110035618775
110035618819
110035618846
110035618855
110035618864
110035618873
110035618882
110035619060
110035619284
110035619293
110035619300
110035619328
110035619346
110035619373
110035619382
110035619391
110035619408
110035619417
110035619426
110035619435
110035619444
110035619471
110035619499
110035619505
110035619514
110035619523
110035619532
110035619541
110035619550
110035619569
110035619578
110035619596
110035619603
110035619612
110035619621
110035619630
110035619649
110035619658
110035619667
110035619676
110035619685
110035619694
110035619729
110035619738
110035619747
110035619765
110035619783
110035619792
110035619809
110035619818
110035619836
110035619845
110035619872
110035619881
110035619907
110035619925
110035619952
110035619961
110035619970
110035619998
110035620012
110035620021
110035620110
110035620156
110035620165
110035620192
110035620218
110035620227
110035620334
110035620343
110035620361
110035620398
110035620405
110035620414
110035620450
110035620496
110035620502
110035620520
110035620539
110035620548
110035620557
110035620566
110035620575
110035620584
110035620593
110035620600
110035620619
110035620637
110035620646
110035620655
110035620664
110035620673
110035620682
110035620691
110035620726
110035620771
110035620806
110035620815
110035620824
110035620833
110035620842
110035620860
110035620879
110035620888
110035620977
110035620986
110035621002
110035621011
110035621048
110035621075
