110035621093
110035621119
110035621146
110035621173
110035621182
110035621191
110035621217
110035621235
110035621271
110035621315
110035621342
110035621379
110035621388
110035621397
110035621440
110035621459
110035621468
110035621477
110035621486
110035621495
110035621538
110035621547
110035621556
110035621574
110035621618
110035621627
110035621636
110035621654
110035621690
110035621707
110035621716
110035621725
110035621734
110035621743
110035621752
110035621761
110035621770
110035621789
110035621798
110035621805
110035621814
110035621823
110035621832
110035621841
110035621869
110035621878
110035621903
110035621912
110035621976
110035622038
110035622047
110035622056
110035622065
110035622092
110035622109
110035622118
110035622127
110035622136
110035622145
110035622154
110035622163
110035622172
110035622181
110035622190
110035622216
110035622243
110035622252
110035622270
110035622289
110035622314
110035622323
110035622341
110035622350
110035622369
110035622387
110035622396
110035622412
110035622430
110035622449
110035622458
110035622467
110035622476
110035622485
110035622494
110035622500
110035622519
110035622528
110035622537
110035622546
110035622555
110035622564
110035622573
110035622582
110035622608
110035622617
110035622626
110035622635
110035622644
110035622662
110035622671
110035622699
110035622706
110035622715
110035622724
110035622733
110035622751
110035622779
110035622797
110035622804
110035622813
110035622822
110035622831
110035622859
110035622877
110035622886
110035622911
110035622984
110035622993
110035623000
110035623019
110035623046
110035623064
110035623091
110035623144
110035623162
110035623171
110035623180
110035623199
110035623206
110035623215
110035623224
110035623233
110035623242
110035623581
110035623625
110035623634
110035623643
110035623652
110035623670
110035623698
110035623732
110035623803
110035623821
110035623894
110035623901
110035623910
110035623929
110035623983
110035624161
110035624321
110035624358
110035624401
110035624429
110035624465
110035624474
110035624483
110035624492
110035624508
110035624517
110035624526
110035624535
110035624544
110035624553
110035624571
110035624580
110035624599
110035624606
110035624615
110035624624
110035624633
110035624642
110035624651
110035624660
110035624679
110035624688
110035624697
110035624704
110035624740
110035624795
110035624802
110035624811
110035624884
110035624900
110035624919
110035624928
110035624937
110035624946
110035624955
110035624964
110035624973
110035624991
110035625008
110035625053
110035625062
110035625071
110035625080
110035625099
110035625106
110035625115
110035625124
110035625133
110035625142
110035625179
110035625188
110035625197
110035625204
110035625213
110035625222
110035625277
110035625295
110035625366
110035625375
110035625393
110035625446
110035625482
110035625491
110035625507
110035625516
110035625525
110035625534
110035625598
110035625632
110035625641
110035625650
110035625696
110035625703
110035625721
110035625730
110035625749
110035625758
110035625776
110035625794
110035625801
110035625810
110035625856
110035625892
110035625918
110035625927
110035625936
110035625945
110035625954
110035625963
110035625990
110035626061
110035626098
110035626123
110035626141
110035626310
110035626329
110035626338
110035626356
110035626383
110035626418
110035626436
110035626445
110035626506
110035626524
110035626533
110035626579
110035626588
110035626604
110035626757
110035626784
110035626793
110035626819
110035626828
110035626837
110035626846
110035626855
110035626873
110035626908
110035626917
110035626926
110035626935
110035626953
110035626962
110035626971
110035626980
110035627015
110035627024
110035627042
110035627051
110035627060
110035627079
110035627097
110035627104
110035627113
110035627122
110035627131
110035627140
110035627159
110035627177
110035627186
110035627202
110035627211
110035627220
110035627239
110035627248
110035627257
110035627266
110035627284
110035627293
110035627300
110035627319
110035627328
110035627337
110035627346
110035627355
110035627364
110035627373
110035627382
110035627391
110035627408
110035627435
110035627453
110035627471
110035627480
110035627514
110035627523
110035627541
110035627550
110035627587
110035627596
110035627621
110035627685
110035627701
110035627710
110035627729
110035627738
110035627756
110035627783
110035627827
110035627854
110035627863
110035627872
110035627881
110035627890
110035627907
110035627916
110035627934
110035627943
110035627952
110035627961
110035627970
110035627989
110035628005
110035628023
110035628032
110035628041
110035628050
110035628069
110035628078
110035628087
110035628096
110035628103
110035628112
110035628121
110035628130
110035628149
110035628158
110035628167
110035628176
110035628185
110035628194
110035628201
110035628229
110035628238
110035628247
110035628256
110035628309
110035628318
110035628336
110035628345
110035628354
110035628363
110035628372
110035628425
110035628443
110035628461
110035628498
110035628504
110035628513
110035628782
110035628791
110035628915
110035628924
110035628942
110035628951
110035628960
110035628979
110035628988
110035628997
110035629004
110035629013
110035629022
110035629031
110035629040
110035629068
110035629095
110035629102
110035629120
110035629228
110035629237
110035629246
110035629273
110035629282
110035629308
110035629326
110035629344
110035629399
110035629442
110035629451
110035629479
110035629503
110035629512
110035629549
110035629567
110035629576
110035629594
110035629610
110035629638
110035629665
110035629754
110035629790
110035629807
110035629843
110035629870
110035629889
110035629898
110035629905
110035629932
110035629941
110035629950
110035629969
110035629978
110035629996
110035630001
110035630065
110035630074
110035630109
110035630118
110035630127
110035630136
110035630154
110035630190
110035630207
110035630243
110035630261
110035630270
110035630289
110035630298
110035630305
110035630314
110035630323
110035630332
110035630341
110035630350
110035630608
110035630617
110035630626
110035630635
110035630644
110035630653
110035630662
110035630706
110035630715
110035630804
110035630840
110035630859
110035630868
110035630886
110035630911
110035630920
110035630939
110035630966
110035630975
110035630984
110035630993
110035631000
110035631019
110035631028
110035631037
110035631046
110035631055
110035631064
110035631108
110035631126
110035631162
110035631215
110035631224
110035631233
110035631288
110035631297
110035631313
110035631322
110035631359
110035631377
110035631395
110035631457
110035631466
110035631572
110035631714
110035631796
110035631803
110035631867
110035631876
110035631885
110035631894
110035631901
110035631910
110035631938
110035631992
110035632009
110035632054
110035632081
110035632090
110035632107
110035632116
110035632134
110035632143
110035632152
110035632358
110035632544
110035632553
110035632562
110035632571
110035632580
110035632599
110035632606
110035632615
110035632624
110035632633
110035632642
110035632651
110035632679
110035632688
110035632704
110035632731
110035632740
110035632759
110035632768
110035632795
110035632820
110035632839
110035632848
110035632866
110035632875
110035632893
110035632900
110035632937
110035632982
110035632991
110035633017
110035633026
110035633053
110035633062
110035633080
110035633099
110035633106
110035633115
110035633124
110035633133
110035633142
110035633151
110035633160
110035633188
110035633231
110035633259
110035633268
110035633302
110035633348
110035633357
110035633366
110035633375
110035633393
110035633400
110035633419
110035633428
110035633437
110035633446
110035633455
110035633464
110035633491
110035633552
110035633561
110035633570
110035633589
110035633598
110035633605
110035633623
110035633650
110035633669
110035633678
110035633687
110035633696
110035633703
110035633730
110035633829
110035633838
110035633865
110035633883
110035633918
110035633927
110035633936
110035633963
110035633972
110035633981
110035633990
110035634016
110035634043
110035634061
110035634132
110035634150
110035634258
110035634310
110035634338
110035634365
110035634374
110035634392
110035634409
110035634436
110035634481
110035634506
110035634542
110035634551
110035634579
110035634613
110035634631
110035634686
110035634711
110035634720
110035634748
110035634757
110035634766
110035634784
110035634793
110035634800
110035634819
110035634828
110035634855
110035634864
110035634882
110035634908
110035634917
110035634935
110035634944
110035634962
110035634971
110035634999
110035635006
110035635024
110035635033
110035635042
110035635051
110035635060
110035635088
110035635104
110035635159
110035635168
110035635177
110035635186
110035635195
110035635202
110035635211
110035635220
110035635239
110035635248
110035635257
110035635266
110035635275
110035635293
110035635300
110035635319
110035635328
110035635337
110035635346
110035635355
110035635364
110035635373
110035635408
110035635462
110035635480
110035635505
110035635514
110035635523
110035635550
110035635569
110035635578
110035635587
110035635596
110035635603
110035635612
110035635621
110035635630
110035635649
110035635667
110035635676
110035635685
110035635694
110035635701
110035635710
110035635729
110035635765
110035635774
110035635783
110035635818
110035635827
110035635845
110035635854
110035635863
110035635872
110035635881
110035635890
110035635907
110035635916
110035635943
110035635952
110035635961
110035635970
110035635998
110035636005
110035636014
110035636023
110035636032
110035636041
110035636050
110035636069
110035636078
110035636087
110035636096
110035636103
110035636121
110035636130
110035636149
110035636158
110035636167
110035636176
110035636194
110035636201
110035636210
110035636229
110035636238
110035636247
110035636265
110035636292
110035636309
110035636345
110035636372
110035636381
110035636407
110035636434
110035636443
110035636452
110035636461
110035636470
110035636498
110035636531
110035636559
110035636568
110035636586
110035636595
110035636602
110035636611
110035636639
110035636648
110035636684
110035636719
110035636728
110035636737
110035636755
110035636764
110035636782
110035636791
110035636808
110035636817
110035636826
110035636835
110035636844
110035636853
110035636862
110035636871
110035636906
110035636915
110035636924
110035636933
110035636951
110035636960
110035636979
110035636997
110035637004
110035637013
110035637059
110035637086
110035637095
110035637102
110035637111
110035637120
110035637139
110035637148
110035637157
110035637166
110035637175
110035637184
110035637193
110035637200
110035637219
110035637228
110035637237
110035637246
110035637255
110035637264
110035637273
110035637282
110035637291
110035637308
110035637326
110035637335
110035637344
110035637362
110035637371
110035637399
110035637415
110035637433
110035637442
110035637479
110035637558
110035637610
110035637638
110035637647
110035637656
110035637665
110035637674
110035637709
110035637718
110035637727
110035637736
110035637745
110035637754
110035637763
110035637772
110035637781
110035637790
110035637807
110035637816
110035637825
110035637834
110035637843
110035638254
110035638263
110035638272
110035638281
110035638316
110035638343
110035638361
110035638370
110035638389
110035638398
110035638414
110035638432
110035638441
110035638450
110035638487
110035638496
110035638520
110035638539
110035638566
110035638584
110035638637
110035638664
110035638673
110035638682
110035638708
110035638717
110035638735
110035638780
110035638860
110035638913
110035638940
110035638986
110035639011
110035639020
110035639039
110035639048
110035639057
110035639075
110035639119
110035639137
110035639146
110035639164
110035639173
110035639208
110035639217
110035639235
110035639253
110035639262
110035639271
110035639306
110035639315
110035639360
110035639422
110035639431
110035639440
110035639459
110035639468
110035639501
110035639510
110035639529
110035639538
110035639547
110035639556
110035639565
110035639574
110035639583
110035639627
110035639690
110035639725
110035639734
110035639743
110035639752
110035639761
110035639770
110035639798
110035639814
110035639823
110035639832
110035639841
110035639869
110035639878
110035639887
110035639903
110035639912
110035639921
110035639930
110035639958
110035640045
110035640269
110035640278
110035640287
110035640296
110035640312
110035640321
110035640349
110035640367
110035640394
110035640410
110035640429
110035640447
110035640456
110035640465
110035640474
110035640492
110035640508
110035640517
110035640535
110035640562
110035640571
110035640599
110035640615
110035640624
110035640633
110035640651
110035640660
110035640679
110035640688
110035640697
110035640704
110035640713
110035640722
110035640740
110035640759
110035640768
110035641240
110035641302
110035641311
110035641320
110035641339
110035641357
110035641384
110035641393
110035641400
110035641419
110035641428
110035641437
110035641446
110035641464
110035641482
110035641491
110035641507
110035641516
110035641525
110035641534
110035641543
110035641552
110035641570
110035641589
110035641598
110035641605
110035641614
110035641632
110035641641
