110035641669
110035641678
110035641687
110035641696
110035641703
110035641712
110035641721
110035641749
110035641758
110035641767
110035641776
110035641794
110035641810
110035641829
110035641838
110035641847
110035641856
110035641865
110035641874
110035641892
110035641918
110035641945
110035641954
110035641963
110035642034
110035642132
110035642221
110035642267
110035642276
110035642310
110035642383
110035642427
110035642445
110035642454
110035642463
110035642472
110035642481
110035642506
110035642524
110035642533
110035642560
110035642579
110035642622
110035642631
110035642640
110035642668
110035642677
110035642695
110035642711
110035642720
110035642757
110035642766
110035642775
110035642784
110035642793
110035642800
110035642819
110035642846
110035642855
110035642864
110035642873
110035642971
110035642980
110035643024
110035643033
110035643051
110035643097
110035643113
110035643168
110035643177
110035643266
110035643300
110035643355
110035643364
110035643382
110035643408
110035643444
110035643453
110035643462
110035643480
110035643499
110035643505
110035643514
110035643523
110035643541
110035643550
110035643569
110035643578
110035643587
110035643596
110035643612
110035643621
110035643630
110035643649
110035643658
110035643676
110035643694
110035643729
110035643738
110035643747
110035643756
110035643765
110035643774
110035643783
110035643792
110035643809
110035643827
110035643836
110035643854
110035643863
110035643881
110035643890
110035643907
110035643925
110035643943
110035643952
110035643961
110035643970
110035644041
110035644087
110035644103
110035644149
110035644158
110035644176
110035644185
110035644194
110035644201
110035644238
110035644256
110035644274
110035644283
110035644318
110035644327
110035644336
110035644345
110035644354
110035644363
110035644372
110035644416
110035644434
110035644443
110035644461
110035644470
110035644489
110035644498
110035644513
110035644531
110035644559
110035644568
110035644577
110035644586
110035644595
110035644602
110035644611
110035644639
110035644657
110035644666
110035644675
110035644684
110035644693
110035644700
110035644719
110035644728
110035644737
110035644746
110035644764
110035644773
110035644782
110035644808
110035644817
110035644826
110035644835
110035644844
110035644853
110035644862
110035644871
110035644880
110035644899
110035644906
110035644915
110035644924
110035644933
110035644942
110035644951
110035645200
110035645308
110035645326
110035645335
110035645362
110035645371
110035645380
110035645399
110035645406
110035645415
110035645424
110035645442
110035645460
110035645479
110035645549
110035645558
110035645567
110035645576
110035645610
110035645647
110035645674
110035645683
110035645692
110035645709
110035645718
110035645727
110035645736
110035645745
110035645754
110035645763
110035645772
110035645941
110035645950
110035645969
110035645978
110035645987
110035646049
110035646076
110035646094
110035646101
110035646110
110035646129
110035646147
110035646165
110035646183
110035646245
110035646254
110035646263
110035646272
110035646281
110035646290
110035646316
110035646325
110035646343
110035646469
110035646511
110035646539
110035646548
110035646557
110035646566
110035646584
110035646593
110035646637
110035646664
110035646682
110035646726
110035646762
110035646771
110035646780
110035646799
110035646806
110035646815
110035646824
110035646833
110035646851
110035646860
110035646879
110035646888
110035646897
110035646904
110035646913
110035646922
110035646931
110035646959
110035647039
110035647048
110035647075
110035647084
110035647100
110035647191
110035647217
110035647235
110035647262
110035647299
110035647306
110035647315
110035647324
110035647342
110035647360
110035647379
110035647388
110035647397
110035647404
110035647413
110035647422
110035647440
110035647468
110035647477
110035647501
110035647529
110035647538
110035647547
110035647556
110035647627
110035647663
110035647681
110035647716
110035647725
110035647734
110035647743
110035647752
110035647761
110035647789
110035647798
110035647805
110035647814
110035647823
110035647878
110035647896
110035647912
110035647921
110035647949
110035647967
110035647976
110035647985
110035647994
110035648001
110035648010
110035648029
110035648038
110035648047
110035648056
110035648065
110035648083
110035648092
110035648136
110035648154
110035648163
110035648172
110035648181
110035648190
110035648207
110035648225
110035648243
110035648252
110035648261
110035648270
110035648289
110035648298
110035648305
110035648314
110035648323
110035648332
110035648341
110035648350
110035648369
110035648378
110035648387
110035648396
110035648403
110035648421
110035648430
110035648449
110035648458
110035648467
110035648476
110035648485
110035648494
110035648500
110035648537
110035648555
110035648564
110035648591
110035648608
110035648617
110035648635
110035648653
110035648662
110035648671
110035648699
110035648715
110035648742
110035648779
110035648804
110035648813
110035648822
110035648831
110035648859
110035648868
110035648877
110035648886
110035648895
110035648902
110035648911
110035648920
110035648939
110035648948
110035648966
110035648975
110035648984
110035648993
110035649000
110035649028
110035649073
110035649082
110035649126
110035649144
110035649171
110035649199
110035649206
110035649242
110035649251
110035649279
110035649288
110035649297
110035649340
110035649359
110035649368
110035649377
110035649386
110035649395
110035649411
110035649420
110035649457
110035649466
110035649475
110035649493
110035649509
110035649518
110035649527
110035649536
110035649554
110035649563
110035649572
110035649590
110035649607
110035649625
110035649634
110035649643
110035649652
110035649661
110035649705
110035649714
110035649750
110035649830
110035649858
110035649867
110035649876
110035649885
110035649894
110035649901
110035649910
110035649929
110035649938
110035649947
110035649956
110035649965
110035649974
110035650006
110035650015
110035650024
110035650033
110035650042
110035650051
110035650060
110035650079
110035650088
110035650104
110035650113
110035650122
110035650140
110035650159
110035650168
110035650195
110035650202
110035650211
110035650220
110035650239
110035650248
110035650257
110035650275
110035650284
110035650293
110035650300
110035650319
110035650328
110035650373
110035650391
110035650462
110035650471
110035650505
110035650514
110035650523
110035650532
110035650541
110035650569
110035650596
110035650667
110035650685
110035650694
110035650701
110035650710
110035650729
110035650738
110035650747
110035650756
110035650765
110035650774
110035650783
110035650792
110035650809
110035650818
110035650827
110035650845
110035650907
110035650934
110035650952
110035650961
110035650970
110035650989
110035651014
110035651023
110035651032
110035651041
110035651050
110035651069
110035651078
110035651087
110035651096
110035651103
110035651112
110035651121
110035651158
110035651210
110035651256
110035651265
110035651327
110035651336
110035651345
110035651354
110035651390
110035651425
110035651461
110035651470
110035651498
110035651504
110035651513
110035651531
110035651540
110035651559
110035651568
110035651577
110035651595
110035651639
110035651657
110035651693
110035651700
110035651737
110035651755
110035651817
110035651844
110035651862
110035651899
110035651906
110035651942
110035651960
110035651988
110035651997
110035652004
110035652022
110035652031
110035652040
110035652059
110035652077
110035652086
110035652095
110035652102
110035652111
110035652120
110035652139
110035652219
110035652228
110035652246
110035652264
110035652273
110035652282
110035652317
110035652371
110035652424
110035652451
110035652460
110035652497
110035652549
110035652585
110035652601
110035652629
110035652647
110035652674
110035652683
110035652709
110035652718
110035652727
110035652736
110035652754
110035652763
110035652772
110035652781
110035652807
110035652825
110035652834
110035652843
110035652852
110035652861
110035652932
110035652950
110035652969
110035652978
110035653076
110035653101
110035653110
110035653129
110035653147
110035653165
110035653174
110035653183
110035653209
110035653218
110035653236
110035653245
110035653254
110035653272
110035653281
110035653290
110035653316
110035653325
110035653334
110035653352
110035653398
110035653414
110035653450
110035653469
110035653487
110035653496
110035653502
110035653511
110035653520
110035653548
110035653557
110035653762
110035653771
110035653780
110035653851
110035653860
110035653879
110035653888
110035653897
110035653904
110035653913
110035653922
110035653931
110035653940
110035653959
110035654002
110035654020
110035654039
110035654048
110035654057
110035654084
110035654093
110035654100
110035654119
110035654128
110035654137
110035654146
110035654155
110035654164
110035654173
110035654182
110035654191
110035654208
110035654217
110035654226
110035654235
110035654244
110035654253
110035654280
110035654360
110035654477
110035654486
110035654495
110035654495
110035654510
110035654538
110035654547
110035654574
110035654583
110035654592
110035654609
110035654618
110035654627
110035654654
110035654663
110035654672
110035654690
110035654752
110035654761
110035654789
110035654798
110035654832
110035654878
110035654896
110035654903
110035654949
110035654967
110035654976
110035654985
110035654994
110035655010
110035655029
110035655074
110035655207
110035655216
110035655225
110035655234
110035655243
110035655252
110035655261
110035655289
110035655305
110035655332
110035655341
110035655350
110035655369
110035655494
110035655537
110035655546
110035655573
110035655582
110035655608
110035655617
110035655626
110035655644
110035655671
110035655706
110035655715
110035655724
110035655760
110035655779
110035655788
110035655797
110035655804
110035655813
110035655831
110035655840
110035655911
110035655920
110035655939
110035655948
110035655957
110035655966
110035655975
110035655984
110035656000
110035656028
110035656037
110035656055
110035656064
110035656073
110035656091
110035656135
110035656144
110035656153
110035656162
110035656206
110035656215
110035656233
110035656242
110035656251
110035656279
110035656297
110035656313
110035656322
110035656340
110035656634
110035656643
110035656652
110035656661
110035656698
110035656723
110035656778
110035656796
110035656812
110035656821
110035656885
110035656894
110035656901
110035656910
110035656929
110035656938
110035656947
110035656956
110035656965
110035656983
110035656992
110035657018
110035657027
110035657045
110035657081
110035657116
110035657134
110035657143
110035657152
110035657161
110035657189
110035657330
110035657376
110035657447
110035657517
110035657526
110035657553
110035657571
110035657580
110035657624
110035657633
110035657642
110035657651
110035657660
110035657679
110035657688
110035657777
110035657857
110035657866
110035658259
110035658277
110035658286
110035658295
110035658302
110035658320
110035658357
110035658375
110035658393
110035658419
110035658428
110035658437
110035658446
110035658455
110035658464
110035658482
110035658516
110035658525
110035658534
110035658543
110035658561
110035658687
110035658696
110035658703
110035658712
110035658730
110035658758
110035658776
110035658794
110035658801
110035658810
110035658838
110035658874
110035658883
110035658892
110035658909
110035658918
110035658927
110035658936
110035658945
110035658954
110035658972
110035658981
110035658990
110035659007
110035659016
110035659025
110035659034
110035659043
110035659052
110035659061
110035659098
110035659141
110035659178
110035659212
110035659230
110035659338
110035659427
110035659454
110035659463
110035659506
110035659551
110035659560
110035659588
110035659597
110035659604
110035659613
110035659659
110035659668
110035659677
110035659686
110035659695
110035659702
110035659711
110035659720
110035659739
110035659748
110035659775
110035659784
110035659793
110035659800
110035659819
110035659828
110035659846
110035659864
110035659873
110035660040
110035660059
110035660086
110035660148
110035660166
110035660175
110035660219
110035660228
110035660237
110035660246
110035660264
110035660273
110035660317
110035660326
110035660335
110035660344
110035660353
110035660362
110035660380
110035660399
110035660406
110035660415
110035660424
110035660433
110035660442
110035660451
110035660460
110035660479
110035660488
110035660503
110035660512
110035660549
110035660629
110035660647
110035660674
110035660683
110035660692
110035660709
110035660727
110035660763
110035660772
110035660781
110035660807
110035660825
110035660834
110035660843
110035660889
110035660898
110035660914
110035660941
110035660950
110035660969
110035660978
110035660987
110035661003
110035661012
110035661021
110035661030
110035661209
110035661227
110035661245
110035661254
110035661272
110035661281
110035661290
110035661316
110035661370
110035661398
110035661520
110035661557
110035661673
110035661682
110035661708
110035661753
110035661771
110035661780
110035661806
110035661815
110035661833
110035661842
110035661851
110035661860
110035661879
110035661888
110035661897
110035661904
110035661913
110035661931
