110035661940
110035662057
110035662084
110035662128
110035662155
110035662173
110035662191
110035662208
110035662244
110035662262
110035662271
110035662280
110035662299
110035662315
110035662333
110035662351
110035662379
110035662388
110035662404
110035662422
110035662431
110035662477
110035662501
110035662510
110035662538
110035662547
110035662556
110035662565
110035662574
110035662583
110035662592
110035662609
110035662618
110035662627
110035662636
110035662645
110035662654
110035662690
110035662716
110035662725
110035662743
110035662761
110035662805
110035662823
110035662832
110035662850
110035662878
110035662887
110035662896
110035662903
110035662921
110035662949
110035662994
110035663029
110035663038
110035663047
110035663065
110035663118
110035663127
110035663172
110035663181
110035663190
110035663216
110035663234
110035663243
110035663252
110035663261
110035663270
110035663289
110035663323
110035663332
110035663341
110035663350
110035663369
110035663387
110035663396
110035663403
110035663421
110035663430
110035663500
110035663788
110035663804
110035663813
110035663831
110035663840
110035663859
110035663868
110035663895
110035664046
110035664064
110035664073
110035664117
110035664251
110035664260
110035664297
110035664313
110035664340
110035664359
110035664368
110035664377
110035664386
110035664395
110035664420
110035664439
110035664448
110035664475
110035664484
110035664509
110035664527
110035664536
110035664545
110035664714
110035664778
110035664787
110035664796
110035664821
110035664830
110035664849
110035664858
110035664867
110035664901
110035664910
110035664992
110035665009
110035665027
110035665045
110035665063
110035665072
110035665090
110035665143
110035665152
110035665161
110035665170
110035665287
110035665321
110035665358
110035665385
110035665429
110035665438
110035665651
110035665660
110035665679
110035665688
110035665697
110035665704
110035665713
110035665722
110035665731
110035665740
110035665759
110035665768
110035665777
110035665802
110035665839
110035665900
110035665919
110035665928
110035665937
110035665946
110035665955
110035665964
110035666008
110035666017
110035666026
110035666053
110035666062
110035666080
110035666106
110035666124
110035666188
110035666197
110035666213
110035666231
110035666240
110035666286
110035666302
110035666320
110035666339
110035666348
110035666400
110035666464
110035666473
110035666482
110035666491
110035666507
110035666516
110035666525
110035666534
110035666543
110035666561
110035666570
110035666598
110035666605
110035666623
110035666632
110035666641
110035666650
110035666669
110035666678
110035666687
110035666696
110035666721
110035666730
110035666749
110035666758
110035666776
110035666785
110035666794
110035666865
110035666874
110035666883
110035666892
110035666909
110035666918
110035666927
110035666936
110035666945
110035666954
110035666963
110035666972
110035666981
110035666990
110035667007
110035667016
110035667025
110035667034
110035667043
110035667052
110035667070
110035667089
110035667098
110035667105
110035667114
110035667123
110035667132
110035667141
110035667150
110035667212
110035667249
110035667267
110035667356
110035667365
110035667374
110035667383
110035667409
110035667445
110035667757
110035667766
110035667775
110035667793
110035667800
110035667837
110035667855
110035667864
110035667873
110035667882
110035667891
110035667908
110035667917
110035667935
110035667944
110035667953
110035667962
110035667980
110035667999
110035668006
110035668042
110035668060
110035668088
110035668113
110035668195
110035668202
110035668211
110035668220
110035668239
110035668248
110035668257
110035668266
110035668275
110035668284
110035668293
110035668300
110035668319
110035668328
110035668337
110035668346
110035668355
110035668408
110035668435
110035668444
110035668480
110035668505
110035668514
110035668523
110035668532
110035668587
110035668596
110035668603
110035668630
110035668658
110035668667
110035668676
110035668685
110035668694
110035668710
110035668729
110035668738
110035668774
110035668783
110035668809
110035668818
110035668836
110035668845
110035668854
110035668907
110035668916
110035668925
110035668943
110035668952
110035668961
110035668970
110035668989
110035668998
110035669005
110035669014
110035669023
110035669032
110035669041
110035669050
110035669069
110035669087
110035669185
110035669194
110035669201
110035669229
110035669238
110035669247
110035669256
110035669274
110035669283
110035669318
110035669345
110035669372
110035669407
110035669434
110035669452
110035669620
110035670066
110035670084
110035670100
110035670119
110035670137
110035670146
110035670173
110035670226
110035670235
110035670360
110035670422
110035670468
110035670486
110035670574
110035670583
110035670798
110035670814
110035670823
110035670850
110035670878
110035670887
110035670903
110035670912
110035670921
110035670967
110035670976
110035671047
110035671056
110035671065
110035671083
110035671092
110035671109
110035671127
110035671136
110035671145
110035671154
110035671163
110035671172
110035671181
110035671190
110035671207
110035671225
110035671234
110035671243
110035671252
110035671261
110035671270
110035671298
110035671323
110035671350
110035671369
110035671378
110035671387
110035671403
110035671412
110035671421
110035671449
110035671485
110035671500
110035671528
110035671537
110035671546
110035671555
110035671564
110035671573
110035671582
110035671653
110035671699
110035671715
110035671733
110035671760
110035671788
110035671797
110035671804
110035671813
110035671868
110035671877
110035671984
110035672019
110035672028
110035672162
110035672171
110035672206
110035672215
110035672224
110035672242
110035672251
110035672279
110035672297
110035672304
110035672313
110035672322
110035672331
110035672340
110035672359
110035672368
110035672377
110035672386
110035672395
110035672411
110035672420
110035672448
110035672457
110035672493
110035672518
110035672536
110035672545
110035672741
110035672778
110035672812
110035672821
110035672849
110035672858
110035672867
110035672894
110035672910
110035672929
110035672956
110035672974
110035672983
110035672992
110035673143
110035673241
110035673269
110035673287
110035673296
110035673303
110035673312
110035673349
110035673376
110035673526
110035673562
110035673599
110035673679
110035673688
110035673697
110035673704
110035673713
110035673722
110035673731
110035673740
110035673759
110035673768
110035673777
110035673786
110035673795
110035673802
110035673811
110035673820
110035673839
110035673848
110035673875
110035673893
110035673900
110035673946
110035674035
110035674044
110035674053
110035674062
110035674071
110035674099
110035674115
110035674124
110035674133
110035674142
110035674160
110035674179
110035674188
110035674197
110035674204
110035674213
110035674222
110035674231
110035674240
110035674259
110035674268
110035674286
110035674295
110035674339
110035674348
110035674605
110035674623
110035674632
110035674641
110035674650
110035674669
110035674678
110035674687
110035674712
110035674721
110035674749
110035674758
110035674785
110035674794
110035674801
110035674810
110035674856
110035674883
110035674909
110035674918
110035674936
110035674945
110035674954
110035674963
110035674972
110035674990
110035675007
110035675089
110035675098
110035675114
110035675187
110035675249
110035675267
110035675276
110035675285
110035675294
110035675301
110035675310
110035675329
110035675347
110035675356
110035675365
110035675374
110035675445
110035675506
110035675560
110035675579
110035675588
110035675597
110035675604
110035675613
110035675622
110035675631
110035675640
110035675659
110035675686
110035675695
110035675702
110035675711
110035675720
110035675748
110035675757
110035675766
110035675775
110035675784
110035675793
110035675819
110035675828
110035675837
110035675846
110035675855
110035675864
110035675999
110035676006
110035676015
110035676140
110035676168
110035676211
110035676293
110035676300
110035676319
110035676328
110035676337
110035676346
110035676587
110035676596
110035676621
110035676649
110035676658
110035676710
110035676729
110035676818
110035676827
110035676854
110035676943
110035676970
110035677005
110035677014
110035677032
110035677041
110035677050
110035677069
110035677087
110035677112
110035677121
110035677130
110035677158
110035677176
110035677185
110035677201
110035677210
110035677309
110035677318
110035677327
110035677363
110035677372
110035677381
110035677390
110035677407
110035677416
110035677425
110035677434
110035677443
110035677461
110035677470
110035677498
110035677504
110035677513
110035677531
110035677540
110035677559
110035677595
110035677602
110035677611
110035677620
110035677639
110035677648
110035677666
110035677675
110035677684
110035677693
110035677700
110035677719
110035677728
110035677737
110035677746
110035677755
110035677764
110035677773
110035677782
110035677791
110035677808
110035677817
110035677826
110035677835
110035677844
110035677853
110035677862
110035677871
110035677880
110035677899
110035677906
110035677915
110035677924
110035677942
110035677960
110035678184
110035678193
110035678219
110035678246
110035678255
110035678264
110035678273
110035678282
110035678317
110035678326
110035678335
110035678380
110035678424
110035678488
110035678497
110035678503
110035678512
110035678558
110035678567
110035678585
110035678594
110035678629
110035678638
110035678941
110035679012
110035679021
110035679030
110035679049
110035679076
110035679129
110035679156
110035679192
110035679245
110035679254
110035679263
110035679281
110035679290
110035679307
110035679398
110035679405
110035679423
110035679432
110035679496
110035679502
110035679511
110035679520
110035679548
110035679566
110035679575
110035679584
110035679593
110035679655
110035679682
110035679815
110035679922
110035679931
110035679940
110035679959
110035679995
110035680000
110035680019
110035680028
110035680037
110035680046
110035680144
110035680162
110035680233
110035680251
110035680260
110035680297
110035680313
110035680322
110035680331
110035680359
110035680386
110035680395
110035680402
110035680420
110035680439
110035680448
110035680457
110035680466
110035680484
110035680509
110035680527
110035680536
110035680554
110035680563
110035680572
110035680581
110035680590
110035680625
110035680661
110035680670
110035680689
110035680698
110035680705
110035680723
110035680732
110035680741
110035680778
110035680803
110035680821
110035680849
110035680929
110035681296
110035681330
110035681349
110035681358
110035681376
110035681394
110035681447
110035681474
110035681483
110035681544
110035681615
110035681919
110035681973
110035682017
110035682115
110035682124
110035682142
110035682151
110035682188
110035682197
110035682204
110035682213
110035682222
110035682240
110035682259
110035682268
110035682295
110035682437
110035682446
110035682473
110035682482
110035682491
110035682507
110035682516
110035682525
110035682534
110035682561
110035682589
110035682614
110035682623
110035682632
110035682650
110035682678
110035682687
110035682696
110035682703
110035682721
110035682749
110035682758
110035682810
110035682865
110035682883
110035682909
110035682918
110035682927
110035682945
110035682954
110035682963
110035683016
110035683025
110035683043
110035683052
110035683098
110035683123
110035683258
110035683276
110035683285
110035683294
110035683301
110035683329
110035683356
110035683383
110035683392
110035683409
110035683418
110035683436
110035683463
110035683472
110035683490
110035683515
110035683524
110035683542
110035683551
110035683579
110035683604
110035683686
110035683711
110035683739
110035683757
110035683784
110035683793
110035683800
110035683819
110035683846
110035683855
110035683882
110035683917
110035683926
110035683935
110035683953
110035683962
110035683971
110035683980
110035683999
110035684006
110035684015
110035684024
110035684033
110035684042
110035684051
110035684060
110035684088
110035684097
110035684104
110035684113
110035684122
110035684177
110035684275
110035684453
110035684462
110035684471
110035684480
110035684550
110035684569
110035684578
110035684587
110035684596
110035684603
110035684612
110035684621
110035684630
110035684649
110035684658
110035684667
110035684676
110035684685
110035684694
110035684701
110035684710
110035684729
110035684747
110035684756
110035684765
110035684774
110035684783
110035684792
110035684809
110035684818
110035684827
110035684836
110035684845
110035684854
110035684863
110035684872
110035684916
110035684934
110035684943
110035685023
110035685032
110035685069
110035685087
110035685103
110035685112
110035685130
110035685158
110035685167
110035685176
110035685185
110035685194
110035685210
110035685274
110035685309
110035685318
110035685336
110035685345
110035685354
110035685390
110035685853
110035685899
110035685942
110035686157
110035686175
110035686193
110035686200
110035686228
110035686246
110035686282
110035686308
110035686326
110035686335
110035686344
110035686353
110035686371
110035686380
110035686442
110035686512
110035686558
110035686567
110035686585
110035686594
110035686601
110035686610
