110035686629
110035686638
110035686665
110035686674
110035686692
110035686816
110035686834
110035686861
110035686870
110035687094
110035687129
110035687156
110035687192
110035687218
110035687236
110035687245
110035687263
110035687316
110035687343
110035687352
110035687398
110035687414
110035687423
110035687432
110035687450
110035687469
110035687487
110035687496
110035687511
110035687575
110035687593
110035687600
110035687619
110035687628
110035687637
110035687646
110035687655
110035687664
110035687673
110035687682
110035687691
110035687726
110035687735
110035687744
110035687753
110035687762
110035687771
110035687780
110035687799
110035687806
110035687815
110035688011
110035688020
110035688039
110035688048
110035688057
110035688066
110035688075
110035688084
110035688093
110035688100
110035688119
110035688137
110035688146
110035688280
110035688333
110035688342
110035688477
110035688592
110035688618
110035688636
110035688645
110035688654
110035688690
110035688743
110035688752
110035688761
110035688770
110035688789
110035688798
110035688805
110035688814
110035688869
110035688887
110035688912
110035688921
110035688930
110035688949
110035688958
110035688967
110035688994
110035689065
110035689074
110035689083
110035689109
110035689127
110035689154
110035689163
110035689216
110035689225
110035689234
110035689243
110035689252
110035689261
110035689270
110035689289
110035689314
110035689332
110035689341
110035689369
110035689396
110035689412
110035689421
110035689467
110035689476
110035689485
110035689494
110035689500
110035689519
110035689537
110035689564
110035689573
110035689582
110035689591
110035689608
110035689617
110035689626
110035689635
110035689644
110035689653
110035689671
110035689706
110035689724
110035689733
110035689742
110035689751
110035689760
110035689779
110035689788
110035689797
110035689804
110035689822
110035689859
110035689877
110035689895
110035689902
110035689939
110035690026
110035690044
110035690053
110035690213
110035690259
110035690268
110035690286
110035690320
110035690339
110035690428
110035690437
110035690464
110035690482
110035690491
110035690525
110035690552
110035690605
110035690614
110035690623
110035690632
110035690641
110035690650
110035690669
110035690678
110035690696
110035690703
110035690712
110035690721
110035690730
110035690749
110035690758
110035690767
110035690776
110035690785
110035690794
110035690801
110035690810
110035690829
110035690838
110035690856
110035690865
110035690883
110035690936
110035690954
110035691007
110035691098
110035691105
110035691123
110035691132
110035691141
110035691150
110035691169
110035691329
110035691356
110035691365
110035691374
110035691383
110035691392
110035691409
110035691418
110035691436
110035691445
110035691454
110035691463
110035691481
110035691506
110035691515
110035691524
110035691551
110035691560
110035691579
110035691604
110035691622
110035691640
110035691659
110035691677
110035691702
110035691711
110035691720
110035691766
110035691819
110035691828
110035691882
110035691891
110035691908
110035691917
110035691926
110035691935
110035691944
110035691953
110035691962
110035691971
110035692006
110035692033
110035692088
110035692097
110035692104
110035692131
110035692159
110035692177
110035692186
110035692239
110035692248
110035692257
110035692266
110035692284
110035692300
110035692337
110035692355
110035692364
110035692373
110035692382
110035692391
110035692408
110035692417
110035692550
110035692827
110035692836
110035692845
110035692863
110035692872
110035692916
110035692961
110035692970
110035692989
110035692998
110035693005
110035693050
110035693256
110035693274
110035693318
110035693336
110035693345
110035693390
110035693425
110035693434
110035693443
110035693452
110035693470
110035693498
110035693504
110035693531
110035693540
110035693559
110035693577
110035693595
110035693602
110035693611
110035693620
110035693639
110035693657
110035693666
110035693675
110035693684
110035693693
110035693700
110035693737
110035693746
110035693755
110035693764
110035693773
110035693782
110035693791
110035693817
110035693826
110035693835
110035693844
110035693853
110035693862
110035693871
110035693880
110035693906
110035693915
110035693924
110035693933
110035693942
110035693960
110035693988
110035693997
110035694013
110035694022
110035694059
110035694068
110035694120
110035694157
110035694166
110035694219
110035694237
110035694264
110035694273
110035694282
110035694291
110035694326
110035694335
110035694353
110035694380
110035694399
110035694406
110035694415
110035694424
110035694433
110035694442
110035694451
110035694460
110035694479
110035694488
110035694497
110035694503
110035694512
110035694521
110035694530
110035694549
110035694558
110035694567
110035694576
110035694585
110035694594
110035694610
110035694629
110035694638
110035694647
110035694674
110035694683
110035694692
110035694709
110035694718
110035694727
110035694754
110035694763
110035694781
110035694807
110035694825
110035694834
110035694843
110035694852
110035694861
110035694870
110035694889
110035694898
110035694905
110035694914
110035694923
110035695003
110035695076
110035695085
110035695094
110035695101
110035695110
110035695147
110035695156
110035695165
110035695174
110035695192
110035695218
110035695227
110035695263
110035695281
110035695325
110035695370
110035695398
110035695405
110035695469
110035695511
110035695520
110035695539
110035695566
110035695575
110035695619
110035695664
110035695673
110035695691
110035695717
110035695762
110035695780
110035695799
110035696066
110035696128
110035696182
110035696351
110035696360
110035696388
110035696413
110035696422
110035696431
110035696440
110035696459
110035696486
110035696495
110035696501
110035696510
110035696529
110035696574
110035696592
110035696609
110035696618
110035696627
110035696636
110035696654
110035696663
110035696672
110035696690
110035696707
110035696716
110035696725
110035696734
110035696743
110035696752
110035696761
110035696770
110035696789
110035696798
110035696814
110035696823
110035696832
110035696841
110035696850
110035696869
110035696878
110035696887
110035696896
110035696903
110035696921
110035696930
110035696949
110035696958
110035696967
110035696976
110035696985
110035697010
110035697056
110035697065
110035697083
110035697109
110035697118
110035697127
110035697136
110035697145
110035697163
110035697207
110035697216
110035697225
110035697270
110035697298
110035697305
110035697314
110035697323
110035697341
110035697387
110035697421
110035697430
110035697449
110035697458
110035697485
110035697494
110035697500
110035697519
110035697537
110035697546
110035697555
110035697582
110035697591
110035697608
110035697617
110035697626
110035697635
110035697653
110035697671
110035697680
110035697699
110035697706
110035697715
110035697724
110035697733
110035697742
110035697779
110035697788
110035697797
110035697804
110035697813
110035697840
110035697868
110035697877
110035697886
110035697895
110035697902
110035697939
110035697957
110035697966
110035697975
110035697984
110035697993
110035698000
110035698028
110035698055
110035698073
110035698108
110035698117
110035698126
110035698135
110035698153
110035698162
110035698171
110035698199
110035698206
110035698215
110035698233
110035698251
110035698279
110035698297
110035698304
110035698377
110035698386
110035698411
110035698420
110035698439
110035698448
110035698457
110035698466
110035698475
110035698484
110035698493
110035698509
110035698536
110035698545
110035698554
110035698590
110035698607
110035698616
110035698625
110035698634
110035698643
110035698652
110035698661
110035698670
110035698698
110035698714
110035698732
110035698741
110035698750
110035698849
110035698867
110035698956
110035698965
110035699027
110035699036
110035699045
110035699054
110035699063
110035699072
110035699081
110035699090
110035699107
110035699116
110035699125
110035699143
110035699170
110035699189
110035699214
110035699241
110035699269
110035699287
110035699296
110035699303
110035699367
110035699376
110035699385
110035699394
110035699410
110035699429
110035699465
110035699517
110035699526
110035699544
110035699562
110035699571
110035699599
110035699615
110035699642
110035699651
110035699660
110035699688
110035699704
110035699740
110035699759
110035699786
110035699795
110035699802
110035699811
110035699820
110035699875
110035699991
110035700033
110035700051
110035700104
110035700122
110035700140
110035700195
110035700202
110035700211
110035700220
110035700239
110035700248
110035700266
110035700275
110035700300
110035700319
110035700328
110035700337
110035700355
110035700364
110035700391
110035700408
110035700435
110035700453
110035700471
110035700480
110035700499
110035700505
110035700514
110035700532
110035700541
110035700569
110035700578
110035700587
110035700596
110035700603
110035700612
110035700621
110035700630
110035700649
110035700667
110035700676
110035700685
110035700694
110035700701
110035700729
110035700738
110035700747
110035700756
110035700765
110035700774
110035700783
110035700792
110035700809
110035700827
110035700836
110035700907
110035700925
110035700970
110035700989
110035700998
110035701005
110035701014
110035701023
110035701069
110035701078
110035701096
110035701112
110035701130
110035701176
110035701185
110035701194
110035701201
110035701210
110035701229
110035701238
110035701247
110035701256
110035701274
110035701283
110035701292
110035701318
110035701345
110035701354
110035701372
110035701443
110035701461
110035701498
110035701577
110035701620
110035701880
110035701915
110035701924
110035701933
110035701942
110035701979
110035702004
110035702013
110035702022
110035702031
110035702040
110035702059
110035702068
110035702077
110035702086
110035702095
110035702102
110035702120
110035702228
110035702246
110035702264
110035702291
110035702317
110035702335
110035702344
110035702362
110035702380
110035702406
110035702424
110035702433
110035702442
110035702451
110035702460
110035702497
110035702503
110035702512
110035702558
110035702601
110035702610
110035702629
110035702665
110035702683
110035702692
110035702709
110035702718
110035702736
110035702772
110035702807
110035702816
110035702870
110035702914
110035702923
110035702969
110035702978
110035702987
110035702996
110035703012
110035703021
110035703030
110035703049
110035703067
110035703076
110035703094
110035703110
110035703138
110035703147
110035703156
110035703450
110035703469
110035703478
110035703487
110035703496
110035703502
110035703511
110035703539
110035703548
110035703557
110035703566
110035703575
110035703584
110035703600
110035703637
110035703646
110035703673
110035703691
110035703708
110035703735
110035703744
110035703753
110035703762
110035703771
110035703780
110035703806
110035703815
110035703824
110035703833
110035703842
110035703860
110035703897
110035703913
110035703922
110035703959
110035703968
110035703977
110035703986
110035703995
110035704020
110035704039
110035704048
110035704057
110035704066
110035704075
110035704084
110035704093
110035704100
110035704137
110035704146
110035704173
110035704182
110035704191
110035704208
110035704226
110035704262
110035704315
110035704324
110035704333
110035704342
110035704351
110035704379
110035704486
110035704609
110035704645
110035704654
110035704761
110035704770
110035704789
110035704832
110035704869
110035704878
110035704887
110035704896
110035704903
110035704921
110035704958
110035704967
110035704976
110035704994
110035705001
110035705010
110035705038
110035705065
110035705074
110035705092
110035705127
110035705136
110035705145
110035705163
110035705181
110035705190
110035705207
110035705216
110035705234
110035705243
110035705252
110035705261
110035705270
110035705305
110035705323
110035705332
110035705369
110035705387
110035705396
110035705412
110035705430
110035705449
110035705476
110035705485
110035705519
110035705528
110035705555
110035705582
110035705591
110035705617
110035705626
110035705751
110035705813
110035705859
110035705886
110035705895
110035705911
110035705920
110035705939
110035705948
110035705957
110035705966
110035705975
110035705984
110035705993
110035706000
110035706019
110035706028
110035706037
110035706082
110035706091
110035706117
110035706625
110035706634
110035706652
110035706661
110035706689
110035706698
110035706714
110035706732
110035706750
110035706769
110035706778
110035706787
110035706796
110035706803
110035706876
110035706885
110035706901
110035706929
110035706938
110035706965
110035706983
110035706992
110035707009
110035707018
110035707027
110035707045
110035707063
110035707072
110035707090
110035707116
110035707125
110035707134
110035707152
110035707161
110035707170
110035707189
110035707214
110035707312
110035707367
110035707376
110035707394
110035707401
110035707410
110035707429
110035707447
110035707492
110035707508
110035707517
110035707535
110035707553
110035707562
110035707580
110035707599
110035707606
110035707615
110035707624
110035707633
110035707642
110035707651
110035707660
110035707697
110035707731
110035707786
110035707795
110035707802
110035707820
110035707875
110035707900
