110035707919
110035707946
110035707955
110035707964
110035707973
110035707982
110035707991
110035708008
110035708017
110035708035
110035708044
110035708053
110035708062
110035708071
110035708106
110035708115
110035708197
110035708302
110035708348
110035708357
110035708366
110035708375
110035708384
110035708393
110035708400
110035708428
110035708437
110035708446
110035708455
110035708464
110035708473
110035708482
110035708491
110035708507
110035708516
110035708525
110035708534
110035708543
110035708552
110035708561
110035708589
110035708614
110035708678
110035708696
110035708703
110035708712
110035708749
110035708767
110035708785
110035708794
110035708801
110035708810
110035708829
110035708838
110035708847
110035708874
110035708892
110035708909
110035708927
110035708936
110035708945
110035708963
110035708972
110035709007
110035709052
110035709061
110035709070
110035709105
110035709114
110035709150
110035709169
110035709178
110035709187
110035709203
110035709212
110035709221
110035709258
110035709276
110035709285
110035709427
110035709436
110035709445
110035709454
110035709506
110035709515
110035709524
110035709533
110035709542
110035709551
110035709560
110035709579
110035709588
110035709604
110035709677
110035709711
110035709720
110035709748
110035709819
110035709864
110035709873
110035709882
110035709891
110035709908
110035709917
110035709953
110035709962
110035710193
110035710291
110035710362
110035710567
110035710576
110035710594
110035710610
110035710629
110035710638
110035710656
110035710674
110035710683
110035710870
110035710969
110035710978
110035710996
110035711003
110035711021
110035711058
110035711192
110035711227
110035711245
110035711254
110035711272
110035711281
110035711325
110035711334
110035711398
110035711414
110035711432
110035711441
110035711450
110035711469
110035711478
110035711487
110035711496
110035711520
110035711539
110035711557
110035711566
110035711575
110035711584
110035711619
110035711628
110035711664
110035711673
110035711682
110035711691
110035711708
110035711717
110035711726
110035711735
110035711744
110035711762
110035711780
110035711799
110035711806
110035711833
110035711888
110035711897
110035711940
110035711959
110035711977
110035711986
110035711995
110035712011
110035712057
110035712066
110035712084
110035712100
110035712128
110035712146
110035712164
110035712182
110035712191
110035712208
110035712217
110035712226
110035712235
110035712244
110035712253
110035712262
110035712271
110035712299
110035712315
110035712324
110035712333
110035712379
110035712440
110035712468
110035712477
110035712486
110035712495
110035712501
110035712510
110035712529
110035712538
110035712547
110035712556
110035712565
110035712574
110035712592
110035712654
110035712681
110035712707
110035712716
110035712725
110035712734
110035712752
110035712761
110035712805
110035712814
110035712823
110035712832
110035712841
110035712878
110035712887
110035712896
110035712912
110035712921
110035712930
110035712958
110035712967
110035713001
110035713010
110035713083
110035713127
110035713136
110035713145
110035713163
110035713172
110035713234
110035713252
110035713270
110035713305
110035713314
110035713332
110035713341
110035713378
110035713403
110035713412
110035713555
110035713564
110035713573
110035713939
110035713966
110035713975
110035714000
110035714091
110035714108
110035714117
110035714126
110035714135
110035714153
110035714162
110035714171
110035714215
110035714224
110035714233
110035714242
110035714251
110035714288
110035714304
110035714322
110035714331
110035714340
110035714359
110035714386
110035714411
110035714475
110035714484
110035714518
110035714536
110035714545
110035714563
110035714572
110035714590
110035714607
110035714625
110035714634
110035714643
110035714661
110035714689
110035714698
110035714714
110035714732
110035714741
110035714750
110035714769
110035714787
110035714803
110035714812
110035714821
110035714830
110035714867
110035714876
110035714901
110035714929
110035714938
110035714947
110035714965
110035714974
110035714983
110035715072
110035715116
110035715170
110035715189
110035715205
110035715214
110035715223
110035715232
110035715241
110035715250
110035715278
110035715287
110035715296
110035715312
110035715321
110035715330
110035715358
110035715367
110035715376
110035715394
110035715410
110035715438
110035715624
110035715633
110035715642
110035715651
110035715660
110035715697
110035715704
110035715713
110035715740
110035715795
110035715811
110035715820
110035715848
110035715900
110035715955
110035715964
110035715973
110035715991
110035716071
110035716080
110035716099
110035716106
110035716115
110035716133
110035716142
110035716151
110035716160
110035716179
110035716188
110035716197
110035716213
110035716268
110035716286
110035716339
110035716348
110035716357
110035716366
110035716375
110035716384
110035716393
110035716419
110035716428
110035716437
110035716446
110035716455
110035716464
110035716473
110035716482
110035716507
110035716516
110035716525
110035716534
110035716543
110035716552
110035716561
110035716570
110035716589
110035716598
110035716605
110035716614
110035716623
110035716632
110035716650
110035716669
110035716678
110035716696
110035716703
110035716712
110035716730
110035716749
110035716758
110035716767
110035716776
110035716785
110035716794
110035716801
110035716810
110035716829
110035716838
110035716883
110035716927
110035716963
110035716972
110035717025
110035717034
110035717043
110035717052
110035717061
110035717070
110035717123
110035717132
110035717141
110035717150
110035717169
110035717196
110035717221
110035717249
110035717258
110035717267
110035717285
110035717294
110035717310
110035717329
110035717338
110035717347
110035717365
110035717374
110035717383
110035717409
110035717418
110035717427
110035717436
110035717445
110035717454
110035717472
110035717481
110035717490
110035717515
110035717524
110035717533
110035717551
110035717560
110035717579
110035717622
110035717631
110035717702
110035717711
110035717720
110035717748
110035717766
110035717775
110035717784
110035717793
110035717800
110035717837
110035717855
110035717864
110035717908
110035717980
110035717999
110035718015
110035718033
110035718042
110035718060
110035718113
110035718122
110035718168
110035718177
110035718195
110035718211
110035718239
110035718257
110035718266
110035718275
110035718293
110035718300
110035718319
110035718328
110035718346
110035718364
110035718373
110035718391
110035718426
110035718480
110035718505
110035718523
110035718532
110035718550
110035718569
110035718587
110035718596
110035718612
110035718630
110035718676
110035718685
110035718701
110035718710
110035718729
110035718738
110035718747
110035718756
110035718765
110035718774
110035718792
110035718809
110035718818
110035718827
110035718836
110035718845
110035718854
110035718872
110035718890
110035718952
110035718961
110035718970
110035718989
110035718998
110035719014
110035719023
110035719032
110035719041
110035719069
110035719087
110035719103
110035719112
110035719130
110035719149
110035719158
110035719194
110035719201
110035719256
110035719265
110035719274
110035719283
110035719292
110035719309
110035719318
110035719327
110035719336
110035719345
110035719354
110035719363
110035719372
110035719381
110035719390
110035719407
110035719416
110035719425
110035719461
110035719470
110035719498
110035719513
110035719531
110035719559
110035719586
110035719595
110035719639
110035719700
110035719719
110035719764
110035719773
110035719782
110035719791
110035719808
110035719817
110035719826
110035719835
110035719844
110035719853
110035719862
110035719871
110035719880
110035719899
110035719906
110035719915
110035719924
110035719942
110035719951
110035719960
110035719979
110035719988
110035719997
110035720002
110035720011
110035720020
110035720039
110035720048
110035720057
110035720066
110035720075
110035720100
110035720137
110035720208
110035720217
110035720226
110035720235
110035720253
110035720271
110035720306
110035720315
110035720324
110035720333
110035720342
110035720431
110035720468
110035720486
110035720495
110035720510
110035720538
110035720547
110035720556
110035720574
110035720592
110035720663
110035720681
110035720690
110035720707
110035720716
110035720725
110035720734
110035720743
110035720752
110035720761
110035720770
110035720798
110035720805
110035720814
110035720823
110035720841
110035720896
110035720903
110035720912
110035720930
110035720949
110035720958
110035720967
110035720976
110035720994
110035721010
110035721029
110035721038
110035721047
110035721056
110035721065
110035721109
110035721118
110035721127
110035721136
110035721145
110035721163
110035721172
110035721181
110035721216
110035721234
110035721298
110035721305
110035721314
110035721332
110035721403
110035721412
110035721430
110035721449
110035721467
110035721476
110035721485
110035721494
110035721500
110035721519
110035721528
110035721537
110035721564
110035721573
110035721582
110035721608
110035721617
110035721653
110035721662
110035721699
110035721715
110035721733
110035721742
110035721751
110035721760
110035721813
110035721831
110035721859
110035721868
110035721886
110035721911
110035722046
110035722055
110035722135
110035722153
110035722206
110035722233
110035722242
110035722251
110035722260
110035722288
110035722322
110035722359
110035722368
110035722386
110035722395
110035722402
110035722420
110035722439
110035722484
110035722545
110035722563
110035722572
110035722581
110035722590
110035722607
110035722625
110035722652
110035722661
110035722670
110035722698
110035722705
110035722714
110035722732
110035722803
110035722812
110035722876
110035722947
110035723036
110035723090
110035723143
110035723152
110035723161
110035723170
110035723189
110035723205
110035723223
110035723232
110035723241
110035723250
110035723269
110035723278
110035723296
110035723303
110035723312
110035723367
110035723394
110035723410
110035723429
110035723465
110035723474
110035723508
110035723517
110035723526
110035723535
110035723544
110035723553
110035723571
110035723580
110035723599
110035723615
110035723642
110035723651
110035723660
110035723688
110035723704
110035723722
110035723731
110035723768
110035723795
110035723811
110035723857
110035723866
110035723875
110035723884
110035723893
110035723928
110035723946
110035723973
110035723982
110035723991
110035724044
110035724053
110035724071
110035724080
110035724507
110035724632
110035724641
110035724669
110035724687
110035724990
110035725105
110035725132
110035725150
110035725178
110035725196
110035725203
110035725212
110035725258
110035725267
110035725285
110035725294
110035725310
110035725329
110035725347
110035725356
110035725365
110035725374
110035725383
110035725392
110035725409
110035725418
110035725427
110035725436
110035725454
110035725463
110035725472
110035725506
110035725515
110035725533
110035725542
110035725560
110035725579
110035725613
110035725622
110035725640
110035725668
110035725677
110035725711
110035725720
110035725739
110035725748
110035725766
110035725775
110035725784
110035725793
110035725800
110035725837
110035725846
110035725855
110035725864
110035725873
110035725882
110035725891
110035725908
110035725917
110035725926
110035725935
110035725944
110035725953
110035725962
110035725971
110035725980
110035725999
110035726006
110035726015
110035726042
110035726051
110035726122
110035726131
110035726220
110035726239
110035726248
110035726300
110035726328
110035726337
110035726355
110035726364
110035726373
110035726382
110035726391
110035726408
110035726417
110035726426
110035726435
110035726444
110035726462
110035726729
110035726738
110035726934
110035727069
110035727087
110035727096
110035727103
110035727112
110035727149
110035727158
110035727185
110035727194
110035727210
110035727238
110035727318
110035727336
110035727354
110035727381
110035727470
110035727489
110035727504
110035727513
110035727531
110035727540
110035727577
110035727595
110035727611
110035727657
110035727666
110035727675
110035727693
110035727700
110035727719
110035727737
110035727746
110035727764
110035727773
110035727782
110035727791
110035727817
110035727826
110035727835
110035727844
110035727853
110035727862
110035727880
110035727899
110035727906
110035727915
110035727924
110035727933
110035727942
110035727951
110035727979
110035727988
110035727997
110035728004
110035728013
110035728022
110035728031
110035728040
110035728059
110035728068
110035728077
110035728095
110035728102
110035728111
110035728120
110035728148
110035728157
110035728228
110035728264
110035728273
110035728291
110035728317
110035728335
110035728344
110035728371
110035728399
110035728647
110035728656
110035728665
110035728692
110035728718
110035728736
110035728745
110035728754
110035728772
110035728781
110035728807
110035728843
110035728852
110035728870
110035728889
110035728905
110035728923
110035728941
110035728950
110035728969
110035728987
110035728996
110035729003
110035729012
110035729021
110035729030
110035729049
110035729058
110035729067
110035729076
110035729085
110035729094
110035729101
110035729110
110035729129
