110035729147
110035729156
110035729165
110035729183
110035729192
110035729218
110035729496
110035729502
110035729520
110035729539
110035729548
110035729566
110035729575
110035729593
110035729600
110035729619
110035729655
110035729744
110035729799
110035729806
110035729860
110035729913
110035730019
110035730028
110035730046
110035730073
110035730117
110035730135
110035730144
110035730153
110035730162
110035730171
110035730180
110035730199
110035730206
110035730215
110035730224
110035730242
110035730251
110035730260
110035730313
110035730322
110035730340
110035730359
110035730368
110035730377
110035730386
110035730402
110035730411
110035730420
110035730475
110035730484
110035730545
110035730572
110035730643
110035730698
110035730714
110035730732
110035730796
110035730803
110035730812
110035730821
110035730830
110035730849
110035730867
110035730876
110035730885
110035730894
110035730901
110035730910
110035730929
110035730938
110035730956
110035730965
110035730974
110035730983
110035730992
110035731018
110035731027
110035731036
110035731045
110035731054
110035731063
110035731072
110035731081
110035731090
110035731116
110035731125
110035731134
110035731170
110035731189
110035731205
110035731232
110035731241
110035731250
110035731269
110035731278
110035731287
110035731296
110035731330
110035731349
110035731456
110035731820
110035731839
110035731848
110035731884
110035731893
110035731919
110035731928
110035731946
110035731955
110035732080
110035732106
110035732115
110035732124
110035732142
110035732179
110035732188
110035732204
110035732213
110035732268
110035732286
110035732295
110035732311
110035732339
110035732348
110035732357
110035732366
110035732375
110035732400
110035732419
110035732428
110035732455
110035732473
110035732482
110035732507
110035732516
110035732525
110035732534
110035732561
110035732589
110035732598
110035732632
110035732650
110035732669
110035732696
110035732721
110035732730
110035732758
110035732785
110035732801
110035732810
110035732829
110035732838
110035732927
110035732936
110035732945
110035732954
110035732963
110035732972
110035732981
110035732990
110035733016
110035733025
110035733034
110035733043
110035733052
110035733061
110035733070
110035733089
110035733098
110035733105
110035733114
110035733123
110035733132
110035733141
110035733150
110035733169
110035733178
110035733203
110035733212
110035733221
110035733230
110035733249
110035733267
110035733276
110035733285
110035733294
110035733301
110035733310
110035733329
110035733347
110035733418
110035733427
110035733436
110035733454
110035733463
110035733472
110035733481
110035733506
110035733533
110035733542
110035733622
110035734220
110035734603
110035734621
110035734667
110035734694
110035734710
110035734756
110035734765
110035734792
110035735247
110035735256
110035735292
110035735309
110035735381
110035735425
110035735513
110035735531
110035735568
110035735577
110035735595
110035735620
110035735639
110035735657
110035735666
110035735684
110035735693
110035735719
110035735737
110035735746
110035735755
110035735764
110035735782
110035735791
110035735808
110035735835
110035735844
110035735853
110035735880
110035735899
110035735906
110035735915
110035735942
110035735951
110035735979
110035736013
110035736040
110035736068
110035736077
110035736086
110035736095
110035736102
110035736111
110035736120
110035736139
110035736193
110035736219
110035736246
110035736255
110035736273
110035736282
110035736308
110035736326
110035736353
110035736399
110035736460
110035736479
110035736488
110035736503
110035736512
110035736521
110035736530
110035736549
110035736576
110035736594
110035736923
110035736932
110035736950
110035736996
110035737003
110035737012
110035737021
110035737085
110035737165
110035737290
110035737316
110035737334
110035737343
110035737352
110035737361
110035737398
110035737496
110035737502
110035737520
110035737539
110035737557
110035737575
110035737619
110035737628
110035737637
110035737735
110035737744
110035737771
110035737780
110035737851
110035737879
110035737897
110035737922
110035737940
110035738011
110035738093
110035738100
110035738119
110035738128
110035738137
110035738146
110035738164
110035738173
110035738182
110035738191
110035738208
110035738226
110035738235
110035738244
110035738253
110035738262
110035738271
110035738280
110035738299
110035738306
110035738315
110035738324
110035738333
110035738379
110035738397
110035738413
110035738422
110035738431
110035738459
110035738468
110035738486
110035738495
110035738501
110035738529
110035738538
110035738556
110035738583
110035738645
110035738654
110035738663
110035738672
110035738681
110035738690
110035738814
110035738869
110035738878
110035738887
110035738958
110035738967
110035738976
110035738994
110035739001
110035739010
110035739029
110035739038
110035739056
110035739065
110035739190
110035739207
110035739216
110035739289
110035739314
110035739323
110035739350
110035739369
110035739537
110035739555
110035739591
110035739608
110035739653
110035739662
110035739671
110035739680
110035739706
110035739715
110035739742
110035739760
110035739779
110035739797
110035739813
110035739822
110035739859
110035739868
110035739886
110035739920
110035739957
110035739966
110035739975
110035739984
110035739993
110035740008
110035740017
110035740026
110035740035
110035740044
110035740053
110035740062
110035740071
110035740080
110035740099
110035740106
110035740115
110035740124
110035740133
110035740142
110035740151
110035740160
110035740179
110035740197
110035740204
110035740213
110035740222
110035740240
110035740259
110035740268
110035740277
110035740295
110035740302
110035740339
110035740348
110035740357
110035740366
110035740375
110035740384
110035740393
110035740400
110035740419
110035740428
110035740437
110035740446
110035740455
110035740464
110035740473
110035740482
110035740491
110035740507
110035740516
110035740525
110035740534
110035740543
110035740552
110035740561
110035740570
110035740589
110035740598
110035740605
110035740632
110035740678
110035740687
110035740696
110035740703
110035740712
110035740749
110035740794
110035740810
110035740829
110035740838
110035740847
110035740856
110035740865
110035740874
110035740883
110035740892
110035740909
110035740918
110035740927
110035740936
110035740945
110035740954
110035740963
110035740972
110035740981
110035740990
110035741007
110035741016
110035741025
110035741061
110035741187
110035741196
110035741203
110035741212
110035741230
110035741258
110035741329
110035741356
110035741383
110035741418
110035741427
110035741454
110035741463
110035741481
110035741490
110035741506
110035741542
110035741551
110035741560
110035741579
110035741588
110035741597
110035741604
110035741613
110035741677
110035741686
110035741695
110035741702
110035741711
110035741720
110035741926
110035741944
110035741953
110035741962
110035741999
110035742015
110035742024
110035742042
110035742051
110035742079
110035742097
110035742104
110035742113
110035742122
110035742131
110035742140
110035742168
110035742177
110035742186
110035742195
110035742211
110035742220
110035742266
110035742293
110035742300
110035742319
110035742337
110035742346
110035742408
110035742426
110035742444
110035742453
110035742462
110035742471
110035742480
110035742499
110035742514
110035742523
110035742532
110035742541
110035742550
110035742596
110035742603
110035742630
110035742649
110035742667
110035742676
110035742685
110035742694
110035742701
110035742710
110035742729
110035742738
110035742747
110035742756
110035742765
110035742774
110035742783
110035742792
110035742809
110035742818
110035742827
110035742845
110035742863
110035742872
110035742881
110035742907
110035742916
110035742934
110035742961
110035742970
110035743005
110035743014
110035743023
110035743032
110035743041
110035743050
110035743103
110035743112
110035743158
110035743167
110035743185
110035743247
110035743256
110035743265
110035743274
110035743283
110035743292
110035743327
110035743336
110035743354
110035743363
110035743372
110035743381
110035743390
110035743416
110035743425
110035743434
110035743452
110035743461
110035743755
110035743773
110035743782
110035744362
110035744399
110035744433
110035744451
110035744460
110035744479
110035744497
110035744503
110035744512
110035744521
110035744530
110035744549
110035744558
110035744576
110035744594
110035744647
110035744674
110035744718
110035744727
110035744745
110035744754
110035744763
110035744781
110035744790
110035744807
110035744816
110035744825
110035744834
110035744843
110035744852
110035744861
110035744870
110035744889
110035744898
110035744932
110035744950
110035744969
110035744978
110035744996
110035745003
110035745030
110035745058
110035745067
110035745076
110035745085
110035745094
110035745101
110035745110
110035745129
110035745138
110035745147
110035745156
110035745174
110035745183
110035745218
110035745227
110035745290
110035745316
110035745325
110035745343
110035745352
110035745441
110035745450
110035745469
110035745487
110035745496
110035745502
110035745539
110035745548
110035745557
110035745566
110035745584
110035745600
110035745619
110035745628
110035745637
110035745646
110035745655
110035745664
110035745673
110035745682
110035745691
110035745708
110035745717
110035745735
110035745744
110035745753
110035745771
110035745799
110035746048
110035746093
110035746100
110035746128
110035746137
110035746146
110035746164
110035746173
110035746191
110035746208
110035746244
110035746253
110035746271
110035746299
110035746324
110035746351
110035746360
110035746388
110035746397
110035746404
110035746413
110035746422
110035746477
110035746486
110035746495
110035746556
110035746565
110035746574
110035746592
110035746618
110035746627
110035746636
110035746645
110035746654
110035746707
110035746887
110035747047
110035747056
110035747074
110035747092
110035747109
110035747118
110035747127
110035747136
110035747145
110035747163
110035747172
110035747181
110035747190
110035747207
110035747216
110035747225
110035747234
110035747243
110035747252
110035747261
110035747270
110035747289
110035747314
110035747323
110035747350
110035747403
110035747412
110035747421
110035747430
110035747467
110035747485
110035747494
110035747528
110035747617
110035747626
110035747653
110035747724
110035747733
110035747742
110035747751
110035747760
110035747779
110035747788
110035747797
110035747804
110035747813
110035747822
110035747831
110035747840
110035747859
110035747868
110035747877
110035747886
110035747895
110035747902
110035747975
110035747993
110035748037
110035748046
110035748073
110035748082
110035748108
110035748144
110035748153
110035748162
110035748313
110035748395
110035748402
110035748411
110035748439
110035748448
110035748457
110035748466
110035748475
110035748493
110035748509
110035748536
110035748545
110035748554
110035748590
110035748634
110035748643
110035748652
110035748661
110035748670
110035748689
110035748698
110035748705
110035748714
110035748723
110035748732
110035748741
110035748750
110035748769
110035748778
110035748787
110035748796
110035748803
110035748812
110035748821
110035748830
110035748849
110035748876
110035748894
110035748901
110035748938
110035748947
110035748956
110035748965
110035748974
110035749009
110035749018
110035749027
110035749036
110035749045
110035749054
110035749072
110035749081
110035749090
110035749107
110035749116
110035749134
110035749143
110035749152
110035749161
110035749189
110035749198
110035749205
110035749312
110035749321
110035749349
110035749438
110035749456
110035749465
110035749474
110035749483
110035749492
110035749508
110035749517
110035749526
110035749544
110035749562
110035749571
110035749580
110035749599
110035749606
110035749615
110035749624
110035749633
110035749642
110035749651
110035749660
110035749679
110035749688
110035749704
110035749713
110035749731
110035749777
110035749795
110035749802
110035749811
110035749839
110035749848
110035749857
110035749866
110035749875
110035749884
110035749900
110035749919
110035749955
110035749973
110035749982
110035749991
110035750041
110035750121
110035750158
110035750167
110035750176
110035750185
110035750194
110035750201
110035750210
110035750229
110035750238
110035750265
110035750274
110035750283
110035750292
110035750318
110035750327
110035750345
110035750354
110035750363
110035750372
110035750381
110035750390
110035750407
110035750416
110035750425
110035750434
110035750461
110035750513
110035750522
110035750531
110035750540
110035750559
110035750568
110035750586
110035750611
110035750620
110035750657
110035750666
110035750684
110035750693
110035750700
110035750728
110035750764
110035750791
110035750817
110035750835
110035750844
110035750853
110035750871
110035750899
110035750906
110035750915
110035750933
110035751022
110035751040
110035751059
110035751068
110035751077
110035751102
110035751111
110035751120
110035751139
110035751148
110035751175
110035751184
110035751193
110035751237
110035751246
110035751255
110035751264
110035751273
110035751282
110035751291
110035751308
110035751317
110035751326
110035751344
110035751371
110035751380
