110035751399
110035751406
110035751415
110035751424
110035751433
110035751442
110035751460
110035751479
110035751503
110035751521
110035751530
110035751549
110035751558
110035751594
110035751610
110035751638
110035751647
110035751656
110035751665
110035751674
110035751683
110035751727
110035751745
110035751763
110035751772
110035751781
110035751843
110035751861
110035751889
110035751898
110035751905
110035751932
110035751941
110035751987
110035752012
110035752076
110035752094
110035752101
110035752129
110035752147
110035752156
110035752165
110035752183
110035752227
110035752236
110035752254
110035752263
110035752281
110035752290
110035752655
110035752664
110035752673
110035752682
110035752691
110035752842
110035752879
110035752913
110035752922
110035752995
110035753002
110035753020
110035753048
110035753057
110035753066
110035753075
110035753084
110035753100
110035753137
110035753146
110035753155
110035753173
110035753280
110035753299
110035753306
110035753324
110035753342
110035753351
110035753379
110035753413
110035753422
110035753495
110035753501
110035753510
110035753529
110035753547
110035753556
110035753565
110035753574
110035753583
110035753592
110035753609
110035753618
110035753627
110035753636
110035753645
110035753654
110035753663
110035753690
110035753707
110035753716
110035753725
110035753752
110035753770
110035753789
110035753814
110035753823
110035753841
110035753850
110035753878
110035753887
110035753896
110035753912
110035753921
110035754181
110035754252
110035754261
110035754270
110035754289
110035754298
110035754305
110035754314
110035754332
110035754341
110035754350
110035754369
110035754378
110035754387
110035754396
110035754403
110035754412
110035754421
110035754430
110035754449
110035754458
110035754467
110035754476
110035754485
110035754494
110035754500
110035754582
110035754608
110035754617
110035754626
110035754635
110035754653
110035754680
110035754724
110035754895
110035754911
110035754920
110035754939
110035754966
110035754993
110035755019
110035755028
110035755037
110035755046
110035755055
110035755064
110035755082
110035755091
110035755117
110035755162
110035755171
110035755199
110035755206
110035755233
110035755260
110035755288
110035755297
110035755304
110035755313
110035755331
110035755340
110035755359
110035755377
110035755386
110035755402
110035755448
110035755466
110035755493
110035755527
110035755536
110035755554
110035755572
110035755581
110035755607
110035755705
110035755714
110035755723
110035755732
110035755741
110035755750
110035755769
110035755778
110035755787
110035755796
110035755803
110035755821
110035755830
110035755867
110035755885
110035755894
110035755929
110035755938
110035755947
110035755956
110035755965
110035755983
110035755992
110035756009
110035756018
110035756027
110035756036
110035756063
110035756090
110035756107
110035756116
110035756198
110035756205
110035756214
110035756223
110035756232
110035756250
110035756269
110035756278
110035756296
110035756312
110035756321
110035756330
110035756349
110035756358
110035756367
110035756376
110035756385
110035756401
110035756438
110035756447
110035756465
110035756474
110035756483
110035756492
110035756508
110035756517
110035756526
110035756535
110035756544
110035756553
110035756562
110035756571
110035756580
110035756599
110035756606
110035756615
110035756624
110035756633
110035756642
110035756651
110035756679
110035756704
110035756713
110035756740
110035756759
110035756768
110035756795
110035756802
110035756811
110035756820
110035756839
110035756848
110035756857
110035756866
110035756875
110035756900
110035756919
110035756928
110035756937
110035756964
110035756973
110035756982
110035757008
110035757035
110035757062
110035757106
110035757115
110035757124
110035757133
110035757160
110035757179
110035757188
110035757204
110035757213
110035757231
110035757240
110035757259
110035757268
110035757295
110035757311
110035757320
110035757339
110035757393
110035757400
110035757507
110035757516
110035757525
110035757534
110035757543
110035757552
110035757561
110035757570
110035757589
110035757598
110035757605
110035757614
110035757623
110035757632
110035757641
110035757650
110035757669
110035757678
110035757687
110035757696
110035757703
110035757712
110035757721
110035757730
110035757758
110035757767
110035757776
110035757785
110035757794
110035757810
110035757829
110035757838
110035757847
110035757856
110035757865
110035757874
110035757883
110035757892
110035757909
110035757918
110035757945
110035757954
110035757963
110035757981
110035758016
110035758089
110035758114
110035758132
110035758169
110035758221
110035758230
110035758338
110035758374
110035758383
110035758392
110035758409
110035758418
110035758427
110035758436
110035758445
110035758463
110035758472
110035758481
110035758524
110035758542
110035758551
110035758560
110035758579
110035758640
110035758659
110035758668
110035758677
110035758686
110035758695
110035758711
110035758720
110035758739
110035758748
110035758757
110035758953
110035758962
110035758971
110035758980
110035758999
110035759006
110035759015
110035759024
110035759033
110035759042
110035759060
110035759088
110035759113
110035759140
110035759159
110035759177
110035759195
110035759211
110035759257
110035759266
110035759284
110035759300
110035759319
110035759337
110035759346
110035759355
110035759364
110035759373
110035759382
110035759444
110035759462
110035759471
110035759499
110035759541
110035759569
110035759587
110035759596
110035759603
110035759612
110035759630
110035759658
110035759729
110035759738
110035759747
110035759756
110035759765
110035759774
110035759783
110035759792
110035759809
110035759818
110035759827
110035759836
110035759854
110035759863
110035759872
110035759881
110035759890
110035759907
110035759916
110035759925
110035759934
110035759943
110035759961
110035759970
110035759989
110035759998
110035760003
110035760012
110035760021
110035760030
110035760049
110035760058
110035760067
110035760076
110035760094
110035760110
110035760138
110035760147
110035760165
110035760174
110035760183
110035760192
110035760209
110035760218
110035760227
110035760236
110035760263
110035760272
110035760281
110035760307
110035760334
110035760343
110035760370
110035760432
110035760450
110035760511
110035760520
110035760539
110035760548
110035760557
110035760566
110035760575
110035760593
110035760600
110035760619
110035760628
110035760637
110035760646
110035760655
110035760664
110035760673
110035760682
110035760691
110035760708
110035760726
110035760735
110035760762
110035761976
110035763037
110035763849
110035763974
110035764269
110035764287
110035764296
110035764312
110035764642
110035764660
110035764679
110035764697
110035764704
110035764713
110035764722
110035764731
110035764740
110035764759
110035764768
110035764777
110035764786
110035764795
110035764802
110035764811
110035764820
110035765277
110035765295
110035765302
110035765311
110035765320
110035765339
110035765348
110035765357
110035765366
110035765375
110035765384
110035765393
110035765400
110035765419
110035765428
110035765446
110035765455
110035765464
110035765473
110035765482
110035765491
110035765507
110035765516
110035765525
110035765534
110035765543
110035768639
110035768648
110035768657
110035768675
110035768684
110035768693
110035768719
110035768737
110035768746
110035768755
110035768764
110035768773
110035768782
110035768808
110035769282
110035769308
110035769317
110035769344
110035769353
110035769362
110035769371
110035769380
110035769399
110035769406
110035770877
110035770886
110035771242
110035771322
110035771331
110035771340
110035771484
110035771493
110035771509
110035771518
110035771545
110035771554
110035771563
110035771590
110035771607
110035772107
110035772125
110035772134
110035772152
110035772170
110035772198
110035772205
110035772214
110035772232
110035772241
110035772250
110035772456
110035772474
110035772786
110035772795
110035772802
110035772875
110035772884
110035772893
110035772900
110035772919
110035773375
110035773384
110035773393
110035773419
110035773428
110035773437
110035779262
110035803262
110035805493
110035805634
110035805741
110035805983
110035806250
110035807516
110035807730
110035807954
110035809612
110035809685
110035810227
110035810290
110035812118
110035812671
110035812984
110035813340
110035813536
110035813563
110035813634
110035813714
110035814018
110035814223
110035814232
110035814250
110035814287
110035814456
110035814526
110035815008
110035815179
110035815188
110035815295
110035815339
110035815348
110035815758
110035815794
110035816150
110035816203
110035816383
110035816445
110035816597
110035816891
110035816962
110035817015
110035817391
110035817578
110035817952
110035817961
110035818014
110035818201
110035818595
110035818871
110035820190
110035820608
110035821135
110035821251
110035821457
110035821572
110035821796
110035824560
110035825186
110035825346
110035825649
110035825676
110035825738
110035825890
110035826407
110035826586
110035826835
110035827157
110035827692
110035828076
110035828129
110035828370
110035828423
110035828487
110035828655
110035829280
110035830651
110035831320
110035831712
110035832301
110035836263
110035836272
110035836281
110035836290
110035836316
110035836325
110035836334
110035836343
110035836904
110035836986
110035837128
110035837379
110035837388
110035837404
110035837413
110035837468
110035837761
110035837805
110035838047
110035838172
110035838190
110035838207
110035838216
110035838314
110035838608
110035838886
110035838895
110035839288
110035839331
110035839439
110035839457
110035839466
110035839475
110035839493
110035839509
110035839518
110035839545
110035839581
110035839607
110035839652
110035839803
110035839901
110035840052
110035840061
110035840070
110035840089
110035840141
110035840310
110035840329
110035840542
110035840613
110035840622
110035840855
110035840999
110035841033
110035841364
110035841373
110035841499
110035841523
110035841685
110035841836
110035841845
110035841872
110035841881
110035841890
110035841916
110035842540
110035842568
110035842577
110035842586
110035842602
110035842611
110035842620
110035842639
110035842648
110035842675
110035842746
110035842960
110035842979
110035843175
110035843219
110035843228
110035843415
110035843479
110035843488
110035843503
110035843512
110035843647
110035844209
110035844539
110035844557
110035844646
110035844691
110035844717
110035845299
110035845333
110035845379
110035845501
110035845510
110035845529
110035845538
110035845547
110035845556
110035845565
110035845574
110035845583
110035845592
110035845618
110035845681
110035845725
110035845770
110035845841
110035846083
110035846092
110035846109
110035846546
110035846555
110035846617
110035846653
110035846699
110035846733
110035846895
110035846902
110035846911
110035846920
110035846975
110035846993
110035847064
110035847082
110035847091
110035847322
110035847395
110035847402
110035847420
110035847448
110035847457
110035847554
110035847723
110035847929
110035847992
110035848143
110035848287
110035848429
110035848447
110035848456
110035848465
110035848474
110035848492
110035848571
110035848973
110035849268
110035849320
110035849516
110035849552
110035849641
110035849874
110035849883
110035849945
110035850424
110035850772
110035851352
110035851762
110035851780
110035853083
110035853902
110035853911
110035854135
110035854144
110035854153
110035854162
110035854171
110035854180
110035854199
110035854215
110035867103
110035867719
110035875531
110035878805
110035882649
110035884200
110035892371
110036009477
110036010713
110036024566
110036024780
110036024888
110036024968
110036025039
110036025066
110036025128
110036029188
110036029320
110036029794
110036031530
110036032370
110036032487
110036032566
110036032851
110036048648
110036049095
110036049460
110036049585
110036050402
110036051768
110036054550
110036057174
110036059458
110036063103
110036073370
110036077679
110036102641
110036401630
110036402185
110036410327
110036410381
110036414895
110036415732
110036417623
110036419033
110036419104
110036419783
110036419792
110036421431
110036422859
110036423108
110036423180
110036423313
110036423723
110036423938
110036424278
110036425614
110036425641
110036431420
110036431439
110036431457
110036431705
110036431778
110036432679
110036433865
110036433936
110036434659
110036435569
110036435710
110036435765
110036435863
110036435890
110036436041
110036436096
110036436176
110036436283
110036436309
110036436372
110036436416
110036436452
110036436826
110036437120
110036437175
110036437200
110036437415
110036437638
110036437656
110036437665
110036437692
110036437763
110036438101
110036438110
110036438245
110036438511
110036438548
110036438851
110036438888
110036438977
110036439039
110036439244
110036439707
110036441099
110036441268
110036441311
110036441758
110036442338
110036443612
110036443890
110036444504
110036445040
110036445068
110036445219
110036447002
110036447663
110036449714
110036449723
110036450033
110036450257
110036450328
110036450453
110036451354
110036451498
110036451764
110036451782
110036451862
110036452004
110036453842
