110036453995
110036454002
110036455635
110036456359
110036458320
110036461762
110036461959
110036461977
110036463010
110036463902
110036464297
110036464625
110036464723
110036464830
110036464929
110036464992
110036465134
110036465250
110036465367
110036465376
110036465438
110036465606
110036466213
110036467828
110036468024
110036468186
110036468284
110036468630
110036468818
110036468863
110036468872
110036469078
110036470066
110036470093
110036470128
110036470324
110036470672
110036471216
110036471387
110036471449
110036471494
110036471840
110036471886
110036474142
110036474320
110036474918
110036475043
110036475230
110036475481
110036475855
110036475891
110036475926
110036476006
110036476042
110036476131
110036476239
110036476284
110036476337
110036476435
110036476471
110036476480
110036476505
110036476541
110036476756
110036476774
110036476783
110036476998
110036487389
110036487496
110036489831
110036489886
110036489966
110036490035
110036490268
110036490295
110036490357
110036490838
110036499401
110036555037
110036555402
110036555545
110036555723
110036556198
110036556278
110036556296
110036556303
110036556410
110036556642
110036557124
110036557160
110036557311
110036557525
110036558677
110036558711
110036559239
110036559337
110036559505
110036559523
110036559738
110036559943
110036560101
110036560147
110036560389
110036560566
110036560600
110036560646
110036560753
110036561351
110036561440
110036562136
110036562314
110036562323
110036562341
110036562350
110036562369
110036562396
110036562706
110036563126
110036563199
110036563242
110036563340
110036626381
110036629770
110036633505
110036682729
110036682765
110036682836
110036684193
110036684273
110036684558
110036684567
110036684861
110036684905
110036686066
110036686342
110036686397
110036686609
110036686654
110036686663
110036686707
110036686716
110036686725
110036686734
110036686743
110036686805
110036686814
110036686841
110036687065
110036687092
110036687145
110036687154
110036687163
110036687859
110036688251
110036689161
110036689170
110036689223
110036689303
110036689358
110036689606
110036689633
110036689660
110036691121
110036691130
110036691229
110036691247
110036691274
110036691283
110036691354
110036691363
110036691443
110036691452
110036691522
110036691531
110036691595
110036691666
110036692102
110036692754
110036695779
110036695902
110036695957
110036696144
110036696359
110036697679
110036698758
110036699472
110036701502
110036701557
110036703797
110036725238
110036730035
110036730865
110036734264
110036734665
110036735067
110036735502
110036736547
110036738153
110036738625
110036739642
110036739688
110036739982
110036740042
110036740097
110036740104
110036740355
110036740685
110036741489
110036741522
110036741611
110036742040
110036742059
110036742399
110036742497
110036742521
110036742549
110036745298
110036745323
110036745332
110036745779
110036745822
110036745840
110036745868
110036745877
110036746028
110036746073
110036746082
110036746518
110036746714
110036747170
110036747214
110036747287
110036747330
110036747642
110036747713
110036747893
110036748133
110036748151
110036749622
110036749720
110036749891
110036750058
110036750833
110036750904
110036751271
110036751379
110036751388
110036751663
110036752145
110036752706
110036752788
110036752993
110036755570
110036755669
110036755678
110036756132
110036756203
110036756221
110036756506
110036756533
110036757097
110036757195
110036757514
110036757854
110036758238
110036758586
110036758871
110036759317
110036759745
110036759816
110036760109
110036760154
110036761965
110036761992
110036762241
110036762296
110036762456
110036768897
110036775889
110036775941
110036776138
110036776511
110036776575
110036776628
110036776655
110036776753
110036776833
110036778038
110036778047
110036778083
110036778127
110036778305
110036778314
110036778369
110036778378
110036778387
110036778396
110036778403
110036778591
110036778635
110036778742
110036778911
110036778920
110036780597
110036780604
110036780631
110036780640
110036780702
110036780748
110036780935
110036781024
110036781051
110036781079
110036781097
110036786190
110036786216
110036786225
110036786270
110036787420
110036787439
110036787563
110036787590
110036789829
110036798098
110036798105
110036798301
110036798329
110036800370
110036800593
110036800655
110036800806
110036800824
110036800851
110036801002
110036802751
110036805883
110036805918
110036805936
110036807015
110036807961
110036808041
110036808096
110036814597
110036814908
110036815006
110036815015
110036815060
110036815113
110036815159
110036815168
110036817978
110036818003
110036818067
110036820740
110036821268
110036824960
110036825013
110036825424
110036825451
110036825479
110036825521
110036825576
110036825585
110036825601
110036827725
110036827823
110036828341
110036828369
110036959538
110036960134
110036969251
110036982986
110036987197
110036987589
110036989006
110036989587
110036990478
110036993279
110036993288
110036998808
110036998835
110037005898
110037007039
110037009224
110037071664
110037071824
110037071833
110037071842
110037071851
110037071860
110037071879
110037071904
110037071959
110037071968
110037075198
110037075394
110037075410
110037075642
110037075848
110037076437
110037076473
110037076507
110037076598
110037076703
110037076892
110037077025
110037077123
110037077383
110037077427
110037077454
110037077472
110037077515
110037077533
110037077935
110037077944
110037078202
110037078248
110037078257
110037078596
110037078603
110037078612
110037078621
110037078630
110037078649
110037078809
110037079005
110037079014
110037079087
110037079096
110037079185
110037079274
110037079407
110037079489
110037079559
110037079639
110037079657
110037079666
110037079675
110037079684
110037079693
110037079700
110037079719
110037080208
110037080342
110037080351
110037080360
110037080379
110037080397
110037080422
110037080431
110037080440
110037080459
110037080486
110037080814
110037080878
110037080887
110037080912
110037080949
110037080976
110037081154
110037081555
110037081564
110037081591
110037081895
110037081911
110037081920
110037081939
110037081984
110037081993
110037082000
110037082028
110037082037
110037082091
110037082420
110037082448
110037082723
110037082849
110037082867
110037083544
110037083553
110037083642
110037084115
110037084259
110037084507
110037084838
110037084865
110037084874
110037084981
110037085418
110037086391
110037086462
110037086523
110037086541
110037086612
110037086827
110037086925
110037086934
110037086961
110037087452
110037087835
110037087844
110037088059
110037088718
110037088781
110037089655
110037089708
110037090153
110037090698
110037090741
110037090947
110037091465
110037091517
110037091599
110037092188
110037092473
110037092516
110037092874
110037092883
110037092909
110037092918
110037142883
110037142909
110037143025
110037143043
110037143052
110037143169
110037143178
110037143187
110037143196
110037143203
110037143230
110037143329
110037143418
110037143427
110037143436
110037143506
110037143524
110037143631
110037143640
110037143659
110037143891
110037143953
110037143971
110037144140
110037144220
110037144328
110037144346
110037144541
110037144550
110037144701
110037144738
110037144925
110037145005
110037145041
110037145050
110037145069
110037145149
110037145167
110037181233
110037217678
110037221262
110037221468
110037221869
110037223466
110037223661
110037224063
110037224269
110037224465
110037224660
110037224866
110037225062
110037225268
110037226524
110037226819
110037227300
110037227480
110037228014
110037228096
110037228176
110037228185
110037228210
110037228229
110037228238
110037228247
110037228256
110037228265
110037228283
110037228309
110037228531
110037228746
110037228960
110037228988
110037229004
110037229317
110037229479
110037229497
110037230163
110037230449
110037230458
110037230467
110037230779
110037231082
110037231091
110037231135
110037231279
110037231466
110037232107
110037232116
110037232125
110037232152
110037232161
110037232170
110037232198
110037232214
110037232223
110037232232
110037232250
110037232269
110037232278
110037232287
110037232296
110037232303
110037232330
110037232349
110037232456
110037232777
110037233071
110037233222
110037233311
110037233428
110037233516
110037233552
110037233605
110037233963
110037233972
110037233981
110037233990
110037234007
110037234123
110037234132
110037234150
110037234187
110037234196
110037234258
110037234276
110037234285
110037234301
110037234338
110037234374
110037234418
110037234454
110037234472
110037234506
110037234542
110037234560
110037234588
110037234613
110037234971
110037234980
110037234999
110037235006
110037235131
110037235523
110037235532
110037235596
110037235756
110037236023
110037236149
110037236194
110037236201
110037236229
110037236363
110037236425
110037236611
110037236700
110037236844
110037236979
110037236997
110037237086
110037237102
110037237111
110037237139
110037237157
110037237166
110037237184
110037237193
110037237282
110037237399
110037237558
110037237567
110037237656
110037237709
110037237923
110037237932
110037238012
110037238218
110037238352
110037238432
110037238450
110037238478
110037238502
110037238557
110037238726
110037238744
110037238753
110037238780
110037238799
110037238815
110037238833
110037238922
110037238931
110037238940
110037239011
110037239075
110037239084
110037239208
110037239217
110037239324
110037239510
110037239529
110037239538
110037239547
110037239556
110037239565
110037239574
110037239583
110037239592
110037239609
110037239627
110037239636
110037239645
110037239654
110037239672
110037239681
110037239690
110037239716
110037239725
110037239734
110037239743
110037239752
110037239761
110037239770
110037239789
110037239798
110037239805
110037239814
110037239958
110037239967
110037240009
110037240081
110037240090
110037240447
110037240483
110037240722
110037240740
110037240820
110037241124
110037241151
110037241482
110037241516
110037241525
110037242506
110037242917
110037243159
110037243168
110037243275
110037243293
110037243364
110037243569
110037244238
110037244862
110037245665
110037245987
110037246209
110037246218
110037246307
110037246316
110037246343
110037246352
110037246361
110037246370
110037246389
110037246398
110037246405
110037246414
110037246423
110037246450
110037246469
110037246478
110037246496
110037247182
110037247191
110037247217
110037247226
110037247244
110037247887
110037247976
110037248056
110037248065
110037248074
110037248092
110037248154
110037248298
110037248485
110037248877
110037249037
110037249064
110037249803
110037251194
110037251201
110037251210
110037251229
110037251238
110037251247
110037251899
110037251906
110037251933
110037259212
110037259221
110037260120
110037260139
110037260148
110037260157
110037261129
110037261209
110037261218
110037261352
110037261370
110037261389
110037263172
110037263546
110037263555
110037263582
110037263626
110037263635
110037263715
110037264448
110037264787
110037265296
110037265303
110037265321
110037265330
110037265893
110037265900
110037265919
110037265937
110037266080
110037266106
110037266115
110037266124
110037266295
110037275588
110037275597
110037275604
110037275613
110037275784
110037275828
110037275837
110037275882
110037275935
110037275944
110037277069
110037277372
110037277862
110037278120
110037278148
110037278166
110037278718
110037278727
110037279165
110037279405
110037285087
110037285096
110037285103
110037285513
110037286326
110037286344
110037286594
110037286665
110037287192
110037297476
110037298064
110037298260
110037299063
110037299072
110037300266
110037300462
110037300863
110037310264
110037310665
110037311263
110037311469
110037311478
110037311487
110037311496
110037311502
110037311511
110037311520
110037311539
110037311548
110037311557
110037311575
110037311584
110037311593
110037311600
110037311619
110037311628
110037311637
110037311646
110037311655
110037311664
110037311673
110037311682
110037311691
110037311708
110037311717
110037311726
110037311735
110037311744
110037311753
110037311771
110037311780
110037311799
110037311806
110037311815
110037311824
110037311833
110037311842
110037311851
110037311860
110037311879
110037311888
110037311897
110037311904
110037311913
110037311931
110037311959
110037311968
110037311977
110037311986
110037311995
110037312002
110037312011
110037312020
110037312039
110037312048
110037312057
110037312066
110037312075
110037312084
110037312093
110037312100
110037312119
110037312128
110037312146
110037312155
110037312164
110037312173
110037312208
110037312226
110037312235
110037312244
110037312253
110037312262
110037312271
110037312280
110037312299
110037312306
110037312315
110037312342
110037312351
110037312360
110037312379
110037312388
110037312404
110037312413
110037312422
110037312431
110037312440
110037312459
110037312477
110037312486
110037312495
110037312501
110037312510
110037312529
110037312538
110037312547
110037312556
110037312565
110037312574
110037312583
110037312592
110037312609
110037312618
110037312627
110037312636
110037312645
110037312654
110037312663
