110037312672
110037312681
110037312716
110037312725
110037312734
110037312743
110037312752
110037312761
110037312770
110037312789
110037312798
110037312805
110037312814
110037312823
110037312832
110037312841
110037312850
110037312869
110037312887
110037312896
110037312912
110037312921
110037312930
110037312949
110037312958
110037312967
110037312976
110037312985
110037312994
110037313001
110037313010
110037313083
110037313092
110037313118
110037313127
110037313136
110037313145
110037313154
110037313163
110037313172
110037313181
110037313190
110037313207
110037313216
110037313225
110037313234
110037313243
110037313252
110037313261
110037313270
110037313289
110037313298
110037313305
110037313314
110037313323
110037313332
110037313341
110037313350
110037313369
110037313378
110037313387
110037313396
110037313403
110037313412
110037313421
110037313430
110037313449
110037313458
110037313500
110037313528
110037313537
110037313546
110037313564
110037313573
110037313582
110037313591
110037313608
110037313617
110037313626
110037313635
110037313644
110037313653
110037313662
110037313671
110037313680
110037313699
110037313706
110037313715
110037313742
110037313751
110037313760
110037313779
110037313797
110037313822
110037313840
110037313868
110037313877
110037313886
110037313895
110037313902
110037313911
110037313939
110037313948
110037313957
110037313966
110037313975
110037313984
110037313993
110037314000
110037314019
110037314037
110037314046
110037314055
110037314064
110037314091
110037314108
110037314117
110037314126
110037314135
110037314144
110037314153
110037314162
110037314171
110037314180
110037314199
110037314206
110037314215
110037314224
110037314233
110037314242
110037314251
110037314260
110037314279
110037314288
110037314297
110037314304
110037314313
110037314322
110037314340
110037314359
110037314402
110037314411
110037314420
110037314439
110037314448
110037314466
110037314475
110037314484
110037314493
110037314509
110037314518
110037314527
110037314536
110037314545
110037314554
110037314563
110037314572
110037314590
110037314607
110037314625
110037314634
110037314698
110037314705
110037314732
110037314741
110037314750
110037314769
110037314796
110037314803
110037314812
110037314830
110037314849
110037314858
110037314867
110037314876
110037314885
110037314894
110037314901
110037314910
110037314929
110037314938
110037314947
110037314956
110037314974
110037314983
110037314992
110037315009
110037315018
110037315036
110037315063
110037315081
110037315090
110037315107
110037315125
110037315134
110037315143
110037315189
110037315198
110037315205
110037315214
110037315223
110037315241
110037315250
110037315278
110037315287
110037315296
110037315303
110037315312
110037315321
110037315330
110037315349
110037315367
110037315385
110037315394
110037315401
110037315410
110037315465
110037315474
110037315483
110037315492
110037315508
110037315517
110037315526
110037315535
110037315544
110037315553
110037315562
110037315571
110037315580
110037315599
110037315606
110037315615
110037315624
110037315633
110037315642
110037315651
110037315660
110037315679
110037315688
110037315697
110037315704
110037315713
110037315722
110037315759
110037315768
110037315777
110037315786
110037315795
110037315839
110037315848
110037315866
110037315875
110037315884
110037315893
110037315900
110037315919
110037315928
110037315955
110037315964
110037315973
110037315982
110037315991
110037316008
110037316017
110037316026
110037316035
110037316044
110037316053
110037316080
110037316099
110037316106
110037316115
110037316124
110037316133
110037316142
110037316151
110037316160
110037316179
110037316188
110037316197
110037316204
110037316213
110037316222
110037316231
110037316240
110037316259
110037316277
110037316286
110037316302
110037316311
110037316320
110037316339
110037316348
110037316357
110037316366
110037316375
110037316384
110037316419
110037316428
110037316437
110037316446
110037316455
110037316464
110037316482
110037316491
110037316507
110037316525
110037316534
110037316543
110037316589
110037316598
110037316605
110037316614
110037316623
110037316632
110037316641
110037316650
110037316669
110037316687
110037316703
110037316712
110037316721
110037316730
110037316749
110037316767
110037316776
110037316794
110037316801
110037316810
110037316829
110037316838
110037316847
110037316856
110037316874
110037316909
110037316927
110037316936
110037316945
110037316954
110037316963
110037316972
110037316981
110037316990
110037317007
110037317016
110037317025
110037317034
110037317043
110037317052
110037317061
110037317089
110037317098
110037317105
110037317114
110037317123
110037317132
110037317150
110037317169
110037317196
110037317203
110037317212
110037317221
110037317230
110037317249
110037317258
110037317267
110037317276
110037317285
110037317294
110037317301
110037317329
110037317338
110037317347
110037317356
110037317365
110037317383
110037317392
110037317409
110037317418
110037317427
110037317454
110037317463
110037317472
110037317481
110037317490
110037317506
110037317515
110037317533
110037317551
110037317560
110037317579
110037317588
110037317597
110037317613
110037317622
110037317631
110037317640
110037317659
110037317668
110037317677
110037317686
110037317695
110037317702
110037317739
110037317748
110037317757
110037317766
110037317775
110037317784
110037317793
110037317800
110037317819
110037317828
110037317837
110037317846
110037317873
110037317882
110037317908
110037317917
110037317926
110037317962
110037317971
110037317980
110037317999
110037318006
110037318015
110037318024
110037318033
110037318042
110037318051
110037318079
110037318088
110037318097
110037318104
110037318113
110037318122
110037318131
110037318140
110037318159
110037318168
110037318186
110037318202
110037318211
110037318220
110037318239
110037318248
110037318257
110037318266
110037318275
110037318284
110037318293
110037318300
110037318337
110037318346
110037318355
110037318364
110037318373
110037318382
110037318391
110037318408
110037318417
110037318426
110037318435
110037318444
110037318453
110037318462
110037318471
110037318480
110037318499
110037318514
110037318523
110037318532
110037318550
110037318569
110037318578
110037318587
110037318596
110037318603
110037318612
110037318621
110037318649
110037318658
110037318667
110037318676
110037318694
110037318701
110037318710
110037318729
110037318738
110037318747
110037318756
110037318765
110037318774
110037318783
110037318792
110037318809
110037318818
110037318827
110037318836
110037318845
110037318854
110037318863
110037318872
110037318881
110037318890
110037318907
110037318916
110037318934
110037318943
110037318952
110037318961
110037318970
110037318989
110037318998
110037319023
110037319032
110037319041
110037319050
110037319069
110037319078
110037319096
110037319103
110037319121
110037319130
110037319149
110037319158
110037319167
110037319176
110037319185
110037319194
110037319201
110037319210
110037319229
110037319238
110037319247
110037319256
110037319265
110037319274
110037319292
110037319318
110037319327
110037319336
110037319345
110037319354
110037319363
110037319372
110037319381
110037319390
110037319407
110037319416
110037319434
110037319470
110037319489
110037319498
110037319504
110037319513
110037319540
110037319559
110037319568
110037319577
110037319586
110037319595
110037319602
110037319611
110037319620
110037319639
110037319648
110037319657
110037319666
110037319675
110037319684
110037319700
110037319719
110037319728
110037319737
110037319746
110037319755
110037319764
110037319773
110037319791
110037319808
110037319817
110037319826
110037319835
110037319853
110037319862
110037319906
110037319915
110037319924
110037319933
110037319942
110037319951
110037319979
110037319988
110037320011
110037320020
110037320048
110037320057
110037320066
110037320075
110037320084
110037320093
110037320100
110037320119
110037320128
110037320137
110037320146
110037320155
110037320164
110037320191
110037320208
110037320217
110037320226
110037320235
110037320244
110037320271
110037320280
110037320299
110037320306
110037320324
110037320342
110037320351
110037320360
110037320388
110037320397
110037320404
110037320413
110037320431
110037320440
110037320459
110037320468
110037320477
110037320486
110037320495
110037320501
110037320510
110037320529
110037320538
110037320547
110037320556
110037320565
110037320574
110037320583
110037320609
110037320618
110037320627
110037320636
110037320645
110037320654
110037320663
110037320672
110037320681
110037320716
110037320725
110037320734
110037320743
110037320752
110037320761
110037320789
110037320832
110037320841
110037320850
110037320878
110037320887
110037320896
110037320903
110037320912
110037320921
110037320930
110037320958
110037320976
110037321001
110037321010
110037321029
110037321038
110037321047
110037321056
110037321065
110037321092
110037321109
110037321118
110037321127
110037321136
110037321145
110037321154
110037321163
110037321181
110037321207
110037321216
110037321225
110037321252
110037321261
110037321270
110037321298
110037321314
110037321323
110037321332
110037321350
110037321387
110037321403
110037321412
110037321421
110037321430
110037321449
110037321458
110037321467
110037321476
110037321494
110037321500
110037321519
110037321528
110037321537
110037321546
110037321564
110037321573
110037321582
110037321591
110037321608
110037321617
110037321626
110037321635
110037321644
110037321653
110037321662
110037321680
110037321699
110037321706
110037321715
110037321724
110037321742
110037321788
110037321797
110037321804
110037321813
110037321822
110037321831
110037321840
110037321859
110037321868
110037321877
110037321886
110037321895
110037321902
110037321939
110037321957
110037321975
110037322019
110037322064
110037322073
110037322082
110037322091
110037322108
110037322135
110037322144
110037322153
110037322162
110037322171
110037322180
110037322199
110037322206
110037322215
110037322224
110037322233
110037322242
110037322251
110037322260
110037322279
110037322297
110037322304
110037322313
110037322322
110037322331
110037322340
110037322359
110037322368
110037322377
110037322386
110037322395
110037322402
110037322411
110037322420
110037322439
110037322448
110037322457
110037322475
110037322484
110037322493
110037322518
110037322527
110037322545
110037322563
110037322572
110037322581
110037322590
110037322607
110037322616
110037322625
110037322634
110037322643
110037322689
110037322698
110037322705
110037322732
110037322741
110037322750
110037322769
110037322778
110037322787
110037322796
110037322803
110037322812
110037322821
110037322830
110037322849
110037322858
110037322867
110037322894
110037322901
110037322910
110037322929
110037322938
110037322947
110037322965
110037322974
110037322983
110037323018
110037323027
110037323036
110037323045
110037323054
110037323063
110037323072
110037323081
110037323107
110037323116
110037323125
110037323134
110037323143
110037323161
110037323170
110037323189
110037323198
110037323205
110037323223
110037323232
110037323241
110037323250
110037323269
110037323278
110037323287
110037323296
110037323303
110037323321
110037323330
110037323349
110037323358
110037323367
110037323376
110037323385
110037323394
110037323401
110037323410
110037323429
110037323438
110037323447
110037323456
110037323465
110037323474
110037323483
110037323492
110037323508
110037323535
110037323544
110037323553
110037323562
110037323571
110037323599
110037323606
110037323615
110037323642
110037323660
110037323679
110037323688
110037323697
110037323713
110037323722
110037323731
110037323740
110037323759
110037323768
110037323777
110037323786
110037323795
110037323802
110037323811
110037323820
110037323839
110037323848
110037323857
110037323866
110037323875
110037323884
110037323900
110037323919
110037323928
110037323937
110037323964
110037323973
110037323982
110037323991
110037324008
110037324017
110037324026
110037324035
110037324044
110037324053
110037324062
110037324071
110037324080
110037324099
110037324106
110037324115
110037324124
110037324133
110037324142
110037324160
110037324179
110037324204
110037324231
110037324268
110037324277
110037324286
110037324295
110037324302
110037324311
110037324320
110037324339
110037324357
110037324366
110037324375
110037324384
110037324393
110037324400
110037324419
110037324428
110037324437
110037324446
110037324455
110037324464
110037324473
110037324482
110037324491
110037324516
110037324525
110037324534
110037324543
110037324552
110037324561
110037324589
110037324598
110037324605
110037324623
110037324632
110037324678
110037324687
110037324696
110037324703
110037324712
110037324721
110037324730
110037324749
110037324758
110037324767
110037324776
110037324785
110037324794
110037324801
110037324810
110037324829
110037324847
110037324856
110037324865
110037324874
110037324883
110037324892
110037324909
110037324927
110037324936
110037324945
110037324954
110037324963
110037324972
110037324981
110037324990
110037325007
110037325016
110037325025
110037325034
110037325043
110037325052
