110037325061
110037325070
110037325089
110037325098
110037325105
110037325114
110037325123
110037325141
110037325150
110037325169
110037325187
110037325196
110037325203
110037325212
110037325221
110037325230
110037325249
110037325258
110037325267
110037325276
110037325285
110037325301
110037325338
110037325347
110037325365
110037325374
110037325383
110037325392
110037325409
110037325418
110037325427
110037325436
110037325445
110037325454
110037325463
110037325472
110037325481
110037325490
110037325515
110037325524
110037325533
110037325542
110037325551
110037325560
110037325588
110037325597
110037325604
110037325613
110037325622
110037325640
110037325659
110037325668
110037325677
110037325686
110037325695
110037325702
110037325711
110037325720
110037325739
110037325748
110037325766
110037325775
110037325784
110037325793
110037325800
110037325819
110037325828
110037325846
110037325855
110037325864
110037325873
110037325882
110037325891
110037325908
110037325917
110037325926
110037325935
110037325944
110037325953
110037325971
110037325980
110037325999
110037326006
110037326015
110037326024
110037326033
110037326042
110037326051
110037326060
110037326079
110037326088
110037326097
110037326113
110037326131
110037326140
110037326159
110037326168
110037326177
110037326186
110037326202
110037326220
110037326239
110037326248
110037326257
110037326275
110037326284
110037326293
110037326300
110037326319
110037326328
110037326337
110037326355
110037326364
110037326373
110037326382
110037326391
110037326408
110037326417
110037326435
110037326453
110037326462
110037326471
110037326480
110037326505
110037326514
110037326523
110037326532
110037326541
110037326550
110037326569
110037326578
110037326587
110037326596
110037326603
110037326649
110037326658
110037326667
110037326676
110037326685
110037326694
110037326701
110037326710
110037326729
110037326747
110037326756
110037326765
110037326774
110037326783
110037326792
110037326809
110037326818
110037326827
110037326836
110037326845
110037326854
110037326863
110037326881
110037326890
110037326907
110037326916
110037326934
110037326970
110037326989
110037326998
110037327005
110037327014
110037327023
110037327032
110037327041
110037327069
110037327078
110037327103
110037327112
110037327121
110037327130
110037327149
110037327158
110037327167
110037327176
110037327185
110037327194
110037327201
110037327210
110037327238
110037327247
110037327256
110037327265
110037327274
110037327283
110037327292
110037327309
110037327318
110037327327
110037327336
110037327345
110037327372
110037327390
110037327407
110037327416
110037327425
110037327434
110037327443
110037327452
110037327489
110037327498
110037327504
110037327513
110037327522
110037327531
110037327577
110037327586
110037327595
110037327602
110037327611
110037327620
110037327639
110037327657
110037327675
110037327684
110037327700
110037327728
110037327737
110037327746
110037327755
110037327773
110037327782
110037327791
110037327808
110037327817
110037327826
110037327844
110037327880
110037327899
110037327906
110037327915
110037327924
110037327951
110037327960
110037327979
110037327988
110037327997
110037328004
110037328013
110037328022
110037328040
110037328059
110037328068
110037328077
110037328086
110037328095
110037328102
110037328111
110037328120
110037328148
110037328166
110037328200
110037328219
110037328228
110037328237
110037328264
110037328273
110037328282
110037328308
110037328317
110037328326
110037328353
110037328362
110037328371
110037328380
110037328399
110037328415
110037328424
110037328442
110037328451
110037328479
110037328488
110037328497
110037328503
110037328512
110037328521
110037328549
110037328558
110037328576
110037328585
110037328594
110037328601
110037328610
110037328629
110037328638
110037328647
110037328665
110037328674
110037328683
110037328692
110037328709
110037328718
110037328727
110037328736
110037328745
110037328754
110037328772
110037328781
110037328790
110037328807
110037328816
110037328825
110037328834
110037328843
110037328852
110037328861
110037328870
110037328889
110037328898
110037328905
110037328923
110037328932
110037328941
110037328969
110037328978
110037329003
110037329030
110037329049
110037329058
110037329067
110037329076
110037329085
110037329094
110037329101
110037329138
110037329147
110037329156
110037329174
110037329183
110037329192
110037329209
110037329218
110037329227
110037329236
110037329245
110037329254
110037329272
110037329281
110037329290
110037329307
110037329316
110037329325
110037329334
110037329343
110037329352
110037329361
110037329370
110037329389
110037329398
110037329405
110037329432
110037329450
110037329487
110037329496
110037329502
110037329511
110037329520
110037329539
110037329548
110037329557
110037329575
110037329584
110037329593
110037329600
110037329619
110037329628
110037329637
110037329655
110037329664
110037329673
110037329682
110037329691
110037329708
110037329717
110037329726
110037329735
110037329744
110037329753
110037329762
110037329771
110037329780
110037329799
110037329806
110037329824
110037329833
110037329842
110037329851
110037329860
110037329879
110037329897
110037329913
110037329931
110037329959
110037329977
110037329986
110037329995
110037330000
110037330019
110037330028
110037330037
110037330046
110037330055
110037330064
110037330082
110037330091
110037330108
110037330117
110037330126
110037330135
110037330153
110037330162
110037330180
110037330199
110037330206
110037330215
110037330224
110037330233
110037330251
110037330260
110037330279
110037330288
110037330304
110037330313
110037330322
110037330331
110037330340
110037330359
110037330368
110037330386
110037330395
110037330402
110037330448
110037330475
110037330518
110037330527
110037330536
110037330607
110037330616
110037330625
110037330634
110037330643
110037330652
110037330670
110037330689
110037330698
110037330705
110037330714
110037330723
110037330732
110037330741
110037330769
110037330778
110037330796
110037330803
110037330812
110037330821
110037330830
110037330849
110037330858
110037330867
110037330876
110037330885
110037330894
110037330901
110037330910
110037330929
110037330938
110037330947
110037330956
110037330983
110037330992
110037331009
110037331027
110037331036
110037331045
110037331054
110037331063
110037331072
110037331107
110037331116
110037331125
110037331134
110037331143
110037331161
110037331189
110037331198
110037331205
110037331214
110037331223
110037331232
110037331241
110037331250
110037331269
110037331278
110037331287
110037331296
110037331303
110037331312
110037331321
110037331330
110037331349
110037331367
110037331376
110037331385
110037331401
110037331410
110037331429
110037331438
110037331447
110037331456
110037331465
110037331474
110037331483
110037331492
110037331508
110037331517
110037331535
110037331544
110037331553
110037331562
110037331580
110037331599
110037331615
110037331633
110037331651
110037331679
110037331688
110037331697
110037331704
110037331713
110037331722
110037331740
110037331759
110037331768
110037331777
110037331786
110037331795
110037331802
110037331811
110037331820
110037331848
110037331857
110037331875
110037331884
110037331893
110037331900
110037331919
110037331928
110037331937
110037331946
110037331964
110037331973
110037331982
110037331991
110037332008
110037332017
110037332026
110037332035
110037332044
110037332053
110037332080
110037332099
110037332106
110037332124
110037332142
110037332151
110037332160
110037332188
110037332197
110037332204
110037332213
110037332231
110037332240
110037332259
110037332268
110037332286
110037332295
110037332302
110037332339
110037332348
110037332357
110037332366
110037332375
110037332393
110037332428
110037332874
110037333061
110037333267
110037342667
110037343461
110037344068
110037344460
110037345469
110037345673
110037345682
110037345860
110037354868
110037354886
110037358276
110037358864
110037359060
110037359266
110037359462
110037359471
110037360067
110037360664
110037370261
110037370662
110037370868
110037371867
110037372269
110037372642
110037372651
110037372660
110037372679
110037372697
110037372704
110037372722
110037372740
110037372759
110037372768
110037372777
110037372786
110037372795
110037372802
110037372811
110037372820
110037372839
110037372875
110037372884
110037372900
110037372919
110037372928
110037372937
110037372946
110037372955
110037372964
110037372973
110037372982
110037372991
110037373008
110037373017
110037373026
110037373035
110037373044
110037373053
110037373062
110037373080
110037373099
110037373106
110037373115
110037373124
110037373142
110037373151
110037373179
110037373197
110037373231
110037373268
110037373277
110037373302
110037373311
110037373320
110037373339
110037373357
110037373366
110037373375
110037373400
110037373419
110037373428
110037373437
110037373473
110037373482
110037373491
110037373507
110037373516
110037373525
110037373534
110037373552
110037373561
110037373589
110037373598
110037373614
110037373641
110037373650
110037373669
110037373678
110037373687
110037373696
110037373703
110037373712
110037383462
110037383499
110037383505
110037383514
110037383523
110037383694
110037383729
110037383738
110037383747
110037383792
110037383809
110037383818
110037383827
110037383836
110037383845
110037383854
110037383863
110037384069
110037384274
110037384498
110037384504
110037384513
110037384522
110037384540
110037384559
110037384595
110037384693
110037384700
110037384719
110037384737
110037384764
110037384773
110037384880
110037384906
110037384933
110037384942
110037384960
110037384988
110037384997
110037385013
110037385031
110037385040
110037385059
110037385068
110037385086
110037385102
110037385111
110037385120
110037385157
110037385166
110037385175
110037385184
110037385193
110037385219
110037385228
110037385237
110037385246
110037385255
110037385282
110037385308
110037385317
110037385326
110037385344
110037385497
110037385549
110037385576
110037385585
110037385629
110037385638
110037385647
110037385665
110037385683
110037385709
110037385718
110037385727
110037385736
110037385772
110037385790
110037385816
110037385834
110037385843
110037385898
110037385905
110037385996
110037386003
110037386030
110037386049
110037386058
110037386067
110037386076
110037386085
110037386101
110037386110
110037386129
110037386138
110037386147
110037386156
110037386165
110037386174
110037386183
110037386192
110037386209
110037386218
110037386263
110037386272
110037386316
110037386325
110037386343
110037386352
110037386361
110037386370
110037386423
110037386432
110037386450
110037386487
110037386502
110037386511
110037386520
110037386548
110037386557
110037386566
110037386575
110037386584
110037386593
110037386600
110037386619
110037386628
110037390258
110037390267
110037390338
110037390347
110037390356
110037390365
110037390383
110037390409
110037390418
110037390436
110037390445
110037390463
110037390472
110037390481
110037390490
110037390604
110037390622
110037390640
110037390668
110037390677
110037390686
110037390702
110037390711
110037390720
110037390739
110037390748
110037390766
110037390775
110037390784
110037390793
110037390819
110037390846
110037390855
110037390864
110037390873
110037390891
110037390962
110037390971
110037390980
110037390999
110037391006
110037391015
110037391024
110037391033
110037391051
110037391060
110037391097
110037391131
110037391159
110037391168
110037391177
110037391202
110037391211
110037391220
110037391239
110037391248
110037391257
110037391266
110037391275
110037391284
110037391300
110037391328
110037391355
110037391364
110037391417
110037391426
110037391453
110037391462
110037391471
110037391499
110037391505
110037391523
110037391532
110037391541
110037391569
110037391578
110037391603
110037391658
110037391667
110037391676
110037391685
110037391694
110037391738
110037391747
110037391765
110037391774
110037391783
110037391809
110037391836
110037391845
110037391854
110037391890
110037391907
110037391952
110037391989
110037392014
110037392023
110037392032
110037392050
110037392078
110037392096
110037422143
110037424409
110037436398
110037436405
110037436450
110037436557
110037436600
110037436744
110037436815
110037436860
110037437066
110037437075
110037437084
110037437093
110037437119
110037437182
110037437253
110037437262
110037437333
110037437360
110037437459
110037437486
110037437501
110037437510
110037437529
110037437538
110037437556
110037437565
110037437663
110037437814
110037437921
110037437930
110037437949
110037438172
110037438216
110037438243
110037438305
110037438369
110037438378
110037438403
110037438485
110037438500
110037438564
110037438608
110037438608
110037438797
110037438813
110037438822
110037438895
110037438939
110037439046
110037439055
110037439064
110037439082
110037439153
110037439180
110037439199
110037439359
110037442684
110037442960
110037442979
110037442997
110037443004
110037443022
110037443120
110037443166
110037443200
110037443264
110037443317
110037443353
110037443362
110037443406
110037443415
110037443488
110037443512
110037443521
110037443530
110037443567
