110037443709
110037443754
110037443754
110037443763
110037443781
110037443807
110037443825
110037443834
110037443843
110037443987
110037443996
110037444049
110037444076
110037444085
110037444094
110037444110
110037444183
110037444192
110037444209
110037444218
110037444227
110037444236
110037444254
110037444334
110037444370
110037444398
110037444405
110037444478
110037444496
110037444557
110037444584
110037444593
110037444637
110037444655
110037444691
110037444708
110037444717
110037444744
110037444762
110037444780
110037444799
110037444815
110037444851
110037444888
110037444897
110037444904
110037444940
110037444959
110037444968
110037444977
110037444995
110037445020
110037445039
110037452271
110037452574
110037452681
110037452690
110037452716
110037452725
110037452734
110037452743
110037452752
110037452761
110037452912
110037452930
110037452949
110037452958
110037452976
110037452994
110037453001
110037453010
110037453029
110037453038
110037453047
110037453056
110037453074
110037453083
110037453092
110037453127
110037453136
110037453154
110037453163
110037453172
110037453181
110037453190
110037453216
110037453225
110037453234
110037453243
110037453252
110037453270
110037453289
110037453305
110037453314
110037453323
110037453341
110037453350
110037453369
110037453378
110037453387
110037453421
110037453430
110037453449
110037453458
110037453467
110037453494
110037453500
110037453519
110037453528
110037453537
110037453546
110037453555
110037453564
110037453573
110037453582
110037453591
110037453608
110037453617
110037453626
110037453635
110037453644
110037453653
110037453662
110037453671
110037453680
110037453699
110037453706
110037453715
110037453724
110037453733
110037453751
110037453760
110037453779
110037453788
110037453797
110037453822
110037453840
110037453859
110037453868
110037453877
110037453886
110037453902
110037453911
110037453939
110037453948
110037453966
110037453975
110037453993
110037454046
110037454108
110037454117
110037454126
110037456641
110037456650
110037456794
110037456874
110037457061
110037457098
110037457276
110037457285
110037457463
110037457472
110037457481
110037457490
110037457506
110037457515
110037457524
110037457542
110037457551
110037457560
110037457579
110037457588
110037457597
110037457604
110037457622
110037457631
110037457640
110037457659
110037457668
110037457677
110037457686
110037457695
110037457702
110037457720
110037457748
110037457766
110037457775
110037457793
110037457800
110037457819
110037457828
110037457864
110037458060
110037458079
110037458097
110037458104
110037458168
110037458177
110037458186
110037458195
110037458202
110037458211
110037458220
110037458248
110037458266
110037458275
110037458284
110037458300
110037458319
110037458337
110037458346
110037458505
110037458514
110037458532
110037458863
110037458881
110037459096
110037459112
110037459121
110037459130
110037459149
110037459158
110037459167
110037459176
110037459185
110037459201
110037459210
110037459229
110037459274
110037459283
110037459292
110037459318
110037459327
110037459336
110037459354
110037459363
110037459372
110037459470
110037459489
110037459666
110037459675
110037459684
110037459700
110037459862
110037459871
110037459880
110037460066
110037460075
110037460262
110037460271
110037460280
110037460501
110037460510
110037460565
110037460574
110037460609
110037460672
110037460869
110037461074
110037461261
110037461270
110037461298
110037461305
110037461323
110037461332
110037461350
110037461378
110037461403
110037461467
110037461662
110037461877
110037462064
110037462073
110037462082
110037462260
110037462279
110037462670
110037462689
110037462867
110037463063
110037463287
110037463296
110037463866
110037463875
110037463893
110037463900
110037463919
110037464062
110037464071
110037464080
110037464099
110037464268
110037464277
110037464286
110037464464
110037464473
110037464482
110037464491
110037464507
110037464516
110037464534
110037464543
110037464570
110037464614
110037464623
110037464632
110037464641
110037464650
110037464678
110037464696
110037464703
110037464721
110037464730
110037464758
110037464767
110037464776
110037464794
110037464801
110037464810
110037464829
110037464856
110037464865
110037464874
110037464883
110037464892
110037464909
110037464918
110037464936
110037464945
110037464963
110037464972
110037464981
110037464990
110037465016
110037465025
110037465034
110037465043
110037465052
110037465061
110037465070
110037465098
110037465105
110037465123
110037465132
110037465150
110037465169
110037465187
110037465203
110037465221
110037465258
110037465267
110037465276
110037465285
110037465294
110037465301
110037465310
110037465329
110037465338
110037465347
110037465365
110037465374
110037465392
110037465418
110037465445
110037465463
110037465472
110037465481
110037465515
110037465524
110037465533
110037465542
110037465551
110037465579
110037465588
110037465597
110037465613
110037465631
110037465640
110037465659
110037465668
110037465677
110037465686
110037465695
110037465702
110037465720
110037465748
110037465784
110037465793
110037465819
110037465828
110037465837
110037465846
110037465864
110037465873
110037465882
110037465908
110037465917
110037465926
110037465953
110037465971
110037465999
110037466024
110037466033
110037466042
110037466051
110037466060
110037466079
110037466097
110037466113
110037466122
110037466140
110037466168
110037466195
110037466202
110037466211
110037466220
110037466239
110037466248
110037466257
110037466293
110037466300
110037466328
110037466337
110037466346
110037466355
110037466364
110037466382
110037466391
110037466462
110037466471
110037466505
110037466523
110037466541
110037466550
110037466569
110037466596
110037466612
110037466630
110037466649
110037466658
110037466667
110037466685
110037466694
110037466863
110037466881
110037467078
110037467087
110037467096
110037467103
110037467130
110037467274
110037467283
110037467470
110037467675
110037467693
110037467700
110037467862
110037467871
110037467906
110037468068
110037468077
110037468086
110037468095
110037468120
110037468139
110037468264
110037468273
110037468282
110037468291
110037468308
110037468317
110037468326
110037468335
110037468353
110037468362
110037468371
110037468380
110037468399
110037468406
110037468424
110037468433
110037468442
110037468451
110037468460
110037468479
110037468488
110037468497
110037468503
110037468512
110037468530
110037468558
110037468567
110037468576
110037468585
110037468594
110037468610
110037468638
110037468647
110037468674
110037468709
110037468727
110037468736
110037468745
110037468754
110037468781
110037468790
110037468807
110037468816
110037468825
110037468834
110037468843
110037468852
110037468861
110037468870
110037468889
110037469067
110037469076
110037469085
110037469094
110037469110
110037469129
110037469138
110037469147
110037469156
110037469165
110037469174
110037469183
110037469192
110037469209
110037469218
110037469227
110037469281
110037469290
110037469316
110037469325
110037469334
110037469343
110037469361
110037469398
110037469423
110037469432
110037469441
110037469469
110037469478
110037469487
110037469502
110037469511
110037469520
110037469539
110037469548
110037469557
110037469566
110037469575
110037469584
110037469593
110037469600
110037469619
110037469628
110037469637
110037469646
110037469655
110037469673
110037469682
110037469691
110037469708
110037469717
110037469735
110037469762
110037469771
110037469780
110037469806
110037469815
110037469842
110037469851
110037469860
110037469879
110037469888
110037469897
110037469931
110037469940
110037469968
110037469986
110037469995
110037470000
110037470019
110037470028
110037470046
110037470064
110037470073
110037470091
110037470117
110037470126
110037470135
110037470144
110037470171
110037470215
110037470242
110037470297
110037470304
110037470313
110037470322
110037470331
110037470340
110037470359
110037470368
110037470377
110037470386
110037470402
110037470466
110037470475
110037470484
110037470509
110037470518
110037470527
110037470545
110037470554
110037470616
110037470625
110037470634
110037470643
110037470652
110037470661
110037470670
110037470689
110037470705
110037470714
110037470723
110037470732
110037470741
110037470750
110037470778
110037470787
110037470796
110037470803
110037470812
110037470821
110037470830
110037470858
110037470876
110037470885
110037470894
110037470901
110037470910
110037470929
110037470938
110037470947
110037470956
110037470965
110037470974
110037470992
110037471009
110037471018
110037471027
110037471063
110037471081
110037471090
110037471107
110037471143
110037471161
110037471170
110037471189
110037471198
110037471205
110037471214
110037471250
110037471278
110037471312
110037471321
110037471330
110037471349
110037471367
110037471385
110037471394
110037471438
110037471465
110037471492
110037471508
110037471526
110037471544
110037471553
110037471562
110037471571
110037471580
110037471599
110037471615
110037471651
110037471660
110037471688
110037471704
110037471713
110037471722
110037471740
110037471759
110037471777
110037471786
110037471795
110037471802
110037471820
110037471848
110037471875
110037471900
110037471928
110037471937
110037471946
110037471955
110037471964
110037471973
110037471982
110037471991
110037472008
110037472017
110037472026
110037472035
110037472044
110037472071
110037472080
110037472099
110037472124
110037472133
110037472142
110037472160
110037472179
110037472188
110037472197
110037472204
110037472213
110037472222
110037472231
110037472240
110037472259
110037472268
110037472277
110037472295
110037472473
110037472482
110037472491
110037472507
110037472516
110037472525
110037472534
110037472543
110037472561
110037472598
110037472605
110037472632
110037472641
110037472650
110037472669
110037472678
110037472687
110037472696
110037472703
110037472712
110037472749
110037472758
110037472776
110037472785
110037472794
110037472801
110037472810
110037472838
110037472847
110037472883
110037472892
110037472918
110037472927
110037472936
110037472945
110037472972
110037472981
110037473007
110037473016
110037473025
110037473070
110037473132
110037473141
110037473178
110037473187
110037473196
110037473212
110037473221
110037473267
110037473294
110037473301
110037473310
110037473329
110037473338
110037473347
110037473356
110037473365
110037473383
110037473392
110037473418
110037473427
110037473436
110037473445
110037473454
110037473463
110037473481
110037473490
110037473515
110037473524
110037473533
110037473542
110037473551
110037473579
110037473588
110037473604
110037473622
110037473631
110037473640
110037473659
110037473677
110037473686
110037473695
110037473702
110037473720
110037473739
110037473775
110037473793
110037473800
110037473828
110037473837
110037473846
110037473855
110037473864
110037473891
110037473926
110037473935
110037473962
110037473971
110037473999
110037474006
110037474033
110037474042
110037474051
110037474060
110037474097
110037474104
110037474113
110037474122
110037474131
110037474140
110037474159
110037474168
110037474186
110037474211
110037474220
110037474248
110037474257
110037474266
110037474275
110037474284
110037474293
110037474300
110037474319
110037474328
110037474346
110037474355
110037474373
110037474391
110037474408
110037474417
110037474426
110037474435
110037474444
110037474462
110037474471
110037474480
110037474505
110037474523
110037474532
110037474550
110037474603
110037474612
110037474621
110037474649
110037474658
110037474667
110037474676
110037474694
110037474701
110037474710
110037474729
110037474747
110037474774
110037474783
110037474792
110037474809
110037474818
110037474836
110037474854
110037474863
110037474872
110037474881
110037474890
110037474907
110037474916
110037474925
110037474943
110037474952
110037474970
110037474989
110037474998
110037475014
110037475023
110037475032
110037475041
110037475050
110037475069
110037475078
110037475096
110037475112
110037475149
110037475158
110037475167
110037475176
110037475185
110037475201
110037475210
110037475229
110037475238
110037475247
110037475265
110037475283
110037475309
110037475318
110037475336
110037475345
110037475354
110037475363
110037475390
110037475407
110037475434
110037475452
110037475461
110037475470
110037475489
110037475498
110037475513
110037475522
110037475559
110037475586
110037475595
110037475602
110037475611
110037475620
110037475639
110037475648
110037475666
110037475684
110037475693
110037475700
110037475719
110037475728
110037475755
110037475764
110037475782
110037475791
110037475808
110037475979
110037476004
110037476013
110037476022
110037476031
110037476040
110037476059
110037476068
110037476077
110037476086
110037476095
110037476102
110037476111
110037476157
110037476166
110037476175
110037476184
110037476193
110037476200
110037476228
110037476237
110037476246
110037476255
110037476264
110037476273
110037476282
110037476291
110037476308
110037476353
110037476362
110037476371
110037476399
110037476415
110037476433
110037476460
110037476479
110037476488
110037476497
110037476503
110037476512
