110037476521
110037476549
110037476558
110037476567
110037476576
110037476585
110037476594
110037476601
110037476638
110037476647
110037476665
110037476709
110037476718
110037476727
110037476736
110037476754
110037476781
110037476816
110037476834
110037476852
110037476861
110037476870
110037476898
110037476905
110037476914
110037476923
110037476932
110037476941
110037476950
110037476978
110037476996
110037477003
110037477012
110037477049
110037477058
110037477067
110037477076
110037477085
110037477101
110037477110
110037477129
110037477147
110037477156
110037477165
110037477174
110037477192
110037477245
110037477254
110037477290
110037477307
110037477325
110037477334
110037477352
110037477370
110037477389
110037477398
110037477414
110037477423
110037477432
110037477450
110037477469
110037477478
110037477487
110037477496
110037477502
110037477520
110037477539
110037477557
110037477566
110037477575
110037477584
110037477593
110037477600
110037477619
110037477628
110037477637
110037477646
110037477664
110037477673
110037477691
110037477708
110037477735
110037477753
110037477771
110037477780
110037477799
110037477806
110037477824
110037477842
110037477851
110037477879
110037477888
110037477897
110037477904
110037477940
110037477959
110037477968
110037477977
110037479840
110037479859
110037479939
110037479948
110037479957
110037479966
110037479975
110037479984
110037479993
110037480008
110037480017
110037480026
110037480348
110037480357
110037480366
110037480375
110037480687
110037480972
110037480990
110037481007
110037481016
110037481294
110037481301
110037481329
110037481338
110037481347
110037482088
110037482319
110037482328
110037482337
110037482346
110037482355
110037482373
110037482382
110037482391
110037482426
110037482444
110037482453
110037482462
110037482471
110037482480
110037482499
110037482505
110037482514
110037482523
110037482532
110037482541
110037482550
110037482569
110037482587
110037482596
110037482612
110037483568
110037483577
110037483666
110037484282
110037484674
110037484754
110037484843
110037484852
110037484861
110037485030
110037485156
110037485165
110037485183
110037485209
110037485423
110037485432
110037485441
110037485511
110037485600
110037485691
110037485824
110037486066
110037486075
110037486084
110037486164
110037486299
110037486306
110037486315
110037486324
110037486342
110037486565
110037486761
110037486770
110037486789
110037486805
110037486823
110037486832
110037486841
110037486985
110037486994
110037487001
110037487010
110037487029
110037487038
110037487047
110037487056
110037487065
110037487074
110037487083
110037487092
110037487109
110037487975
110037487984
110037487993
110037488000
110037506990
110037507007
110037507560
110037507579
110037507588
110037507962
110037507971
110037508337
110037508355
110037508364
110037508382
110037508391
110037508408
110037508453
110037508462
110037508747
110037508756
110037508765
110037508774
110037508783
110037509069
110037509078
110037509096
110037509559
110037509568
110037509595
110037509602
110037509611
110037509620
110037509639
110037509648
110037509657
110037509666
110037509693
110037509862
110037509871
110037509997
110037510011
110037510057
110037510066
110037510075
110037510100
110037510510
110037510832
110037510841
110037510850
110037510869
110037510878
110037510887
110037510912
110037510921
110037510930
110037510949
110037510958
110037510976
110037510994
110037511001
110037511010
110037511305
110037511323
110037511332
110037511582
110037511608
110037511617
110037511626
110037511680
110037511699
110037511760
110037511779
110037511788
110037511804
110037511813
110037511822
110037511831
110037511877
110037511886
110037511948
110037512019
110037512340
110037512377
110037512386
110037512395
110037512411
110037512420
110037512439
110037512448
110037512484
110037512493
110037512518
110037512545
110037512563
110037512572
110037512607
110037512616
110037512625
110037514179
110037514222
110037514259
110037514268
110037514277
110037514286
110037514302
110037514339
110037514348
110037514366
110037514393
110037514419
110037514428
110037514446
110037514507
110037514525
110037514589
110037514598
110037514605
110037514678
110037514687
110037514703
110037514712
110037514721
110037514730
110037514963
110037516765
110037517390
110037517498
110037520867
110037521465
110037524676
110037544468
110037548865
110037549668
110037561082
110037561091
110037562866
110037574513
110037574540
110037574559
110037574568
110037574577
110037574648
110037574657
110037574675
110037574719
110037574791
110037574808
110037574817
110037574835
110037574862
110037574871
110037574899
110037575111
110037575861
110037577048
110037577547
110037577752
110037577798
110037577805
110037577823
110037578412
110037584110
110037584192
110037584218
110037584370
110037588928
110037589008
110037589017
110037589026
110037589124
110037589133
110037589286
110037589302
110037589339
110037589348
110037589375
110037589384
110037589393
110037589400
110037589419
110037589614
110037589623
110037589632
110037590130
110037590238
110037590381
110037590684
110037590899
110037590906
110037590979
110037591175
110037591184
110037591200
110037591219
110037591433
110037591442
110037591451
110037591807
110037591825
110037591861
110037592272
110037592405
110037592441
110037592450
110037592469
110037592487
110037592575
110037592833
110037592879
110037592995
110037594074
110037594118
110037594154
110037594163
110037594172
110037594378
110037594387
110037594573
110037595000
110037595108
110037595643
110037596456
110037596465
110037596535
110037596642
110037597099
110037597115
110037597142
110037597231
110037597240
110037597268
110037597366
110037597375
110037597455
110037597525
110037597981
110037598098
110037598267
110037598276
110037598285
110037598365
110037598383
110037599211
110037599266
110037599284
110037599300
110037599916
110037600245
110037600263
110037600405
110037600432
110037600726
110037600744
110037600799
110037600968
110037601761
110037601976
110037602181
110037602234
110037602920
110037602939
110037612964
110037613400
110037613419
110037613437
110037613455
110037613892
110037613909
110037614070
110037614089
110037614098
110037614114
110037614123
110037614150
110037614613
110037614631
110037614640
110037614720
110037614748
110037615710
110037615765
110037616112
110037616121
110037616176
110037617166
110037617451
110037617460
110037617610
110037617629
110037617647
110037701868
110037702661
110037836465
110037837268
110037856996
110037859261
110037870266
110037885465
110037886464
110037887061
110037887668
110037927063
110037928062
110037928464
110037929463
110037929864
110037931487
110037931496
110037931502
110037931511
110037931520
110037931539
110037931557
110037931575
110037931593
110037931600
110037931619
110037931628
110037931637
110037931646
110037931655
110037931664
110037931691
110037931717
110037931771
110037931806
110037931815
110037931824
110037931842
110037931851
110037931879
110037931888
110037931922
110037931931
110037931959
110037932324
110037932333
110037932379
110037932547
110037932565
110037932574
110037932583
110037932592
110037932618
110037932627
110037932636
110037932645
110037932654
110037932663
110037932672
110037932681
110037932690
110037932707
110037932716
110037932734
110037932770
110037932869
110037932878
110037932887
110037932896
110037932903
110037932912
110037932921
110037932930
110037932958
110037932976
110037932994
110037933010
110037933029
110037933056
110037933083
110037933092
110037933109
110037933136
110037933154
110037933181
110037933216
110037933225
110037933234
110037933252
110037933261
110037933270
110037933289
110037933314
110037933323
110037933332
110037933341
110037933350
110037933369
110037933378
110037933387
110037933403
110037933412
110037933430
110037933449
110037933467
110037933476
110037933485
110037933500
110037933519
110037933528
110037933537
110037933564
110037933573
110037933582
110037933591
110037933608
110037933617
110037933626
110037933644
110037933662
110037933671
110037933680
110037933699
110037933724
110037933733
110037933742
110037933779
110037933804
110037933813
110037933822
110037933831
110037933868
110037933877
110037933886
110037933895
110037933902
110037933911
110037933920
110037933957
110037933966
110037933975
110037933984
110037933993
110037934028
110037934037
110037934055
110037934064
110037934073
110037934091
110037934117
110037934126
110037934144
110037934153
110037934171
110037934180
110037934199
110037934206
110037934215
110037934233
110037934251
110037934260
110037934279
110037934297
110037934313
110037934322
110037934331
110037934340
110037934368
110037934377
110037934386
110037934395
110037934411
110037934439
110037934448
110037934457
110037934466
110037934475
110037934509
110037934518
110037934545
110037934563
110037934572
110037934581
110037934616
110037934625
110037934634
110037934652
110037934698
110037934705
110037934732
110037934741
110037934750
110037934769
110037934778
110037934787
110037934796
110037934803
110037934812
110037934821
110037934830
110037934849
110037934858
110037934867
110037934876
110037934894
110037934901
110037934910
110037934929
110037934938
110037934956
110037934965
110037934983
110037934992
110037935018
110037935027
110037935045
110037935054
110037935063
110037935072
110037935107
110037935116
110037935134
110037935143
110037935152
110037935170
110037935189
110037935198
110037935214
110037935223
110037935250
110037935269
110037935278
110037935296
110037935303
110037935358
110037935367
110037935376
110037935385
110037935394
110037935429
110037935438
110037935447
110037935456
110037935465
110037935483
110037935492
110037935517
110037935526
110037935535
110037935544
110037935553
110037935562
110037935580
110037935606
110037935642
110037935651
110037935660
110037935679
110037935688
110037935697
110037935713
110037935722
110037935740
110037935786
110037935795
110037935802
110037935811
110037935820
110037935848
110037935866
110037935875
110037935884
110037935900
110037935919
110037935928
110037935937
110037935946
110037935955
110037935964
110037935973
110037935982
110037935991
110037936008
110037936017
110037936026
110037936035
110037936044
110037936062
110037936080
110037936099
110037936188
110037936197
110037936204
110037936213
110037936222
110037936231
110037936259
110037936268
110037936286
110037936302
110037936311
110037936320
110037936339
110037936534
110037936543
110037937659
110037937668
110037937702
110037938364
110037938373
110037939639
110037941831
110037942082
110037942108
110037942117
110037942554
110037946284
110037946293
110037946532
110037946667
110037947069
110037947078
110037947096
110037947103
110037947185
110037947247
110037947513
110037947522
110037947531
110037947586
110037947620
110037947639
110037947719
110037947844
110037947853
110037947862
110037947871
110037947880
110037947899
110037947906
110037947915
110037948111
110037948148
110037948399
110037948497
110037948629
110037948683
110037949129
110037949147
110037949307
110037949316
110037949325
110037949913
110037949922
110037949931
110037949940
110037950170
110037950223
110037950232
110037950241
110037950394
110037950679
110037951204
110037951277
110037951311
110037951561
110037951570
110037951605
110037951623
110037951632
110037951641
110037951883
110037951909
110037951981
110037952007
110037952016
110037952025
110037952034
110037952766
110037952784
110037952837
110037952855
110037952971
110037952980
110037953186
110037953319
110037953328
110037953603
110037953881
110037954112
110037954121
110037954130
110037954354
110037954461
110037954470
110037954684
110037954951
110037955166
110037955326
110037955638
110037955647
110037955692
110037955978
110037955987
110037956316
110037956496
110037956511
110037956539
110037956557
110037956566
110037956593
110037956637
110037957128
110037957324
110037957333
110037957495
110037957725
110037957734
110037957930
110037958984
110037958993
110037959028
110037959046
110037959091
110037959242
110037959260
110037959279
110037959297
110037959420
110037962461
110037963656
110037963665
110037964165
110037964183
110037964218
110037964227
110037964245
110037965182
110037966029
110037966038
110037966056
110037966421
110037966449
110037966877
110037967199
110037967260
110037968090
110037968189
110037968688
110037968768
110037969339
110037969810
110037970050
110037970069
110037970498
110037970586
110037970602
110037970611
110037970657
110037971086
110037971344
110037972067
110037972076
110037972085
110037972771
110037972959
110037973235
110037974494
110037974788
110037974804
110037975395
110037975402
110037975411
110037975867
110037975876
110037976401
110037976410
110037976438
110037977641
110037977678
110037978230
110037978258
110037978267
110037978766
110037978775
110037978837
110037978846
110037980218
110037980780
110037980799
110037981388
110037981798
110037981805
110037981823
110037982065
110037982234
110037982243
110037982626
110037982644
110037982886
110037983670
110037983698
110037984170
110037984857
110037984875
110037985286
110037985909
