110037985918
110037985927
110037985936
110037986800
110037989353
110037989898
110037991484
110037991732
110037991741
110037991750
110037992189
110037992759
110037993008
110037993419
110037993936
110037993945
110037993972
110037993981
110037993990
110037994114
110037994463
110037994604
110037996238
110037996381
110037997013
110037998502
110037998520
110037998539
110038000481
110038001435
110038001453
110038001658
110038002103
110038002130
110038002808
110038002817
110038002835
110038003718
110038003727
110038005841
110038005850
110038006314
110038006680
110038006706
110038006751
110038006779
110038006804
110038007028
110038008036
110038008606
110038008679
110038008697
110038008795
110038009259
110038009268
110038009543
110038009552
110038009829
110038009918
110038010666
110038011585
110038011594
110038011601
110038011638
110038012398
110038013583
110038013618
110038013627
110038014305
110038014378
110038015386
110038015554
110038016321
110038016367
110038016376
110038018034
110038018089
110038018908
110038018917
110038019523
110038019541
110038019550
110038021173
110038022635
110038022868
110038023144
110038023153
110038023215
110038024429
110038024438
110038024447
110038026757
110038026766
110038027346
110038027514
110038028309
110038028390
110038028951
110038029040
110038029763
110038031279
110038031313
110038033035
110038033044
110038033419
110038033437
110038033446
110038033641
110038034123
110038034294
110038034301
110038035140
110038035523
110038035569
110038035603
110038036309
110038036773
110038037120
110038037148
110038037816
110038037825
110038037861
110038038227
110038038236
110038038254
110038038511
110038038539
110038040198
110038040205
110038040214
110038040232
110038040241
110038040250
110038040269
110038040278
110038040296
110038040303
110038041142
110038044130
110038044149
110038044158
110038044176
110038044201
110038044210
110038044238
110038044247
110038044309
110038044318
110038044345
110038044513
110038044988
110038044997
110038045013
110038045031
110038045040
110038045095
110038045102
110038045111
110038045120
110038045139
110038045175
110038046851
110038047280
110038047397
110038048074
110038048127
110038048813
110038049199
110038049206
110038050079
110038050104
110038050346
110038050364
110038051531
110038051844
110038051871
110038052273
110038053307
110038054128
110038054137
110038054182
110038054191
110038054208
110038055216
110038055243
110038055537
110038056251
110038056288
110038056796
110038057116
110038057125
110038057134
110038057161
110038057535
110038057544
110038057562
110038057580
110038057688
110038058213
110038059267
110038059301
110038059463
110038060040
110038060488
110038060530
110038061290
110038061469
110038062315
110038062333
110038062342
110038063127
110038063626
110038063635
110038065223
110038065508
110038065795
110038066286
110038066703
110038066712
110038066721
110038067141
110038068202
110038068211
110038069835
110038070342
110038070360
110038070413
110038070422
110038070440
110038070459
110038070707
110038070716
110038071314
110038071920
110038071948
110038071957
110038071984
110038072000
110038074525
110038074543
110038076596
110038077416
110038077443
110038079450
110038079487
110038079664
110038079708
110038080340
110038080359
110038080386
110038080395
110038080402
110038081688
110038081955
110038082455
110038082464
110038082473
110038082491
110038082981
110038083105
110038083329
110038083356
110038083374
110038084097
110038084104
110038084122
110038084872
110038085078
110038085087
110038085808
110038085817
110038086175
110038087156
110038087227
110038087815
110038087824
110038087897
110038088324
110038088761
110038088789
110038088805
110038088823
110038088850
110038089591
110038089635
110038091506
110038091515
110038091533
110038091542
110038091551
110038091579
110038091588
110038092355
110038092426
110038093265
110038093363
110038093489
110038094111
110038094139
110038094228
110038094246
110038094255
110038094451
110038094512
110038095003
110038095110
110038095129
110038095245
110038095290
110038096075
110038097591
110038097608
110038098402
110038098732
110038098796
110038099447
110038099553
110038099562
110038099839
110038099848
110038100202
110038100211
110038100220
110038100532
110038100952
110038101835
110038102914
110038103101
110038103316
110038103343
110038103352
110038103389
110038103398
110038103414
110038103441
110038103655
110038103780
110038103815
110038103860
110038103897
110038103904
110038103922
110038103977
110038103986
110038104002
110038104039
110038104048
110038104057
110038104075
110038104084
110038104119
110038104128
110038104137
110038104182
110038104191
110038104217
110038104253
110038104299
110038105029
110038105047
110038105154
110038106153
110038107660
110038107866
110038107875
110038107884
110038107900
110038107919
110038108115
110038108393
110038108400
110038108428
110038108437
110038108446
110038108455
110038108464
110038108473
110038108482
110038108491
110038108507
110038108516
110038108525
110038108534
110038108543
110038108552
110038108561
110038108570
110038108589
110038108598
110038108605
110038108623
110038108632
110038108641
110038108687
110038108712
110038108776
110038108794
110038108810
110038108829
110038108838
110038108847
110038108856
110038108865
110038108874
110038108883
110038108909
110038108936
110038108945
110038108954
110038108963
110038108972
110038108981
110038109007
110038109025
110038109034
110038109043
110038109052
110038109061
110038109070
110038109089
110038109098
110038109123
110038109150
110038109169
110038109178
110038109187
110038109196
110038109203
110038109212
110038109221
110038109230
110038109249
110038109267
110038109276
110038109285
110038109294
110038109301
110038109329
110038109338
110038109356
110038109374
110038109383
110038109409
110038109436
110038109463
110038109472
110038109506
110038109515
110038109524
110038109551
110038109560
110038109579
110038109640
110038109659
110038109668
110038109677
110038109686
110038109695
110038109711
110038109720
110038109757
110038109775
110038109784
110038109819
110038110013
110038110022
110038110031
110038110068
110038110077
110038110086
110038110638
110038110843
110038110861
110038110898
110038110914
110038110932
110038110941
110038110969
110038111272
110038112075
110038112093
110038112119
110038112128
110038112146
110038112155
110038112164
110038112182
110038113065
110038113662
110038113868
110038114260
110038116268
110038118863
110038119069
110038123063
110038129067
110038129263
110038130260
110038130876
110038133463
110038156508
110038158542
110038159122
110038160334
110038161048
110038161440
110038161645
110038162083
110038162118
110038164367
110038165936
110038166481
110038166908
110038168504
110038172946
110038173464
110038174445
110038174711
110038175765
110038175907
110038177068
110038177077
110038177264
110038178227
110038178478
110038178496
110038178502
110038178511
110038178520
110038178539
110038178548
110038178557
110038178566
110038178575
110038178593
110038178619
110038179084
110038179093
110038179119
110038179262
110038179271
110038179280
110038179299
110038179306
110038179315
110038179324
110038179333
110038179342
110038179379
110038179388
110038179397
110038179404
110038179422
110038179440
110038179459
110038179468
110038179486
110038179495
110038179510
110038179529
110038179538
110038179574
110038179583
110038179592
110038179609
110038179618
110038179627
110038179636
110038179654
110038179663
110038179672
110038179681
110038179690
110038179707
110038179789
110038179798
110038179805
110038179878
110038179887
110038179896
110038179912
110038179921
110038179949
110038179967
110038179976
110038179985
110038179994
110038180009
110038180018
110038180027
110038180036
110038180054
110038180063
110038180081
110038180090
110038180107
110038180116
110038180125
110038180134
110038180143
110038180152
110038180161
110038180170
110038180189
110038180198
110038180214
110038180223
110038180232
110038181446
110038181482
110038181491
110038181507
110038181650
110038182007
110038182016
110038182025
110038182043
110038182052
110038182061
110038182276
110038182285
110038182294
110038182301
110038182310
110038182338
110038182347
110038182374
110038182383
110038182392
110038182409
110038182418
110038182427
110038182454
110038182463
110038182542
110038182551
110038182560
110038182579
110038182597
110038182613
110038182622
110038182631
110038182659
110038182668
110038182702
110038182711
110038182720
110038182739
110038182748
110038182757
110038182766
110038182800
110038182819
110038182828
110038182855
110038182882
110038183033
110038183051
110038183097
110038183113
110038183131
110038183140
110038183159
110038183177
110038183195
110038183202
110038183211
110038183220
110038183239
110038183248
110038183266
110038183275
110038183284
110038183293
110038183300
110038183319
110038183328
110038183355
110038183373
110038183382
110038183408
110038183417
110038183444
110038183453
110038183471
110038183505
110038183523
110038183532
110038183541
110038183550
110038183569
110038191863
110038192069
110038192862
110038193068
110038194263
110038194469
110038207865
110038210469
110038210664
110038220270
110038220476
110038220500
110038220519
110038220591
110038221082
110038221162
110038221171
110038221545
110038221625
110038221705
110038221750
110038222303
110038222688
110038222893
110038223008
110038223017
110038223026
110038223035
110038223302
110038223561
110038223909
110038223990
110038224249
110038224258
110038224463
110038224855
110038224864
110038225104
110038225140
110038225426
110038225550
110038225710
110038225863
110038225989
110038225998
110038226032
110038226050
110038226103
110038226112
110038226336
110038226354
110038226498
110038226513
110038226666
110038226719
110038226737
110038226746
110038228165
110038228183
110038228307
110038228343
110038228398
110038228423
110038228432
110038228628
110038228726
110038229654
110038229832
110038230072
110038230152
110038230241
110038230465
110038230517
110038230704
110038230768
110038230795
110038230802
110038230811
110038231062
110038231106
110038231552
110038231561
110038231570
110038231614
110038231632
110038231703
110038232203
110038232276
110038232427
110038232454
110038232463
110038232472
110038233168
110038233499
110038233541
110038233612
110038233989
110038234513
110038234522
110038234531
110038234639
110038234700
110038234853
110038234915
110038235102
110038235184
110038235433
110038235665
110038235754
110038236110
110038236129
110038236138
110038236183
110038236343
110038236566
110038236833
110038236888
110038236959
110038237128
110038237280
110038237306
110038237315
110038237413
110038237422
110038237431
110038237468
110038237618
110038238118
110038238136
110038238190
110038238289
110038238298
110038238332
110038238412
110038238671
110038238699
110038238724
110038238733
110038238760
110038238797
110038239171
110038239242
110038239331
110038239545
110038239572
110038239830
110038239894
110038240114
110038240392
110038240533
110038240579
110038240659
110038240784
110038240837
110038240953
110038240962
110038241060
110038241088
110038241328
110038241337
110038241471
110038241621
110038241667
110038241694
110038241701
110038241952
110038242103
110038242167
110038242185
110038242194
110038242201
110038242229
110038242327
110038242336
110038242470
110038242489
110038242522
110038242531
110038242577
110038242611
110038242746
110038242844
110038242906
110038243102
110038243175
110038243193
110038243255
110038243291
110038243415
110038243424
110038243451
110038243460
110038243656
110038243727
110038243816
110038243941
110038243969
110038243987
110038244012
110038244361
110038244405
110038244566
110038244600
110038244771
110038244780
110038245422
110038245663
110038245672
110038245832
110038245878
110038246145
110038246458
110038246494
110038246751
110038246822
110038247215
110038247340
110038247386
110038247402
110038247616
110038247910
110038247947
110038247965
110038247992
110038248170
110038248330
110038248679
110038248884
110038249008
110038249026
110038249062
110038249115
110038249124
110038249357
110038249366
110038249375
110038249384
110038249393
110038249525
110038249632
110038249892
110038249981
110038250031
110038250086
110038250184
110038250264
110038250399
110038250433
110038250497
110038250745
110038250870
110038251352
110038251361
110038251496
110038251806
110038251842
110038252048
110038252057
110038252164
110038252182
110038252208
110038252235
110038252262
110038252280
110038252486
110038252654
110038252672
110038252743
110038253136
110038253207
110038253341
110038253412
110038253528
110038253680
110038253804
110038253975
110038254359
110038254466
110038254616
110038254787
110038254947
110038254965
110038255072
110038255090
110038255330
110038255376
110038255438
110038255740
110038255786
110038255795
110038255811
110038255820
110038255893
110038256008
110038256115
110038256124
110038256133
110038256142
110038256400
110038256428
110038256464
110038256473
110038256623
110038256641
110038256703
110038256712
110038256758
110038256927
110038256963
