110038257043
110038257052
110038257221
110038257276
110038257329
110038257338
110038257347
110038257409
110038257427
110038257436
110038257659
110038257677
110038257711
110038257864
110038257917
110038258051
110038258104
110038258122
110038258131
110038258177
110038258266
110038258275
110038258284
110038258408
110038258417
110038258453
110038258523
110038258694
110038258701
110038258818
110038258836
110038258854
110038258863
110038258890
110038258970
110038259069
110038259229
110038259256
110038259265
110038259283
110038259381
110038259390
110038259470
110038259489
110038259504
110038259513
110038259611
110038259675
110038259728
110038259764
110038259773
110038259782
110038259826
110038259844
110038259853
110038259862
110038259988
110038260020
110038260119
110038260299
110038260468
110038260636
110038260690
110038261092
110038261270
110038261341
110038261369
110038261387
110038261485
110038261608
110038261724
110038261760
110038261788
110038261804
110038261868
110038262019
110038262448
110038262493
110038262527
110038262536
110038262698
110038262732
110038262867
110038262894
110038262901
110038262956
110038262992
110038263170
110038263189
110038263232
110038263278
110038263312
110038263358
110038263492
110038263508
110038263544
110038263562
110038263571
110038263599
110038263606
110038263615
110038263633
110038263642
110038263697
110038263704
110038263713
110038263759
110038263866
110038263884
110038263937
110038263973
110038264026
110038264080
110038264179
110038264268
110038264428
110038264473
110038264516
110038264525
110038264543
110038264589
110038264598
110038264605
110038264641
110038264767
110038264785
110038264838
110038264981
110038265098
110038265150
110038265196
110038265203
110038265267
110038265276
110038265285
110038265301
110038265310
110038265347
110038265356
110038265365
110038265374
110038265418
110038265445
110038265490
110038265613
110038265631
110038265908
110038265971
110038266140
110038266159
110038266177
110038266346
110038266391
110038266578
110038266694
110038266756
110038266827
110038266998
110038267032
110038267078
110038267087
110038267096
110038267103
110038267112
110038267149
110038267265
110038267309
110038267611
110038267684
110038267737
110038267899
110038268157
110038268193
110038268308
110038268380
110038268503
110038268594
110038268718
110038268727
110038268754
110038268763
110038268790
110038268807
110038268816
110038268870
110038268932
110038268950
110038268978
110038269012
110038269058
110038269067
110038269085
110038269094
110038269183
110038269316
110038269539
110038269664
110038269682
110038269833
110038269851
110038269860
110038270037
110038270055
110038270180
110038270322
110038270359
110038270484
110038270545
110038270590
110038270607
110038270689
110038270698
110038270830
110038270894
110038270938
110038271009
110038271018
110038271036
110038271116
110038271134
110038271161
110038271287
110038271296
110038271367
110038271599
110038272017
110038272231
110038272348
110038272366
110038272446
110038272507
110038272516
110038272589
110038272794
110038272801
110038272810
110038272847
110038272892
110038273098
110038273196
110038273221
110038273365
110038273686
110038273720
110038273944
110038274015
110038274248
110038274355
110038274382
110038274658
110038274667
110038274694
110038274738
110038274747
110038274845
110038274863
110038274916
110038274970
110038274989
110038275121
110038275130
110038275149
110038275167
110038275247
110038275265
110038275283
110038275292
110038275372
110038275461
110038275489
110038275504
110038275522
110038275531
110038275568
110038275577
110038275648
110038275666
110038275693
110038275835
110038275862
110038275924
110038275979
110038276004
110038276102
110038276415
110038276442
110038276647
110038276763
110038276781
110038276914
110038277076
110038277361
110038277389
110038277502
110038277600
110038277619
110038277664
110038277682
110038277691
110038277717
110038277806
110038277815
110038277833
110038277851
110038278100
110038278299
110038278324
110038278583
110038278636
110038278645
110038278789
110038278814
110038278823
110038278841
110038278887
110038278912
110038279065
110038279127
110038279145
110038279154
110038279387
110038279449
110038279537
110038279546
110038279582
110038279797
110038280044
110038280160
110038280179
110038280231
110038280311
110038280703
110038280767
110038280785
110038280865
110038281409
110038281463
110038281506
110038281837
110038281891
110038282051
110038282186
110038282211
110038282248
110038282408
110038282426
110038282499
110038282514
110038282578
110038282630
110038282701
110038282729
110038282738
110038282756
110038282774
110038282863
110038282925
110038282989
110038283130
110038283265
110038283309
110038283461
110038283737
110038283979
110038283997
110038284068
110038284246
110038284255
110038284291
110038284344
110038284424
110038284549
110038284585
110038284594
110038284601
110038284629
110038284807
110038284843
110038284852
110038284898
110038284914
110038284923
110038284932
110038284950
110038284978
110038284996
110038285003
110038285058
110038285094
110038285245
110038285316
110038285325
110038285334
110038285432
110038285487
110038285496
110038285511
110038285548
110038285593
110038285691
110038285904
110038286627
110038286663
110038286752
110038286832
110038286841
110038286896
110038287010
110038287109
110038287127
110038287225
110038287298
110038287305
110038287430
110038287617
110038287831
110038287902
110038287993
110038288153
110038288180
110038288215
110038288233
110038288251
110038288279
110038288297
110038288304
110038288359
110038288368
110038288545
110038289036
110038289189
110038289205
110038289312
110038289349
110038289367
110038289438
110038289571
110038289606
110038289615
110038289964
110038290051
110038290097
110038290186
110038290300
110038290319
110038290328
110038290523
110038290603
110038290783
110038290809
110038290854
110038291014
110038291069
110038291112
110038291130
110038291185
110038291327
110038291407
110038291470
110038291531
110038291611
110038291639
110038291728
110038291737
110038291755
110038291773
110038291791
110038291808
110038291844
110038291960
110038292086
110038292120
110038292139
110038292282
110038292479
110038292665
110038292996
110038293058
110038293076
110038293156
110038293272
110038293316
110038293370
110038293423
110038293487
110038293520
110038293646
110038293888
110038293913
110038293940
110038293986
110038294066
110038294271
110038294306
110038294342
110038294422
110038294431
110038294459
110038294841
110038295109
110038295163
110038295234
110038295305
110038296466
110038296563
110038296965
110038297214
110038297269
110038297349
110038297447
110038297483
110038297615
110038298099
110038298133
110038298213
110038298268
110038298286
110038298295
110038298614
110038298623
110038298856
110038298945
110038298963
110038298972
110038298981
110038299043
110038302501
110038321660
110038330446
110038330482
110038330491
110038330598
110038330605
110038330614
110038330918
110038331267
110038331276
110038331285
110038331301
110038331310
110038331329
110038331338
110038331347
110038331365
110038331374
110038331383
110038331392
110038331418
110038331427
110038331436
110038331445
110038331454
110038331463
110038331481
110038331490
110038331506
110038331515
110038331524
110038331533
110038331542
110038331551
110038331560
110038331579
110038331757
110038331766
110038331775
110038331784
110038331793
110038331800
110038331837
110038331855
110038331864
110038331873
110038331882
110038332275
110038332293
110038332300
110038332319
110038332328
110038332337
110038332346
110038332355
110038332364
110038332373
110038332382
110038332408
110038332809
110038332827
110038332845
110038332854
110038332863
110038332872
110038332881
110038332890
110038332907
110038332916
110038332925
110038332934
110038332952
110038332961
110038333069
110038333078
110038333096
110038333112
110038333121
110038333130
110038333149
110038333158
110038333167
110038333176
110038333201
110038333210
110038333504
110038333513
110038333522
110038333531
110038333540
110038333568
110038333577
110038333586
110038333595
110038333602
110038333611
110038333620
110038333639
110038333648
110038333666
110038333684
110038333693
110038333728
110038333737
110038334077
110038334095
110038334111
110038334120
110038334415
110038334433
110038334451
110038334460
110038334479
110038334488
110038334497
110038334503
110038334512
110038334521
110038334530
110038334549
110038334567
110038334576
110038334594
110038334601
110038334610
110038334629
110038334638
110038334647
110038334656
110038334665
110038334674
110038334692
110038334709
110038334718
110038334727
110038334754
110038334763
110038334781
110038334843
110038334852
110038334861
110038334870
110038334889
110038334898
110038334923
110038335227
110038335236
110038335263
110038335272
110038335281
110038335316
110038335325
110038335334
110038335343
110038335352
110038335370
110038335405
110038335414
110038335423
110038335432
110038335441
110038335469
110038335593
110038335628
110038335637
110038335655
110038335664
110038335673
110038335691
110038335708
110038335726
110038335744
110038335753
110038335762
110038335771
110038335780
110038335799
110038335806
110038335815
110038335824
110038335842
110038335851
110038335860
110038335879
110038335904
110038335913
110038335922
110038335931
110038335940
110038335959
110038335968
110038335995
110038336100
110038336173
110038336182
110038336191
110038336208
110038336262
110038336280
110038336299
110038336315
110038336324
110038336333
110038336342
110038336360
110038336379
110038336388
110038336397
110038336404
110038336413
110038336422
110038336431
110038336440
110038336468
110038336477
110038336486
110038336495
110038336529
110038336538
110038336547
110038336556
110038336565
110038336574
110038336583
110038338064
110038338073
110038338082
110038338091
110038338108
110038338117
110038338126
110038338135
110038338144
110038338153
110038338162
110038338171
110038338180
110038338199
110038338206
110038338215
110038338224
110038338233
110038338242
110038338251
110038338260
110038338279
110038338288
110038338297
110038338304
110038338322
110038338331
110038338340
110038338359
110038338368
110038338377
110038338395
110038338402
110038338411
110038338420
110038338439
110038338448
110038338457
110038338475
110038338484
110038338493
110038338509
110038338518
110038338527
110038338536
110038338545
110038338554
110038338572
110038338581
110038338590
110038338607
110038338616
110038338625
110038338634
110038338643
110038338652
110038338661
110038338670
110038338689
110038338705
110038338714
110038338723
110038338732
110038338741
110038338750
110038338769
110038338778
110038338787
110038338796
110038338803
110038338812
110038338821
110038338830
110038338849
110038338858
110038338867
110038338876
110038338885
110038338894
110038338910
110038338929
110038338938
110038338947
110038338956
110038338965
110038338974
110038338983
110038338992
110038339009
110038339018
110038339027
110038339036
110038339045
110038339054
110038339063
110038339072
110038339090
110038339107
110038339116
110038339125
110038339134
110038339143
110038339152
110038339161
110038339189
110038339198
110038339205
110038339214
110038339223
110038339232
110038339241
110038339250
110038339269
110038339278
110038339287
110038339296
110038339303
110038339312
110038339321
110038339349
110038339358
110038339367
110038339376
110038339385
110038339401
110038339410
110038339429
110038339438
110038339447
110038339456
110038339465
110038339483
110038339492
110038339508
110038339517
110038339526
110038339535
110038339544
110038339553
110038339562
110038339571
110038339580
110038339606
110038339615
110038339624
110038339633
110038339642
110038339651
110038339660
110038339679
110038339688
110038339697
110038339704
110038339713
110038339731
110038339740
110038339759
110038339768
110038339777
110038339786
110038339802
110038339811
110038339820
110038339848
110038339857
110038339866
110038339875
110038339884
110038339893
110038339900
110038339919
110038339928
110038339937
110038339946
110038339955
110038339964
110038339973
110038339982
110038339991
110038340006
110038340015
110038340024
110038340033
110038340042
110038340051
110038340060
110038340079
110038340088
110038340097
110038340104
110038340113
110038340122
110038340131
110038340140
110038340159
110038340168
110038340177
110038340186
110038340195
110038340202
110038340211
110038340220
110038340239
110038340248
110038340257
110038340266
110038340275
110038340284
110038340293
110038340300
110038340319
110038340328
110038340337
110038340346
110038340355
110038340364
110038340373
110038340382
110038340408
110038340417
110038340426
110038340435
110038340444
110038340453
110038340462
110038340471
110038340480
110038340499
110038340505
110038340514
110038340523
110038340532
110038340541
110038340550
110038340569
110038340578
110038340587
110038340596
110038340603
110038340612
110038340621
110038340630
110038340649
110038340658
110038340667
110038340676
110038340685
110038340694
110038340701
