110038340710
110038340729
110038340738
110038340747
110038340756
110038340765
110038340774
110038340783
110038340792
110038340809
110038340818
110038340827
110038340836
110038340845
110038340854
110038340863
110038340881
110038340890
110038340907
110038340916
110038340934
110038340943
110038340952
110038340961
110038340970
110038340989
110038340998
110038341005
110038341014
110038341023
110038341032
110038341050
110038341069
110038341078
110038341087
110038341096
110038341103
110038341112
110038341149
110038341158
110038341167
110038341176
110038341185
110038341194
110038341201
110038341210
110038341247
110038341256
110038341265
110038341274
110038341283
110038341292
110038341309
110038341318
110038341336
110038341345
110038341363
110038341372
110038341381
110038341407
110038341416
110038341425
110038341434
110038341443
110038341452
110038341461
110038341470
110038341489
110038341498
110038341504
110038341522
110038341531
110038341540
110038341559
110038341568
110038341577
110038341586
110038341595
110038341602
110038341611
110038341620
110038341639
110038341648
110038341657
110038341666
110038341675
110038341684
110038341693
110038341728
110038341737
110038341746
110038341755
110038341773
110038341791
110038341817
110038341826
110038341835
110038341844
110038341853
110038341862
110038341871
110038341880
110038341899
110038341906
110038341915
110038341924
110038341933
110038341942
110038341951
110038341960
110038341979
110038341988
110038341997
110038342004
110038342013
110038342022
110038342031
110038342040
110038342059
110038342068
110038342077
110038342086
110038342095
110038342102
110038342111
110038342120
110038342139
110038342148
110038342157
110038342166
110038342175
110038342184
110038342193
110038342200
110038342219
110038342228
110038342237
110038342246
110038342255
110038342273
110038342282
110038342291
110038342308
110038342317
110038342326
110038342335
110038342353
110038342362
110038342371
110038342380
110038342399
110038342406
110038342415
110038342424
110038342433
110038342442
110038342451
110038342460
110038342479
110038342488
110038342497
110038342503
110038342512
110038342521
110038342530
110038342549
110038342558
110038342567
110038342576
110038342585
110038342594
110038342601
110038342629
110038342638
110038342647
110038342656
110038342665
110038342674
110038342683
110038342692
110038342709
110038342718
110038342727
110038342736
110038342745
110038342754
110038342763
110038342772
110038342790
110038342807
110038342825
110038342834
110038342843
110038342852
110038342861
110038342870
110038342889
110038342898
110038342905
110038342914
110038342923
110038342941
110038342950
110038342969
110038342987
110038342996
110038343012
110038343021
110038343030
110038343049
110038343058
110038343067
110038343076
110038343085
110038343094
110038343101
110038343110
110038343129
110038343138
110038343147
110038343156
110038343165
110038343174
110038343183
110038343192
110038343209
110038343218
110038343227
110038343236
110038343245
110038343254
110038343263
110038343272
110038343281
110038343290
110038343307
110038343316
110038343325
110038343334
110038343343
110038343352
110038343361
110038343398
110038343405
110038343414
110038343423
110038343432
110038343450
110038343469
110038343478
110038343487
110038343496
110038343502
110038343511
110038343520
110038343557
110038343566
110038343575
110038343584
110038343600
110038343619
110038343628
110038343637
110038343646
110038343664
110038343673
110038343682
110038343691
110038343708
110038343717
110038343726
110038343735
110038343744
110038343753
110038343762
110038343771
110038343780
110038343799
110038343806
110038343815
110038343824
110038343833
110038343842
110038343851
110038343860
110038343879
110038343888
110038343897
110038343904
110038343913
110038343922
110038343931
110038343940
110038343959
110038343968
110038343977
110038343986
110038343995
110038344002
110038344011
110038344020
110038344039
110038344057
110038344066
110038344075
110038344084
110038344093
110038344100
110038344119
110038344128
110038344137
110038344146
110038344155
110038344164
110038344173
110038344182
110038344191
110038344208
110038344217
110038344226
110038344235
110038344244
110038344262
110038344271
110038344280
110038344299
110038344306
110038344315
110038344324
110038344333
110038344342
110038344351
110038344360
110038344379
110038344388
110038344397
110038344404
110038344413
110038344422
110038344440
110038344459
110038344468
110038344477
110038344486
110038344495
110038344501
110038344510
110038344529
110038344538
110038344547
110038344556
110038344565
110038344574
110038344583
110038344592
110038344609
110038344618
110038344636
110038344654
110038344663
110038344672
110038344681
110038344690
110038344707
110038344716
110038344725
110038344743
110038344752
110038344761
110038344770
110038344789
110038344798
110038344805
110038344814
110038344832
110038344841
110038344850
110038344869
110038344887
110038344896
110038344903
110038344912
110038344921
110038344930
110038344949
110038344958
110038344976
110038344985
110038344994
110038345001
110038345010
110038345029
110038345038
110038345047
110038345056
110038345074
110038345083
110038345092
110038345109
110038345118
110038345127
110038345136
110038345145
110038345154
110038345163
110038345172
110038345181
110038345190
110038345207
110038345216
110038345225
110038345234
110038345243
110038345252
110038345261
110038345270
110038345289
110038345298
110038345305
110038345314
110038345323
110038345341
110038345350
110038345369
110038345378
110038345387
110038345403
110038345412
110038345421
110038345430
110038345449
110038345458
110038345467
110038345476
110038345485
110038345494
110038345500
110038345519
110038345528
110038345537
110038345546
110038345555
110038345564
110038345573
110038345582
110038345591
110038345608
110038345617
110038345626
110038345635
110038345644
110038345653
110038345662
110038345671
110038345680
110038345699
110038345706
110038345715
110038345724
110038345733
110038345742
110038345751
110038345760
110038345779
110038345788
110038345797
110038345804
110038345813
110038345822
110038345831
110038345840
110038345859
110038345877
110038345886
110038345895
110038345902
110038345911
110038345920
110038345939
110038345948
110038345957
110038345966
110038345975
110038345984
110038345993
110038346000
110038346019
110038346028
110038346046
110038346055
110038346064
110038346082
110038346091
110038346117
110038346126
110038346135
110038346144
110038346153
110038346162
110038346180
110038346199
110038346206
110038346215
110038346224
110038346233
110038346242
110038346251
110038346260
110038346279
110038346288
110038346297
110038346304
110038346313
110038346322
110038346340
110038346359
110038346368
110038346377
110038346386
110038346395
110038346402
110038346411
110038346420
110038346439
110038346448
110038346457
110038346466
110038346475
110038346484
110038346493
110038346509
110038346518
110038346527
110038346536
110038346545
110038346563
110038346572
110038346581
110038346590
110038346607
110038346616
110038346625
110038346634
110038346643
110038346652
110038346661
110038346670
110038346689
110038346698
110038346705
110038346714
110038346723
110038346741
110038346750
110038346769
110038346778
110038346787
110038346796
110038346803
110038346812
110038346830
110038346849
110038346858
110038346867
110038346876
110038346885
110038346894
110038346901
110038346910
110038346938
110038346947
110038346956
110038346965
110038346974
110038346983
110038346992
110038347009
110038347027
110038347036
110038347045
110038347054
110038347063
110038347072
110038347081
110038347090
110038347107
110038347116
110038347125
110038347134
110038347152
110038347161
110038347170
110038347189
110038347198
110038347205
110038347214
110038347223
110038347232
110038347241
110038347250
110038347269
110038347278
110038347287
110038347296
110038347303
110038347312
110038347321
110038347330
110038347349
110038347358
110038347367
110038347376
110038347385
110038347394
110038347401
110038347410
110038347429
110038347438
110038347447
110038347456
110038347465
110038347474
110038347483
110038347492
110038347508
110038347517
110038347526
110038347535
110038347544
110038347553
110038347562
110038347571
110038347580
110038347599
110038347606
110038347615
110038347624
110038347633
110038347642
110038347651
110038347679
110038347688
110038347697
110038347704
110038347713
110038347722
110038347740
110038347759
110038347768
110038347777
110038347786
110038347795
110038347811
110038347820
110038347848
110038347857
110038347866
110038347875
110038347884
110038347893
110038347900
110038347919
110038347928
110038347937
110038347946
110038347955
110038347964
110038347973
110038347991
110038348008
110038348017
110038348026
110038348035
110038348044
110038348053
110038348062
110038348071
110038348099
110038348106
110038348115
110038348124
110038348133
110038348142
110038348151
110038348160
110038348179
110038348188
110038348197
110038348204
110038348213
110038348222
110038348231
110038348240
110038348259
110038348268
110038348277
110038348295
110038348302
110038348311
110038348320
110038348339
110038348348
110038348357
110038348366
110038348375
110038348384
110038348393
110038348400
110038348419
110038348428
110038348437
110038348446
110038348464
110038348473
110038348482
110038348491
110038348507
110038348516
110038348525
110038348534
110038348543
110038348561
110038348570
110038348589
110038348598
110038348605
110038348614
110038348623
110038348632
110038348641
110038348650
110038348669
110038348678
110038348687
110038348696
110038348703
110038348712
110038348721
110038348730
110038348749
110038348758
110038348767
110038348776
110038348794
110038348801
110038348810
110038348829
110038348838
110038348856
110038348865
110038348874
110038348883
110038348892
110038348909
110038348918
110038348927
110038348936
110038348945
110038348954
110038348963
110038348972
110038348981
110038348990
110038349007
110038349016
110038349025
110038349034
110038349043
110038349052
110038349098
110038349105
110038349123
110038349132
110038349141
110038349169
110038349178
110038349187
110038349196
110038349203
110038349212
110038349221
110038349230
110038349249
110038349258
110038349267
110038349276
110038349285
110038349294
110038349301
110038349310
110038349329
110038349338
110038349347
110038349356
110038349365
110038349374
110038349383
110038349392
110038349409
110038349418
110038349427
110038349436
110038349445
110038349454
110038349463
110038349472
110038349481
110038349490
110038349506
110038349515
110038349524
110038349533
110038349542
110038349551
110038349560
110038349579
110038349588
110038349597
110038349604
110038349613
110038349622
110038349631
110038349640
110038349659
110038349668
110038349677
110038349686
110038349695
110038349702
110038349711
110038349720
110038349739
110038349748
110038349757
110038349766
110038349775
110038349784
110038349793
110038349800
110038349819
110038349828
110038349837
110038349846
110038349855
110038349864
110038349873
110038349908
110038349917
110038349926
110038349935
110038349944
110038349953
110038349971
110038349980
110038349999
110038350012
110038350021
110038350030
110038350049
110038350058
110038350067
110038350076
110038350085
110038350094
110038350101
110038350110
110038350129
110038350138
110038350147
110038350156
110038350165
110038350174
110038350183
110038350192
110038350209
110038350218
110038350227
110038350236
110038350245
110038350254
110038350263
110038350272
110038350281
110038350290
110038350307
110038350316
110038350325
110038350334
110038350343
110038350352
110038350361
110038350370
110038350398
110038350405
110038350414
110038350423
110038350432
110038350441
110038350450
110038350469
110038350478
110038350496
110038350502
110038350520
110038350539
110038350548
110038350557
110038350566
110038350575
110038350593
110038350600
110038350619
110038350628
110038350637
110038350646
110038350664
110038350673
110038350682
110038350691
110038350708
110038350726
110038350735
110038350744
110038350753
110038350762
110038350771
110038350780
110038350799
110038350815
110038350833
110038350842
110038350851
110038350860
110038350879
110038350888
110038350897
110038350904
110038350913
110038350922
110038350931
110038350940
110038350959
110038350968
110038350977
110038350986
110038350995
110038351002
110038351011
110038351020
110038351039
110038351048
110038351057
110038351066
110038351084
110038351093
110038351100
110038351128
110038351137
110038351146
110038351155
110038351164
110038351173
110038351182
110038351191
110038351208
110038351217
110038351226
110038351235
110038351244
110038351253
110038351262
110038351271
110038351280
110038351299
110038351315
110038351324
110038351333
110038351342
110038351360
110038351379
110038351388
110038351397
110038351404
110038351413
110038351422
110038351431
110038351440
110038351459
110038351468
110038351477
110038351486
110038351495
110038351501
110038351529
110038351538
110038351547
110038351556
110038351565
110038351574
110038351583
