110038351592
110038351618
110038351627
110038351636
110038351645
110038351654
110038351663
110038351672
110038351681
110038351690
110038351707
110038351716
110038351725
110038351734
110038351743
110038351752
110038351761
110038351770
110038351789
110038351798
110038351805
110038351814
110038351823
110038351832
110038351841
110038351850
110038351869
110038351878
110038351887
110038351896
110038351903
110038351912
110038351930
110038351949
110038351967
110038351976
110038351985
110038352010
110038352029
110038352038
110038352047
110038352056
110038352065
110038352074
110038352083
110038352092
110038352109
110038352127
110038352136
110038352145
110038352154
110038352163
110038352172
110038352181
110038352190
110038352207
110038352216
110038352225
110038352234
110038352243
110038352252
110038352261
110038352270
110038352289
110038352305
110038352314
110038352323
110038352341
110038352350
110038352369
110038352378
110038352387
110038352403
110038352412
110038352421
110038352430
110038352449
110038352458
110038352467
110038352476
110038352485
110038352494
110038352500
110038352519
110038352528
110038352546
110038352555
110038352564
110038352573
110038352582
110038352591
110038352608
110038352617
110038352626
110038352635
110038352644
110038352653
110038352662
110038352671
110038352680
110038352699
110038352715
110038352724
110038352733
110038352742
110038352751
110038352760
110038352779
110038352788
110038352804
110038352813
110038352822
110038352831
110038352840
110038352859
110038352868
110038352877
110038352886
110038352902
110038352911
110038352920
110038352939
110038352948
110038352957
110038352966
110038352975
110038352993
110038353000
110038353019
110038353028
110038353037
110038353046
110038353055
110038353064
110038353073
110038353082
110038353091
110038353108
110038353117
110038353126
110038353135
110038353144
110038353153
110038353162
110038353171
110038353180
110038353206
110038353215
110038353224
110038353233
110038353242
110038353251
110038353260
110038353279
110038353288
110038353297
110038353304
110038353313
110038353322
110038353331
110038353340
110038353359
110038353368
110038353402
110038353411
110038353420
110038353439
110038353448
110038353457
110038353466
110038353484
110038353493
110038353509
110038353518
110038353527
110038353536
110038353545
110038353554
110038353563
110038353572
110038353581
110038353590
110038353607
110038353616
110038353625
110038353634
110038353643
110038353652
110038353661
110038353670
110038353689
110038353698
110038353705
110038353714
110038353723
110038353732
110038353741
110038353750
110038353778
110038353787
110038353796
110038353803
110038353821
110038353830
110038353849
110038353858
110038353867
110038353876
110038353885
110038353894
110038353901
110038353910
110038353929
110038353938
110038353947
110038353965
110038353974
110038353983
110038353992
110038354009
110038354018
110038354027
110038354036
110038354045
110038354054
110038354063
110038354072
110038354081
110038354090
110038354107
110038354116
110038354125
110038354134
110038354143
110038354152
110038354161
110038354170
110038354189
110038354205
110038354214
110038354232
110038354241
110038354250
110038354278
110038354287
110038354296
110038354303
110038354312
110038354321
110038354330
110038354349
110038354358
110038354367
110038354376
110038354385
110038354394
110038354401
110038354410
110038354429
110038354438
110038354447
110038354456
110038354465
110038354474
110038354483
110038354492
110038354508
110038354517
110038354526
110038354535
110038354544
110038354553
110038354562
110038354571
110038354580
110038354599
110038354606
110038354615
110038354624
110038354633
110038354642
110038354651
110038354660
110038354697
110038354704
110038354722
110038354731
110038354740
110038354759
110038354768
110038354777
110038354786
110038354795
110038354811
110038354820
110038354839
110038354848
110038354857
110038354866
110038354875
110038354884
110038354893
110038354900
110038354919
110038354928
110038354937
110038354946
110038354955
110038354964
110038354973
110038354982
110038354991
110038355008
110038355017
110038355026
110038355035
110038355044
110038355053
110038355062
110038355071
110038355080
110038355099
110038355106
110038355124
110038355133
110038355142
110038355151
110038355160
110038355179
110038355188
110038355197
110038355204
110038355213
110038355231
110038355240
110038355259
110038355268
110038355277
110038355286
110038355295
110038355302
110038355311
110038355320
110038355339
110038355348
110038355357
110038355375
110038355384
110038355393
110038355419
110038355428
110038355437
110038355446
110038355455
110038355464
110038355473
110038355482
110038355491
110038355507
110038355516
110038355525
110038355534
110038355543
110038355552
110038355561
110038355570
110038355605
110038355614
110038355623
110038355632
110038355641
110038355650
110038355669
110038355678
110038355687
110038355696
110038355703
110038355712
110038355721
110038355730
110038355749
110038355758
110038355767
110038355776
110038355785
110038355794
110038355801
110038355810
110038355829
110038355838
110038355847
110038355856
110038355865
110038355874
110038355883
110038355892
110038355909
110038355918
110038355927
110038355936
110038355945
110038355954
110038355972
110038355981
110038356007
110038356025
110038356034
110038356043
110038356052
110038356070
110038356089
110038356098
110038356105
110038356114
110038356123
110038356132
110038356141
110038356150
110038356169
110038356178
110038356187
110038356196
110038356203
110038356212
110038356221
110038356230
110038356249
110038356258
110038356267
110038356276
110038356285
110038356294
110038356301
110038356310
110038356329
110038356338
110038356347
110038356356
110038356365
110038356383
110038356392
110038356409
110038356418
110038356427
110038356436
110038356445
110038356454
110038356463
110038356472
110038356481
110038356490
110038356506
110038356515
110038356524
110038356533
110038356542
110038356551
110038356588
110038356604
110038356613
110038356622
110038356640
110038356659
110038356668
110038356677
110038356686
110038356695
110038356702
110038356720
110038356739
110038356748
110038356757
110038356766
110038356775
110038356784
110038356793
110038356800
110038356819
110038356828
110038356837
110038356846
110038356855
110038356864
110038356873
110038356882
110038356891
110038356908
110038356917
110038356926
110038356944
110038356962
110038356971
110038356980
110038356999
110038357006
110038357015
110038357024
110038357033
110038357042
110038357051
110038357060
110038357079
110038357088
110038357097
110038357104
110038357113
110038357122
110038357131
110038357140
110038357159
110038357168
110038357177
110038357195
110038357202
110038357211
110038357220
110038357239
110038357248
110038357257
110038357266
110038357275
110038357284
110038357300
110038357319
110038357328
110038357337
110038357346
110038357355
110038357364
110038357373
110038357382
110038357391
110038357408
110038357417
110038357426
110038357435
110038357444
110038357453
110038357462
110038357471
110038357480
110038357499
110038357505
110038357514
110038357523
110038357532
110038357550
110038357569
110038357578
110038357596
110038357603
110038357612
110038357630
110038357649
110038357676
110038357685
110038357694
110038357701
110038357729
110038357738
110038357747
110038357756
110038357765
110038357774
110038357783
110038357792
110038357809
110038357827
110038357845
110038357863
110038357872
110038357881
110038357890
110038357907
110038357916
110038357934
110038357943
110038357952
110038357970
110038357989
110038357998
110038358005
110038358023
110038358032
110038358041
110038358069
110038358078
110038358087
110038358096
110038358103
110038358112
110038358121
110038358130
110038358149
110038358158
110038358176
110038358185
110038358194
110038358201
110038358210
110038358229
110038358238
110038358247
110038358256
110038358265
110038358274
110038358283
110038358292
110038358309
110038358318
110038358327
110038358336
110038358345
110038358354
110038358363
110038358372
110038358381
110038358390
110038358407
110038358416
110038358425
110038358434
110038358443
110038358452
110038358461
110038358470
110038358489
110038358498
110038358504
110038358513
110038358522
110038358531
110038358540
110038358559
110038358568
110038358577
110038358586
110038358595
110038358602
110038358611
110038358620
110038358639
110038358657
110038358666
110038358684
110038358693
110038358700
110038358719
110038358728
110038358737
110038358746
110038358755
110038358764
110038358773
110038358782
110038358791
110038358808
110038358817
110038358826
110038358835
110038358844
110038358853
110038358862
110038358899
110038358906
110038358915
110038358924
110038358933
110038358942
110038358951
110038358960
110038358988
110038358997
110038359004
110038359013
110038359022
110038359031
110038359040
110038359059
110038359068
110038359077
110038359086
110038359095
110038359102
110038359111
110038359120
110038359139
110038359148
110038359157
110038359166
110038359175
110038359184
110038359193
110038359200
110038359219
110038359228
110038359237
110038359246
110038359255
110038359264
110038359273
110038359282
110038359291
110038359308
110038359317
110038359326
110038359335
110038359344
110038359353
110038359371
110038359380
110038359399
110038359406
110038359415
110038359424
110038359433
110038359442
110038359451
110038359460
110038359479
110038359488
110038359503
110038359512
110038359521
110038359530
110038359549
110038359558
110038359567
110038359594
110038359601
110038359610
110038359629
110038359638
110038359647
110038359656
110038359665
110038359674
110038359683
110038359692
110038359718
110038359727
110038359736
110038359745
110038359754
110038359763
110038359772
110038359790
110038359807
110038359816
110038359825
110038359834
110038359843
110038359852
110038359861
110038359870
110038359889
110038359898
110038359914
110038359923
110038359932
110038359941
110038359950
110038359969
110038359978
110038359987
110038360001
110038360029
110038360038
110038360047
110038360056
110038360065
110038360074
110038360092
110038360109
110038360118
110038360127
110038360136
110038360145
110038360154
110038360163
110038360172
110038360207
110038360216
110038360225
110038360234
110038360243
110038360252
110038360261
110038360289
110038360298
110038360305
110038360314
110038360323
110038360332
110038360341
110038360350
110038360369
110038360378
110038360396
110038360403
110038360412
110038360421
110038360430
110038360449
110038360458
110038360467
110038360485
110038360494
110038360500
110038360519
110038360528
110038360537
110038360564
110038360573
110038360582
110038360591
110038360608
110038360617
110038360626
110038360635
110038360644
110038360653
110038360671
110038360680
110038360699
110038360706
110038360715
110038360733
110038360742
110038360751
110038360760
110038360779
110038360788
110038360797
110038360813
110038360822
110038360831
110038360840
110038360859
110038360868
110038360877
110038360886
110038360911
110038360920
110038360939
110038360948
110038360957
110038360966
110038360975
110038360984
110038360993
110038361000
110038361019
110038361028
110038361037
110038361046
110038361055
110038361064
110038361073
110038361082
110038361091
110038361108
110038361117
110038361126
110038361144
110038361153
110038361162
110038361171
110038361180
110038361199
110038361206
110038361215
110038361224
110038361233
110038361242
110038361251
110038361260
110038361279
110038361288
110038361297
110038361304
110038361313
110038361322
110038361331
110038361340
110038361359
110038361368
110038361377
110038361386
110038361395
110038361402
110038361411
110038361420
110038361439
110038361448
110038361457
110038361466
110038361475
110038361484
110038361493
110038361509
110038361518
110038361527
110038361536
110038361545
110038361554
110038361563
110038361572
110038361581
110038361590
110038361607
110038361625
110038361634
110038361643
110038361652
110038361661
110038361670
110038361689
110038361698
110038361705
110038361714
110038361723
110038361732
110038361741
110038361750
110038361769
110038361778
110038361787
110038361796
110038361803
110038361812
110038361821
110038361830
110038361849
110038361858
110038361867
110038361876
110038361885
110038361894
110038361901
110038361910
110038361938
110038361947
110038361956
110038361965
110038361974
110038361983
110038361992
110038362009
110038362018
110038362027
110038362036
110038362045
110038362054
110038362063
110038362072
110038362081
110038362090
110038362107
110038362116
110038362125
110038362143
110038362152
110038362161
110038362170
110038362189
110038362198
110038362205
110038362214
110038362223
110038362232
110038362241
110038362250
110038362269
110038362278
110038362287
110038362296
110038362303
110038362312
110038362321
110038362330
110038362349
110038362358
110038362367
110038362376
110038362385
110038362394
110038362401
110038362410
110038362429
110038362438
110038362447
110038362456
110038362465
110038362474
110038363482
110038363632
110038363687
110038363767
110038363776
