110038364855
110038365382
110038365701
110038366942
110038366942
110038367718
110038369869
110038369878
110038369887
110038369896
110038369903
110038369912
110038369930
110038369949
110038369958
110038369967
110038369976
110038370009
110038370018
110038370036
110038370045
110038370054
110038370063
110038370072
110038370081
110038370107
110038370116
110038370125
110038370143
110038370152
110038370161
110038370170
110038370198
110038370223
110038370241
110038370269
110038370278
110038370296
110038370303
110038370312
110038370321
110038370330
110038370349
110038370358
110038370367
110038370401
110038370410
110038370438
110038370465
110038370474
110038370508
110038370517
110038370526
110038370535
110038370544
110038370553
110038370562
110038370571
110038370580
110038370599
110038370615
110038370624
110038370642
110038370651
110038370660
110038370679
110038370688
110038370704
110038370713
110038370722
110038370731
110038370740
110038370759
110038370768
110038370777
110038370786
110038370795
110038370811
110038370820
110038370839
110038370848
110038370857
110038370884
110038370893
110038370900
110038370919
110038370928
110038370937
110038370946
110038370955
110038370964
110038370973
110038370982
110038370991
110038371008
110038371026
110038371035
110038371044
110038371053
110038371062
110038371071
110038371080
110038371099
110038371115
110038371133
110038371142
110038371151
110038371160
110038371179
110038371188
110038371222
110038371286
110038371302
110038371311
110038371320
110038371339
110038371348
110038371366
110038371393
110038371400
110038371437
110038371446
110038371455
110038371464
110038371482
110038371491
110038371507
110038371927
110038371936
110038371945
110038372007
110038372025
110038372034
110038372043
110038372052
110038372061
110038372098
110038372105
110038372203
110038372917
110038372926
110038372935
110038372944
110038372953
110038372962
110038372971
110038372999
110038373006
110038373024
110038373042
110038373051
110038373060
110038373079
110038373088
110038373097
110038373104
110038373186
110038373195
110038373373
110038373408
110038373435
110038373453
110038373480
110038373499
110038373863
110038373872
110038373881
110038373890
110038373907
110038373916
110038373925
110038373934
110038373943
110038373952
110038373961
110038373970
110038373989
110038373998
110038374005
110038374014
110038374023
110038374032
110038374041
110038374050
110038374069
110038374087
110038374096
110038374103
110038374130
110038374149
110038374158
110038374390
110038374407
110038374416
110038374425
110038374434
110038374443
110038374452
110038374461
110038374489
110038374498
110038374504
110038374513
110038374522
110038374531
110038374540
110038374559
110038374568
110038374577
110038374586
110038374611
110038374648
110038374666
110038374675
110038374684
110038374693
110038374700
110038374719
110038374728
110038374737
110038374746
110038374988
110038375004
110038375013
110038375022
110038375031
110038375040
110038375059
110038375068
110038375077
110038375086
110038375095
110038375102
110038375120
110038375139
110038375148
110038375157
110038375166
110038375175
110038375184
110038375193
110038375219
110038375228
110038375255
110038375264
110038375273
110038376487
110038376735
110038376897
110038377039
110038377324
110038377397
110038388385
110038388688
110038389017
110038389026
110038389464
110038389614
110038389801
110038389829
110038390933
110038390942
110038391013
110038391022
110038391399
110038391460
110038391488
110038391576
110038391807
110038391843
110038392003
110038392138
110038392227
110038392236
110038392245
110038392263
110038392272
110038392370
110038393342
110038393832
110038394092
110038394145
110038394662
110038394804
110038394868
110038394895
110038394902
110038394911
110038395064
110038395091
110038395117
110038395135
110038395144
110038395206
110038395215
110038395233
110038395242
110038395297
110038395304
110038395313
110038395322
110038395331
110038395340
110038395368
110038395386
110038395518
110038395607
110038395643
110038395652
110038395661
110038395670
110038395830
110038395885
110038395894
110038395929
110038395938
110038396606
110038396615
110038396624
110038396633
110038396642
110038396651
110038396660
110038396679
110038396688
110038396713
110038396731
110038396839
110038396866
110038396875
110038396991
110038397758
110038399694
110038400030
110038400334
110038400343
110038429233
110038429251
110038429313
110038429331
110038429420
110038429439
110038429466
110038429545
110038429563
110038429652
110038429670
110038429830
110038429965
110038430187
110038430258
110038430392
110038430427
110038430463
110038430490
110038430846
110038430855
110038430971
110038431186
110038431211
110038431220
110038431881
110038431907
110038431989
110038432078
110038432103
110038432229
110038432247
110038432265
110038432283
110038432318
110038432327
110038432540
110038432559
110038432568
110038432586
110038433040
110038433077
110038433086
110038433166
110038433228
110038433317
110038433344
110038433371
110038433406
110038433594
110038433665
110038433825
110038433898
110038434012
110038434094
110038434110
110038434165
110038434174
110038434183
110038434192
110038434209
110038434218
110038434227
110038434236
110038434254
110038434263
110038434272
110038434281
110038434316
110038434325
110038434334
110038434352
110038434361
110038434389
110038434398
110038434414
110038434423
110038434655
110038434879
110038435039
110038438063
110038438447
110038438839
110038439062
110038439071
110038439918
110038439927
110038440194
110038440201
110038440933
110038440951
110038440960
110038441022
110038441086
110038444546
110038444555
110038444564
110038444573
110038445126
110038445135
110038445153
110038445162
110038445206
110038445215
110038445224
110038445894
110038445910
110038445929
110038445938
110038445947
110038445965
110038445974
110038445983
110038445992
110038448007
110038448016
110038448025
110038448034
110038448043
110038448052
110038449015
110038449033
110038449042
110038449051
110038449079
110038449088
110038449097
110038449104
110038449113
110038449122
110038449131
110038449140
110038449159
110038451332
110038451341
110038451350
110038451369
110038451644
110038451662
110038452019
110038452028
110038455212
110038455221
110038455230
110038455604
110038455613
110038455622
110038455631
110038455640
110038455659
110038455668
110038455677
110038455686
110038457826
110038457835
110038458157
110038458175
110038458184
110038458200
110038458219
110038458237
110038458246
110038458255
110038458273
110038458282
110038458291
110038458335
110038458353
110038458362
110038458371
110038458512
110038458521
110038458718
110038493403
110038496366
110038496375
110038498391
110038498444
110038501911
110038502518
110038502590
110038515069
110038515461
110038515997
110038516219
110038516228
110038516237
110038516255
110038516264
110038516273
110038516282
110038516291
110038516308
110038516914
110038516978
110038517263
110038517272
110038517281
110038519742
110038519760
110038519779
110038519788
110038519797
110038519804
110038519813
110038519859
110038519868
110038519895
110038519902
110038519966
110038519984
110038519993
110038520008
110038520017
110038520026
110038520035
110038520044
110038520053
110038520062
110038520071
110038520080
110038520106
110038520115
110038520133
110038520142
110038520160
110038520179
110038520188
110038520197
110038520204
110038520213
110038520222
110038520231
110038520240
110038520268
110038520561
110038520570
110038520589
110038520598
110038520605
110038520614
110038520632
110038520641
110038520650
110038520669
110038520678
110038520703
110038520749
110038520767
110038520794
110038520801
110038520829
110038520838
110038520847
110038520856
110038520865
110038520874
110038520892
110038521150
110038521169
110038521178
110038521187
110038521203
110038521212
110038521221
110038521230
110038521249
110038521267
110038521276
110038521285
110038521294
110038521301
110038521329
110038521347
110038521365
110038521374
110038521392
110038521418
110038521427
110038521436
110038521445
110038521463
110038521472
110038521490
110038521506
110038521604
110038521613
110038521622
110038521631
110038521659
110038521668
110038521686
110038521695
110038521702
110038521711
110038521720
110038521739
110038521757
110038521766
110038521784
110038521793
110038521800
110038521819
110038521828
110038521837
110038521855
110038521864
110038521873
110038521882
110038521908
110038521917
110038521944
110038521953
110038522186
110038522195
110038522202
110038522211
110038522220
110038522248
110038522266
110038522275
110038522284
110038522293
110038522300
110038522319
110038522328
110038522346
110038522355
110038522373
110038522444
110038522453
110038522471
110038522667
110038522676
110038524610
110038524629
110038524638
110038525441
110038525450
110038525469
110038525904
110038525913
110038525922
110038525931
110038525940
110038525959
110038525968
110038525977
110038525986
110038525995
110038526002
110038526440
110038526459
110038526468
110038526477
110038526486
110038526681
110038526690
110038526707
110038526716
110038527779
110038527813
110038527822
110038527831
110038527868
110038527877
110038527886
110038528661
110038529465
110038530060
110038530266
110038530863
110038531087
110038531274
110038531461
110038606069
110038606078
110038606265
110038606274
110038606461
110038606470
110038606489
110038606498
110038606504
110038606513
110038606522
110038606531
110038606540
110038606559
110038606568
110038606577
110038611525
110038611534
110038611552
110038611561
110038611570
110038611589
110038611605
110038611623
110038611632
110038611641
110038611669
110038611678
110038611687
110038611712
110038611721
110038611730
110038611758
110038611794
110038611801
110038611810
110038611829
110038611838
110038611856
110038612392
110038612427
110038612436
110038612445
110038612454
110038612463
110038612481
110038612490
110038612506
110038612515
110038612524
110038612533
110038612542
110038612551
110038612560
110038612579
110038612588
110038612604
110038612613
110038612622
110038612631
110038612640
110038612659
110038612668
110038613060
110038613079
110038613097
110038613104
110038613122
110038613159
110038613168
110038613177
110038613186
110038613195
110038613202
110038613211
110038613220
110038613239
110038613248
110038613275
110038613284
110038613319
110038613337
110038613346
110038613355
110038613364
110038613373
110038613391
110038613453
110038613462
110038613471
110038613480
110038613499
110038613541
110038613550
110038613569
110038613596
110038613603
110038613630
110038613649
110038613667
110038613685
110038613694
110038613701
110038613710
110038614005
110038614014
110038614023
110038614032
110038614041
110038614238
110038614247
110038614256
110038614274
110038614292
110038615987
110038616003
110038616012
110038616021
110038616557
110038616575
110038616593
110038616600
110038616655
110038616664
110038616673
110038616691
110038616717
110038616726
110038616762
110038616771
110038616780
110038616799
110038616806
110038616815
110038616940
110038617011
110038617039
110038617048
110038617477
110038617486
110038617495
110038617529
110038617556
110038617681
110038617707
110038617725
110038617734
110038617752
110038617770
110038617789
110038617805
110038617814
110038617823
110038621006
110038621033
110038621042
110038621051
110038621060
110038621079
110038621088
110038621097
110038621104
110038621122
110038621131
110038621140
110038621159
110038621168
110038621774
110038621783
110038621792
110038621809
110038621818
110038621836
110038621845
110038624316
110038624334
110038624343
110038624352
110038631424
110038631433
110038631442
110038631451
110038631460
110038631479
110038631488
110038631497
110038631503
110038631512
110038631521
110038631549
110038631558
110038631567
110038631576
110038631585
110038631601
110038631610
110038631629
110038631674
110038631683
110038631709
110038631718
110038631736
110038631745
110038631763
110038631781
110038631790
110038632414
110038632423
110038632432
110038632450
110038632469
110038635475
110038635484
110038636036
110038636045
110038636054
110038636063
110038636072
110038636090
110038636107
110038636125
110038636134
110038636143
110038636152
110038636161
110038636170
110038636189
110038636205
110038636214
110038636223
110038636232
110038636241
110038636250
110038636269
110038636278
110038636296
110038636303
110038636312
110038636321
110038636330
110038636349
110038636900
110038636919
110038636928
110038636937
110038636946
110038636955
110038636973
110038637017
110038637026
110038637035
110038637044
110038637053
110038637179
110038637188
110038637197
110038637204
110038637213
110038637222
110038637231
110038640940
110038640968
110038640977
110038641002
110038641020
110038641039
110038641048
110038641057
110038641066
110038641084
110038641093
110038641100
110038641119
110038641128
110038641137
110038641146
110038641155
110038641164
110038641173
110038641182
110038641191
110038641208
110038641217
110038641226
110038641235
110038641244
110038641262
110038641271
110038641299
