110038641306
110038641315
110038641324
110038641333
110038641342
110038641351
110038641379
110038641388
110038641397
110038641404
110038641431
110038641440
110038641468
110038641477
110038641486
110038641495
110038641501
110038641510
110038641529
110038641538
110038641547
110038641556
110038641565
110038641574
110038641583
110038641592
110038641618
110038641627
110038641636
110038641645
110038641654
110038641663
110038641672
110038641681
110038641707
110038641716
110038641725
110038641734
110038641743
110038641752
110038641761
110038641770
110038641789
110038641798
110038641805
110038641814
110038641832
110038641841
110038641850
110038641869
110038641878
110038641887
110038641896
110038641967
110038641985
110038641994
110038642001
110038642010
110038642029
110038642047
110038642056
110038642065
110038642074
110038642083
110038642118
110038642127
110038642136
110038642145
110038642154
110038642172
110038642369
110038642378
110038642396
110038642403
110038642412
110038642421
110038642458
110038642467
110038642476
110038642494
110038642500
110038642537
110038642546
110038642555
110038642564
110038642573
110038642582
110038642591
110038642608
110038642617
110038642626
110038642635
110038642680
110038642706
110038642715
110038642724
110038642733
110038642751
110038642788
110038642797
110038642804
110038642822
110038642831
110038642840
110038642868
110038642886
110038642902
110038642911
110038642920
110038642948
110038642966
110038642975
110038642984
110038642993
110038643000
110038643028
110038643055
110038643064
110038643073
110038643082
110038643091
110038643108
110038643117
110038643126
110038643135
110038643144
110038643153
110038643162
110038643171
110038643180
110038643199
110038643206
110038643215
110038643224
110038643233
110038643242
110038643260
110038643288
110038643297
110038643313
110038643322
110038643331
110038643340
110038643359
110038643368
110038643377
110038643563
110038643572
110038643590
110038643607
110038643616
110038643625
110038643634
110038643643
110038643652
110038643661
110038643670
110038643689
110038643698
110038643705
110038643723
110038643732
110038643741
110038643769
110038643778
110038643787
110038643796
110038643803
110038643812
110038643821
110038643830
110038643849
110038643858
110038643867
110038643876
110038643885
110038643894
110038643929
110038643938
110038643947
110038643956
110038643965
110038643974
110038643992
110038644009
110038644018
110038644027
110038644036
110038644045
110038644054
110038644081
110038644090
110038644107
110038644116
110038644125
110038644134
110038644143
110038644152
110038644161
110038644198
110038644205
110038644223
110038644232
110038644241
110038644250
110038644269
110038644278
110038644287
110038644296
110038644303
110038644312
110038644330
110038644349
110038644358
110038644367
110038644376
110038644385
110038644394
110038644401
110038644410
110038644438
110038644456
110038644465
110038644474
110038644483
110038644492
110038644508
110038644517
110038644526
110038644535
110038644544
110038644553
110038644562
110038644571
110038644580
110038644599
110038644606
110038644615
110038644624
110038644633
110038644642
110038644651
110038644679
110038644688
110038644697
110038644704
110038644713
110038644722
110038644731
110038644759
110038644768
110038644777
110038644795
110038644802
110038644811
110038644820
110038644839
110038644848
110038644857
110038644866
110038644875
110038644884
110038644893
110038644900
110038644928
110038644937
110038644946
110038644964
110038644973
110038644982
110038644991
110038645008
110038645017
110038645026
110038645035
110038645044
110038645053
110038645062
110038645080
110038645099
110038645106
110038645115
110038645133
110038645142
110038645151
110038645160
110038645188
110038645197
110038645204
110038645213
110038645222
110038645240
110038645259
110038645277
110038645295
110038645302
110038645311
110038645320
110038645357
110038645375
110038645384
110038645393
110038645400
110038645419
110038645428
110038645446
110038645455
110038645464
110038645473
110038645482
110038645491
110038645507
110038645516
110038645525
110038645543
110038645552
110038645589
110038645598
110038645614
110038645623
110038645632
110038645641
110038645650
110038645669
110038645678
110038645687
110038645696
110038645703
110038645712
110038645721
110038645730
110038645758
110038645767
110038645776
110038645785
110038645794
110038645801
110038645810
110038645829
110038645856
110038645865
110038645874
110038645883
110038645892
110038645909
110038645918
110038645927
110038645936
110038645945
110038645954
110038645963
110038645972
110038645981
110038645990
110038646007
110038646016
110038646025
110038646034
110038646052
110038646061
110038646070
110038646098
110038646105
110038646114
110038646123
110038646132
110038646141
110038646150
110038646169
110038646178
110038646187
110038646196
110038646203
110038646212
110038646230
110038646249
110038646258
110038646267
110038646276
110038646285
110038646294
110038646301
110038646310
110038646329
110038646338
110038646347
110038646356
110038646365
110038646374
110038646383
110038646409
110038646418
110038646427
110038646436
110038646445
110038646454
110038646463
110038646472
110038646481
110038646490
110038646506
110038646515
110038646524
110038646533
110038646542
110038646551
110038646560
110038646579
110038646597
110038646604
110038646613
110038646622
110038646640
110038646659
110038646677
110038646695
110038646702
110038646711
110038646748
110038646757
110038646766
110038654408
110038654417
110038654426
110038654435
110038654444
110038654453
110038654462
110038654471
110038654480
110038654499
110038654505
110038654514
110038654523
110038654532
110038654541
110038654550
110038654569
110038654578
110038654587
110038654596
110038654603
110038654612
110038654621
110038654630
110038654658
110038654667
110038654676
110038654685
110038654701
110038654710
110038654729
110038655041
110038655050
110038655069
110038655078
110038655087
110038655096
110038655121
110038655130
110038655149
110038655158
110038655176
110038655185
110038655194
110038655201
110038655318
110038655336
110038655345
110038655354
110038655363
110038655372
110038655381
110038655390
110038655416
110038655425
110038655434
110038655443
110038655452
110038655461
110038655470
110038655489
110038655498
110038655513
110038655522
110038655531
110038655540
110038655559
110038655568
110038655586
110038655602
110038655657
110038655899
110038655924
110038655933
110038656193
110038656200
110038656228
110038656255
110038656282
110038656291
110038656317
110038656326
110038656335
110038656344
110038656362
110038656371
110038656380
110038656399
110038656406
110038656415
110038656424
110038656433
110038656442
110038656460
110038656479
110038656488
110038656497
110038656503
110038656512
110038656521
110038656530
110038656594
110038656601
110038656610
110038656629
110038656647
110038656656
110038656665
110038656674
110038656683
110038656692
110038656727
110038656736
110038656745
110038656763
110038656772
110038656781
110038656790
110038656807
110038656816
110038656825
110038656834
110038656843
110038656852
110038656861
110038656870
110038656889
110038656905
110038656914
110038656923
110038656932
110038656941
110038656950
110038656969
110038656978
110038656996
110038657003
110038657012
110038657021
110038657030
110038657049
110038657058
110038657076
110038657085
110038657094
110038657101
110038657110
110038657129
110038657138
110038657147
110038657156
110038657165
110038657183
110038657192
110038657209
110038657218
110038657227
110038657236
110038657245
110038657254
110038657263
110038657272
110038657281
110038657290
110038657307
110038657316
110038657325
110038657334
110038657343
110038657352
110038657361
110038657389
110038657398
110038657405
110038657414
110038657450
110038657469
110038657487
110038657502
110038657520
110038657539
110038657548
110038657557
110038657566
110038657575
110038657584
110038657593
110038657600
110038657646
110038657655
110038657664
110038657673
110038657682
110038657691
110038657708
110038657717
110038657726
110038657735
110038657744
110038657753
110038657762
110038657780
110038658066
110038658075
110038658093
110038658100
110038658119
110038658128
110038658146
110038658155
110038658164
110038658173
110038658182
110038658191
110038658208
110038658217
110038658226
110038658235
110038658244
110038658262
110038658271
110038658468
110038658477
110038658486
110038658672
110038658681
110038658690
110038659074
110038659261
110038659467
110038659662
110038659671
110038659680
110038659868
110038660062
110038660071
110038660099
110038660115
110038660124
110038660133
110038660142
110038660151
110038660160
110038660179
110038660188
110038660204
110038660213
110038660222
110038660240
110038660259
110038660268
110038660277
110038660286
110038660295
110038660302
110038660311
110038660320
110038660339
110038660348
110038660357
110038660366
110038660375
110038660393
110038660419
110038660428
110038660437
110038660446
110038660455
110038660473
110038660491
110038660516
110038660669
110038660678
110038660687
110038660712
110038660730
110038660749
110038660758
110038660767
110038660865
110038660874
110038661034
110038661043
110038661052
110038661061
110038661070
110038661089
110038661105
110038661114
110038661123
110038661132
110038661141
110038661150
110038661169
110038661178
110038661187
110038661196
110038661203
110038661221
110038661230
110038661249
110038661258
110038661267
110038661276
110038661285
110038661301
110038661329
110038661338
110038661347
110038661757
110038661766
110038661775
110038661864
110038661873
110038661891
110038662060
110038662079
110038662088
110038662097
110038662104
110038662113
110038662266
110038662275
110038662284
110038662328
110038662667
110038662676
110038662694
110038663087
110038663096
110038663103
110038663112
110038663265
110038663274
110038663292
110038663309
110038663461
110038663470
110038663666
110038663675
110038663684
110038663693
110038663700
110038663719
110038663728
110038663737
110038663746
110038663906
110038663915
110038664861
110038664870
110038664889
110038664898
110038664905
110038665263
110038665307
110038665325
110038665334
110038665343
110038665361
110038665370
110038665389
110038665398
110038665414
110038665423
110038665450
110038665469
110038665478
110038665487
110038665664
110038665682
110038665691
110038665717
110038665726
110038665744
110038666066
110038666075
110038666084
110038666093
110038666100
110038666137
110038666146
110038666155
110038666164
110038666173
110038666182
110038666191
110038666208
110038666217
110038666235
110038666244
110038666253
110038666262
110038666271
110038666280
110038666299
110038666306
110038666315
110038666324
110038666333
110038666342
110038666351
110038666379
110038666388
110038666397
110038666404
110038666422
110038666431
110038666440
110038666459
110038666468
110038666477
110038666486
110038666501
110038666510
110038666529
110038666538
110038666547
110038666556
110038666565
110038666574
110038666583
110038666592
110038666627
110038666645
110038666654
110038666663
110038666672
110038666681
110038666869
110038666887
110038667065
110038667074
110038667261
110038667289
110038667467
110038667476
110038667485
110038667671
110038667680
110038667699
110038667706
110038667868
110038667877
110038667895
110038667902
110038667911
110038668073
110038668260
110038668279
110038668288
110038668297
110038668304
110038668322
110038668331
110038668340
110038668377
110038668386
110038668395
110038668402
110038668411
110038668420
110038668439
110038668448
110038668457
110038668466
110038668475
110038668484
110038668493
110038668509
110038668518
110038668527
110038668536
110038668545
110038668554
110038668563
110038668572
110038668581
110038668590
110038668607
110038668616
110038668634
110038668643
110038668652
110038668661
110038668670
110038668689
110038668698
110038668705
110038668714
110038668723
110038668732
110038668750
110038668769
110038668796
110038668803
110038668812
110038668821
110038668830
110038668849
110038668858
110038668867
110038668876
110038668885
110038668894
110038668901
110038668910
110038668938
110038668947
110038668965
110038669063
110038669072
110038669081
110038669090
110038669107
110038669116
110038669269
110038669296
110038669303
110038669321
110038669330
110038669349
110038669358
110038669367
110038669376
110038669385
110038669394
110038669401
110038669410
110038669429
110038669438
110038669447
110038669456
110038669465
110038669474
110038669483
110038669492
110038669508
110038669526
110038669535
110038669544
110038669562
110038669571
110038669599
110038669606
110038669615
110038669624
110038669633
110038669642
110038669660
110038669679
110038669688
110038669704
110038669713
110038669722
110038669731
110038669740
110038669759
110038669777
110038669786
110038669811
110038669820
110038669839
110038669848
110038669857
110038669866
110038669875
110038669884
110038669893
110038669900
110038669919
110038669928
110038669937
110038669946
110038669955
110038669964
110038669973
110038669982
110038669991
