110038670006
110038670015
110038670024
110038670033
110038670042
110038670060
110038670079
110038670088
110038670097
110038670104
110038670113
110038670122
110038670131
110038670140
110038670177
110038670186
110038670195
110038670202
110038670220
110038670239
110038670248
110038670266
110038670284
110038670300
110038670319
110038670328
110038670337
110038670346
110038670355
110038670364
110038670373
110038670382
110038670391
110038670408
110038670426
110038670435
110038670453
110038670462
110038670471
110038670480
110038670499
110038670505
110038670514
110038670523
110038670532
110038670541
110038670550
110038670569
110038670578
110038670596
110038670667
110038670676
110038670694
110038670701
110038670729
110038670738
110038670747
110038670756
110038670765
110038670774
110038670783
110038670792
110038670809
110038670818
110038670827
110038670836
110038670845
110038670854
110038670863
110038670881
110038670890
110038670907
110038670925
110038670961
110038670998
110038671005
110038671014
110038671023
110038671032
110038671041
110038671050
110038671069
110038671078
110038671087
110038671096
110038671103
110038671130
110038671149
110038671158
110038671194
110038671210
110038671274
110038671283
110038671461
110038671470
110038671489
110038671498
110038671504
110038671513
110038671531
110038671540
110038671559
110038671568
110038671577
110038671586
110038671791
110038671808
110038671817
110038671826
110038671835
110038671844
110038671853
110038671862
110038671871
110038671880
110038671915
110038671924
110038671933
110038671942
110038671988
110038671997
110038672004
110038672013
110038672040
110038672059
110038672068
110038672077
110038672086
110038672095
110038672148
110038672157
110038672166
110038672184
110038672200
110038672219
110038672228
110038672237
110038672246
110038672282
110038672291
110038672308
110038672326
110038672335
110038672353
110038672362
110038672371
110038672380
110038672399
110038672406
110038672415
110038672424
110038672433
110038672442
110038672451
110038672460
110038672479
110038672530
110038672558
110038672567
110038672576
110038672585
110038672594
110038672601
110038672610
110038672629
110038672638
110038672647
110038672656
110038672665
110038672674
110038672709
110038672718
110038672727
110038672754
110038672763
110038673076
110038673085
110038673316
110038673325
110038673334
110038673343
110038673352
110038673361
110038673370
110038673398
110038673414
110038673423
110038673432
110038673441
110038673450
110038673469
110038673487
110038673496
110038673502
110038673520
110038673539
110038673548
110038673557
110038673566
110038673575
110038673600
110038673628
110038673637
110038673655
110038673673
110038673682
110038673691
110038673708
110038673726
110038673735
110038673753
110038673762
110038673771
110038673780
110038673799
110038673815
110038673833
110038673842
110038673851
110038673860
110038673879
110038673888
110038673897
110038673904
110038673922
110038673931
110038673940
110038673959
110038673986
110038673995
110038674002
110038674011
110038674020
110038674039
110038674048
110038674057
110038674066
110038674075
110038674084
110038674093
110038674137
110038674146
110038674155
110038674164
110038674173
110038674182
110038674191
110038674208
110038674226
110038674244
110038674262
110038674280
110038674306
110038674315
110038674324
110038674333
110038674351
110038674360
110038674379
110038674388
110038674397
110038674404
110038674422
110038674431
110038674440
110038674459
110038674468
110038674477
110038674486
110038674495
110038674501
110038674510
110038674529
110038674538
110038674547
110038674556
110038674565
110038674574
110038674583
110038674592
110038674609
110038674618
110038674627
110038674636
110038674645
110038674654
110038674663
110038674672
110038674681
110038674690
110038674707
110038674716
110038674725
110038674734
110038674743
110038674752
110038674761
110038674770
110038674789
110038674798
110038674805
110038674814
110038674832
110038674841
110038674878
110038674887
110038674896
110038674903
110038674912
110038674949
110038675029
110038675038
110038675047
110038675056
110038675074
110038675092
110038675118
110038675127
110038675136
110038675145
110038675190
110038675207
110038675216
110038675225
110038675234
110038675243
110038675305
110038675314
110038675341
110038675350
110038675378
110038675387
110038675396
110038675403
110038675412
110038675421
110038675430
110038675449
110038675467
110038675476
110038675494
110038675500
110038675519
110038675537
110038675546
110038675555
110038675564
110038675573
110038675582
110038675591
110038675608
110038675617
110038675626
110038675635
110038675644
110038675653
110038675662
110038675671
110038675680
110038675699
110038675706
110038675733
110038675742
110038675751
110038675760
110038675779
110038675788
110038675797
110038676064
110038676073
110038676082
110038676108
110038676117
110038676126
110038676135
110038676144
110038676153
110038676162
110038676171
110038676180
110038676215
110038676224
110038676233
110038676242
110038676251
110038676260
110038676279
110038676288
110038676297
110038680264
110038692518
110038692527
110038692723
110038692741
110038692750
110038692769
110038693385
110038693483
110038693544
110038694696
110038696569
110038696603
110038696621
110038696630
110038696854
110038696863
110038696872
110038696881
110038696890
110038696907
110038696916
110038696998
110038697112
110038697167
110038697256
110038697265
110038697363
110038697372
110038697381
110038697390
110038697675
110038697684
110038697693
110038697700
110038697719
110038697728
110038697737
110038697746
110038697755
110038697764
110038697773
110038698148
110038699281
110038699290
110038699307
110038699316
110038699325
110038699334
110038699343
110038699352
110038699361
110038699370
110038699389
110038700260
110038701269
110038701321
110038701330
110038701376
110038701385
110038701394
110038701401
110038701410
110038702632
110038703702
110038703711
110038703720
110038703800
110038703819
110038704195
110038704202
110038704211
110038704220
110038704239
110038704248
110038705336
110038705808
110038706326
110038706335
110038706344
110038706497
110038707717
110038711285
110038711757
110038712337
110038712346
110038712355
110038712854
110038713087
110038713112
110038713559
110038713577
110038713595
110038713602
110038713611
110038713620
110038713639
110038713648
110038713657
110038713666
110038713675
110038714488
110038714497
110038714503
110038714512
110038714521
110038714549
110038714558
110038714585
110038714674
110038714683
110038714692
110038714709
110038714718
110038714727
110038714736
110038714745
110038714754
110038714763
110038714772
110038714781
110038714790
110038714807
110038714816
110038714825
110038714834
110038714843
110038714852
110038714861
110038714870
110038714889
110038714898
110038714905
110038714914
110038714923
110038714932
110038714941
110038714950
110038714969
110038714978
110038714987
110038714996
110038715003
110038715012
110038715646
110038715655
110038715664
110038715673
110038715682
110038715691
110038715717
110038715726
110038715735
110038715744
110038715771
110038715780
110038715799
110038715806
110038715815
110038715824
110038715833
110038715842
110038715851
110038715860
110038715879
110038715888
110038715897
110038715904
110038715913
110038715922
110038715931
110038715940
110038715959
110038715968
110038715977
110038715986
110038715995
110038716397
110038716404
110038716413
110038716486
110038716725
110038716752
110038717065
110038717074
110038717190
110038717207
110038718359
110038718457
110038718466
110038719401
110038719410
110038719429
110038719456
110038719642
110038719651
110038719660
110038719679
110038719688
110038719697
110038719704
110038719713
110038719722
110038719731
110038719740
110038719759
110038719768
110038719777
110038719786
110038719795
110038719802
110038719811
110038719820
110038719839
110038719848
110038719857
110038719866
110038719875
110038719884
110038719893
110038719900
110038720426
110038720435
110038720444
110038721915
110038721951
110038721960
110038721979
110038721988
110038721997
110038722004
110038722068
110038722086
110038722095
110038722102
110038722111
110038722139
110038722157
110038722166
110038722530
110038723012
110038723021
110038723030
110038723049
110038723058
110038723557
110038723799
110038723815
110038723833
110038723842
110038723851
110038723860
110038724324
110038724333
110038724342
110038724351
110038724360
110038724422
110038724743
110038724985
110038724994
110038725092
110038725118
110038725207
110038725216
110038725243
110038725387
110038725396
110038725403
110038725412
110038725421
110038725449
110038725458
110038725467
110038725476
110038725485
110038725494
110038725500
110038725519
110038725528
110038725537
110038725546
110038725555
110038725564
110038725573
110038725582
110038726108
110038726117
110038726475
110038726484
110038726493
110038726509
110038726518
110038726527
110038726536
110038726545
110038726554
110038726563
110038726572
110038726581
110038726590
110038726607
110038727321
110038727367
110038727517
110038727580
110038727599
110038727606
110038727615
110038727624
110038727633
110038727642
110038727651
110038727660
110038727679
110038727688
110038727697
110038727704
110038727713
110038727722
110038727731
110038727740
110038727759
110038727768
110038727777
110038727786
110038727795
110038727802
110038727811
110038727820
110038727839
110038727848
110038727857
110038727866
110038727875
110038727884
110038727893
110038727900
110038727919
110038727928
110038727937
110038727946
110038727955
110038727964
110038727973
110038727982
110038727991
110038728008
110038728017
110038728026
110038728035
110038728044
110038728053
110038728062
110038728071
110038728080
110038728099
110038728106
110038728115
110038728124
110038728133
110038728142
110038728151
110038728160
110038728179
110038728188
110038728197
110038728204
110038728213
110038728222
110038728231
110038728240
110038728259
110038728268
110038728277
110038728286
110038728295
110038728302
110038728311
110038728320
110038728339
110038728348
110038728357
110038728366
110038728375
110038728384
110038728393
110038728400
110038728419
110038728428
110038728437
110038728446
110038728455
110038728464
110038728473
110038728482
110038728491
110038728507
110038728516
110038728525
110038728534
110038728552
110038728561
110038728570
110038728589
110038728598
110038728605
110038728614
110038728632
110038728641
110038728669
110038728678
110038728687
110038728696
110038728703
110038728712
110038728721
110038728730
110038728758
110038728767
110038728776
110038728785
110038728794
110038728801
110038728829
110038728838
110038728847
110038728856
110038728865
110038728874
110038728883
110038728892
110038728909
110038728918
110038728927
110038728936
110038728945
110038728954
110038728963
110038728972
110038728981
110038729007
110038729016
110038729025
110038729034
110038729043
110038729052
110038729061
110038729070
110038729089
110038729098
110038729105
110038729114
110038729123
110038729132
110038729141
110038729150
110038729169
110038729178
110038729187
110038729196
110038729203
110038729212
110038729221
110038729230
110038729249
110038729258
110038729276
110038729285
110038729294
110038729301
110038729310
110038729329
110038729338
110038729347
110038729356
110038729365
110038729374
110038729383
110038729392
110038729409
110038729418
110038729427
110038729436
110038729445
110038729454
110038729463
110038729472
110038729490
110038729506
110038729515
110038729524
110038729533
110038729542
110038729551
110038729560
110038729579
110038729588
110038729597
110038729604
110038729613
110038729622
110038729631
110038729640
110038729659
110038729668
110038729677
110038729686
110038729695
110038729702
110038729711
110038729720
110038729739
110038729748
110038729757
110038729766
110038729784
110038729793
110038729800
110038729882
110038729891
110038729908
110038729917
110038729926
110038729935
110038729944
110038729953
110038729962
110038729971
110038729980
110038729999
110038730004
110038730013
110038730022
110038730031
110038730040
110038730059
110038730068
110038730086
110038730095
110038730102
110038730111
110038730120
110038730139
110038730148
110038730157
110038730166
110038730175
110038730184
110038730193
110038730200
110038730219
110038730228
110038730237
110038730246
110038730255
110038730264
110038730273
110038730282
110038730291
110038730308
110038730317
110038730326
110038730335
110038730344
110038730353
110038730362
110038730371
110038730380
110038730399
110038730406
110038730415
110038730424
110038730433
110038730442
110038730451
110038730460
110038730479
110038730488
110038730497
110038730503
110038730512
110038730521
110038730530
110038730549
110038730558
110038730567
110038730923
110038730932
110038730941
110038730950
110038730969
110038730987
110038730996
110038731003
110038731012
110038731021
110038731030
110038731058
110038731067
110038731076
110038731085
110038731094
110038731101
110038731110
110038731129
110038731138
110038731147
110038731156
110038731165
110038731174
