110038731183
110038731192
110038731209
110038731218
110038731227
110038731236
110038731245
110038731254
110038731263
110038731450
110038731824
110038731833
110038731842
110038731851
110038731860
110038731879
110038731888
110038731897
110038731904
110038732173
110038733145
110038733975
110038734652
110038735072
110038736062
110038736106
110038736133
110038736286
110038736295
110038736320
110038736384
110038736400
110038736419
110038736437
110038736516
110038736534
110038736543
110038736552
110038736687
110038736696
110038737169
110038737864
110038742126
110038743063
110038743125
110038743642
110038743651
110038743660
110038743679
110038744384
110038744721
110038744730
110038745070
110038745089
110038747602
110038747611
110038747620
110038747666
110038748004
110038748399
110038748479
110038749405
110038750296
110038750303
110038750312
110038751259
110038751268
110038751277
110038751286
110038751295
110038751320
110038751730
110038751749
110038751758
110038752114
110038752132
110038752855
110038753088
110038753364
110038753649
110038753934
110038754318
110038754416
110038754577
110038754586
110038754595
110038754915
110038755077
110038755086
110038755102
110038755237
110038755585
110038755610
110038755923
110038756067
110038756165
110038756520
110038757413
110038757627
110038757636
110038757654
110038757770
110038757789
110038757887
110038757896
110038758038
110038758056
110038758305
110038758378
110038758387
110038758396
110038758528
110038758537
110038758546
110038758706
110038758715
110038758724
110038758920
110038758939
110038758948
110038758957
110038758966
110038758975
110038758984
110038759233
110038759242
110038759251
110038759260
110038759279
110038759288
110038759297
110038759572
110038759778
110038759787
110038759796
110038759812
110038759821
110038759830
110038759849
110038759910
110038759929
110038759938
110038759947
110038759956
110038759965
110038759974
110038759983
110038759992
110038760007
110038760016
110038760025
110038760034
110038760043
110038760070
110038760123
110038760132
110038760141
110038760150
110038760169
110038760178
110038760187
110038760196
110038760203
110038760212
110038760221
110038760230
110038760249
110038760258
110038760267
110038760276
110038760285
110038760294
110038760301
110038760310
110038760338
110038760551
110038760971
110038761854
110038762773
110038762782
110038762791
110038763095
110038763139
110038763567
110038764067
110038764389
110038764842
110038765173
110038765208
110038765217
110038765280
110038765636
110038765672
110038765994
110038766001
110038766010
110038766029
110038766038
110038766047
110038766056
110038766065
110038766109
110038767402
110038767411
110038767484
110038767527
110038767572
110038767858
110038767867
110038767885
110038767910
110038767929
110038768152
110038768214
110038768438
110038768456
110038768465
110038768517
110038768526
110038768544
110038768553
110038768571
110038768599
110038768651
110038768660
110038768688
110038768704
110038768713
110038768722
110038768731
110038768740
110038768759
110038768768
110038768777
110038768786
110038768795
110038768802
110038768811
110038768820
110038768848
110038768866
110038768875
110038768884
110038769516
110038769525
110038769534
110038769570
110038769589
110038772370
110038772389
110038772673
110038772682
110038772691
110038772708
110038773510
110038773529
110038773538
110038778123
110038778178
110038778212
110038778267
110038778524
110038778533
110038778542
110038778551
110038778560
110038778579
110038778588
110038778926
110038778944
110038778971
110038779051
110038779122
110038779355
110038779471
110038779499
110038779550
110038779569
110038779596
110038779603
110038779630
110038779667
110038779818
110038779827
110038779836
110038779845
110038779863
110038779907
110038779916
110038779925
110038779952
110038780101
110038780147
110038780174
110038780183
110038780290
110038780389
110038780398
110038780717
110038780726
110038780744
110038780753
110038780762
110038780771
110038780913
110038780922
110038780931
110038780940
110038780977
110038780995
110038781002
110038781020
110038781039
110038781048
110038781057
110038781075
110038781084
110038781093
110038781128
110038781137
110038781146
110038781155
110038781164
110038781173
110038781182
110038781191
110038782065
110038782074
110038782083
110038782092
110038782109
110038782127
110038782136
110038782154
110038782163
110038782172
110038782181
110038783536
110038783554
110038783572
110038783590
110038783607
110038783616
110038783625
110038783634
110038783643
110038783661
110038783867
110038783885
110038783894
110038783901
110038784205
110038784214
110038784232
110038784287
110038784447
110038784465
110038784474
110038784492
110038784517
110038784526
110038784535
110038784553
110038784571
110038784580
110038784599
110038784624
110038784642
110038784660
110038784679
110038784688
110038784697
110038784704
110038784713
110038784722
110038784731
110038784768
110038784777
110038784866
110038785062
110038785071
110038785080
110038785099
110038785106
110038785570
110038785703
110038785712
110038785721
110038785767
110038785981
110038785990
110038786016
110038786025
110038786034
110038786052
110038786061
110038786070
110038786089
110038786105
110038786114
110038786123
110038786132
110038786141
110038786169
110038786178
110038786187
110038786196
110038786203
110038786454
110038787328
110038787792
110038788050
110038788130
110038788149
110038788167
110038788176
110038788229
110038788247
110038788256
110038788265
110038788274
110038788292
110038788309
110038788817
110038788844
110038790010
110038790065
110038790083
110038790109
110038790118
110038790154
110038790163
110038790172
110038790261
110038791019
110038791028
110038791046
110038791055
110038791108
110038791153
110038791180
110038791215
110038791242
110038791260
110038791288
110038791787
110038791796
110038791803
110038791812
110038791830
110038791849
110038791858
110038791867
110038791876
110038791901
110038791910
110038791938
110038791965
110038791974
110038792009
110038792027
110038792429
110038792438
110038792526
110038792562
110038792571
110038792606
110038792615
110038792633
110038792866
110038792928
110038792937
110038792946
110038793348
110038793589
110038793605
110038793669
110038793696
110038793730
110038793758
110038793776
110038794132
110038794150
110038794169
110038794178
110038794490
110038794506
110038794515
110038794542
110038794560
110038794917
110038794935
110038794944
110038794953
110038795211
110038795220
110038795257
110038795328
110038795337
110038795364
110038795444
110038795453
110038795462
110038795499
110038795505
110038795514
110038795550
110038795569
110038795578
110038795612
110038796130
110038796149
110038796158
110038796185
110038796201
110038796372
110038796381
110038796390
110038796425
110038796434
110038796522
110038796979
110038796988
110038796997
110038797022
110038797031
110038797086
110038797102
110038797111
110038797120
110038797139
110038797166
110038797175
110038797193
110038797200
110038797228
110038797237
110038797246
110038797674
110038797683
110038797709
110038798183
110038798192
110038798209
110038798227
110038798236
110038798272
110038798307
110038798316
110038798343
110038798441
110038798637
110038798646
110038798655
110038798664
110038798682
110038799137
110038799155
110038799164
110038799226
110038799244
110038799262
110038799280
110038799299
110038799360
110038799379
110038799388
110038799404
110038799468
110038799477
110038799486
110038799501
110038799510
110038799636
110038799645
110038799654
110038799663
110038799672
110038800027
110038800045
110038800063
110038800090
110038800134
110038800152
110038800296
110038800303
110038800731
110038800740
110038800777
110038800820
110038801473
110038801491
110038801516
110038802310
110038802329
110038802356
110038802365
110038802374
110038802392
110038802409
110038802418
110038802445
110038802962
110038802980
110038802999
110038803024
110038803042
110038803051
110038803079
110038803097
110038803104
110038803113
110038803122
110038803131
110038803211
110038803275
110038803355
110038803382
110038803471
110038803845
110038803863
110038803890
110038803916
110038803943
110038803961
110038803989
110038803998
110038804005
110038804023
110038804032
110038804050
110038804069
110038805718
110038805727
110038805772
110038805807
110038805816
110038805834
110038806218
110038806227
110038806272
110038806290
110038806334
110038806343
110038806361
110038806414
110038808270
110038808314
110038808341
110038808378
110038808387
110038808396
110038808403
110038808412
110038808421
110038808430
110038808449
110038808458
110038808476
110038808485
110038808494
110038808500
110038808519
110038854692
110038854709
110038854718
110038855049
110038855307
110038855968
110038856128
110038856155
110038856164
110038856173
110038856510
110038856529
110038856770
110038856850
110038856878
110038856896
110038856921
110038856949
110038856976
110038856985
110038857305
110038857323
110038857332
110038857341
110038857350
110038857378
110038857387
110038857396
110038857421
110038857430
110038857449
110038857458
110038857494
110038857546
110038857555
110038857564
110038857573
110038857582
110038857591
110038857617
110038857626
110038857635
110038857662
110038857699
110038857706
110038857724
110038857742
110038857751
110038862629
110038878550
110038878934
110038878952
110038878961
110038878989
110038878998
110038879005
110038879014
110038879023
110038879032
110038879041
110038879050
110038879069
110038879078
110038879096
110038879103
110038879112
110038879121
110038879158
110038880100
110038895844
110038895906
110038895933
110038895951
110038895988
110038896031
110038896059
110038896086
110038896095
110038896157
110038896184
110038896200
110038896219
110038896237
110038896246
110038896255
110038896273
110038896282
110038896362
110038896371
110038896406
110038896415
110038896479
110038896503
110038896530
110038896567
110038896601
110038896610
110038896638
110038896674
110038896718
110038896736
110038896754
110038896790
110038896816
110038896834
110038896923
110038897094
110038897174
110038897245
110038897272
110038897290
110038897307
110038897334
110038897432
110038897441
110038897450
110038897478
110038897511
110038897557
110038897575
110038897655
110038897664
110038897673
110038897682
110038897691
110038897708
110038897735
110038897744
110038897753
110038897799
110038897833
110038897851
110038897860
110038897897
110038897904
110038897931
110038897940
110038897986
110038898011
110038898057
110038898084
110038898128
110038898155
110038898191
110038898235
110038898280
110038898324
110038898333
110038898342
110038898360
110038898379
110038898388
110038898397
110038898440
110038898459
110038898529
110038898538
110038898547
110038898565
110038898574
110038898583
110038898592
110038898627
110038898681
110038898716
110038898725
110038898734
110038898743
110038898752
110038898903
110038898912
110038898921
110038899056
110038899065
110038899118
110038899127
110038899172
110038899190
110038899476
110038899500
110038899519
110038899573
110038899591
110038899608
110038899680
110038899699
110038899706
110038899760
110038899911
110038899920
110038899939
110038899948
110038899957
110038899966
110038899984
110038899993
110038900017
110038900026
110038900035
110038900071
110038900080
110038900106
110038900124
110038900133
110038900142
110038900160
110038900240
110038900259
110038900286
110038900295
110038900302
110038900311
110038900320
110038900348
110038900366
110038900375
110038900384
110038900419
110038900428
110038900455
110038900464
110038900473
110038900623
110038900632
110038900650
110038900721
110038900758
110038900776
110038900856
110038900865
110038900874
110038900918
110038900936
110038900954
110038900972
110038901016
110038901034
110038901043
110038901061
110038901070
110038901098
110038901105
110038901221
110038901230
110038901249
110038901258
110038901267
110038901276
110038901310
110038901383
110038901506
110038901551
110038901560
110038901588
110038901597
110038901604
110038901622
110038901631
110038901640
110038901659
110038901677
110038901739
110038901793
110038901800
110038901819
110038901837
110038901864
110038901971
110038901980
110038901999
110038902015
110038902024
110038902042
110038902088
110038902346
110038902417
110038902505
110038902916
110038903345
110038903381
110038907154
110038907190
110038907225
110038907289
110038907298
110038907430
110038907573
110038907617
110038907653
110038907671
110038907886
110038907895
110038907920
110038908082
110038908091
110038908117
110038908199
110038908322
110038908457
110038908484
110038908518
110038908545
110038908554
110038908572
110038908590
110038908607
110038908625
110038908661
110038908698
110038908787
110038908885
110038908901
110038908910
110038908938
110038908947
110038908965
110038909045
110038909107
110038909116
110038909152
110038909170
110038909198
110038909269
110038909321
110038909349
110038910827
110038910952
110038910961
110038911069
110038911103
110038911210
110038911336
110038911363
110038911425
110038911443
110038911452
110038911461
