110039154401
110039154447
110039154465
110039154580
110039154599
110039154642
110039154704
110039154777
110039154875
110039155311
110039155320
110039155366
110039155393
110039155446
110039155491
110039155525
110039155534
110039155712
110039155936
110039156089
110039156105
110039156178
110039156276
110039156980
110039157060
110039157088
110039157097
110039157104
110039157122
110039157131
110039157159
110039157186
110039157211
110039157220
110039157239
110039157248
110039157266
110039157284
110039157293
110039157355
110039157364
110039157408
110039157453
110039157471
110039157480
110039157550
110039157596
110039157630
110039157925
110039157961
110039158005
110039158185
110039158201
110039158210
110039158684
110039158700
110039158728
110039158755
110039158835
110039158862
110039159166
110039159246
110039160305
110039160332
110039160458
110039160476
110039160494
110039160537
110039160591
110039160617
110039160680
110039160715
110039160751
110039160895
110039160911
110039161260
110039161377
110039161386
110039161466
110039161607
110039161830
110039162367
110039162465
110039162615
110039162777
110039162802
110039162820
110039162900
110039163080
110039163124
110039163160
110039163179
110039163188
110039163204
110039163213
110039163222
110039163231
110039163259
110039163277
110039163302
110039163320
110039163348
110039163918
110039163936
110039164070
110039164365
110039164604
110039164613
110039164640
110039164668
110039164926
110039165024
110039165159
110039165239
110039165257
110039165293
110039165328
110039165355
110039165550
110039165596
110039165603
110039165676
110039165685
110039165952
110039165961
110039166005
110039166014
110039166096
110039166121
110039166130
110039166149
110039166158
110039166176
110039166194
110039166201
110039166407
110039166416
110039166425
110039166504
110039166531
110039166568
110039166577
110039166684
110039166826
110039166844
110039166853
110039166871
110039167442
110039167451
110039167460
110039167479
110039167503
110039167656
110039167665
110039167674
110039167683
110039167709
110039167718
110039167807
110039167816
110039167843
110039167852
110039167923
110039167969
110039167978
110039167987
110039168138
110039168370
110039168405
110039168423
110039168496
110039168502
110039168539
110039168600
110039168717
110039168806
110039168842
110039168888
110039168904
110039168940
110039169075
110039169155
110039169173
110039169244
110039169351
110039169360
110039169404
110039169422
110039169565
110039170054
110039171062
110039171133
110039171160
110039171197
110039171204
110039171302
110039171357
110039171455
110039171473
110039171534
110039171561
110039171623
110039171703
110039171730
110039171776
110039171856
110039172613
110039172659
110039172668
110039172686
110039172711
110039172739
110039173104
110039173122
110039173426
110039173453
110039174648
110039175905
110039179144
110039179518
110039179581
110039180025
110039180365
110039180383
110039180409
110039180445
110039180472
110039180515
110039180542
110039180579
110039180604
110039180613
110039180677
110039180695
110039180702
110039180720
110039182256
110039185173
110039191512
110039192138
110039194528
110039194546
110039194564
110039204107
110039204116
110039204125
110039204134
110039204152
110039204170
110039204198
110039204205
110039204214
110039204223
110039204232
110039204287
110039204296
110039204303
110039204312
110039204349
110039204358
110039207863
110039207872
110039207881
110039207890
110039208666
110039208684
110039208693
110039215667
110039216069
110039216265
110039217264
110039217460
110039218664
110039219066
110039402303
110039402321
110039402394
110039402465
110039402848
110039403035
110039403099
110039403160
110039403204
110039403222
110039403286
110039403375
110039403393
110039403428
110039403473
110039403482
110039403552
110039403570
110039403598
110039403623
110039403632
110039403650
110039403687
110039403794
110039403829
110039403936
110039403972
110039404007
110039404043
110039404114
110039404123
110039404169
110039404294
110039404445
110039404481
110039404490
110039404533
110039404551
110039404604
110039405578
110039405587
110039405596
110039405603
110039405612
110039405630
110039405667
110039405685
110039405756
110039405765
110039405774
110039405783
110039405792
110039405818
110039406675
110039406700
110039406782
110039406844
110039406853
110039406862
110039406871
110039406933
110039406988
110039407013
110039407022
110039407031
110039407040
110039407059
110039407077
110039407086
110039407095
110039407120
110039407139
110039407157
110039407175
110039407184
110039407200
110039407255
110039407273
110039407291
110039407326
110039407433
110039407451
110039407488
110039407512
110039407521
110039407567
110039407585
110039407601
110039407610
110039407638
110039407647
110039407656
110039407674
110039407692
110039407727
110039407736
110039407745
110039407763
110039407772
110039407807
110039408405
110039408423
110039408496
110039409191
110039409217
110039409226
110039409253
110039409967
110039409976
110039410214
110039410223
110039410232
110039410250
110039410303
110039410330
110039410535
110039410633
110039410679
110039410811
110039410820
110039410875
110039493054
110039493072
110039493107
110039493125
110039493152
110039493214
110039493223
110039493278
110039493287
110039493321
110039493394
110039493410
110039493429
110039493447
110039493456
110039493580
110039497407
110039497559
110039497675
110039497693
110039498184
110039498567
110039498647
110039498674
110039499012
110039507673
110039509270
110039510268
110039510669
110039511882
110039517494
110039517500
110039517528
110039517537
110039517546
110039517555
110039517564
110039517573
110039517582
110039517591
110039517617
110039517626
110039517635
110039517644
110039517662
110039517671
110039517680
110039517699
110039517706
110039517715
110039517724
110039517742
110039517751
110039517760
110039517788
110039518019
110039518037
110039518046
110039518064
110039518082
110039518091
110039518242
110039518304
110039518377
110039518386
110039518439
110039518885
110039518901
110039518910
110039518929
110039518947
110039518965
110039518992
110039519009
110039519018
110039519027
110039519036
110039519045
110039519054
110039519072
110039519081
110039519090
110039519116
110039519125
110039519134
110039519143
110039519161
110039519170
110039519189
110039519900
110039519928
110039520033
110039523469
110039524100
110039524155
110039524333
110039524440
110039524716
110039527161
110039527214
110039527287
110039527367
110039527429
110039527875
110039527884
110039527893
110039527900
110039527919
110039527928
110039527946
110039527955
110039527982
110039527991
110039528008
110039528017
110039528026
110039528062
110039528071
110039528080
110039528099
110039528106
110039528115
110039528124
110039528598
110039528605
110039528614
110039528623
110039528632
110039528641
110039528650
110039528650
110039528669
110039528678
110039528687
110039528696
110039528703
110039528712
110039528721
110039528730
110039528749
110039528758
110039528767
110039528776
110039528794
110039528801
110039528810
110039528829
110039528838
110039528847
110039528856
110039528865
110039528874
110039528883
110039529212
110039529221
110039529230
110039529258
110039529267
110039529276
110039529285
110039529301
110039529310
110039529668
110039529775
110039529828
110039530086
110039531520
110039531575
110039532146
110039532431
110039532468
110039532486
110039532654
110039532690
110039532716
110039533350
110039533403
110039533421
110039533528
110039533537
110039534028
110039534046
110039534304
110039534359
110039534386
110039534411
110039534518
110039534563
110039535394
110039535474
110039535553
110039535571
110039535633
110039535740
110039535937
110039535982
110039536071
110039536464
110039536473
110039537409
110039537454
110039538612
110039538630
110039538658
110039538667
110039538676
110039538694
110039538916
110039541582
110039541920
110039542509
110039542527
110039542554
110039542572
110039542849
110039542876
110039543535
110039543562
110039543580
110039544393
110039545016
110039545506
110039545533
110039545551
110039545588
110039545613
110039545720
110039545846
110039545864
110039545882
110039545926
110039546024
110039546088
110039546122
110039546168
110039546195
110039546239
110039546266
110039546319
110039546337
110039546355
110039546435
110039546453
110039546471
110039546499
110039546514
110039546541
110039546756
110039546774
110039546792
110039546818
110039546836
110039546863
110039546881
110039547390
110039547416
110039547434
110039550170
110039550287
110039550312
110039550330
110039550376
110039550394
110039550401
110039550465
110039550474
110039550492
110039550508
110039550535
110039550544
110039550553
110039550562
110039550571
110039550580
110039550599
110039550606
110039550679
110039550688
110039550697
110039550704
110039550722
110039550759
110039550820
110039550839
110039550866
110039550893
110039550928
110039550955
110039550982
110039551017
110039551044
110039551106
110039551213
110039551240
110039551277
110039551393
110039551400
110039551428
110039551437
110039551525
110039551570
110039551632
110039551883
110039551936
110039552052
110039552070
110039552196
110039552203
110039552221
110039552294
110039552310
110039552338
110039552347
110039552356
110039552374
110039552383
110039552409
110039555433
110039555460
110039555488
110039555601
110039555629
110039555647
110039555692
110039555807
110039555861
110039555950
110039555996
110039556030
110039556067
110039556101
110039556138
110039556165
110039556183
110039556209
110039556520
110039556539
110039556557
110039556566
110039556637
110039556646
110039556655
110039556664
110039556673
110039556682
110039556717
110039556726
110039556735
110039556744
110039556753
110039556762
110039556780
110039557672
110039557690
110039557716
110039557752
110039557805
110039557823
110039557841
110039557887
110039557912
110039557921
110039557958
110039558001
110039558029
110039559741
110039559787
110039559910
110039559974
110039560016
110039560025
110039560043
110039560089
110039560098
110039560105
110039560141
110039560150
110039560178
110039560196
110039560212
110039560267
110039560294
110039560310
110039560329
110039560418
110039560427
110039560481
110039560551
110039560560
110039560597
110039560613
110039560622
110039560640
110039560668
110039560686
110039560935
110039561104
110039561159
110039561195
110039561239
110039561266
110039561729
110039562069
110039562078
110039562096
110039562149
110039562185
110039562210
110039562229
110039562238
110039562247
110039562256
110039562265
110039562283
110039562504
110039562559
110039562586
110039562693
110039562719
110039562899
110039562979
110039562997
110039563004
110039563013
110039563031
110039563040
110039563077
110039563086
110039563095
110039563102
110039563120
110039563530
110039563549
110039563558
110039563567
110039563585
110039563638
110039563665
110039563683
110039563692
110039563709
110039563727
110039563736
110039563754
110039563763
110039563781
110039563790
110039563816
110039563834
110039563843
110039563852
110039563870
110039563898
110039563923
110039563932
110039563969
110039563978
110039563996
110039564012
110039564049
110039564076
110039564995
110039565048
110039565057
110039565066
110039565075
110039565093
110039565137
110039565146
110039565173
110039565182
110039565217
110039565244
110039565262
110039565280
110039565315
110039565468
110039565486
110039565510
110039565538
110039565556
110039565565
110039565592
110039565618
110039565636
110039565645
110039565654
110039565663
110039565672
110039565690
110039565707
110039565734
110039565752
110039565805
110039565823
110039565832
110039565869
110039565896
110039565912
110039565921
110039565949
110039565958
110039565967
110039565994
110039566001
110039566010
110039566083
110039566109
110039566127
110039566136
110039566145
110039566154
110039566163
110039566181
110039566207
110039566225
110039566234
110039566243
110039566270
110039566831
110039567108
110039567153
110039567769
110039567803
110039567821
110039567867
110039567938
110039567965
110039567992
110039568009
110039568036
110039568045
110039568081
110039568107
110039568287
110039568303
110039568553
110039568580
110039568615
110039568642
110039568704
110039568811
110039569491
110039569623
110039569669
110039569749
110039571415
110039571442
110039571479
110039571512
110039571638
110039571656
110039571665
110039571709
110039572012
110039572058
110039572423
110039572441
110039572539
110039572566
110039572584
110039572593
110039572619
110039572628
110039572637
110039572762
110039572879
110039572913
110039572959
110039574369
110039574519
110039574537
110039574706
110039574724
110039574733
110039574751
110039575064
110039575215
110039575359
110039575652
110039575661
110039575670
110039575723
110039575867
110039576090
110039576125
110039576143
110039576205
110039576223
110039576232
110039576321
110039576349
110039576367
110039576376
110039577106
110039577124
110039577133
110039577142
110039577179
110039577213
110039577240
110039577268
110039577286
110039577320
110039577339
