110039617288
110039617297
110039617304
110039617313
110039617322
110039617331
110039617340
110039617368
110039617402
110039617411
110039617420
110039617439
110039617448
110039617457
110039617475
110039617484
110039617493
110039617509
110039617518
110039617527
110039617536
110039617545
110039617554
110039617563
110039617572
110039617581
110039617590
110039617607
110039617616
110039617670
110039617689
110039617705
110039617714
110039617723
110039617732
110039617741
110039617750
110039617787
110039617796
110039617803
110039617821
110039617830
110039618401
110039618438
110039618447
110039618456
110039618465
110039618474
110039618483
110039618492
110039618508
110039618517
110039618526
110039618535
110039618544
110039618553
110039618562
110039618571
110039618599
110039618606
110039618615
110039618633
110039618642
110039618651
110039618660
110039618679
110039618688
110039618884
110039618893
110039618919
110039618973
110039619008
110039619053
110039619071
110039619099
110039619160
110039619179
110039619240
110039619277
110039619295
110039619302
110039619348
110039619366
110039619384
110039619400
110039619428
110039619437
110039619446
110039619464
110039619507
110039619534
110039619543
110039619561
110039619570
110039619589
110039619598
110039619605
110039619614
110039619623
110039619632
110039619641
110039619650
110039619669
110039619678
110039619687
110039619696
110039619712
110039619721
110039619730
110039619749
110039619758
110039619865
110039620069
110039620103
110039620121
110039620158
110039620176
110039620265
110039620283
110039620345
110039620452
110039620470
110039620540
110039620559
110039620924
110039621371
110039622316
110039622334
110039622343
110039622370
110039622423
110039622441
110039622469
110039622478
110039622487
110039622520
110039622548
110039622600
110039622646
110039622664
110039622726
110039622968
110039623100
110039623164
110039623262
110039623280
110039624001
110039624029
110039624350
110039624412
110039624528
110039624555
110039624644
110039624662
110039625064
110039625322
110039625466
110039625705
110039625723
110039625741
110039625849
110039625867
110039625894
110039625910
110039625938
110039625947
110039625956
110039625974
110039626009
110039626027
110039626081
110039626107
110039626125
110039626152
110039626161
110039626170
110039626287
110039626296
110039626303
110039626312
110039626321
110039626330
110039626358
110039626367
110039626376
110039626385
110039626394
110039626401
110039626410
110039626429
110039626438
110039626465
110039626474
110039626483
110039626508
110039626526
110039626535
110039626571
110039626580
110039626599
110039626606
110039626615
110039626624
110039626633
110039626642
110039626660
110039626679
110039626688
110039626704
110039626713
110039626722
110039626740
110039626759
110039626777
110039626786
110039626795
110039626802
110039626811
110039626820
110039626839
110039626848
110039626857
110039626866
110039626982
110039626991
110039627026
110039627035
110039627044
110039627053
110039627062
110039627071
110039627080
110039627099
110039627106
110039627133
110039627142
110039627179
110039627188
110039627197
110039627204
110039627213
110039627222
110039627231
110039627259
110039627268
110039627277
110039627286
110039627295
110039627302
110039627311
110039627320
110039627339
110039627348
110039627357
110039627366
110039627375
110039627384
110039627393
110039627400
110039627419
110039627428
110039627437
110039627446
110039627455
110039627464
110039627473
110039627482
110039627491
110039627507
110039627516
110039627525
110039627534
110039627543
110039627552
110039627561
110039627570
110039627589
110039627605
110039627614
110039627623
110039627632
110039627641
110039627650
110039627669
110039627865
110039627874
110039627883
110039627892
110039628132
110039628141
110039628150
110039628187
110039628196
110039628212
110039628221
110039628230
110039628249
110039628258
110039628267
110039628276
110039628285
110039628294
110039628310
110039628329
110039628338
110039628347
110039628356
110039628365
110039628374
110039628383
110039628392
110039628409
110039628418
110039628427
110039628436
110039628445
110039628454
110039628463
110039628472
110039628481
110039628490
110039628506
110039628515
110039628524
110039628533
110039628542
110039628579
110039628597
110039628604
110039628613
110039628622
110039628631
110039628640
110039628659
110039628668
110039628677
110039628686
110039628695
110039628702
110039628711
110039628720
110039628739
110039628748
110039628757
110039628766
110039628784
110039628793
110039628800
110039628819
110039628837
110039628846
110039628944
110039628953
110039628962
110039628971
110039628999
110039629006
110039629015
110039629042
110039629060
110039629079
110039629088
110039629097
110039629104
110039629113
110039629122
110039629131
110039629140
110039629168
110039629177
110039629186
110039629195
110039629202
110039629211
110039629248
110039629257
110039629266
110039629275
110039629284
110039629293
110039629319
110039629328
110039629346
110039629355
110039629364
110039629373
110039629382
110039629391
110039629408
110039629417
110039629435
110039629444
110039629462
110039629471
110039629480
110039629499
110039629505
110039629514
110039629532
110039629541
110039629550
110039629710
110039629738
110039629747
110039629756
110039629765
110039629774
110039629783
110039629809
110039629818
110039629827
110039629836
110039629845
110039629854
110039629872
110039629890
110039629907
110039629916
110039629934
110039629943
110039629952
110039629961
110039629970
110039630003
110039630012
110039630021
110039630030
110039630076
110039630085
110039630094
110039630101
110039630110
110039630129
110039630138
110039630156
110039630165
110039630174
110039630183
110039630192
110039630209
110039630263
110039630272
110039630290
110039630307
110039630325
110039630334
110039630343
110039630352
110039630370
110039630389
110039630398
110039630405
110039630414
110039630423
110039630432
110039630441
110039630450
110039630469
110039630478
110039630487
110039630496
110039630502
110039630511
110039630548
110039630557
110039630575
110039630584
110039630593
110039630600
110039630619
110039630628
110039630637
110039630655
110039630673
110039630682
110039630771
110039630780
110039630799
110039630806
110039630815
110039630824
110039630833
110039630842
110039630851
110039630860
110039630879
110039630888
110039630897
110039630904
110039630913
110039630922
110039630940
110039630968
110039630977
110039630986
110039630995
110039631002
110039631011
110039631020
110039631039
110039631048
110039631057
110039631066
110039631075
110039631093
110039631128
110039631137
110039631146
110039631155
110039631164
110039631173
110039631182
110039631191
110039631208
110039631217
110039631226
110039631244
110039631253
110039631262
110039631280
110039631388
110039631397
110039631404
110039631413
110039631422
110039631440
110039631468
110039631477
110039631486
110039631495
110039631501
110039631510
110039631529
110039631538
110039631556
110039631565
110039631583
110039631609
110039631618
110039631636
110039631645
110039631654
110039631672
110039631707
110039631716
110039631725
110039631734
110039631743
110039631752
110039631770
110039631789
110039631798
110039631814
110039631823
110039631832
110039631841
110039631850
110039631869
110039632001
110039632010
110039632029
110039632038
110039632047
110039632056
110039632065
110039632074
110039632083
110039632109
110039632118
110039632127
110039632136
110039632154
110039632163
110039632172
110039632181
110039632190
110039632207
110039632216
110039632225
110039632234
110039632243
110039632252
110039632261
110039632289
110039632298
110039632305
110039632314
110039632323
110039632341
110039632350
110039632369
110039632378
110039632387
110039632396
110039632403
110039632412
110039632421
110039632430
110039632467
110039632476
110039632662
110039632868
110039632877
110039632886
110039632911
110039632920
110039632939
110039632948
110039632957
110039633064
110039633073
110039633117
110039633162
110039633171
110039633180
110039633206
110039633233
110039633242
110039633466
110039633475
110039633661
110039633876
110039634063
110039634072
110039634107
110039634269
110039634278
110039634287
110039634303
110039634312
110039634330
110039634349
110039634358
110039634367
110039634376
110039634385
110039634394
110039634401
110039634410
110039634429
110039634438
110039634447
110039634456
110039634465
110039634492
110039634508
110039634526
110039634615
110039634811
110039634839
110039634857
110039635785
110039635865
110039635874
110039635883
110039635892
110039635909
110039635918
110039635927
110039635936
110039635945
110039635954
110039635963
110039635972
110039635981
110039635990
110039636007
110039636016
110039636025
110039636052
110039636061
110039636169
110039636178
110039636187
110039636196
110039636677
110039636686
110039636695
110039636702
110039636711
110039636720
110039636739
110039636775
110039636784
110039636800
110039636819
110039636828
110039636837
110039636846
110039636855
110039637505
110039637514
110039637532
110039637550
110039637587
110039637596
110039637612
110039637621
110039637658
110039637676
110039638498
110039638504
110039638513
110039638559
110039638568
110039638577
110039638586
110039638611
110039638620
110039639692
110039639709
110039639718
110039639727
110039639736
110039639745
110039639763
110039639772
110039639790
110039639807
110039639816
110039639825
110039642269
110039689806
110039690260
110039690288
110039690304
110039690340
110039690359
110039690377
110039690466
110039692883
110039692945
110039692963
110039692972
110039692990
110039693007
110039693230
110039693347
110039693917
110039695933
110039696004
110039696102
110039696148
110039696166
110039699608
110039701891
110039705049
110039708288
110039708536
110039710970
110039711461
110039713655
110039714440
110039715957
110039722253
110039728603
110039729470
110039732073
110039740420
110039773830
110039775384
110039777006
110039777177
110039782214
110039782802
110039783598
110039795095
110039814252
110039822207
110039824704
110039825302
110039825589
110039826221
110039830877
110039834775
110039835836
110039836620
110039836657
110039836737
110039837451
110039838263
110039840116
110039841026
110039841570
110039844684
110039845772
110039845889
110039847271
110039847440
110039847878
110039849457
110039849778
110039849876
110039851773
110039852095
110039854048
110039855252
110039855323
110039857438
110039858008
110039864778
110039865394
110039866589
110039866963
110039867230
110039867285
110039870440
110039870645
110039870681
110039871136
110039872670
110039872705
110039873009
110039873081
110039873875
110039873982
110039874446
110039876667
110039876685
110039907624
110039907679
110039909034
110039910291
110039994897
110039995137
110039995226
110039998214
110040000110
110040000398
110040005482
110040010564
110040023140
110040023177
110040034049
110040035976
110040044680
110040044699
110040044706
110040044724
110040044742
110040044760
110040044788
110040045055
110040045313
110040045821
110040045830
110040045849
110040045858
110040045867
110040045901
110040045910
110040045929
110040045938
110040045947
110040046018
110040046045
110040047017
110040047026
110040047062
110040047071
110040047080
110040047106
110040047115
110040047133
110040047142
110040047151
110040047160
110040047179
110040047188
110040047197
110040047204
110040047213
110040047222
110040047231
110040047240
110040047259
110040047277
110040047286
110040048178
110040048221
110040048230
110040048249
110040048258
110040048285
110040048294
110040048310
110040048329
110040048338
110040048347
110040048356
110040048365
110040048374
110040048383
110040048392
110040048409
110040048418
110040048427
110040048445
110040048454
110040048463
110040048472
110040048481
110040048506
110040048515
110040048524
110040048542
110040048551
110040048560
110040048588
110040048597
110040048613
110040048739
110040048864
110040048873
110040048882
110040048999
110040049006
110040049015
110040049024
110040049033
110040049195
110040049202
110040049211
110040049220
110040049248
110040049541
110040049569
110040049756
110040049783
110040049792
110040049809
110040049818
110040049827
110040049836
110040049845
110040049854
110040049863
110040049872
110040049952
110040050002
110040050039
110040050057
110040050066
110040050075
110040050084
110040050093
110040050100
110040050146
110040050164
110040050235
110040050253
110040050280
110040050299
110040050306
110040050315
110040050324
110040050333
110040050342
110040050360
110040050388
110040050397
110040050404
110040050413
110040050422
110040050431
110040050440
110040050609
110040050618
110040050887
110040050903
110040050912
110040050958
110040051154
110040051216
110040051234
110040051751
110040051779
110040051831
110040051877
110040051911
110040051957
110040052368
110040052386
110040052402
110040052439
110040052769
110040052910
110040052938
110040053045
110040053189
110040053278
110040053312
110040053321
110040054099
110040054687
110040055025
110040055132
110040055347
110040055374
110040055392
