110040055427
110040055436
110040055445
110040055454
110040055463
110040055472
110040055490
110040055515
110040055524
110040055533
110040055551
110040055631
110040055686
110040055702
110040055711
110040055748
110040055757
110040055775
110040055784
110040055793
110040055800
110040056195
110040056211
110040056275
110040056300
110040056569
110040056676
110040056738
110040056765
110040056774
110040056783
110040056809
110040056818
110040057256
110040057274
110040057283
110040057292
110040057309
110040057318
110040057327
110040057336
110040057345
110040057354
110040057363
110040057372
110040057381
110040057407
110040057443
110040057489
110040057559
110040057657
110040057675
110040057782
110040057835
110040057853
110040057880
110040057899
110040057906
110040057915
110040057933
110040057942
110040057951
110040057960
110040058004
110040058040
110040058068
110040058077
110040058086
110040058095
110040058102
110040058111
110040058120
110040058139
110040058148
110040058157
110040058166
110040058175
110040058184
110040058193
110040058424
110040058479
110040058503
110040058521
110040058549
110040058558
110040058576
110040058585
110040058601
110040058610
110040058629
110040058638
110040058647
110040058656
110040058665
110040058674
110040058683
110040058727
110040058736
110040058745
110040058763
110040058825
110040058834
110040058852
110040058914
110040058950
110040058969
110040059076
110040059101
110040059110
110040059138
110040059192
110040059218
110040059236
110040059245
110040059290
110040059370
110040059423
110040059441
110040059548
110040059575
110040059600
110040059619
110040059682
110040059691
110040059726
110040059799
110040059815
110040059833
110040059842
110040059977
110040060019
110040060037
110040060108
110040060359
110040060448
110040060741
110040060769
110040060830
110040060858
110040060929
110040060938
110040061036
110040061198
110040061223
110040061287
110040061296
110040061535
110040061553
110040061599
110040061955
110040062179
110040062197
110040062838
110040062927
110040062945
110040062963
110040062972
110040062981
110040062990
110040063043
110040063061
110040063258
110040063285
110040063365
110040063374
110040063757
110040063775
110040063784
110040063864
110040064060
110040064088
110040064113
110040064177
110040064186
110040064202
110040064220
110040064239
110040064248
110040064257
110040064364
110040064373
110040064453
110040064462
110040064612
110040064694
110040064729
110040064756
110040064845
110040064872
110040064890
110040064916
110040064925
110040064943
110040064961
110040064989
110040065050
110040065176
110040065201
110040065247
110040065381
110040065416
110040065434
110040065461
110040065489
110040065498
110040065513
110040065540
110040065559
110040065577
110040065586
110040065595
110040065602
110040065611
110040065620
110040065639
110040065648
110040065666
110040065675
110040065684
110040065693
110040065728
110040065746
110040065764
110040065773
110040065782
110040065791
110040065808
110040065817
110040065826
110040065835
110040065853
110040065862
110040065871
110040065880
110040065899
110040065906
110040065915
110040065924
110040065951
110040065960
110040065988
110040065997
110040066013
110040066022
110040066031
110040066040
110040066059
110040066344
110040066380
110040066558
110040066585
110040066610
110040066709
110040067183
110040067209
110040067307
110040067316
110040067325
110040067343
110040067370
110040067478
110040067496
110040067502
110040067511
110040067520
110040067539
110040067548
110040067557
110040067566
110040067575
110040067584
110040067593
110040067600
110040067646
110040067655
110040067664
110040067691
110040067780
110040067815
110040067833
110040067860
110040067888
110040067897
110040067904
110040067913
110040067922
110040067931
110040067940
110040067959
110040067968
110040067977
110040068039
110040068057
110040068315
110040068413
110040068431
110040068477
110040068501
110040068510
110040068529
110040068547
110040068556
110040068565
110040068574
110040068583
110040068592
110040068618
110040068636
110040068672
110040068752
110040068805
110040068896
110040068930
110040068994
110040069083
110040069350
110040069387
110040069458
110040069608
110040069797
110040069831
110040069984
110040070008
110040070026
110040070044
110040070071
110040070080
110040070106
110040070133
110040070151
110040070160
110040070188
110040070204
110040070231
110040070240
110040070268
110040070277
110040070286
110040070295
110040070311
110040070348
110040070366
110040070393
110040070400
110040070428
110040070437
110040070455
110040070464
110040070473
110040070482
110040070507
110040070785
110040070829
110040070892
110040070909
110040070981
110040071007
110040071061
110040071089
110040071105
110040071141
110040071365
110040072257
110040072569
110040073078
110040073112
110040073185
110040073210
110040073283
110040073817
110040073835
110040073871
110040074031
110040074095
110040074111
110040074139
110040074157
110040074175
110040074193
110040074914
110040074932
110040075076
110040075094
110040075110
110040075156
110040076002
110040076379
110040076501
110040079385
110040079394
110040079401
110040079410
110040079429
110040079447
110040079465
110040079474
110040079492
110040079517
110040079526
110040079535
110040079544
110040079562
110040079571
110040079580
110040079599
110040079606
110040079615
110040079624
110040079633
110040079651
110040079660
110040079679
110040079697
110040080550
110040080596
110040080649
110040080667
110040080685
110040080701
110040083539
110040083566
110040083575
110040083584
110040085644
110040085653
110040085671
110040085680
110040085699
110040085706
110040085715
110040085733
110040087376
110040087385
110040087401
110040087410
110040087438
110040087447
110040087456
110040087465
110040087580
110040087615
110040087624
110040087642
110040087651
110040087660
110040087688
110040087697
110040087704
110040088534
110040089178
110040089230
110040090068
110040090175
110040090200
110040090228
110040090246
110040090264
110040090282
110040090308
110040090558
110040090576
110040090585
110040090601
110040090629
110040091888
110040091897
110040091904
110040091913
110040091922
110040091931
110040091940
110040091959
110040095465
110040096286
110040096669
110040096678
110040096909
110040098097
110040099470
110040099489
110040100011
110040100379
110040100388
110040100397
110040100529
110040100574
110040100618
110040101742
110040101751
110040101760
110040101779
110040101788
110040105935
110040105962
110040105971
110040105980
110040107238
110040108095
110040108111
110040134262
110040134271
110040134280
110040134306
110040134315
110040134324
110040134333
110040134342
110040134351
110040134360
110040134379
110040134388
110040134397
110040134404
110040134413
110040134422
110040134431
110040134440
110040134468
110040134477
110040134486
110040134501
110040134538
110040134547
110040134556
110040134565
110040134574
110040134583
110040134609
110040135261
110040135403
110040135476
110040135485
110040135494
110040135500
110040135528
110040135537
110040135555
110040135573
110040135582
110040135608
110040135617
110040135626
110040135635
110040135644
110040135653
110040135662
110040135671
110040135680
110040135699
110040135706
110040135760
110040136000
110040136019
110040136028
110040136037
110040136055
110040136064
110040136073
110040136091
110040136108
110040136117
110040136126
110040136144
110040136153
110040136162
110040136171
110040136180
110040136199
110040136206
110040136215
110040136224
110040136233
110040136242
110040136572
110040136581
110040136590
110040136607
110040136616
110040136625
110040136634
110040136652
110040136661
110040136670
110040136689
110040136698
110040136714
110040138197
110040138213
110040138222
110040140941
110040140978
110040140996
110040142583
110040142609
110040142814
110040142823
110040142832
110040142850
110040142869
110040142878
110040142949
110040142958
110040142967
110040143154
110040143163
110040143207
110040143216
110040143225
110040143243
110040143350
110040143369
110040143403
110040143412
110040143421
110040143608
110040144313
110040144581
110040144607
110040144616
110040144698
110040144769
110040144778
110040144787
110040144796
110040144803
110040144821
110040144830
110040144849
110040144858
110040145321
110040145349
110040145492
110040145517
110040145526
110040145562
110040145580
110040145599
110040145606
110040145615
110040145624
110040145633
110040145642
110040145660
110040145679
110040145811
110040145839
110040145928
110040145937
110040145946
110040145982
110040146062
110040146133
110040172069
110040204891
110040205122
110040212980
110040213630
110040213738
110040217084
110040217164
110040217351
110040217459
110040217468
110040218065
110040218396
110040222871
110040222915
110040222979
110040223219
110040223237
110040316707
110040316921
110040316958
110040320266
110040320275
110040320284
110040320293
110040320300
110040320337
110040320346
110040320364
110040320391
110040320408
110040320417
110040320426
110040320435
110040320444
110040320453
110040320462
110040320471
110040320480
110040320505
110040320514
110040320523
110040320532
110040320550
110040320569
110040320578
110040320587
110040320596
110040320603
110040320612
110040320621
110040320630
110040320649
110040320658
110040320667
110040320676
110040320685
110040320694
110040320701
110040320710
110040320738
110040320756
110040320765
110040320774
110040320783
110040320792
110040320809
110040320818
110040320827
110040320845
110040320854
110040320863
110040320872
110040320881
110040320890
110040320907
110040320916
110040320925
110040320934
110040320943
110040320952
110040320961
110040320970
110040320989
110040320998
110040321005
110040321014
110040321032
110040321041
110040321050
110040321069
110040321078
110040321087
110040321103
110040321112
110040321121
110040321130
110040321149
110040321158
110040321167
110040321176
110040321185
110040321194
110040321201
110040321210
110040321229
110040321247
110040321256
110040321265
110040321274
110040321283
110040321292
110040321309
110040321318
110040321327
110040321336
110040321345
110040321354
110040321363
110040321372
110040321381
110040321390
110040321407
110040321416
110040321425
110040321443
110040321452
110040321461
110040321470
110040321489
110040321498
110040321504
110040321513
110040321522
110040321531
110040321540
110040321559
110040321568
110040321595
110040321602
110040321611
110040321620
110040321639
110040321648
110040321657
110040321666
110040321675
110040321684
110040321728
110040321862
110040321871
110040321880
110040321899
110040321906
110040321915
110040321942
110040321960
110040321988
110040321997
110040322004
110040322040
110040322059
110040322068
110040322077
110040322086
110040322095
110040322111
110040322120
110040322139
110040322148
110040322166
110040322175
110040322184
110040322193
110040322200
110040322264
110040322308
110040322317
110040322326
110040322335
110040322353
110040322362
110040322479
110040322488
110040322497
110040322512
110040322521
110040322530
110040322549
110040322558
110040322576
110040322585
110040322594
110040322601
110040322610
110040322629
110040322638
110040322647
110040322656
110040322665
110040322674
110040322683
110040322692
110040322709
110040322718
110040322736
110040322754
110040322763
110040322772
110040322807
110040322816
110040322825
110040323227
110040323236
110040323263
110040323290
110040323307
110040323343
110040323361
110040323370
110040323389
110040323398
110040323405
110040323423
110040323441
110040323450
110040323469
110040323478
110040323487
110040323496
110040323502
110040323511
110040323539
110040323548
110040323557
110040323566
110040323575
110040323584
110040323593
110040323600
110040323619
110040323628
110040323637
110040323646
110040323655
110040323664
110040323673
110040323682
110040323691
110040323708
110040323717
110040323726
110040323735
110040323753
110040323762
110040323771
110040323780
110040323806
110040323824
110040323879
110040324020
110040324039
110040324048
110040324066
110040324075
110040324084
110040324100
110040324119
110040324137
110040324146
110040324155
110040324173
110040324226
110040324235
110040324253
110040324262
110040324271
110040324280
110040324299
110040324306
110040324315
110040324324
110040324342
110040324351
110040324360
110040324379
110040324388
110040324397
110040324404
110040324413
110040324422
110040324431
110040324440
110040324459
110040324468
110040324495
110040324510
110040324538
110040324547
110040324556
110040324565
110040324574
110040324583
110040324887
110040324896
110040324903
110040324912
110040324921
110040324930
110040324949
110040324958
110040324967
110040324976
110040324985
110040324994
110040325001
110040325010
110040325038
110040325047
110040325056
110040325083
110040325092
110040325109
110040325118
110040325127
110040325136
110040325145
110040325154
110040325163
110040325172
110040325181
110040325261
110040325467
110040325662
110040325877
110040326064
110040326260
110040326279
110040326288
110040326297
110040326304
110040326313
110040326322
110040326331
110040326340
110040326359
110040326368
110040326377
