110040326395
110040326402
110040326411
110040326420
110040326439
110040326448
110040326457
110040326466
110040326475
110040326484
110040326509
110040326518
110040326527
110040326536
110040326545
110040326885
110040326894
110040326901
110040326929
110040326938
110040326947
110040326956
110040326965
110040326974
110040326983
110040327009
110040327018
110040327027
110040327036
110040327045
110040327054
110040327063
110040327072
110040327081
110040327090
110040327107
110040327116
110040327125
110040327134
110040327143
110040327152
110040327161
110040327170
110040327189
110040327214
110040327223
110040327232
110040327241
110040327250
110040327278
110040327287
110040327296
110040327303
110040327312
110040327321
110040327330
110040327349
110040327358
110040327367
110040327376
110040327385
110040327394
110040327401
110040327410
110040327429
110040327438
110040327447
110040327456
110040327465
110040327474
110040327483
110040327492
110040327508
110040327526
110040327535
110040327624
110040327660
110040327679
110040327688
110040327704
110040327713
110040327722
110040327731
110040327740
110040327759
110040327768
110040327786
110040327795
110040327802
110040327811
110040327820
110040327839
110040327848
110040327857
110040327875
110040327884
110040327893
110040327900
110040327919
110040328062
110040328080
110040328106
110040328115
110040328124
110040328133
110040328142
110040328160
110040328179
110040328197
110040328204
110040328231
110040328240
110040328259
110040328268
110040328311
110040328320
110040328339
110040328348
110040328366
110040328375
110040328393
110040328419
110040328428
110040328437
110040328446
110040328464
110040328473
110040328491
110040328847
110040328856
110040328865
110040328874
110040328892
110040328918
110040328927
110040328936
110040328945
110040328972
110040328981
110040328990
110040329007
110040329016
110040329025
110040329034
110040329043
110040329052
110040329061
110040329089
110040329098
110040329105
110040329123
110040329141
110040329150
110040329169
110040329178
110040329196
110040329203
110040329212
110040329221
110040329230
110040329249
110040329258
110040329267
110040329276
110040329285
110040329294
110040329301
110040329310
110040329329
110040329338
110040329356
110040329365
110040329374
110040329383
110040329392
110040329409
110040329418
110040329436
110040329445
110040329454
110040329463
110040329481
110040329490
110040329506
110040329515
110040329524
110040329533
110040329686
110040329711
110040329720
110040329739
110040329766
110040329784
110040329793
110040329800
110040329819
110040329828
110040329837
110040329846
110040329873
110040329882
110040329891
110040329908
110040329917
110040329926
110040329935
110040329944
110040329953
110040329962
110040329971
110040330013
110040330022
110040330031
110040330040
110040330059
110040330068
110040330077
110040330086
110040330095
110040330102
110040330120
110040330139
110040330148
110040330157
110040330166
110040330175
110040330184
110040330193
110040330200
110040330228
110040330237
110040330246
110040330255
110040330264
110040330273
110040330282
110040330291
110040330308
110040330317
110040330326
110040330335
110040330344
110040330353
110040330362
110040330371
110040330380
110040330406
110040330415
110040330424
110040330433
110040330451
110040330460
110040330479
110040330488
110040330497
110040330665
110040330674
110040331003
110040331012
110040331021
110040331030
110040331049
110040331058
110040331067
110040331076
110040331085
110040331094
110040331101
110040331110
110040331129
110040331138
110040331165
110040331174
110040331183
110040331192
110040331209
110040331218
110040331227
110040331236
110040331245
110040331254
110040331263
110040331272
110040331281
110040331290
110040331307
110040331316
110040331325
110040331334
110040331343
110040331352
110040331361
110040331370
110040331389
110040331398
110040331405
110040331414
110040331423
110040331432
110040331441
110040331450
110040331469
110040331478
110040331487
110040331496
110040331502
110040331511
110040331520
110040331539
110040331548
110040331557
110040331566
110040331575
110040331584
110040331593
110040331600
110040331619
110040331646
110040331655
110040331664
110040331682
110040331691
110040331717
110040332084
110040332093
110040332119
110040332128
110040332146
110040332164
110040332173
110040332182
110040332191
110040332208
110040332217
110040332226
110040332235
110040332244
110040332253
110040332262
110040332271
110040332280
110040332315
110040332324
110040332342
110040332351
110040332360
110040332379
110040332388
110040332397
110040332404
110040332413
110040332422
110040332431
110040332440
110040332468
110040332477
110040332486
110040332495
110040332501
110040332510
110040332529
110040332538
110040332556
110040332565
110040332574
110040332583
110040332592
110040332618
110040332627
110040332636
110040332645
110040332654
110040332663
110040332672
110040332681
110040332707
110040332716
110040332725
110040332734
110040332752
110040332761
110040332770
110040332789
110040332798
110040332805
110040332823
110040332850
110040332869
110040332878
110040332887
110040332896
110040332903
110040332994
110040333001
110040333010
110040333029
110040333038
110040333047
110040333056
110040333065
110040333074
110040333083
110040333092
110040333109
110040333118
110040333127
110040333261
110040333270
110040333289
110040333298
110040333305
110040333314
110040333323
110040333332
110040333341
110040333350
110040333369
110040333378
110040333387
110040333396
110040333403
110040333421
110040333430
110040333449
110040333458
110040333476
110040333485
110040333494
110040333500
110040333519
110040333528
110040333537
110040333546
110040333564
110040333573
110040333591
110040333608
110040333617
110040333626
110040333644
110040333653
110040333662
110040333671
110040333715
110040333733
110040333751
110040333760
110040333779
110040333788
110040333797
110040334073
110040334082
110040334091
110040334108
110040334126
110040334135
110040334144
110040334153
110040334162
110040334171
110040334199
110040334206
110040334215
110040334224
110040334233
110040334242
110040334251
110040334260
110040334279
110040334288
110040334297
110040334304
110040334313
110040334322
110040334331
110040334340
110040334368
110040334377
110040334386
110040334395
110040334402
110040334420
110040334439
110040334448
110040334457
110040334466
110040334475
110040334484
110040334493
110040334509
110040334518
110040334527
110040334536
110040334545
110040334554
110040334563
110040334572
110040334581
110040334590
110040334607
110040334616
110040334625
110040334634
110040334643
110040334652
110040334661
110040334670
110040334689
110040334698
110040334705
110040334714
110040334723
110040334732
110040334741
110040335072
110040335081
110040335107
110040335116
110040335134
110040335143
110040335152
110040335161
110040335170
110040335189
110040335198
110040335205
110040335214
110040335223
110040335241
110040335250
110040335269
110040335278
110040335287
110040335296
110040335303
110040335312
110040335321
110040335330
110040335349
110040335358
110040335367
110040335376
110040335385
110040335394
110040335401
110040335410
110040335429
110040335438
110040335447
110040335456
110040335465
110040335474
110040335483
110040335492
110040335517
110040335526
110040335535
110040335553
110040335571
110040335580
110040335606
110040335615
110040335624
110040335642
110040335651
110040335679
110040335688
110040335697
110040335704
110040335713
110040335722
110040335731
110040342064
110040342073
110040342082
110040342091
110040342260
110040342466
110040342475
110040342493
110040342661
110040342670
110040342705
110040342723
110040342732
110040342750
110040342769
110040342867
110040342901
110040343072
110040343081
110040343143
110040343152
110040343161
110040343278
110040343287
110040343321
110040343330
110040343349
110040343385
110040343465
110040343660
110040343679
110040343688
110040343704
110040343722
110040343731
110040343740
110040343759
110040343768
110040343777
110040343795
110040343802
110040343875
110040343884
110040343893
110040343928
110040343937
110040343946
110040343955
110040343964
110040345677
110040345695
110040345711
110040345775
110040345837
110040345864
110040366065
110040366083
110040369838
110040369847
110040369856
110040369874
110040369883
110040369892
110040370434
110040370470
110040370489
110040373752
110040373798
110040373805
110040373814
110040373878
110040374001
110040374010
110040374029
110040374038
110040374056
110040374065
110040374074
110040374092
110040374118
110040374127
110040374136
110040374145
110040374154
110040374163
110040374172
110040374181
110040374190
110040374207
110040374261
110040374270
110040374289
110040374298
110040374305
110040374564
110040374582
110040374591
110040374608
110040374617
110040374626
110040374635
110040374644
110040374653
110040374680
110040374699
110040374715
110040374724
110040374733
110040374742
110040374751
110040374760
110040374779
110040374788
110040374797
110040374804
110040374822
110040374831
110040374840
110040374859
110040374868
110040374877
110040374939
110040374948
110040374966
110040374984
110040374993
110040375028
110040375037
110040375233
110040375242
110040375251
110040375260
110040375288
110040375297
110040375304
110040375313
110040375322
110040375331
110040375340
110040375359
110040375368
110040375377
110040375386
110040375402
110040375411
110040375420
110040375439
110040375448
110040375457
110040375466
110040375475
110040375484
110040375509
110040375518
110040375527
110040375536
110040375965
110040375974
110040375983
110040375992
110040376027
110040376303
110040376385
110040376599
110040402329
110040402338
110040402374
110040402418
110040402436
110040402515
110040402524
110040402533
110040402579
110040402588
110040402597
110040402622
110040402631
110040402640
110040402659
110040402668
110040402686
110040402695
110040402702
110040402711
110040402739
110040402748
110040402757
110040402766
110040402775
110040402784
110040403220
110040403239
110040403248
110040403293
110040403471
110040403480
110040403676
110040403685
110040403694
110040403701
110040403710
110040411952
110040412096
110040412103
110040412540
110040412620
110040412639
110040412808
110040412817
110040412844
110040412899
110040412915
110040412933
110040413068
110040413111
110040413139
110040413157
110040413175
110040413219
110040413237
110040413308
110040413479
110040413497
110040413503
110040413647
110040413656
110040413852
110040413914
110040413941
110040413969
110040413978
110040414049
110040414076
110040414085
110040414272
110040414398
110040414432
110040414511
110040414753
110040415084
110040415093
110040415119
110040415191
110040415244
110040415306
110040415360
110040415574
110040415583
110040415663
110040415681
110040415841
110040415850
110040415869
110040415887
110040415912
110040415994
110040416001
110040416029
110040416047
110040416065
110040416127
110040416207
110040416243
110040416261
110040416305
110040416323
110040416341
110040416369
110040416378
110040416859
110040417527
110040417741
110040417885
110040417894
110040418072
110040418143
110040418205
110040418358
110040418385
110040418394
110040418465
110040418624
110040418633
110040418651
110040418688
110040418795
110040418991
110040419026
110040419035
110040419044
110040419053
110040419062
110040419099
110040419151
110040419259
110040419277
110040419295
110040419311
110040419339
110040419384
110040419400
110040419428
110040419482
110040419570
110040420041
110040420112
110040420121
110040420176
110040420201
110040420229
110040420256
110040420274
110040420283
110040420728
110040420764
110040420773
110040420782
110040420791
110040420817
110040420826
110040420853
110040420862
110040420871
110040420880
110040421022
110040421086
110040421399
110040421406
110040421683
110040421709
110040421807
110040421843
110040421889
110040421969
110040422003
110040422600
110040422726
110040422799
110040423360
110040423618
110040423814
110040423823
110040423878
110040423903
110040423921
110040424644
110040424760
110040425028
110040425108
110040425180
110040425313
110040425377
110040425527
110040425812
110040425821
110040425830
110040425858
110040425876
110040425885
110040425894
110040425901
110040425910
110040425938
110040425947
110040425956
110040425965
110040425974
110040425992
110040426107
110040426134
110040426170
110040426349
110040426367
110040426465
110040426535
110040426553
110040426651
110040426660
110040427008
110040427231
110040427357
110040427375
110040427393
110040427419
110040427428
110040427437
110040427446
110040427455
110040427473
110040427482
110040427491
110040427516
110040427525
110040427534
110040427543
110040427552
110040427561
110040427570
110040427589
110040427598
110040427605
110040427623
110040427641
110040427650
110040427678
110040427687
110040427696
110040427712
110040427721
110040427730
110040427749
110040427758
110040428187
110040428338
110040428374
110040428383
110040428551
110040428702
110040428711
110040428720
110040428739
110040428766
110040428784
110040428819
110040428828
110040428917
110040428935
110040429060
