110040429088
110040429113
110040429346
110040429792
110040429845
110040429961
110040430165
110040430263
110040430281
110040430511
110040430557
110040430646
110040430806
110040430842
110040432092
110040432635
110040432653
110040432662
110040432671
110040432680
110040432699
110040432706
110040432715
110040432724
110040432733
110040432742
110040432751
110040432779
110040432788
110040432797
110040432804
110040432813
110040433233
110040433260
110040433279
110040433297
110040433475
110040433484
110040433493
110040433607
110040433625
110040433643
110040433689
110040433698
110040433714
110040433732
110040433741
110040433750
110040433769
110040433787
110040433796
110040433803
110040433821
110040434241
110040434250
110040434269
110040434278
110040434287
110040434296
110040434303
110040434312
110040434660
110040434688
110040434704
110040434713
110040436409
110040438176
110040438194
110040438201
110040438229
110040438247
110040443455
110040445006
110040445015
110040445042
110040445051
110040445211
110040447488
110040447512
110040447521
110040447521
110040447530
110040447549
110040447558
110040447576
110040451533
110040451846
110040452499
110040452523
110040452863
110040452872
110040452881
110040452890
110040452907
110040452916
110040452925
110040452934
110040452943
110040452952
110040452961
110040452970
110040452989
110040452998
110040453005
110040453014
110040453023
110040453032
110040453041
110040453050
110040453069
110040453078
110040453087
110040453096
110040453103
110040453112
110040453121
110040453130
110040453149
110040453158
110040453167
110040453176
110040453345
110040453363
110040453372
110040453381
110040453407
110040453416
110040453434
110040453443
110040453657
110040453666
110040453675
110040453684
110040453693
110040453700
110040453728
110040453737
110040453746
110040453755
110040453764
110040453773
110040453782
110040453791
110040453808
110040453826
110040453835
110040453844
110040453853
110040453862
110040453871
110040453880
110040453899
110040453915
110040453924
110040453933
110040453942
110040453951
110040453960
110040453979
110040453988
110040453997
110040454004
110040454013
110040454022
110040454031
110040454040
110040454059
110040454068
110040454077
110040454095
110040454111
110040454120
110040454139
110040454166
110040454193
110040454530
110040454549
110040454558
110040454567
110040454576
110040454585
110040454594
110040454610
110040454629
110040454638
110040454656
110040454665
110040454674
110040454683
110040454692
110040454709
110040454718
110040454727
110040454736
110040454754
110040454763
110040454772
110040454781
110040454790
110040454807
110040454825
110040454834
110040454843
110040454852
110040454861
110040454870
110040454898
110040454914
110040454923
110040454941
110040454978
110040454987
110040454996
110040455003
110040455012
110040455030
110040455076
110040455600
110040455619
110040455628
110040455637
110040455646
110040455655
110040455673
110040455682
110040455708
110040455717
110040455726
110040455735
110040455744
110040455762
110040455780
110040455799
110040455806
110040455815
110040455824
110040455833
110040455842
110040455851
110040455860
110040455879
110040455888
110040455897
110040455904
110040455922
110040455931
110040456137
110040456146
110040456164
110040456173
110040456486
110040456495
110040456501
110040456510
110040456538
110040456547
110040456556
110040456565
110040456574
110040456583
110040456592
110040456609
110040456618
110040456627
110040456636
110040456645
110040456654
110040456663
110040456681
110040456716
110040456743
110040456752
110040456770
110040456985
110040456994
110040457001
110040457252
110040457270
110040457298
110040457699
110040457706
110040457715
110040457724
110040457733
110040457742
110040457751
110040457779
110040457788
110040457804
110040457813
110040457822
110040457831
110040457859
110040457868
110040457886
110040457920
110040457939
110040457957
110040457993
110040458000
110040458019
110040458028
110040458313
110040458322
110040458340
110040458377
110040458386
110040458402
110040458411
110040458420
110040458448
110040458457
110040458475
110040458484
110040458509
110040458518
110040458527
110040458545
110040458554
110040458563
110040458581
110040458590
110040458705
110040458714
110040458723
110040458732
110040458769
110040458778
110040458787
110040458796
110040458803
110040458812
110040458821
110040458830
110040458849
110040458858
110040458867
110040458885
110040458894
110040458901
110040458910
110040458929
110040458938
110040458947
110040458956
110040458965
110040458974
110040459134
110040459143
110040459152
110040459161
110040459170
110040459198
110040459214
110040459223
110040459232
110040459278
110040459287
110040459296
110040459303
110040459312
110040459321
110040459349
110040459358
110040459376
110040459385
110040459394
110040459410
110040459438
110040459447
110040459456
110040459606
110040459615
110040459624
110040459633
110040459642
110040459651
110040459660
110040459679
110040459688
110040459697
110040459704
110040459713
110040459722
110040459731
110040459740
110040459759
110040459768
110040459777
110040459786
110040459795
110040459802
110040459811
110040459839
110040459848
110040459857
110040459866
110040459875
110040459919
110040459928
110040459946
110040459955
110040460079
110040460088
110040460113
110040460122
110040460131
110040460140
110040460168
110040460186
110040460195
110040460202
110040460220
110040460239
110040460248
110040460266
110040460275
110040460293
110040460300
110040460319
110040460328
110040460337
110040460346
110040460355
110040460364
110040460373
110040460382
110040460408
110040460417
110040460426
110040460505
110040460523
110040460532
110040460541
110040460550
110040460569
110040460578
110040460587
110040460596
110040460603
110040460612
110040460621
110040460630
110040460649
110040460658
110040460667
110040460676
110040460685
110040460701
110040460729
110040460738
110040460765
110040460774
110040460783
110040460792
110040460809
110040460818
110040460827
110040460836
110040461005
110040461014
110040461023
110040461032
110040461050
110040461069
110040461078
110040461087
110040461096
110040462219
110040462237
110040462246
110040462255
110040462264
110040462273
110040462291
110040462308
110040462335
110040462344
110040462353
110040462362
110040462479
110040462488
110040462503
110040462512
110040462521
110040462530
110040462549
110040462843
110040462852
110040462870
110040462905
110040462941
110040462969
110040462978
110040463021
110040463030
110040463058
110040463067
110040463334
110040463450
110040463487
110040463496
110040463511
110040463539
110040463548
110040463628
110040463780
110040463815
110040477365
110040477383
110040477409
110040477418
110040477622
110040477631
110040477711
110040477917
110040478051
110040478060
110040478293
110040478300
110040478355
110040478863
110040478872
110040478881
110040478907
110040478916
110040478925
110040478998
110040479130
110040479176
110040479274
110040481467
110040481467
110040482260
110040483562
110040483580
110040483606
110040483615
110040483624
110040483633
110040483642
110040483651
110040483660
110040483679
110040483688
110040483777
110040483786
110040483795
110040483802
110040483820
110040483848
110040483857
110040483866
110040483884
110040483893
110040483900
110040484133
110040484142
110040484151
110040484160
110040484179
110040484188
110040484197
110040484231
110040484259
110040484268
110040484277
110040484295
110040484302
110040484311
110040485089
110040485356
110040485365
110040485374
110040485383
110040485436
110040485445
110040485481
110040486266
110040487684
110040487693
110040487719
110040487728
110040487737
110040487755
110040487782
110040487808
110040487817
110040487835
110040487906
110040487915
110040487988
110040488362
110040488380
110040488451
110040488460
110040488488
110040488530
110040488834
110040488843
110040488852
110040488861
110040488870
110040488889
110040488923
110040488987
110040489021
110040489067
110040491535
110040491633
110040491679
110040491704
110040491713
110040491722
110040491731
110040491740
110040491759
110040491768
110040491777
110040491786
110040491795
110040491802
110040491811
110040491839
110040491848
110040491857
110040491875
110040491884
110040491893
110040491900
110040491919
110040491928
110040491937
110040491946
110040491964
110040491982
110040491991
110040492026
110040492044
110040492053
110040492071
110040492099
110040492106
110040492115
110040492133
110040492142
110040492160
110040492179
110040492188
110040492197
110040492204
110040492213
110040492222
110040492240
110040492268
110040492295
110040492302
110040492320
110040492348
110040492357
110040492366
110040492375
110040492384
110040492393
110040492400
110040492419
110040492437
110040492446
110040492455
110040492473
110040492491
110040492507
110040492516
110040492525
110040492534
110040492543
110040492552
110040492561
110040492570
110040492589
110040492598
110040492605
110040492614
110040492623
110040492632
110040492641
110040492650
110040492669
110040492678
110040492687
110040492696
110040492703
110040492712
110040492721
110040492730
110040492749
110040492758
110040492767
110040492776
110040492785
110040492794
110040492801
110040492810
110040492829
110040492838
110040492847
110040492856
110040492865
110040492874
110040492892
110040492909
110040492918
110040492927
110040492936
110040492945
110040492954
110040492963
110040492972
110040492981
110040492990
110040493007
110040493016
110040493025
110040493034
110040493043
110040493070
110040493089
110040493098
110040493105
110040493114
110040493123
110040493132
110040493141
110040493150
110040493169
110040493196
110040493203
110040493212
110040493221
110040493230
110040493249
110040493542
110040493551
110040493560
110040493695
110040493793
110040493800
110040493882
110040493962
110040495096
110040495103
110040495112
110040495121
110040495130
110040495149
110040495167
110040495176
110040495185
110040495201
110040495210
110040495229
110040495238
110040495247
110040495274
110040495283
110040495292
110040495309
110040495318
110040495336
110040495345
110040495363
110040495372
110040495381
110040495390
110040495407
110040495425
110040495434
110040495443
110040495522
110040495559
110040495568
110040495577
110040495602
110040495620
110040495639
110040495648
110040495700
110040495728
110040495737
110040495746
110040495755
110040495764
110040495773
110040495782
110040495791
110040495817
110040495826
110040495835
110040495844
110040495862
110040495871
110040495899
110040495906
110040495915
110040495924
110040495933
110040495951
110040495960
110040495988
110040495997
110040496004
110040496013
110040496022
110040496031
110040496040
110040496068
110040496077
110040496086
110040496095
110040496102
110040496111
110040496139
110040496157
110040496166
110040496175
110040496184
110040496193
110040496200
110040496219
110040496228
110040496237
110040496246
110040496273
110040496282
110040496308
110040496326
110040496335
110040496353
110040496362
110040496371
110040496399
110040496406
110040496415
110040496424
110040497183
110040497192
110040497218
110040497227
110040497325
110040497361
110040497405
110040500179
110040504503
110040504512
110040504530
110040504549
110040504558
110040504567
110040504576
110040504585
110040504594
110040504601
110040504647
110040504656
110040504665
110040504718
110040504736
110040504763
110040507564
110040507582
110040507591
110040507617
110040507626
110040507644
110040507653
110040507671
110040507715
110040507724
110040507779
110040507788
110040507797
110040507822
110040507902
110040507911
110040507920
110040507939
110040507948
110040507957
110040507966
110040507975
110040507984
110040508064
110040508073
110040508082
110040508091
110040508117
110040508135
110040508153
110040508162
110040508180
110040508199
110040508206
110040508224
110040508322
110040508368
110040508377
110040508536
110040508545
110040508554
110040508563
110040508607
110040508625
110040508634
110040508652
110040508661
110040508670
110040508705
110040508769
110040508778
110040508796
110040508812
110040508821
110040508830
110040508849
110040508858
110040508876
110040508885
110040508894
110040508901
110040508910
110040508938
110040508983
110040508992
110040509027
110040509090
110040509143
110040509152
110040509161
110040509241
110040509250
110040509269
110040509278
110040509287
110040509303
110040509312
110040509321
110040509330
110040509349
110040509358
110040509367
110040509376
110040509385
110040509394
110040509401
110040509410
110040509429
110040509438
110040509508
110040509517
110040509526
110040509535
110040509544
110040509571
110040509580
110040509937
110040509946
110040510015
110040510088
110040510097
110040510177
110040510195
110040510239
110040510248
110040510257
110040510266
110040510355
110040510364
110040510373
110040510523
110040510532
110040510541
110040510649
110040510845
110040510952
110040510961
110040510970
110040510989
110040511014
110040511032
110040511050
110040511069
110040511149
110040511363
110040511372
110040511390
110040511407
110040511425
110040511434
110040511443
110040511452
