110040511461
110040511470
110040511489
110040511513
110040511540
110040511577
110040511595
110040511666
110040511684
110040511719
110040511737
110040511746
110040511924
110040511942
110040511988
110040511997
110040512004
110040512013
110040512022
110040516616
110040516803
110040517544
110040517553
110040517580
110040518865
110040518883
110040518892
110040518918
110040519579
110040519588
110040519597
110040519971
110040520013
110040520148
110040520157
110040520193
110040521833
110040522093
110040522119
110040522137
110040522495
110040522529
110040522538
110040522547
110040525642
110040525688
110040525697
110040526106
110040526115
110040526124
110040526142
110040526678
110040526865
110040526909
110040526936
110040527187
110040527196
110040527267
110040528097
110040528104
110040528113
110040528122
110040528131
110040528159
110040528168
110040530244
110040530654
110040530752
110040530761
110040547405
110040563618
110040565091
110040565705
110040567669
110040568668
110040568819
110040569275
110040570138
110040572396
110040573484
110040574893
110040580083
110040582697
110040582811
110040592953
110040593097
110040606644
110040606662
110040606706
110040606715
110040606724
110040606742
110040606751
110040606779
110040606788
110040606797
110040606822
110040606831
110040606840
110040606859
110040606877
110040606886
110040606902
110040606911
110040606920
110040606939
110040606948
110040606957
110040606966
110040606975
110040606984
110040606993
110040607000
110040607019
110040607028
110040607037
110040607046
110040607055
110040607064
110040607073
110040607091
110040607108
110040607117
110040607126
110040607144
110040607153
110040607162
110040607171
110040607180
110040607199
110040607206
110040607224
110040607233
110040607242
110040607251
110040607279
110040607297
110040607304
110040607313
110040607322
110040607340
110040607368
110040607386
110040607395
110040607402
110040607411
110040607420
110040607439
110040607448
110040607457
110040607466
110040607475
110040607493
110040607509
110040607518
110040607527
110040607536
110040607545
110040607554
110040607563
110040607572
110040607590
110040607607
110040607616
110040607625
110040607634
110040607661
110040607670
110040607689
110040607741
110040607769
110040607778
110040607787
110040607803
110040607812
110040607830
110040607849
110040607858
110040607867
110040607876
110040607894
110040607910
110040607965
110040608027
110040608081
110040608116
110040608152
110040608170
110040608198
110040608483
110040608492
110040608508
110040608517
110040608526
110040608535
110040608544
110040608562
110040608580
110040608599
110040608606
110040608615
110040608624
110040608633
110040608642
110040608848
110040608857
110040608875
110040608884
110040608893
110040608937
110040608946
110040608955
110040609142
110040609151
110040609160
110040609179
110040609188
110040609197
110040609204
110040609213
110040609222
110040609231
110040609240
110040609259
110040609268
110040609277
110040609286
110040609295
110040609311
110040609320
110040609339
110040609348
110040609366
110040609375
110040609393
110040609400
110040609419
110040609428
110040609491
110040609507
110040609525
110040609534
110040609543
110040609552
110040609561
110040609570
110040609589
110040609598
110040609605
110040609623
110040609632
110040609641
110040609650
110040609669
110040609678
110040609696
110040609703
110040609712
110040609721
110040609730
110040609749
110040609758
110040609776
110040609785
110040609856
110040609865
110040609874
110040609883
110040609892
110040609909
110040609918
110040609927
110040609936
110040609945
110040609954
110040609963
110040609972
110040609981
110040610327
110040610363
110040611763
110040611772
110040611781
110040612708
110040613057
110040613075
110040615803
110040615849
110040617151
110040617570
110040617696
110040617776
110040618720
110040619532
110040619630
110040619989
110040620101
110040620236
110040620600
110040620691
110040620735
110040621155
110040621690
110040621887
110040622207
110040622476
110040622779
110040627587
110040627596
110040628559
110040628719
110040628728
110040628737
110040629102
110040629111
110040629120
110040629273
110040630886
110040630911
110040631331
110040631359
110040631439
110040631448
110040631457
110040631466
110040633883
110040634472
110040709267
110040709846
110040709855
110040709935
110040712208
110040712235
110040712253
110040712271
110040712299
110040712315
110040712324
110040712351
110040712397
110040712422
110040712440
110040712486
110040712501
110040713163
110040713172
110040713207
110040713225
110040713243
110040713298
110040713323
110040713617
110040713626
110040713635
110040713644
110040713653
110040713662
110040713671
110040713680
110040713699
110040713706
110040713715
110040713724
110040713733
110040713742
110040713751
110040713760
110040713779
110040713788
110040713797
110040713804
110040713813
110040713822
110040713831
110040713920
110040713948
110040713966
110040713984
110040714000
110040714019
110040714028
110040714037
110040714055
110040714064
110040714073
110040714091
110040714108
110040714126
110040714135
110040714153
110040714171
110040714199
110040714215
110040714224
110040714233
110040714242
110040714251
110040714260
110040714279
110040714288
110040714297
110040714322
110040714331
110040714340
110040714359
110040714368
110040714377
110040714386
110040714395
110040714402
110040714411
110040714420
110040714439
110040714448
110040714457
110040714466
110040714475
110040714518
110040714527
110040714536
110040714545
110040714554
110040714581
110040714590
110040714661
110040714689
110040714705
110040714714
110040714750
110040714778
110040714812
110040714858
110040714876
110040714956
110040714974
110040715036
110040715045
110040715090
110040715134
110040715143
110040715189
110040715296
110040715303
110040715330
110040715447
110040715456
110040715517
110040717597
110040717604
110040720609
110040720841
110040720850
110040722778
110040723376
110040723447
110040723456
110040723465
110040723474
110040723483
110040723492
110040752209
110040752334
110040752361
110040754234
110040754378
110040755224
110040755340
110040755830
110040755849
110040755858
110040757188
110040757204
110040757213
110040757222
110040757240
110040757268
110040757669
110040762662
110040763661
110040763670
110040763689
110040763698
110040763705
110040763714
110040763723
110040763732
110040763741
110040763750
110040763769
110040763778
110040763787
110040763796
110040763803
110040763812
110040763821
110040763830
110040763849
110040763858
110040763867
110040763876
110040763885
110040763894
110040763901
110040763910
110040763929
110040763938
110040763947
110040763974
110040764009
110040764045
110040764081
110040764116
110040764125
110040764269
110040764278
110040764287
110040764465
110040764474
110040764660
110040764688
110040764697
110040764704
110040764713
110040764759
110040764768
110040764777
110040764786
110040764795
110040764802
110040764811
110040764820
110040764839
110040764848
110040764866
110040764875
110040764884
110040764893
110040764900
110040764919
110040764928
110040764937
110040764946
110040764955
110040764964
110040764973
110040764982
110040765008
110040765017
110040765026
110040765035
110040765044
110040765053
110040765062
110040765071
110040765080
110040765099
110040765106
110040765115
110040765133
110040765142
110040765151
110040765160
110040765179
110040765188
110040765197
110040765204
110040765213
110040765222
110040765231
110040765240
110040765259
110040765268
110040765277
110040765286
110040765295
110040765302
110040765311
110040765464
110040765473
110040765482
110040765491
110040765507
110040765516
110040765525
110040765534
110040765552
110040765561
110040765570
110040765589
110040765598
110040765605
110040765614
110040765623
110040765632
110040765641
110040765650
110040765669
110040765678
110040765687
110040765696
110040765703
110040765712
110040765721
110040765730
110040765749
110040765758
110040765767
110040765776
110040765785
110040765794
110040765810
110040765829
110040765838
110040765847
110040765856
110040765865
110040765874
110040765883
110040765892
110040765909
110040765927
110040765936
110040765945
110040765954
110040765963
110040765972
110040765981
110040765990
110040766007
110040766025
110040766043
110040766052
110040766061
110040766070
110040766089
110040766098
110040766105
110040766114
110040766123
110040766132
110040766141
110040766150
110040766169
110040766178
110040766187
110040766196
110040766203
110040766212
110040766221
110040766230
110040766267
110040766276
110040766285
110040766294
110040766301
110040766310
110040766329
110040766338
110040766347
110040766356
110040766365
110040766374
110040766383
110040766392
110040766409
110040766418
110040766427
110040766436
110040766445
110040766454
110040766463
110040766472
110040766481
110040766490
110040766506
110040766515
110040766524
110040766533
110040766542
110040766560
110040766579
110040766588
110040766597
110040766604
110040766613
110040766622
110040766631
110040766640
110040766659
110040766668
110040766677
110040766686
110040766695
110040766711
110040766720
110040766864
110040766873
110040766882
110040766908
110040766926
110040766935
110040766944
110040766953
110040766962
110040766971
110040766980
110040767060
110040767079
110040767088
110040767097
110040767104
110040767113
110040767122
110040767131
110040767140
110040767159
110040767168
110040767177
110040767186
110040767195
110040767202
110040767211
110040767220
110040767239
110040767248
110040767257
110040767266
110040767275
110040767284
110040767293
110040767300
110040767319
110040767328
110040767337
110040767346
110040767355
110040767364
110040767373
110040767382
110040767391
110040767408
110040767417
110040767426
110040767435
110040767444
110040767453
110040767462
110040767471
110040767480
110040767499
110040767505
110040767514
110040767523
110040767532
110040767541
110040767550
110040767569
110040767578
110040767587
110040767596
110040767603
110040767612
110040767621
110040767630
110040767649
110040767658
110040767667
110040767676
110040767685
110040767694
110040767701
110040767710
110040767729
110040767738
110040767747
110040767756
110040767765
110040767783
110040767792
110040767809
110040767818
110040767827
110040767845
110040767854
110040767863
110040768023
110040768032
110040768041
110040768050
110040768069
110040768078
110040768096
110040768103
110040768112
110040768265
110040768274
110040768283
110040768292
110040768309
110040768318
110040768336
110040768354
110040768372
110040768381
110040768390
110040768407
110040768416
110040768425
110040768434
110040768443
110040768461
110040768470
110040768489
110040768498
110040768504
110040768522
110040768531
110040768540
110040768559
110040769022
110040769040
110040769059
110040769335
110040769344
110040769362
110040769371
110040769399
110040769406
110040769415
110040769424
110040769433
110040769442
110040769451
110040769479
110040769488
110040769497
110040769512
110040769549
110040769558
110040769567
110040769576
110040769585
110040769601
110040769610
110040769629
110040769638
110040769647
110040769656
110040769665
110040769674
110040769683
110040769692
110040769709
110040769727
110040769736
110040769745
110040769754
110040769763
110040769772
110040769781
110040769790
110040769816
110040769834
110040769843
110040769852
110040769861
110040769987
110040770010
110040770029
110040770038
110040770047
110040770056
110040770065
110040770074
110040770083
110040770092
110040770109
110040770118
110040770145
110040770154
110040770163
110040770181
110040770190
110040770207
110040770216
110040770225
110040770234
110040770243
110040770252
110040770261
110040770270
110040770298
110040770305
110040770323
110040770332
110040770341
110040770350
110040770369
110040770396
110040770403
110040770412
110040770421
110040770430
110040770449
110040770458
110040770467
110040770476
110040770485
110040770494
110040770500
110040770617
110040770626
110040770635
110040770644
110040770653
110040770662
110040770671
110040770680
110040770699
110040770715
110040770724
110040770742
110040770751
110040770779
110040770788
110040770797
110040770813
110040770822
110040770831
110040770840
110040770859
110040821199
110040821386
110040821402
110040821411
110040821457
110040821607
110040821723
110040821732
110040821741
110040821910
110040821929
110040821938
110040822919
110040822937
110040822946
110040822955
110040823231
110040823339
110040826014
110040826023
110040826167
110040826185
110040826194
110040833382
110040833417
110040833426
110040833854
110040833872
110040833881
110040833934
110040834176
110040834185
110040834194
110040834201
110040834210
110040843610
110040843674
110040844726
110040844940
110040844959
110040846920
110040846984
110040848303
110040848919
110040849534
110040850237
110040850521
110040851101
110040851799
110040853136
110040853190
110040853289
110040856473
110040856874
110040857604
110040857908
110040857999
110040858382
110040860128
110040860510
110040860841
110040861145
110040862117
110040862144
110040862180
110040864053
110040866195
110040866729
110040867675
