110040867728
110040867764
110040868308
110040869398
110040870153
110040870279
110040870992
110040871081
110040871474
110040871697
110040871866
110040871875
110040872222
110040872231
110040872687
110040872703
110040872776
110040874701
110040875666
110040878146
110040879109
110040880062
110040881855
110040882033
110040884282
110040889839
110040890257
110040890925
110040894823
110040897385
110040898035
110040898044
110040898525
110040899007
110040899132
110040900031
110040900040
110040900077
110040900932
110040903662
110040904288
110040905287
110040905385
110040907070
110040907267
110040907285
110040907533
110040908033
110040909185
110040909201
110040911029
110040911216
110040911225
110040913143
110040914678
110040914687
110040916113
110040916989
110040917229
110040919968
110040922213
110040922446
110040925112
110040926255
110040926362
110040926674
110040927496
110040927511
110040927520
110040927539
110040927780
110040927815
110040927940
110040928066
110040929216
110040930053
110040930810
110040932015
110040932104
110040932257
110040933265
110040933345
110040933513
110040933559
110040933568
110040933620
110040933933
110040934022
110040934059
110040934479
110040934530
110040934861
110040936510
110040936627
110040936930
110040937118
110040939777
110040939857
110040940952
110040940970
110040940989
110040941531
110040943227
110040943352
110040943389
110040943673
110040943904
110040944388
110040945412
110040945635
110040945939
110040945957
110040946064
110040947777
110040947786
110040948151
110040948384
110040948437
110040948446
110040949622
110040949702
110040949720
110040951173
110040952467
110040952519
110040952573
110040952680
110040955419
110040955491
110040956882
110040962517
110040963213
110040964524
110040964793
110040965774
110040966292
110040966381
110040966416
110040966470
110040966498
110040966504
110040966513
110040966826
110040967442
110040967488
110040967497
110040967503
110040967610
110040967629
110040967647
110040967656
110040967674
110040968183
110040968682
110040968744
110040968762
110040968771
110040969253
110040969681
110040970027
110040970615
110040971106
110040971115
110040971133
110040971142
110040971446
110040972365
110040972409
110040972418
110040972427
110040972677
110040972711
110040972775
110040973140
110040973827
110040974979
110040975362
110040975549
110040975610
110040977878
110040978886
110040979073
110040979741
110040980980
110040982032
110040982041
110040983004
110040983200
110040983219
110040983273
110040985823
110040987894
110040990746
110040991148
110040991175
110040993627
110040993734
110040995340
110040996535
110040996633
110040998481
110040998604
110040999042
110040999257
110040999266
110040999275
110040999293
110040999417
110040999426
110040999578
110040999694
110040999701
110040999738
110041001527
110041001545
110041001563
110041002125
110041002134
110041002143
110041003115
110041003124
110041007157
110041007166
110041007193
110041008281
110041008334
110041008370
110041008398
110041008548
110041008717
110041008815
110041010474
110041011561
110041012418
110041012427
110041013890
110041015139
110041016094
110041016138
110041016218
110041016227
110041016254
110041016272
110041016281
110041016325
110041016398
110041016815
110041017244
110041017592
110041017609
110041017841
110041018378
110041018984
110041019509
110041019518
110041019536
110041019572
110041019581
110041020310
110041020347
110041020873
110041020891
110041020908
110041021346
110041021364
110041021373
110041021998
110041022005
110041022014
110041022050
110041022292
110041024316
110041024370
110041025182
110041025583
110041026181
110041026190
110041026537
110041026555
110041026582
110041026617
110041026626
110041026635
110041027108
110041027402
110041027493
110041027732
110041027741
110041027796
110041027803
110041027849
110041027858
110041027867
110041028170
110041028571
110041028599
110041028697
110041028713
110041028722
110041030595
110041031175
110041031576
110041031594
110041031709
110041032619
110041032753
110041033128
110041034074
110041034788
110041035616
110041036189
110041036884
110041038007
110041038338
110041038908
110041039195
110041039202
110041042118
110041043625
110041047051
110041048522
110041050260
110041050322
110041052758
110041056727
110041056763
110041057628
110041057691
110041057726
110041057735
110041057833
110041059957
110041060384
110041060419
110041060847
110041061052
110041062355
110041062373
110041063185
110041063201
110041064638
110041064692
110041064745
110041067216
110041067225
110041067234
110041067476
110041068947
110041068965
110041071149
110041071577
110041071586
110041071611
110041071844
110041073076
110041073085
110041074173
110041074397
110041075957
110041076162
110041077081
110041077134
110041077508
110041078179
110041078856
110041078972
110041079123
110041079150
110041079249
110041079463
110041079515
110041079686
110041079711
110041080610
110041080692
110041080718
110041081370
110041081879
110041082084
110041082299
110041082342
110041082404
110041082869
110041083038
110041083083
110041083289
110041083350
110041084108
110041085456
110041085465
110041085679
110041085697
110041085704
110041086222
110041086231
110041086507
110041086589
110041087221
110041089960
110041093205
110041093358
110041094240
110041094669
110041094749
110041094758
110041095132
110041096202
110041096364
110041097005
110041098781
110041098790
110041099110
110041099334
110041099995
110041100055
110041102927
110041103481
110041104603
110041104863
110041104881
110041105737
110041108066
110041112943
110041113194
110041113461
110041115290
110041118929
110041119143
110041119580
110041120088
110041120211
110041120792
110041124262
110041127312
110041127606
110041128446
110041128482
110041128516
110041128525
110041128703
110041129052
110041129515
110041131897
110041132020
110041133957
110041137329
110041139700
110041142135
110041142215
110041142304
110041142545
110041142698
110041147087
110041147096
110041147121
110041148736
110041148745
110041148763
110041148772
110041148905
110041148932
110041148987
110041148996
110041149003
110041149030
110041149058
110041149067
110041149076
110041149398
110041149423
110041149432
110041149441
110041149502
110041149520
110041149539
110041149548
110041149557
110041150722
110041150768
110041150802
110041150820
110041151115
110041151339
110041151348
110041151357
110041151366
110041151437
110041151455
110041151473
110041151482
110041151491
110041151534
110041151543
110041151552
110041151561
110041151570
110041151614
110041151623
110041151641
110041151696
110041151712
110041151721
110041151730
110041151749
110041152034
110041152043
110041152132
110041152141
110041152196
110041152365
110041152374
110041152481
110041152490
110041152524
110041152533
110041152542
110041152551
110041152560
110041152579
110041152588
110041152613
110041152640
110041152659
110041152668
110041152695
110041152775
110041152784
110041152917
110041152926
110041153015
110041153051
110041153159
110041153168
110041153177
110041153239
110041153248
110041153257
110041153275
110041153284
110041153300
110041153346
110041153364
110041153373
110041153382
110041153391
110041153408
110041153587
110041154363
110041155503
110041156496
110041158136
110041159000
110041159581
110041159992
110041163077
110041163932
110041164263
110041165636
110041165752
110041171219
110041174485
110041176376
110041176875
110041177071
110041177268
110041182948
110041183448
110041184009
110041184045
110041184599
110041184697
110041186052
110041186061
110041186310
110041186873
110041187934
110041188185
110041189870
110041190760
110041190831
110041192018
110041192054
110041192349
110041192492
110041192866
110041192991
110041193366
110041193482
110041193552
110041193721
110041193749
110041194310
110041194436
110041194472
110041194766
110041194917
110041194999
110041195159
110041195239
110041195319
110041195649
110041195685
110041196103
110041196121
110041196185
110041196194
110041196201
110041196229
110041196238
110041196247
110041196256
110041196265
110041196327
110041196390
110041196425
110041196434
110041196443
110041196461
110041196498
110041196522
110041197889
110041197950
110041197969
110041197978
110041197987
110041197996
110041198003
110041198209
110041198450
110041198469
110041198496
110041198913
110041198968
110041199262
110041199271
110041199333
110041199351
110041199360
110041199397
110041199404
110041199556
110041199583
110041199636
110041199841
110041199896
110041199949
110041199958
110041200081
110041200090
110041200143
110041200385
110041200447
110041200474
110041200562
110041201017
110041201437
110041201491
110041201525
110041201534
110041201543
110041201570
110041201589
110041201614
110041201865
110041201874
110041201909
110041202105
110041202141
110041202294
110041202515
110041202613
110041202631
110041203060
110041203220
110041203284
110041203300
110041203319
110041203328
110041203499
110041203578
110041203603
110041203701
110041203845
110041204103
110041204112
110041204121
110041204149
110041204238
110041204283
110041204513
110041204862
110041204880
110041205004
110041205013
110041205040
110041205059
110041205068
110041205086
110041205102
110041205111
110041205120
110041205148
110041205157
110041205166
110041205175
110041205264
110041205273
110041205282
110041205503
110041205647
110041205665
110041205763
110041205772
110041206192
110041206209
110041206218
110041206236
110041206254
110041206263
110041207020
110041207057
110041207075
110041207093
110041207100
110041207137
110041207146
110041207155
110041207182
110041207191
110041207217
110041207636
110041208190
110041208412
110041208706
110041208751
110041208779
110041208797
110041208804
110041208813
110041208859
110041208868
110041208939
110041208948
110041208984
110041209117
110041209215
110041209279
110041209509
110041209572
110041209616
110041209849
110041209894
110041209901
110041209965
110041210007
110041210196
110041210212
110041210285
110041210329
110041210338
110041210347
110041210356
110041210365
110041210374
110041210383
110041210392
110041210855
110041211104
110041211113
110041211168
110041211319
110041211337
110041211346
110041211355
110041211364
110041211373
110041211382
110041211391
110041211417
110041211426
110041211435
110041212032
110041212265
110041212283
110041212292
110041212684
110041212737
110041213273
110041213745
110041213790
110041213996
110041216868
110041216886
110041216911
110041216984
110041217046
110041217215
110041217402
110041217493
110041217670
110041218081
110041218116
110041218134
110041218410
110041218465
110041218599
110041219044
110041219400
110041219428
110041219446
110041219598
110041219767
110041219847
110041220078
110041220103
110041220176
110041220489
110041220522
110041220746
110041220924
110041220951
110041221077
110041221219
110041221264
110041221273
110041221843
110041221932
110041222138
110041222174
110041223565
110041224001
110041228542
110041228757
110041229541
110041233395
110041233411
110041233484
110041233803
110041234081
110041234358
110041234580
110041234688
110041235918
110041237792
110041239344
110041240715
110041241091
110041241108
110041241297
110041241331
110041241368
110041241625
110041241947
110041241983
110041242492
110041242517
110041242535
110041243268
110041243348
110041243366
110041243507
110041243561
110041243598
110041243605
110041245462
110041245480
110041245505
110041245541
110041245569
110041245578
110041245587
110041245596
110041245621
110041245649
110041245658
110041245676
110041245685
110041245694
110041246719
110041246817
110041248325
110041249850
110041249869
110041249887
110041250026
110041250222
110041250231
110041250240
110041250277
110041250286
110041250295
110041250357
110041250400
110041250419
110041250446
110041250464
110041250507
110041250525
110041250543
110041250696
110041250703
110041250712
110041251114
110041251141
110041252097
110041252122
110041252131
110041252293
110041252462
110041252701
110041253666
110041254326
110041255478
110041255539
110041258064
110041258073
110041258082
110041258091
110041260122
110041260300
110041261121
110041262852
110041262870
110041264663
110041264672
110041264681
110041264690
110041264707
110041264716
110041264725
110041264734
110041264743
110041264752
110041264761
110041264770
110041264789
110041264798
110041264805
110041264814
110041264823
110041264832
110041264841
110041264850
110041264869
110041264878
110041264887
110041264896
110041264903
110041264912
110041264921
110041264949
110041264958
110041264967
110041264976
110041265029
110041265038
110041265047
110041265056
110041265065
110041265074
110041265083
110041265092
110041265109
110041265118
110041265127
110041265136
110041265145
110041265154
110041265163
110041265172
110041265181
110041265190
110041265207
110041265216
110041265225
110041265234
110041265243
110041265252
110041265261
110041265270
110041265289
110041265298
110041265314
110041265323
110041265332
110041265341
110041265350
110041265369
110041265378
110041265387
110041265396
110041265403
110041265412
110041265421
110041265430
110041265449
110041265458
110041265467
110041265476
110041265485
