110041265494
110041265500
110041265519
110041265528
110041265537
110041265546
110041265555
110041265564
110041265573
110041265582
110041265591
110041265608
110041265617
110041265626
110041265635
110041265644
110041265653
110041265662
110041265671
110041265699
110041265706
110041265715
110041265724
110041265733
110041265742
110041265751
110041265760
110041265779
110041265788
110041265797
110041265804
110041265813
110041265822
110041265840
110041265859
110041265868
110041265877
110041265886
110041265895
110041265902
110041265911
110041265920
110041265939
110041265948
110041265957
110041265975
110041265993
110041266019
110041266028
110041266046
110041266055
110041266064
110041266073
110041266091
110041266108
110041266117
110041266126
110041266135
110041266144
110041266153
110041266162
110041266171
110041266180
110041266199
110041266206
110041266215
110041266224
110041266233
110041266242
110041266251
110041266260
110041266279
110041266288
110041266297
110041266304
110041266313
110041266322
110041266331
110041266340
110041266359
110041266368
110041266377
110041266386
110041266395
110041266402
110041266411
110041266420
110041266439
110041266448
110041266457
110041266466
110041266475
110041266484
110041266493
110041266518
110041266527
110041266536
110041266545
110041266554
110041266563
110041266572
110041266590
110041266607
110041266634
110041266643
110041266652
110041266661
110041266670
110041266689
110041266698
110041266705
110041266714
110041266723
110041266732
110041266741
110041266750
110041266769
110041266778
110041266787
110041266796
110041266803
110041266812
110041266821
110041266830
110041266849
110041266858
110041266867
110041266876
110041266885
110041266894
110041266901
110041266910
110041266929
110041266938
110041266947
110041266956
110041266965
110041266974
110041266983
110041267009
110041267018
110041267027
110041267036
110041267045
110041267054
110041267063
110041267072
110041267081
110041267090
110041267107
110041267116
110041267134
110041267143
110041267152
110041267161
110041267189
110041267198
110041267205
110041267214
110041267223
110041267232
110041267241
110041267250
110041267269
110041267278
110041267287
110041267296
110041267303
110041267312
110041267321
110041267330
110041267349
110041267358
110041267367
110041267376
110041267385
110041267394
110041267401
110041267410
110041267429
110041267438
110041267447
110041267456
110041267465
110041267474
110041267483
110041267492
110041267508
110041267517
110041267526
110041267535
110041267544
110041267553
110041267562
110041267571
110041267580
110041267599
110041267606
110041267615
110041267642
110041267651
110041267660
110041267688
110041267697
110041267704
110041267713
110041267722
110041267731
110041267740
110041267768
110041267777
110041267786
110041267795
110041267802
110041267811
110041267839
110041267848
110041267857
110041267866
110041267875
110041267884
110041267893
110041267900
110041267919
110041267928
110041267937
110041267946
110041267955
110041267964
110041267973
110041267982
110041267991
110041268008
110041268017
110041268026
110041268035
110041268044
110041268053
110041268062
110041268071
110041268080
110041268099
110041268106
110041268115
110041268124
110041268133
110041268142
110041268151
110041268160
110041268179
110041268188
110041268197
110041268204
110041268213
110041268222
110041268231
110041268240
110041268259
110041268268
110041268277
110041268286
110041268295
110041268302
110041268311
110041268320
110041268339
110041268348
110041268357
110041268366
110041268384
110041268393
110041268400
110041268419
110041268428
110041268437
110041268446
110041268464
110041268473
110041268491
110041268507
110041268516
110041268525
110041268534
110041268543
110041268552
110041268561
110041268570
110041268589
110041268598
110041268605
110041268614
110041268623
110041268632
110041268641
110041268650
110041268669
110041268678
110041268687
110041268696
110041268703
110041268712
110041268721
110041268730
110041268749
110041268758
110041268767
110041268776
110041268785
110041268794
110041268801
110041268810
110041268829
110041268838
110041268847
110041268856
110041268865
110041268874
110041268883
110041268892
110041268909
110041268918
110041268927
110041268945
110041268954
110041268963
110041268972
110041268981
110041268990
110041269016
110041269025
110041269034
110041269052
110041269061
110041269070
110041269089
110041269098
110041269105
110041269114
110041269123
110041269132
110041269141
110041269150
110041269169
110041269267
110041269276
110041269285
110041269294
110041269301
110041269310
110041269329
110041269338
110041269347
110041269356
110041269365
110041269374
110041269383
110041269409
110041269418
110041269427
110041269436
110041269445
110041269454
110041269463
110041269472
110041269481
110041269490
110041269506
110041269515
110041269524
110041269533
110041269542
110041269551
110041269560
110041269579
110041269588
110041269597
110041269604
110041269613
110041269622
110041269631
110041269640
110041269659
110041269668
110041269677
110041269686
110041269695
110041269702
110041269711
110041269720
110041269739
110041269748
110041269757
110041269766
110041269775
110041269784
110041269793
110041269800
110041269828
110041269837
110041269846
110041269855
110041269864
110041269873
110041269882
110041269891
110041269908
110041269917
110041269926
110041269935
110041269944
110041269953
110041269962
110041269971
110041269980
110041270004
110041270022
110041270031
110041270040
110041270059
110041270068
110041270077
110041270086
110041270326
110041270335
110041270344
110041270353
110041270362
110041270371
110041270380
110041270399
110041270406
110041270424
110041270433
110041270442
110041270451
110041270460
110041270479
110041270488
110041270497
110041270503
110041270512
110041270521
110041270530
110041270549
110041270558
110041270567
110041270576
110041270585
110041270594
110041270601
110041270610
110041270629
110041270638
110041270647
110041270656
110041270674
110041270683
110041270692
110041270709
110041270718
110041270727
110041270736
110041270745
110041270754
110041270763
110041270772
110041270781
110041270807
110041270816
110041270825
110041270834
110041270843
110041270852
110041270861
110041270870
110041270889
110041270898
110041270905
110041270914
110041270932
110041271414
110041271432
110041271441
110041271487
110041271502
110041271511
110041271575
110041271584
110041271593
110041271600
110041271619
110041271628
110041271637
110041271646
110041271655
110041271682
110041271708
110041271717
110041271726
110041271735
110041271744
110041271753
110041271806
110041271815
110041271824
110041271842
110041271851
110041271860
110041271968
110041271986
110041272262
110041272271
110041272280
110041272299
110041343061
110041343070
110041343089
110041343267
110041344729
110041349181
110041349190
110041349314
110041349323
110041349332
110041349350
110041349378
110041352194
110041352201
110041352247
110041352265
110041352826
110041353479
110041353521
110041353558
110041367179
110041367357
110041369630
110041370058
110041372056
110041372190
110041374063
110041375721
110041380136
110041381750
110041382580
110041382599
110041382713
110041383080
110041383133
110041383393
110041384926
110041385275
110041386684
110041387451
110041393952
110041394381
110041396398
110041396566
110041396619
110041397253
110041398555
110041398644
110041398797
110041399331
110041404254
110041404511
110041404619
110041404628
110041404655
110041404726
110041406528
110041407616
110041412334
110041415803
110041416143
110041416483
110041416553
110041417053
110041417918
110041418052
110041418230
110041418542
110041419961
110041420940
110041421388
110041423803
110041426908
110041427006
110041429512
110041436942
110041437022
110041437317
110041441133
110041442294
110041444531
110041447155
110041447164
110041452889
110041454404
110041456331
110041457526
110041458632
110041458767
110041461502
110041467294
110041471733
110041471788
110041471868
110041474026
110041475490
110041476426
110041478004
110041478380
110041479968
110041480082
110041487600
110041488761
110041489252
110041489430
110041489797
110041493201
110041495030
110041495496
110041495520
110041495691
110041500060
110041502861
110041503067
110041505056
110041505074
110041505635
110041505822
110041506028
110041508721
110041509169
110041516865
110041517999
110041518881
110041519407
110041520832
110041521788
110041522304
110041522545
110041523544
110041523642
110041524482
110041525640
110041526006
110041527942
110041527942
110041528120
110041528139
110041528326
110041528790
110041528941
110041529156
110041529236
110041529325
110041530607
110041531651
110041543041
110041544709
110041547038
110041547083
110041548000
110041548199
110041552487
110041553137
110041553422
110041553967
110041554163
110041554305
110041555821
110041556544
110041556740
110041556811
110041556848
110041557133
110041557687
110041557972
110041558864
110041559168
110041559195
110041560334
110041561743
110041562181
110041562760
110041563073
110041563144
110041563171
110041564287
110041564633
110041565981
110041566141
110041566481
110041575079
110041589830
110041591774
110041591925
110041592103
110041594584
110041594833
110041596902
110041597073
110041597144
110041597260
110041597279
110041598349
110041598358
110041598385
110041598401
110041598410
110041598429
110041599053
110041601905
110041601932
110041602101
110041607133
110041608196
110041613386
110041614465
110041619969
110041619978
110041620010
110041620029
110041620038
110041620047
110041620056
110041620065
110041620074
110041620092
110041620109
110041620118
110041620127
110041620136
110041620145
110041620154
110041620163
110041620172
110041620181
110041620225
110041621894
110041623071
110041623071
110041623400
110041623455
110041623669
110041623954
110041624089
110041624285
110041624613
110041624640
110041624659
110041624668
110041624686
110041624864
110041625319
110041625676
110041625685
110041625701
110041625710
110041625729
110041625890
110041625989
110041626005
110041626014
110041626032
110041626041
110041626103
110041627022
110041627068
110041627978
110041627987
110041628003
110041628012
110041628021
110041628058
110041628085
110041628370
110041628478
110041628502
110041628511
110041630385
110041630394
110041630811
110041636370
110041636860
110041636879
110041647206
110041647233
110041647260
110041647288
110041647297
110041647377
110041647386
110041647411
110041647448
110041647466
110041647484
110041647563
110041659862
110041660529
110041660690
110041661109
110041661127
110041661172
110041661207
110041661234
110041661261
110041661396
110041661458
110041661467
110041661494
110041661500
110041661528
110041661537
110041661617
110041661699
110041662073
110041662705
110041663367
110041663731
110041664106
110041665935
110041666319
110041666505
110041667005
110041667096
110041667354
110041667372
110041668120
110041668246
110041668264
110041668308
110041672730
110041673114
110041673123
110041673230
110041673338
110041679680
110041680847
110041680909
110041692905
110041693316
110041693361
110041693487
110041693496
110041693806
110041693922
110041693959
110041693968
110041694002
110041694066
110041694075
110041694182
110041694654
110041694716
110041694958
110041695261
110041695323
110041720233
110041720439
110041721189
110041721205
110041721287
110041721296
110041721330
110041721376
110041839669
110041874594
110041874601
110041874665
110041874825
110041874843
110041874852
110041874870
110041874889
110041874914
110041874923
110041874932
110041875147
110041875218
110041875236
110041875450
110041875851
110041875922
110041876093
110041876182
110041876388
110041877029
110041877038
110041877074
110041877154
110041877430
110041877458
110041877494
110041877546
110041877555
110041877644
110041877671
110041877733
110041877742
110041877813
110041877831
110041877886
110041877993
110041878091
110041878135
110041878242
110041878359
110041878395
110041878581
110041879081
110041879116
110041879296
110041879447
110041879571
110041879660
110041880514
110041880630
110041880818
110041880907
110041880916
110041880925
110041880934
110041880943
110041881005
110041881014
110041881032
110041881069
110041881158
110041881194
110041881256
110041881265
110041881274
110041881283
110041881292
110041881318
110041881336
110041881354
110041881372
110041881390
110041881416
110041881425
110041881470
110041881498
110041881915
110041882022
110041882139
110041882148
110041882157
110041882166
110041882175
110041882200
110041882228
110041882308
110041882326
110041882335
110041882512
110041882567
110041882674
110041882754
110041882781
110041882905
110041882923
110041882941
110041882950
110041882969
110041882978
110041882987
110041883021
110041883101
110041883138
110041883423
110041883432
110041883441
110041883487
110041883520
110041883637
110041883744
110041883780
110041883799
110041883842
110041883860
110041884119
110041884182
110041884191
110041884351
110041884379
110041884397
110041884413
110041884477
110041884486
110041884903
110041884921
110041885083
110041885172
110041885181
110041885207
110041885234
