110041885261
110041885305
110041885314
110041885555
110041885582
110041885591
110041885626
110041885948
110041886019
110041886028
110041886037
110041886091
110041886340
110041886411
110041886448
110041886509
110041886572
110041886661
110041886821
110041887054
110041887223
110041887232
110041887303
110041887321
110041887349
110041887367
110041887410
110041887848
110041887857
110041887866
110041888320
110041888552
110041888561
110041888650
110041888703
110041888712
110041888721
110041888730
110041888749
110041888785
110041888794
110041888829
110041888838
110041888847
110041888856
110041888865
110041889007
110041889016
110041889597
110041889604
110041889640
110041889686
110041889720
110041889739
110041890120
110041890139
110041890148
110041890488
110041890497
110041890503
110041890512
110041891236
110041891343
110041891352
110041891361
110041892342
110041892360
110041892413
110041893172
110041898471
110041911358
110041911385
110041911731
110041911759
110041911777
110041911795
110041911839
110041912160
110041912179
110041912204
110041912213
110041912222
110041912231
110041917833
110041917888
110041917922
110041917959
110041919163
110041919172
110041926654
110041926681
110041926716
110041926878
110041927074
110041927109
110041927127
110041927145
110041927154
110041927172
110041934725
110041934743
110041934761
110041934770
110041934789
110041934805
110041934814
110041934823
110041937232
110041937358
110041937866
110041937875
110041937884
110041937893
110041937900
110041937919
110041937928
110041937937
110041937955
110041937991
110041938008
110041938017
110041938035
110041938044
110041938053
110041938071
110041938099
110041938106
110041938115
110041938124
110041938133
110041938142
110041938151
110041938160
110041938179
110041938188
110041938197
110041938204
110041938213
110041938222
110041938231
110041938259
110041938268
110041938277
110041938286
110041938295
110041938302
110041938320
110041938339
110041938348
110041938357
110041938366
110041938375
110041938400
110041938419
110041938428
110041938437
110041938455
110041938464
110041938507
110041938516
110041938525
110041938534
110041938543
110041938589
110041938598
110041938605
110041938614
110041938696
110041938703
110041938712
110041938767
110041938810
110041938838
110041938847
110041938936
110041938945
110041938954
110041938963
110041938972
110041938981
110041938990
110041939007
110041939016
110041939025
110041939043
110041939052
110041939061
110041939070
110041939089
110041939098
110041939105
110041939114
110041939150
110041939169
110041939178
110041939187
110041939196
110041939203
110041939212
110041939221
110041939230
110041939249
110041939258
110041939267
110041939276
110041939285
110041939294
110041939301
110041939310
110041939347
110041939356
110041939374
110041939383
110041939392
110041939409
110041939418
110041939427
110041939436
110041939445
110041939454
110041939463
110041939481
110041939490
110041939506
110041939515
110041939524
110041939533
110041939542
110041939551
110041939560
110041939579
110041939588
110041939597
110041939604
110041939613
110041939622
110041939631
110041939640
110041939659
110041939686
110041939695
110041939702
110041939711
110041939720
110041939739
110041939748
110041939757
110041939766
110041939784
110041939793
110041939800
110041939819
110041939828
110041939837
110041939846
110041939855
110041939864
110041939873
110041939882
110041939891
110041939908
110041939917
110041939926
110041939935
110041939944
110041939953
110041939962
110041939971
110041939980
110041940004
110041940013
110041940022
110041940031
110041940040
110041940059
110041940068
110041940077
110041940086
110041940095
110041940102
110041940139
110041940148
110041940157
110041940166
110041940175
110041940184
110041940193
110041940200
110041940219
110041940228
110041940237
110041940246
110041940255
110041940264
110041940273
110041940282
110041940291
110041940308
110041940317
110041940326
110041940335
110041940344
110041940353
110041940362
110041940371
110041940380
110041940415
110041940424
110041940433
110041940442
110041940451
110041940479
110041940488
110041940497
110041940503
110041940512
110041940521
110041940530
110041940549
110041940558
110041940567
110041940576
110041940585
110041940594
110041940601
110041940610
110041940629
110041940638
110041940647
110041940656
110041940674
110041940683
110041940692
110041940709
110041940718
110041940727
110041940736
110041940745
110041940754
110041940763
110041940772
110041940781
110041940790
110041940807
110041940816
110041940825
110041940834
110041940843
110041940852
110041940861
110041940870
110041940889
110041940898
110041940905
110041940914
110041940923
110041940932
110041940941
110041940950
110041940969
110041940978
110041940987
110041940996
110041941003
110041941012
110041941021
110041941030
110041941049
110041941058
110041941067
110041941076
110041941085
110041941094
110041941101
110041941110
110041941129
110041941138
110041941147
110041941156
110041941165
110041941174
110041941183
110041941192
110041941209
110041941218
110041941227
110041941236
110041941245
110041941254
110041941263
110041941272
110041941281
110041941307
110041941316
110041941325
110041941334
110041941343
110041941352
110041941361
110041941370
110041941389
110041941398
110041941405
110041941414
110041941423
110041941432
110041941441
110041941450
110041941469
110041941478
110041941487
110041941496
110041941502
110041941511
110041941520
110041941539
110041941548
110041941566
110041941575
110041941584
110041941593
110041941600
110041941619
110041941628
110041941637
110041941646
110041941664
110041941673
110041941682
110041941691
110041941717
110041941726
110041941735
110041941744
110041941753
110041941762
110041941771
110041941780
110041941806
110041941815
110041941824
110041941851
110041941860
110041941879
110041941888
110041941897
110041941904
110041941913
110041941922
110041941931
110041941940
110041941959
110041941968
110041941977
110041941986
110041941995
110041942002
110041942011
110041942020
110041942039
110041942048
110041942057
110041942066
110041942075
110041942084
110041942093
110041942100
110041942119
110041942128
110041942137
110041942146
110041942155
110041942164
110041942173
110041942182
110041942191
110041942208
110041942217
110041942226
110041942235
110041942244
110041942253
110041942262
110041942271
110041942280
110041942299
110041942306
110041942315
110041942324
110041942333
110041942342
110041942351
110041942360
110041942379
110041942388
110041942397
110041942404
110041942413
110041942422
110041942431
110041942440
110041942459
110041942468
110041942477
110041942486
110041942495
110041942501
110041942510
110041942529
110041942538
110041942547
110041942556
110041942565
110041942574
110041942583
110041942592
110041942609
110041942618
110041942627
110041942636
110041942645
110041942654
110041942663
110041942672
110041942681
110041942690
110041942707
110041942716
110041942734
110041942743
110041942752
110041942761
110041942770
110041942789
110041942798
110041942805
110041942814
110041942832
110041942841
110041942850
110041942869
110041942878
110041942912
110041942921
110041942930
110041942949
110041942958
110041942967
110041942976
110041942985
110041942994
110041943001
110041943010
110041943029
110041943038
110041943056
110041943065
110041943074
110041943083
110041943092
110041943109
110041943118
110041943127
110041943163
110041943190
110041943207
110041943252
110041943261
110041943270
110041943289
110041943298
110041943305
110041943314
110041943323
110041943332
110041943341
110041943350
110041943369
110041943378
110041943387
110041943396
110041943403
110041943412
110041943421
110041943430
110041943449
110041943458
110041943467
110041943476
110041943485
110041943494
110041943500
110041943519
110041943528
110041943537
110041943546
110041943555
110041943564
110041943573
110041943582
110041943591
110041943608
110041943617
110041943626
110041943635
110041943644
110041943662
110041943671
110041943680
110041943699
110041943706
110041943715
110041943724
110041943733
110041943742
110041943751
110041943760
110041943779
110041943788
110041943797
110041943804
110041943813
110041943822
110041943831
110041943840
110041943859
110041943868
110041943877
110041943886
110041943902
110041943911
110041943920
110041943939
110041943948
110041943957
110041943966
110041943975
110041943984
110041944019
110041944028
110041944037
110041944055
110041944064
110041944073
110041944082
110041944091
110041944108
110041944117
110041944126
110041944135
110041944144
110041944153
110041944162
110041944171
110041944180
110041944199
110041944206
110041944215
110041944224
110041944233
110041944242
110041944251
110041944260
110041944279
110041944288
110041944297
110041944304
110041944705
110041944714
110041944723
110041944732
110041944741
110041944750
110041944769
110041944778
110041944787
110041944796
110041944803
110041944812
110041944821
110041944830
110041944849
110041944858
110041944867
110041944876
110041944885
110041944894
110041944901
110041944910
110041944929
110041944938
110041944947
110041944956
110041944965
110041944974
110041944983
110041945009
110041945018
110041945027
110041945036
110041945045
110041945054
110041945063
110041945269
110041945278
110041945287
110041945296
110041945303
110041945312
110041945321
110041945330
110041945349
110041945358
110041945367
110041945376
110041945385
110041945394
110041945401
110041945410
110041945429
110041945438
110041945447
110041945456
110041945465
110041945474
110041945483
110041945492
110041945508
110041945517
110041945526
110041945535
110041945544
110041945553
110041945562
110041945571
110041945580
110041945599
110041945615
110041945624
110041945633
110041945651
110041945660
110041945679
110041945688
110041945697
110041945704
110041945713
110041945722
110041945731
110041945740
110041945759
110041945768
110041945777
110041945786
110041945811
110041945820
110041945839
110041945848
110041945875
110041945884
110041945893
110041945900
110041945919
110041945928
110041945937
110041945991
110041946017
110041946026
110041946035
110041946053
110041946080
110041946099
110041946106
110041946115
110041946124
110041946133
110041946151
110041946160
110041946179
110041946188
110041946231
110041946240
110041946259
110041946268
110041946464
110041946669
110041946678
110041946687
110041946696
110041946703
110041946712
110041946721
110041946758
110041946767
110041946776
110041946785
110041946794
110041946801
110041946810
110041946829
110041946838
110041946847
110041946856
110041946865
110041946874
110041946883
110041946892
110041946909
110041946918
110041946927
110041946936
110041946945
110041946954
110041946963
110041946972
110041946981
110041946990
110041947007
110041947061
110041947070
110041947089
110041947098
110041947105
110041947114
110041947123
110041947132
110041947141
110041947150
110041947169
110041947178
110041947187
110041947196
110041947203
110041947212
110041947221
110041947249
110041947258
110041947267
110041947463
110041947472
110041947481
110041947490
110041947506
110041947515
110041947524
110041947533
110041947542
110041947551
110041947560
110041947579
110041947588
110041947597
110041947604
110041947613
110041947622
110041947631
110041947640
110041947659
110041947668
110041947677
110041947686
110041947695
110041947711
110041947720
110041947739
110041947748
110041947757
110041947766
110041947775
110041947784
110041947800
110041947819
110041947828
110041947837
110041947846
110041947855
110041947873
110041947882
110041947891
110041947917
110041948186
110041948195
110041948211
110041948220
110041948239
110041948248
110041948257
110041948266
110041948275
110041948462
110041948471
110041948480
110041948499
110041948505
110041948514
110041948523
110041948532
110041948541
110041948550
110041948569
110041948578
110041948587
110041948596
110041948603
110041948612
110041948621
110041948630
110041948649
110041948658
110041948667
110041948685
110041948694
110041948701
110041948710
110041948729
110041948738
110041948747
110041948756
110041948765
110041948774
110041948783
110041948792
110041948809
110041948827
110041948836
110041948845
110041948854
110041948863
110041948872
110041948881
110041948890
110041948907
110041948916
110041948925
110041948934
110041948943
110041948952
110041948961
110041948970
110041948989
110041948998
110041949005
110041949014
110041949023
110041949041
110041949050
110041949069
110041949078
110041949087
110041949096
110041949103
110041949112
110041949121
110041949130
110041949149
110041949158
110041949167
110041949176
110041949185
110041949194
110041949210
110041949229
110041949238
110041949247
110041949256
110041949265
110041949274
110041949283
110041949292
110041949309
110041949318
110041949327
110041949657
110041949675
110041949684
110041949693
110041949700
110041949719
110041949728
110041949737
110041949746
110041949755
110041949764
110041949773
110041949782
110041949791
110041949808
110041949817
110041949826
110041949835
110041949844
110041949853
110041949862
110041949871
110041949880
110041950065
110041950074
110041950083
110041950092
110041950109
