110041950118
110041950127
110041950136
110041950145
110041950154
110041950163
110041950172
110041950181
110041950190
110041950207
110041950216
110041950225
110041950234
110041950243
110041950252
110041950261
110041950270
110041950289
110041950298
110041950305
110041950314
110041950323
110041950332
110041950350
110041950369
110041950378
110041950387
110041950396
110041950403
110041950412
110041950421
110041950430
110041950449
110041950467
110041950476
110041950485
110041951171
110041951180
110041951199
110041951206
110041951215
110041951224
110041951233
110041951242
110041951251
110041951260
110041951279
110041951297
110041951313
110041951322
110041951331
110041951340
110041951359
110041951368
110041951377
110041951386
110041951395
110041951402
110041951411
110041951420
110041951439
110041951448
110041951457
110041951466
110041951475
110041951484
110041951493
110041951509
110041951518
110041951527
110041951536
110041951545
110041951741
110041951750
110041951769
110041952544
110041952553
110041952562
110041952571
110041952580
110041952599
110041952606
110041952615
110041952624
110041952660
110041952679
110041952688
110041952697
110041952704
110041952713
110041952722
110041952731
110041952740
110041952759
110041952768
110041952777
110041952786
110041952795
110041952802
110041952811
110041952820
110041952839
110041952848
110041952857
110041952866
110041952875
110041952884
110041952893
110041952900
110041952928
110041952937
110041952973
110041952991
110041953008
110041953865
110041953874
110041953883
110041953892
110041953909
110041953918
110041953927
110041953936
110041953945
110041953954
110041953963
110041953972
110041953981
110041953990
110041954007
110041954016
110041954025
110041954034
110041954052
110041954061
110041954070
110041954089
110041954098
110041954105
110041954114
110041954267
110041954276
110041954285
110041954294
110041954301
110041954310
110041954329
110041954338
110041954533
110041955239
110041955248
110041955257
110041955266
110041955275
110041955300
110041955319
110041955328
110041955346
110041955355
110041955364
110041955373
110041955382
110041955391
110041955408
110041955417
110041955426
110041955435
110041955444
110041955453
110041955462
110041955471
110041955480
110041955499
110041955505
110041955514
110041955523
110041956381
110041956390
110041956407
110041956416
110041956425
110041956434
110041956443
110041956452
110041956461
110041956470
110041956489
110041956498
110041956504
110041956513
110041956666
110041956675
110041956684
110041956693
110041956700
110041956719
110041956728
110041956737
110041956746
110041956755
110041956764
110041956773
110041956782
110041956791
110041956808
110041956826
110041956835
110041956844
110041956853
110041956862
110041956899
110041956906
110041956915
110041956924
110041956933
110041956942
110041956951
110041956979
110041956988
110041956997
110041957004
110041957013
110041957022
110041957031
110041957040
110041957059
110041957068
110041957077
110041957102
110041957111
110041957139
110041957148
110041957157
110041957166
110041957175
110041957530
110041957549
110041957558
110041957567
110041957576
110041957585
110041957594
110041957601
110041957610
110041957629
110041957638
110041957647
110041957656
110041957665
110041957674
110041957683
110041957692
110041957709
110041957718
110041957727
110041957736
110041957745
110041957754
110041957763
110041957772
110041957781
110041957790
110041957807
110041957816
110041957825
110041957834
110041957843
110041957852
110041957861
110041958067
110041958076
110041958085
110041958094
110041958101
110041958110
110041958129
110041958138
110041958147
110041958156
110041958165
110041958174
110041958183
110041958192
110041958209
110041958218
110041958227
110041958245
110041958254
110041958263
110041958272
110041958281
110041958290
110041958316
110041958334
110041958343
110041958352
110041958361
110041958370
110041958389
110041958398
110041958405
110041958414
110041958423
110041958432
110041958879
110041958913
110041958931
110041958977
110041958986
110041958995
110041959002
110041959011
110041959020
110041959039
110041959048
110041959057
110041959066
110041959075
110041959084
110041959093
110041959100
110041959119
110041959128
110041959137
110041959146
110041959155
110041959164
110041959173
110041959182
110041959191
110041959208
110041959217
110041959226
110041959235
110041959244
110041959253
110041959262
110041959271
110041959280
110041959299
110041959306
110041959315
110041959324
110041959342
110041959351
110041959360
110041959379
110041959388
110041959397
110041959404
110041959413
110041959422
110041959431
110041959440
110041959459
110041959468
110041959477
110041959486
110041959495
110041959501
110041959529
110041959538
110041959547
110041959556
110041959574
110041959592
110041959609
110041959618
110041959627
110041959645
110041959654
110041959663
110041959672
110041959681
110041959690
110041959734
110041959743
110041959761
110041959789
110041959896
110041959903
110041959912
110041959930
110041960063
110041960081
110041960116
110041960143
110041960152
110041960161
110041960189
110041960205
110041960214
110041960367
110041960474
110041960811
110041960857
110041960866
110041960919
110041960946
110041961071
110041961133
110041961188
110041961213
110041961259
110041961277
110041961295
110041961357
110041961393
110041961428
110041961437
110041961464
110041961473
110041961507
110041961543
110041961669
110041961678
110041961703
110041961712
110041961721
110041961758
110041961776
110041961810
110041961838
110041961865
110041961874
110041961927
110041961936
110041961945
110041961954
110041961963
110041961972
110041961990
110041962007
110041962025
110041962034
110041962052
110041962061
110041962070
110041962089
110041962098
110041962105
110041962114
110041962123
110041962132
110041962150
110041962169
110041962178
110041962196
110041962212
110041962249
110041962276
110041962285
110041962294
110041962301
110041962310
110041962329
110041962338
110041962356
110041962374
110041962392
110041962409
110041962418
110041962436
110041962463
110041962481
110041962490
110041962515
110041962524
110041962560
110041962579
110041962588
110041962597
110041962622
110041962631
110041963854
110041963854
110041965380
110041965451
110041965460
110041966708
110041966815
110041967841
110041968127
110041968886
110041970365
110041970542
110041971925
110041973415
110041974361
110041977000
110041978857
110041978866
110041978937
110041980782
110041981077
110041983324
110041991752
110041993983
110041996016
110041996187
110041996285
110041996374
110041996436
110041997809
110041998069
110041998069
110041998595
110041999692
110042000394
110042000410
110042000492
110042000535
110042000688
110042000722
110042000777
110042000777
110042000786
110042000848
110042000866
110042000900
110042000919
110042000937
110042000946
110042002338
110042002828
110042003257
110042005905
110042008350
110042008779
110042010542
110042011550
110042011738
110042011836
110042011881
110042012014
110042012096
110042012201
110042013102
110042013317
110042013424
110042015422
110042018429
110042018642
110042018713
110042018946
110042019044
110042019071
110042019455
110042023681
110042023887
110042023903
110042025411
110042025411
110042025411
110042025509
110042025723
110042025867
110042026045
110042026170
110042029248
110042029248
110042029774
110042029836
110042030771
110042031262
110042031324
110042034679
110042034982
110042035204
110042035696
110042035758
110042036132
110042037319
110042037328
110042037391
110042037408
110042037426
110042037587
110042037729
110042037774
110042037792
110042041475
110042041590
110042042535
110042042571
110042043963
110042046201
110042046595
110042048664
110042048904
110042049084
110042049217
110042049280
110042050071
110042052202
110042054317
110042054451
110042056887
110042056976
110042060079
110042060462
110042063307
110042063673
110042063726
110042065957
110042066466
110042066509
110042069597
110042069640
110042070139
110042070175
110042070175
110042071003
110042072155
110042073261
110042073485
110042076892
110042076954
110042078275
110042078300
110042078444
110042079014
110042079283
110042079327
110042079336
110042079345
110042079354
110042080066
110042081966
110042081975
110042083107
110042083250
110042083287
110042084384
110042085052
110042085061
110042085070
110042085089
110042085098
110042085105
110042085114
110042085132
110042085347
110042087489
110042087568
110042087648
110042089708
110042089815
110042089977
110042090073
110042095764
110042095915
110042095951
110042095997
110042096068
110042096139
110042096415
110042096488
110042096558
110042096638
110042096665
110042096736
110042096763
110042096772
110042096834
110042096932
110042096978
110042096996
110042097012
110042097021
110042097361
110042097450
110042097575
110042097708
110042097806
110042097860
110042097931
110042097986
110042098039
110042098084
110042098137
110042098182
110042098244
110042098271
110042098333
110042098379
110042098397
110042098440
110042098486
110042098538
110042098592
110042098627
110042098672
110042098716
110042098770
110042098823
110042098930
110042098985
110042099001
110042099074
110042099109
110042099145
110042099181
110042099234
110042099458
110042099519
110042099555
110042099608
110042099644
110042099671
110042099706
110042099760
110042099813
110042099868
110042099895
110042100099
110042100151
110042100188
110042100204
110042100222
110042100259
110042100295
110042100357
110042100393
110042100437
110042100491
110042100552
110042100570
110042100623
110042100669
110042100721
110042100776
110042100838
110042100883
110042100927
110042100972
110042101034
110042101098
110042101132
110042101285
110042101338
110042101418
110042101463
110042101481
110042101533
110042101560
110042101613
110042101668
110042101695
110042101739
110042101757
110042101793
110042101846
110042101882
110042101926
110042102024
110042102079
110042102122
110042102177
110042102220
110042102266
110042102293
110042102355
110042102417
110042102453
110042102514
110042102710
110042102809
110042102854
110042102916
110042102961
110042102998
110042103103
110042103167
110042103256
110042103327
110042103381
110042103434
110042103498
110042103522
110042103568
110042103620
110042103675
110042103719
110042103755
110042103808
110042103844
110042103880
110042103933
110042104004
110042104031
110042104102
110042104157
110042104200
110042104273
110042104326
110042104380
110042104406
110042104451
110042104549
110042104610
110042104647
110042104709
110042104781
110042104852
110042104898
110042104932
110042104996
110042105030
110042105067
110042105138
110042105183
110042105227
110042105272
110042105307
110042105361
110042105405
110042105469
110042105502
110042105566
110042105584
110042105637
110042105673
110042105691
110042105753
110042105897
110042105913
110042105940
110042105986
110042106020
110042106075
110042106128
110042106164
110042106271
110042106324
110042106360
110042106404
110042106459
110042106538
110042106592
110042106645
110042106725
110042106770
110042106832
110042106896
110042106949
110042107225
110042107243
110042107261
110042107289
110042107323
110042107341
110042107378
110042107396
110042107421
110042107430
110042107467
110042107476
110042107494
110042107519
110042107546
110042107555
110042107591
110042107626
110042107644
110042107662
110042107699
110042107724
110042107751
110042107779
110042107797
110042107822
110042108901
110042109198
110042109296
110042111684
110042111746
110042111755
110042111764
110042111960
110042147575
110042147851
110042147879
110042148903
110042148912
110042148921
110042148930
110042148949
110042148958
110042148967
110042149118
110042150445
110042150454
110042153932
110042153978
110042153996
110042154003
110042155173
110042175179
110042175188
110042181769
110042181803
110042181956
110042183311
110042183491
110042183561
110042185952
110042185989
110042190376
110042190410
110042190688
110042191062
110042191204
110042191749
110042191981
110042192043
110042192052
110042192169
110042231493
110042231509
110042232018
110042232036
110042232045
110042248662
110042248680
110042248699
110042248733
110042249670
110042249689
110042249698
110042249867
110042249876
110042249885
110042249894
110042249901
110042249910
110042249929
110042249938
110042249947
110042250060
110042250079
110042250088
110042250097
110042250104
110042250113
110042250122
110042250131
110042250140
110042250159
110042250168
110042250177
110042250391
110042250408
110042250417
110042250426
110042250435
110042250453
110042250462
110042250471
110042250480
110042250499
110042250505
110042250514
110042250667
110042250676
110042250685
110042250694
110042250701
110042250710
110042250729
110042250738
110042250747
110042250756
110042250765
110042250774
110042250863
110042250872
110042250881
110042250890
110042251096
110042251103
110042251112
110042251121
110042251130
110042251149
110042251158
110042251167
110042251176
110042251185
110042251194
110042251201
110042251210
110042251229
110042251238
110042251247
110042251256
110042251265
110042251274
110042251283
110042251292
110042251309
