110042251318
110042251336
110042251345
110042251354
110042251363
110042251372
110042251381
110042251390
110042251407
110042251416
110042251461
110042251470
110042251489
110042251498
110042251559
110042251568
110042251577
110042251586
110042251595
110042251602
110042251611
110042251620
110042251639
110042251657
110042251666
110042251675
110042251684
110042251693
110042251719
110042251728
110042251737
110042251862
110042251871
110042251880
110042251899
110042251906
110042251915
110042251924
110042251933
110042251942
110042251951
110042251960
110042251979
110042251988
110042251997
110042252004
110042252013
110042252022
110042252031
110042252040
110042252059
110042252068
110042252077
110042252086
110042252120
110042252148
110042252157
110042252166
110042252175
110042252184
110042252193
110042252200
110042252219
110042252228
110042252237
110042252255
110042252264
110042252273
110042252282
110042252291
110042252308
110042252317
110042252326
110042252344
110042252353
110042252362
110042252371
110042252380
110042252399
110042252406
110042252415
110042252424
110042252433
110042252442
110042252451
110042252460
110042252479
110042252488
110042252497
110042252512
110042252521
110042252530
110042252549
110042252567
110042252576
110042252585
110042252594
110042252601
110042252610
110042252629
110042252638
110042252674
110042252683
110042252736
110042252745
110042252754
110042252763
110042252772
110042252781
110042252790
110042252807
110042252816
110042252825
110042252834
110042252843
110042252852
110042252861
110042252870
110042252889
110042252898
110042252905
110042252914
110042252923
110042252932
110042252941
110042252950
110042252969
110042252978
110042252987
110042252996
110042253003
110042253012
110042253021
110042253030
110042253049
110042253058
110042253067
110042253076
110042253085
110042253094
110042253101
110042253110
110042253129
110042253138
110042253147
110042253156
110042253165
110042253174
110042253272
110042253290
110042253334
110042253343
110042253352
110042253361
110042253389
110042253405
110042253423
110042253432
110042253441
110042253469
110042253478
110042253487
110042253511
110042253539
110042253548
110042253557
110042253566
110042253575
110042253593
110042253619
110042253691
110042253708
110042253717
110042253726
110042253735
110042253753
110042254002
110042254217
110042254253
110042254262
110042255145
110042255154
110042255163
110042255172
110042255350
110042255500
110042255519
110042255528
110042255537
110042255546
110042255555
110042255573
110042255582
110042255617
110042255626
110042259908
110042259917
110042259926
110042259935
110042259953
110042260013
110042260022
110042260031
110042260059
110042260825
110042260834
110042260843
110042261566
110042261593
110042261904
110042261995
110042262271
110042262654
110042262958
110042263136
110042263369
110042263403
110042263430
110042267613
110042267828
110042267873
110042268079
110042269041
110042269504
110042269586
110042269648
110042269657
110042269666
110042269675
110042269693
110042269737
110042269808
110042269817
110042269880
110042269906
110042269924
110042269960
110042269997
110042270093
110042270119
110042270137
110042270315
110042270379
110042270388
110042270404
110042270495
110042270565
110042270574
110042270583
110042270609
110042270645
110042270734
110042270761
110042270823
110042270832
110042275150
110042275472
110042275506
110042275551
110042275668
110042275677
110042276113
110042276284
110042276827
110042277210
110042277229
110042277274
110042277274
110042277425
110042277620
110042277666
110042277773
110042278932
110042279003
110042291365
110042291481
110042291490
110042291597
110042291613
110042291659
110042291748
110042292024
110042292266
110042292471
110042294077
110042294237
110042294255
110042294264
110042294308
110042294308
110042294362
110042294371
110042294380
110042294399
110042294406
110042294424
110042300140
110042300266
110042300337
110042300346
110042300355
110042300364
110042300391
110042300480
110042300499
110042300505
110042300514
110042300578
110042300587
110042300701
110042300747
110042300756
110042300765
110042300783
110042300890
110042301023
110042301149
110042301167
110042301176
110042301256
110042301265
110042301595
110042301719
110042301746
110042301791
110042302013
110042302040
110042302077
110042302120
110042304128
110042322279
110042322288
110042322297
110042322304
110042322313
110042322322
110042322340
110042323161
110042323170
110042323269
110042323278
110042323287
110042323296
110042323303
110042323312
110042323330
110042323376
110042323385
110042323394
110042323401
110042323410
110042323429
110042323438
110042323492
110042323508
110042323517
110042323526
110042323535
110042323553
110042323562
110042323571
110042323580
110042323599
110042323606
110042323615
110042323624
110042323633
110042323642
110042323660
110042323679
110042323688
110042323697
110042323704
110042323713
110042323722
110042323731
110042323740
110042323759
110042323768
110042323777
110042323786
110042323795
110042323802
110042323820
110042323857
110042323866
110042323875
110042323884
110042323893
110042323900
110042323928
110042323937
110042323946
110042323955
110042323964
110042323973
110042323982
110042323991
110042324008
110042324017
110042324035
110042324213
110042324222
110042324231
110042324268
110042324320
110042324339
110042324348
110042324375
110042324393
110042324400
110042324419
110042324428
110042324446
110042324473
110042324491
110042324507
110042324516
110042324525
110042324543
110042324669
110042324678
110042324687
110042324696
110042324703
110042324712
110042324721
110042324749
110042324758
110042324767
110042324776
110042324954
110042325203
110042325212
110042325230
110042325249
110042325588
110042325597
110042325604
110042325613
110042325622
110042325631
110042325640
110042325659
110042325668
110042325677
110042325686
110042325695
110042325702
110042325711
110042325720
110042325739
110042325748
110042325757
110042325766
110042325775
110042325793
110042325800
110042325864
110042325873
110042325882
110042325891
110042325908
110042325917
110042325926
110042325935
110042325944
110042325953
110042325962
110042325971
110042325980
110042325999
110042326006
110042326015
110042326060
110042326079
110042326088
110042326097
110042326104
110042326113
110042326122
110042326131
110042326140
110042326159
110042326168
110042326177
110042326186
110042326195
110042326211
110042326220
110042326239
110042326248
110042326257
110042326266
110042326275
110042326284
110042326293
110042326300
110042326328
110042326337
110042326346
110042326355
110042326364
110042326373
110042326382
110042326391
110042326408
110042326417
110042326426
110042326435
110042326444
110042326453
110042326462
110042326471
110042326480
110042326499
110042326667
110042326863
110042326872
110042326881
110042326890
110042326907
110042326916
110042326925
110042326934
110042326943
110042326952
110042326961
110042326970
110042326989
110042326998
110042327005
110042327014
110042327023
110042327032
110042327041
110042327050
110042327069
110042327078
110042327087
110042327096
110042327103
110042327112
110042327121
110042327130
110042327149
110042327158
110042327167
110042327176
110042327185
110042327194
110042327201
110042327210
110042327265
110042327274
110042327318
110042328497
110042328709
110042328727
110042328745
110042329174
110042329183
110042329209
110042329218
110042329227
110042329290
110042329325
110042329334
110042329343
110042329414
110042329441
110042329450
110042329469
110042329478
110042329496
110042329511
110042329520
110042329539
110042329548
110042329557
110042329566
110042329584
110042329593
110042329600
110042329619
110042329628
110042329637
110042329646
110042329655
110042329664
110042329673
110042329708
110042329888
110042329922
110042330723
110042330947
110042331018
110042333285
110042333374
110042333383
110042333472
110042333481
110042333506
110042333524
110042333533
110042333542
110042333551
110042333828
110042334122
110042334159
110042334168
110042335014
110042335087
110042335817
110042336344
110042336362
110042336371
110042336380
110042336399
110042336406
110042336424
110042336451
110042336488
110042336497
110042336503
110042336512
110042336521
110042336530
110042336558
110042336567
110042336576
110042336601
110042336629
110042336638
110042336647
110042336656
110042336718
110042336763
110042336772
110042336790
110042336978
110042337450
110042337646
110042337780
110042337815
110042338315
110042339029
110042339038
110042339305
110042339476
110042339528
110042339573
110042339582
110042339626
110042339644
110042339653
110042339680
110042339699
110042339751
110042339877
110042339948
110042340008
110042340179
110042340222
110042340400
110042340605
110042341908
110042341999
110042342550
110042342578
110042342845
110042342961
110042343121
110042343292
110042343924
110042343933
110042343960
110042344013
110042344022
110042344576
110042344718
110042344736
110042344987
110042345003
110042345021
110042345030
110042345183
110042345502
110042346823
110042347314
110042347573
110042347591
110042347608
110042347911
110042347920
110042347939
110042348322
110042348554
110042348563
110042348634
110042348778
110042348796
110042348803
110042348812
110042348821
110042348830
110042348849
110042349278
110042349296
110042349303
110042349312
110042349599
110042349651
110042349839
110042350096
110042350103
110042350238
110042350336
110042350345
110042350372
110042350407
110042350425
110042350452
110042350513
110042350737
110042350746
110042351013
110042351193
110042351674
110042351736
110042351923
110042351932
110042352021
110042352030
110042352049
110042352058
110042352067
110042352076
110042352085
110042352110
110042352129
110042353477
110042353495
110042353565
110042353583
110042353592
110042353850
110042353869
110042353878
110042353896
110042354537
110042355411
110042355420
110042355439
110042355448
110042355457
110042355466
110042355475
110042355484
110042355493
110042356241
110042357062
110042357071
110042357080
110042357099
110042357106
110042357115
110042357124
110042357142
110042357151
110042357160
110042357179
110042357188
110042357197
110042357204
110042357222
110042357231
110042357259
110042357268
110042357277
110042357286
110042357295
110042357311
110042357339
110042357357
110042357366
110042357375
110042357384
110042357393
110042357400
110042357419
110042357428
110042357437
110042357446
110042357455
110042357464
110042357482
110042357491
110042357507
110042357516
110042357525
110042357534
110042357543
110042357552
110042357561
110042357570
110042357598
110042357669
110042357678
110042357696
110042357712
110042357721
110042357730
110042357749
110042357767
110042357785
110042357794
110042357801
110042357829
110042357838
110042357856
110042357865
110042357874
110042357883
110042357892
110042357909
110042357918
110042357936
110042357963
110042357981
110042357990
110042358016
110042358025
110042358034
110042358043
110042358052
110042358061
110042358089
110042358098
110042358105
110042358114
110042358123
110042358132
110042358141
110042358150
110042358169
110042358178
110042358187
110042358203
110042358212
110042358221
110042358230
110042358249
110042358258
110042358267
110042358276
110042358285
110042358301
110042358329
110042358338
110042358347
110042358356
110042358365
110042358374
110042358383
110042358409
110042358427
110042358472
110042358490
110042358506
110042358533
110042358542
110042358551
110042358560
110042358588
110042358597
110042358613
110042358659
110042358668
110042358686
110042358695
110042358702
110042358711
110042358720
110042358739
110042358748
110042358757
110042358766
110042358775
110042358784
110042358793
110042358800
110042358819
110042358828
110042358837
110042358846
110042358855
110042358864
110042358882
110042358891
110042358908
110042358926
110042358935
110042358953
110042358962
110042359060
110042359088
110042359097
110042359122
110042359140
110042359159
110042359168
110042359177
110042359186
110042359195
110042359202
110042359211
110042359239
110042359248
110042359257
110042359266
110042359275
110042359284
110042359300
110042359319
110042359337
110042359364
110042359373
110042359382
110042359391
110042359408
110042359417
110042359435
110042359444
110042359453
110042359471
110042359523
110042359569
110042359578
110042359603
110042359630
110042359667
110042359676
110042359694
110042359701
110042359729
110042359756
110042359783
110042359809
110042359818
110042359827
110042359845
110042359863
110042359872
110042359881
110042359890
110042359907
110042359916
110042359934
110042359943
110042359961
110042359970
110042360003
110042360021
110042360030
110042360049
110042360094
110042360101
110042360110
110042360129
110042360147
110042360165
110042360174
110042360192
110042360218
110042360227
110042360236
110042360254
110042360263
110042360272
110042360281
110042360290
110042360307
110042360316
110042360334
110042360352
110042360370
110042360389
110042360398
110042360414
110042360423
110042360441
110042360450
110042360487
110042360566
110042360575
110042360584
110042360593
110042360600
110042360619
