110042360628
110042360637
110042360646
110042360673
110042360682
110042360708
110042360726
110042360735
110042360744
110042360753
110042360762
110042360771
110042360780
110042360799
110042360806
110042360815
110042360833
110042360842
110042360860
110042360879
110042360913
110042360922
110042360931
110042360940
110042360959
110042360968
110042360986
110042360995
110042361002
110042361011
110042361020
110042361039
110042361048
110042361057
110042361066
110042361075
110042361093
110042361119
110042361128
110042361137
110042361146
110042361155
110042361164
110042361173
110042361182
110042361253
110042361271
110042361306
110042361324
110042361342
110042361360
110042361388
110042361397
110042361404
110042361422
110042361431
110042361459
110042361477
110042361486
110042361529
110042361547
110042361565
110042361592
110042361609
110042361618
110042361627
110042361636
110042361645
110042361654
110042361663
110042361672
110042361725
110042361734
110042361743
110042361752
110042361761
110042361770
110042361789
110042361798
110042361805
110042361814
110042361823
110042361832
110042361841
110042361850
110042361869
110042361878
110042361887
110042361896
110042361903
110042361912
110042361921
110042361930
110042361949
110042361958
110042361967
110042361985
110042361994
110042362001
110042362010
110042362029
110042362038
110042362047
110042362056
110042362065
110042362074
110042362083
110042362092
110042362109
110042362118
110042362127
110042362136
110042362145
110042362154
110042362207
110042362225
110042362234
110042362252
110042362261
110042362270
110042362289
110042362298
110042362305
110042362314
110042362323
110042362332
110042362341
110042362350
110042362369
110042362387
110042362396
110042362412
110042362421
110042362430
110042362449
110042362458
110042362467
110042362476
110042362485
110042362494
110042362500
110042362519
110042362528
110042362537
110042362546
110042362564
110042362582
110042362591
110042362617
110042362626
110042362635
110042362644
110042362653
110042362662
110042362671
110042362680
110042362699
110042362706
110042362715
110042362724
110042362733
110042362742
110042362751
110042362760
110042362779
110042362788
110042362797
110042362804
110042362813
110042362831
110042362859
110042362868
110042362877
110042362886
110042362895
110042362902
110042362911
110042362920
110042362939
110042362948
110042362957
110042362975
110042362984
110042362993
110042363000
110042363019
110042363028
110042363037
110042363055
110042363073
110042363082
110042363091
110042363117
110042363126
110042363135
110042363144
110042363153
110042363162
110042363171
110042363180
110042363199
110042363206
110042363215
110042363224
110042363233
110042363242
110042363251
110042363260
110042363279
110042363288
110042363304
110042363313
110042363331
110042363340
110042363359
110042363368
110042363377
110042363386
110042363395
110042363411
110042363420
110042363439
110042363448
110042363457
110042363466
110042363475
110042363484
110042363493
110042363509
110042363518
110042363527
110042363536
110042363545
110042363554
110042363572
110042363581
110042363590
110042363607
110042363616
110042363625
110042363634
110042363643
110042363652
110042363661
110042363670
110042363698
110042363705
110042363714
110042363723
110042363732
110042363741
110042363750
110042363769
110042363787
110042363796
110042363803
110042363812
110042363830
110042363849
110042363858
110042363867
110042363876
110042363885
110042363894
110042363901
110042363910
110042363929
110042363947
110042363956
110042363965
110042363974
110042363983
110042363992
110042364009
110042364018
110042364027
110042364036
110042364054
110042364063
110042364081
110042364090
110042364107
110042364116
110042364125
110042364134
110042364143
110042364152
110042364161
110042364170
110042364198
110042364205
110042364214
110042364232
110042364241
110042364250
110042364269
110042364278
110042364287
110042364296
110042364312
110042364321
110042364330
110042364349
110042364358
110042364367
110042364376
110042364385
110042364394
110042364401
110042364410
110042364429
110042364438
110042364447
110042364456
110042364465
110042364474
110042364483
110042364492
110042364508
110042364517
110042364526
110042364535
110042364544
110042364553
110042364562
110042364571
110042364599
110042364606
110042364615
110042364624
110042364633
110042364642
110042364651
110042364660
110042364679
110042364688
110042364697
110042364704
110042364722
110042365160
110042365188
110042365534
110042365749
110042365758
110042365767
110042365776
110042365785
110042365794
110042365801
110042365810
110042365838
110042365847
110042365856
110042365865
110042365874
110042365883
110042365892
110042365927
110042365936
110042365945
110042365954
110042366515
110042366542
110042366551
110042366560
110042366579
110042366588
110042366597
110042366604
110042366613
110042366622
110042366631
110042366640
110042366659
110042366668
110042366686
110042366695
110042366702
110042366711
110042366720
110042366739
110042366748
110042366757
110042366775
110042367408
110042367417
110042367426
110042367435
110042367444
110042367462
110042367480
110042367505
110042368050
110042368069
110042368078
110042368087
110042368559
110042368568
110042368577
110042368586
110042368595
110042368611
110042368620
110042368639
110042368648
110042368657
110042368666
110042368675
110042368684
110042368693
110042368700
110042368719
110042368728
110042368746
110042368755
110042368764
110042368773
110042368782
110042368791
110042368808
110042368817
110042368826
110042368835
110042368844
110042368853
110042368862
110042369095
110042369488
110042369549
110042369558
110042369567
110042369576
110042369585
110042369601
110042369610
110042369629
110042369638
110042369656
110042369665
110042369941
110042369950
110042369969
110042369978
110042369996
110042370001
110042370010
110042370029
110042370038
110042370047
110042370056
110042370065
110042370074
110042370083
110042370092
110042370109
110042370118
110042370127
110042370136
110042370145
110042370154
110042370163
110042370172
110042370582
110042370617
110042370635
110042370644
110042370653
110042370662
110042370680
110042370699
110042370706
110042370715
110042370724
110042370733
110042370742
110042370751
110042370760
110042370779
110042370788
110042370797
110042370804
110042370813
110042370822
110042370831
110042370840
110042370859
110042370868
110042370877
110042370886
110042370895
110042370902
110042370911
110042370939
110042370948
110042370957
110042371402
110042371411
110042371420
110042371439
110042371448
110042371457
110042372036
110042372054
110042372063
110042372072
110042372081
110042372090
110042372107
110042372116
110042372125
110042372134
110042372143
110042372161
110042372189
110042372198
110042372205
110042372214
110042372223
110042372232
110042372241
110042372937
110042372946
110042372955
110042372964
110042372973
110042372982
110042372991
110042373017
110042373026
110042373035
110042373044
110042373053
110042373062
110042373071
110042373080
110042373099
110042373106
110042373115
110042373124
110042373133
110042373142
110042373151
110042373179
110042373204
110042373213
110042373222
110042373614
110042373623
110042373632
110042373669
110042373678
110042373687
110042373703
110042373712
110042373721
110042374472
110042374481
110042374490
110042374506
110042374515
110042374533
110042374542
110042374551
110042374579
110042374588
110042374597
110042374613
110042374622
110042374631
110042374640
110042374659
110042374668
110042375275
110042375293
110042375364
110042375373
110042375630
110042375649
110042375694
110042376470
110042376540
110042376559
110042376568
110042376577
110042377424
110042377442
110042377558
110042377567
110042377576
110042377585
110042378165
110042378174
110042379887
110042379896
110042379903
110042379921
110042379930
110042379949
110042379976
110042382132
110042382141
110042382150
110042382169
110042382178
110042382196
110042382203
110042382221
110042382230
110042383300
110042383328
110042383603
110042385308
110042385317
110042385567
110042385576
110042385585
110042385601
110042385610
110042385629
110042385638
110042385647
110042385656
110042385665
110042385674
110042385683
110042385692
110042388216
110042388476
110042388494
110042389439
110042389448
110042389457
110042389466
110042389484
110042389493
110042389509
110042389518
110042389643
110042392103
110042392826
110042392835
110042392844
110042394691
110042397082
110042397117
110042397126
110042397171
110042401914
110042402129
110042402138
110042402584
110042404582
110042404617
110042404831
110042404886
110042406081
110042406143
110042406152
110042406170
110042406223
110042406232
110042406241
110042406269
110042406278
110042406358
110042406367
110042408873
110042408882
110042408908
110042408971
110042408980
110042409006
110042409015
110042409024
110042409033
110042418087
110042418158
110042418327
110042421590
110042425417
110042425462
110042429930
110042431320
110042431712
110042432668
110042432800
110042432855
110042432873
110042433051
110042522339
110042570465
110042570474
110042652322
110042823077
110042823629
110042823638
110042823807
110042823834
110042823843
110042824021
110042824049
110042824076
110042824094
110042824129
110042824218
110042824236
110042824432
110042824799
110042824833
110042824897
110042824931
110042824940
110042825020
110042825066
110042825075
110042825235
110042825244
110042825271
110042825299
110042825342
110042825431
110042825636
110042825707
110042825743
110042825752
110042825770
110042825789
110042825814
110042825823
110042825896
110042826047
110042826074
110042826118
110042826127
110042826243
110042826298
110042826305
110042826323
110042826341
110042826350
110042826369
110042826378
110042826396
110042826403
110042826412
110042826421
110042826449
110042826494
110042826591
110042826644
110042826715
110042826733
110042826742
110042826751
110042826760
110042826779
110042826831
110042826859
110042826868
110042826877
110042826886
110042826895
110042826902
110042827144
110042827304
110042827331
110042827386
110042827411
110042827448
110042827849
110042827894
110042827901
110042827910
110042827938
110042827947
110042827956
110042827965
110042828090
110042828250
110042828303
110042828349
110042828358
110042828456
110042828553
110042828991
110042829044
110042829053
110042829062
110042829071
110042829115
110042829124
110042829222
110042829295
110042829320
110042829339
110042829464
110042829525
110042829874
110042829883
110042829892
110042829909
110042829918
110042829936
110042829945
110042829981
110042830096
110042830103
110042830416
110042830504
110042830559
110042830577
110042830666
110042830693
110042830719
110042830728
110042830746
110042830755
110042830826
110042830853
110042830871
110042830880
110042830899
110042830915
110042830942
110042830951
110042831068
110042831139
110042831157
110042831371
110042831406
110042831512
110042831601
110042831781
110042831825
110042831834
110042831843
110042831898
110042831905
110042831914
110042831932
110042831950
110042831969
110042832183
110042832192
110042832209
110042832218
110042832227
110042832245
110042832254
110042832263
110042832281
110042832307
110042832405
110042832441
110042832487
110042832502
110042832539
110042832584
110042832646
110042832682
110042832691
110042832708
110042832726
110042832744
110042832753
110042832762
110042832771
110042832799
110042832815
110042832824
110042832851
110042832986
110042833002
110042833020
110042833039
110042833093
110042833128
110042833155
110042833262
110042833431
110042833477
110042833486
110042833538
110042833618
110042833869
110042833887
110042833912
110042833930
110042833958
110042834190
110042834305
110042834332
110042834467
110042834476
110042834485
110042834494
110042834500
110042834582
110042834742
110042834797
110042834804
110042834813
110042834886
110042834911
110042835000
110042835055
110042835439
110042835625
110042835634
110042835769
110042835778
110042835787
110042835796
110042835812
110042835821
110042835867
110042835992
110042836045
110042836090
110042836107
110042836143
110042836152
110042836269
110042836321
110042836330
110042836483
110042836517
110042836633
110042836642
110042836679
110042836777
110042836848
110042837026
110042837099
110042837124
110042837133
110042837188
110042837348
110042837384
110042837525
110042837534
110042837561
110042837598
110042837614
110042837641
110042837650
110042837696
110042837730
110042837749
110042837767
110042837810
110042837945
110042837954
110042837972
110042838007
110042838025
110042838043
110042838052
110042838061
110042838123
110042838294
110042838551
110042838560
110042838944
110042838962
110042839042
110042839051
110042839079
110042839097
110042839417
110042839453
110042839523
110042839569
110042839587
110042839630
110042839667
110042839701
110042839729
110042839818
110042840487
110042840496
110042840735
110042840931
110042840940
110042841057
110042841324
110042841351
110042841404
110042841486
110042841636
110042841832
110042841887
110042841994
110042842092
110042842163
110042842323
110042842760
110042842788
110042842797
110042842920
