110042842993
110042843064
110042843215
110042843297
110042843322
110042843698
110042843741
110042843741
110042843769
110042843796
110042843821
110042843830
110042843938
110042844036
110042844072
110042844081
110042844189
110042844198
110042844349
110042844376
110042844385
110042844465
110042844483
110042844526
110042844535
110042844544
110042844599
110042844606
110042844615
110042844704
110042844759
110042844768
110042844795
110042844839
110042844848
110042844866
110042844875
110042844955
110042845026
110042845071
110042845179
110042845393
110042845400
110042845491
110042845525
110042845561
110042845570
110042845650
110042845678
110042845758
110042845785
110042845874
110042846105
110042846356
110042846365
110042846445
110042846668
110042846766
110042846819
110042846864
110042846882
110042846926
110042846971
110042846980
110042847104
110042847168
110042847177
110042847186
110042847248
110042847257
110042847346
110042847417
110042847480
110042847809
110042847836
110042847907
110042847916
110042848005
110042848185
110042848265
110042848309
110042848363
110042848407
110042848504
110042848586
110042848595
110042848693
110042848719
110042848737
110042848746
110042848773
110042848844
110042848853
110042848880
110042848906
110042848924
110042848933
110042849004
110042849068
110042849077
110042849086
110042849095
110042849228
110042849237
110042849255
110042849282
110042849362
110042849406
110042849415
110042849433
110042849460
110042849479
110042849497
110042849512
110042849638
110042849665
110042849674
110042849683
110042849692
110042849709
110042849718
110042849736
110042849905
110042849978
110042849987
110042850019
110042850028
110042850046
110042850108
110042850199
110042850279
110042850288
110042850297
110042850304
110042850313
110042850331
110042850386
110042850402
110042850509
110042850652
110042850796
110042850830
110042850901
110042850992
110042851143
110042851358
110042851385
110042851394
110042851508
110042851562
110042851660
110042851679
110042851731
110042851759
110042851820
110042851919
110042851937
110042851982
110042852008
110042852017
110042852071
110042852099
110042852115
110042852124
110042852455
110042852464
110042852534
110042852687
110042852829
110042852838
110042852847
110042852874
110042852892
110042852909
110042852927
110042853007
110042853061
110042853178
110042853187
110042853329
110042853392
110042853427
110042853436
110042853445
110042853454
110042853551
110042853560
110042853579
110042853597
110042853668
110042853677
110042853695
110042853748
110042853793
110042853828
110042853846
110042853855
110042853917
110042854060
110042854122
110042854177
110042854202
110042854257
110042854355
110042854364
110042854453
110042854499
110042854550
110042854621
110042854667
110042854765
110042854907
110042854961
110042855069
110042855078
110042855176
110042855309
110042855327
110042855336
110042855345
110042855354
110042855363
110042855372
110042855381
110042855425
110042855443
110042855452
110042855470
110042855489
110042855522
110042855540
110042855586
110042855693
110042855826
110042855899
110042855942
110042855951
110042856175
110042856308
110042856335
110042856558
110042856647
110042856656
110042856718
110042856718
110042856727
110042856745
110042856772
110042856834
110042856843
110042857058
110042857156
110042857245
110042857281
110042857316
110042857325
110042857370
110042857389
110042857575
110042857619
110042857717
110042857726
110042857744
110042857780
110042858057
110042858217
110042858235
110042858253
110042858262
110042858271
110042858477
110042858547
110042858707
110042858716
110042858725
110042858761
110042859001
110042859029
110042859074
110042859127
110042859136
110042859145
110042859298
110042859314
110042859341
110042859369
110042859449
110042859458
110042859467
110042859476
110042859494
110042859528
110042859546
110042859555
110042859573
110042859662
110042859831
110042859840
110042859868
110042859902
110042859920
110042859948
110042859966
110042859975
110042860044
110042860062
110042860099
110042860142
110042860268
110042860393
110042860507
110042860516
110042860570
110042860598
110042860623
110042860632
110042860650
110042860678
110042860687
110042860730
110042860758
110042860767
110042860794
110042860927
110042861016
110042861043
110042861052
110042861061
110042861196
110042861221
110042861258
110042861347
110042861356
110042861409
110042861551
110042861640
110042861668
110042861720
110042861766
110042861908
110042861980
110042862131
110042862220
110042862239
110042862248
110042862257
110042862391
110042862417
110042862435
110042862471
110042862499
110042862505
110042862621
110042862685
110042862943
110042862961
110042862970
110042862989
110042863032
110042863069
110042863078
110042863096
110042863130
110042863176
110042863201
110042863229
110042863238
110042863247
110042863274
110042863425
110042863443
110042863461
110042863531
110042863737
110042863862
110042863988
110042864040
110042864059
110042864095
110042864228
110042864237
110042864282
110042864317
110042864371
110042864433
110042864479
110042864521
110042864567
110042864665
110042864683
110042864745
110042864843
110042864905
110042864941
110042864996
110042865012
110042865030
110042865067
110042865085
110042865101
110042865110
110042865138
110042865165
110042865174
110042865183
110042865209
110042865218
110042865316
110042865325
110042865398
110042865548
110042865619
110042865682
110042865753
110042865771
110042865842
110042865904
110042865959
110042865977
110042866011
110042866271
110042866299
110042866306
110042866315
110042866440
110042866468
110042866477
110042866495
110042866869
110042866967
110042867029
110042867083
110042867314
110042867387
110042867396
110042867546
110042867573
110042867635
110042867662
110042867671
110042867779
110042867868
110042867966
110042867975
110042867993
110042868000
110042868019
110042868028
110042868037
110042868073
110042868108
110042868126
110042868153
110042868162
110042868171
110042868206
110042868215
110042868233
110042868377
110042868386
110042868395
110042868402
110042868411
110042868420
110042868493
110042868616
110042868821
110042868938
110042868947
110042868974
110042869072
110042869358
110042869599
110042869606
110042869615
110042869642
110042869660
110042869795
110042869955
110042869991
110042870006
110042870024
110042870104
110042870131
110042870266
110042870355
110042870364
110042870382
110042870417
110042870471
110042870505
110042870541
110042870587
110042870621
110042870649
110042870667
110042870729
110042870783
110042870792
110042870827
110042870854
110042870890
110042870907
110042870952
110042871112
110042871194
110042871292
110042871345
110042871443
110042871461
110042871559
110042871693
110042871755
110042871808
110042871835
110042871853
110042871997
110042872166
110042872175
110042872246
110042872326
110042872424
110042872497
110042872549
110042872629
110042872638
110042872674
110042872790
110042873076
110042873094
110042873101
110042873129
110042873138
110042873147
110042873263
110042873281
110042873361
110042873398
110042873548
110042873655
110042873664
110042873673
110042873682
110042873708
110042873717
110042873735
110042873744
110042873771
110042873780
110042873842
110042873851
110042873913
110042873922
110042873940
110042873968
110042873986
110042873995
110042874048
110042874057
110042874164
110042874173
110042874182
110042874217
110042874226
110042874271
110042874306
110042874565
110042874583
110042874592
110042874618
110042874627
110042874636
110042874645
110042874654
110042874761
110042874869
110042874912
110042874976
110042875010
110042875056
110042875092
110042875172
110042875216
110042875243
110042875261
110042875305
110042875387
110042875396
110042875403
110042875467
110042875476
110042875485
110042875671
110042875751
110042875779
110042875804
110042875840
110042875868
110042875939
110042876037
110042876091
110042876199
110042876206
110042876233
110042876288
110042876297
110042876331
110042876402
110042876448
110042876554
110042876714
110042876723
110042876732
110042876965
110042876974
110042877081
110042877090
110042877143
110042877170
110042877241
110042877269
110042877278
110042877312
110042877330
110042877376
110042877385
110042877447
110042877456
110042877465
110042877492
110042877517
110042877713
110042877759
110042877768
110042877786
110042877795
110042877820
110042877848
110042877857
110042877866
110042877919
110042877946
110042877964
110042877991
110042878008
110042878017
110042878071
110042878080
110042878099
110042878115
110042878286
110042878366
110042878393
110042878589
110042878678
110042878696
110042878776
110042878794
110042878856
110042878981
110042878990
110042879052
110042879089
110042879196
110042879221
110042879285
110042879294
110042879310
110042879338
110042879347
110042879365
110042879392
110042879454
110042879524
110042879604
110042879622
110042879784
110042879793
110042879828
110042879953
110042880040
110042880246
110042880326
110042880371
110042880406
110042880433
110042880512
110042880601
110042880638
110042880647
110042880656
110042880683
110042880772
110042880790
110042880861
110042880941
110042880978
110042881003
110042881049
110042881067
110042881094
110042881129
110042881156
110042881183
110042881263
110042881290
110042881316
110042881343
110042881361
110042881370
110042881398
110042881414
110042881432
110042881450
110042881628
110042881897
110042881922
110042881977
110042882075
110042882217
110042882235
110042882315
110042882324
110042882333
110042882379
110042882388
110042882413
110042882422
110042882440
110042882459
110042882495
110042882529
110042882556
110042882565
110042882743
110042883001
110042883010
110042883056
110042883154
110042883163
110042883181
110042883225
110042883289
110042883305
110042883314
110042883396
110042883485
110042883635
110042883993
110042884395
110042884402
110042884411
110042884420
110042884439
110042884448
110042884457
110042884466
110042884518
110042884527
110042884536
110042884616
110042884625
110042884705
110042884723
110042884812
110042884830
110042884885
110042885081
110042885090
110042885367
110042885410
110042885438
110042885447
110042885517
110042885526
110042885599
110042885651
110042885660
110042885795
110042885811
110042885955
110042885964
110042885973
110042886188
110042886400
110042886428
110042886491
110042886507
110042886589
110042886730
110042886801
110042886847
110042887196
110042887267
110042887347
110042887365
110042887374
110042887427
110042887445
110042887463
110042887472
110042887686
110042887720
110042887739
110042887757
110042887766
110042887784
110042887793
110042887819
110042887828
110042887944
110042887962
110042888015
110042888104
110042888266
110042888319
110042888328
110042888337
110042888346
110042888355
110042888364
110042888373
110042888382
110042888426
110042888505
110042888587
110042888596
110042888603
110042888621
110042888630
110042888649
110042888738
110042888756
110042888765
110042888774
110042888792
110042888836
110042888854
110042888872
110042888881
110042888952
110042889023
110042889032
110042889130
110042889318
110042889381
110042889489
110042889719
110042889746
110042889862
110042889880
110042889899
110042889960
110042890020
110042890075
110042890100
110042890217
110042890244
110042890351
110042890431
110042890538
110042890556
110042890716
110042890832
110042890850
110042890921
110042890930
110042890958
110042891065
110042891127
110042891181
110042891243
110042891261
110042891305
110042891485
110042891797
110042891957
110042892037
110042892046
110042892091
110042892108
110042892117
110042892171
110042892180
110042892206
110042892386
110042892475
110042892554
110042892590
110042892634
110042892714
110042892732
110042892812
110042892830
110042892901
110042892910
110042892956
110042892965
110042893054
110042893063
110042893081
110042893090
110042893330
110042893465
110042893474
110042893526
110042893544
110042893651
110042893722
110042893777
110042893786
110042893839
110042893857
110042893875
110042893884
110042893893
110042893946
110042893964
110042894026
110042894099
110042894115
110042894124
110042894133
110042894222
110042894259
110042894268
110042894277
110042894286
110042894302
110042894641
110042894650
110042894767
110042894785
110042894794
110042894865
110042894874
110042894892
110042894954
110042895034
110042895132
110042895141
110042895187
110042895196
110042895258
110042895267
110042895329
110042895418
110042895490
110042895597
110042895686
110042895702
110042895739
110042895793
110042895800
110042895828
110042895926
110042895953
110042896113
110042896168
110042896211
110042896248
110042896603
110042896612
110042896649
110042896685
110042896694
110042896710
110042896809
110042896925
110042896943
110042897130
110042897229
110042897256
110042897318
110042897489
110042897498
110042897540
110042897611
110042897620
110042897657
110042897666
110042897693
110042897700
110042897719
110042897728
110042897737
110042897773
110042897791
110042897808
110042897817
110042897899
110042897979
110042898013
110042898031
110042898040
110042898059
110042898068
110042898086
110042898184
110042898273
