110042898282
110042898317
110042898326
110042898353
110042898362
110042898371
110042898399
110042898442
110042898460
110042898479
110042898488
110042898521
110042898549
110042898656
110042898718
110042898763
110042898898
110042898950
110042899085
110042899094
110042899101
110042899147
110042899263
110042899361
110042899405
110042899441
110042899557
110042899655
110042900073
110042900224
110042900475
110042900518
110042900545
110042900590
110042900670
110042901090
110042901232
110042901269
110042901303
110042901394
110042901438
110042901651
110042901795
110042902044
110042902213
110042902320
110042902534
110042902632
110042902669
110042902785
110042902847
110042903098
110042903141
110042903258
110042903427
110042903445
110042903490
110042903542
110042903668
110042904015
110042904408
110042904569
110042904667
110042904792
110042904845
110042904943
110042905112
110042905149
110042905309
110042905318
110042905381
110042905522
110042905559
110042905700
110042905755
110042905808
110042905933
110042905997
110042906068
110042906148
110042906166
110042906228
110042906291
110042906442
110042906460
110042906647
110042906692
110042906843
110042906950
110042907076
110042907085
110042907192
110042907209
110042907272
110042907343
110042907469
110042907478
110042907487
110042907511
110042907557
110042907995
110042908128
110042908360
110042908495
110042908529
110042908556
110042908636
110042908716
110042908770
110042908814
110042908949
110042908958
110042908976
110042909387
110042909877
110042909975
110042910099
110042910231
110042910357
110042910758
110042911196
110042911506
110042911819
110042911828
110042911891
110042912266
110042912346
110042912382
110042912444
110042912676
110042912863
110042912952
110042912961
110042913032
110042913336
110042913363
110042913531
110042913648
110042913951
110042913960
110042913988
110042914059
110042914086
110042914157
110042914193
110042914200
110042914246
110042914255
110042914317
110042914549
110042914594
110042914647
110042914781
110042914807
110042914861
110042915129
110042915272
110042915307
110042915316
110042915753
110042915940
110042915959
110042916155
110042916226
110042916306
110042916477
110042916547
110042916565
110042916574
110042916896
110042917001
110042917118
110042917225
110042917403
110042917671
110042917680
110042917804
110042917813
110042917840
110042917859
110042917877
110042918000
110042918091
110042918126
110042918545
110042918554
110042918616
110042918625
110042918714
110042918769
110042918812
110042918830
110042918849
110042918910
110042918938
110042918965
110042919009
110042919018
110042919036
110042919170
110042919214
110042919223
110042919250
110042919401
110042919447
110042919483
110042919642
110042919660
110042919731
110042919759
110042919919
110042919964
110042920042
110042920239
110042920275
110042920462
110042920505
110042920649
110042920747
110042920952
110042920961
110042921041
110042921078
110042921167
110042921185
110042921210
110042921247
110042921292
110042921354
110042921372
110042921498
110042921568
110042921933
110042922111
110042922282
110042922451
110042922610
110042922790
110042922843
110042922852
110042923067
110042923101
110042923156
110042923183
110042923236
110042923316
110042923496
110042923520
110042923655
110042923691
110042923744
110042923799
110042923824
110042923897
110042923913
110042923940
110042924066
110042924173
110042924191
110042924342
110042924477
110042924583
110042924592
110042924663
110042924672
110042924681
110042924716
110042924752
110042924761
110042924878
110042924887
110042925118
110042925136
110042925494
110042925582
110042925902
110042925911
110042926028
110042926064
110042926224
110042926359
110042926377
110042926554
110042926698
110042926929
110042926974
110042927009
110042927018
110042927027
110042927045
110042927081
110042927090
110042927134
110042927232
110042927241
110042927312
110042927330
110042927358
110042927456
110042927526
110042927633
110042927642
110042927651
110042927679
110042927688
110042927697
110042927704
110042927713
110042927722
110042927731
110042927740
110042927759
110042927802
110042927820
110042927946
110042928080
110042928115
110042928133
110042928231
110042928455
110042928623
110042928696
110042928712
110042928865
110042928990
110042929034
110042929597
110042929640
110042929668
110042929686
110042929702
110042929720
110042929748
110042929766
110042929775
110042929784
110042929793
110042929800
110042929819
110042929828
110042929837
110042929864
110042929882
110042929980
110042930013
110042930068
110042930086
110042930102
110042930120
110042930148
110042930184
110042930326
110042930335
110042930638
110042930781
110042930807
110042930870
110042930914
110042931469
110042931502
110042931511
110042931539
110042931664
110042931691
110042931744
110042931753
110042931762
110042931771
110042931799
110042931806
110042931815
110042931824
110042931842
110042931851
110042931860
110042931879
110042931888
110042931897
110042931904
110042931913
110042931922
110042931931
110042931940
110042932789
110042933083
110042933181
110042933270
110042933298
110042933500
110042933751
110042933779
110042933939
110042933984
110042933993
110042934554
110042934689
110042934787
110042934901
110042934910
110042935152
110042935312
110042935562
110042935688
110042935802
110042935884
110042935955
110042936044
110042936080
110042936106
110042936393
110042936428
110042936589
110042936678
110042936696
110042936712
110042936749
110042937114
110042937702
110042937748
110042937926
110042938006
110042938015
110042938159
110042938186
110042938248
110042938293
110042938319
110042938435
110042938505
110042938630
110042938765
110042938783
110042938792
110042938809
110042938818
110042938836
110042938845
110042938916
110042939005
110042939014
110042939121
110042939130
110042939158
110042939185
110042939201
110042939425
110042939586
110042939595
110042939719
110042939817
110042939915
110042940039
110042940495
110042940510
110042940574
110042940789
110042940814
110042940823
110042940878
110042940896
110042940921
110042940949
110042941145
110042941190
110042941216
110042941289
110042941298
110042941314
110042941323
110042941341
110042941350
110042941387
110042941396
110042941449
110042941458
110042941653
110042941895
110042942082
110042942509
110042942518
110042942527
110042942536
110042942723
110042942732
110042942812
110042943036
110042943143
110042943232
110042943241
110042943401
110042943651
110042943660
110042943964
110042944035
110042944053
110042944133
110042944222
110042944339
110042944641
110042944669
110042944785
110042944838
110042944856
110042944874
110042944927
110042944981
110042945061
110042945114
110042945221
110042945418
110042945463
110042945533
110042945855
110042946024
110042946060
110042946097
110042946612
110042946694
110042946765
110042946783
110042946809
110042946818
110042946827
110042946836
110042946881
110042946890
110042947005
110042947023
110042947327
110042947390
110042947416
110042947489
110042947522
110042947586
110042947602
110042947773
110042947826
110042947951
110042948120
110042948139
110042948362
110042948371
110042948380
110042948549
110042949352
110042949398
110042949405
110042949496
110042949520
110042949566
110042949584
110042949593
110042949600
110042949628
110042949744
110042949762
110042949833
110042950189
110042950269
110042950367
110042950697
110042950722
110042950973
110042951133
110042951142
110042951295
110042951339
110042951366
110042951561
110042951570
110042951598
110042951785
110042951847
110042951874
110042952016
110042952114
110042952374
110042952551
110042952702
110042952711
110042952766
110042952864
110042952917
110042952953
110042953060
110042953079
110042953097
110042953122
110042953239
110042953319
110042953355
110042953453
110042953462
110042953569
110042953587
110042953658
110042953827
110042953961
110042953970
110042953998
110042954023
110042954229
110042954309
110042954363
110042954452
110042954461
110042954470
110042954498
110042954522
110042954737
110042954862
110042955086
110042955237
110042955512
110042955905
110042955932
110042955987
110042956067
110042956272
110042956316
110042956361
110042956389
110042956398
110042956441
110042956548
110042956593
110042956673
110042956682
110042956940
110042956977
110042956995
110042957020
110042957075
110042957280
110042957397
110042957459
110042957529
110042957547
110042957832
110042957976
110042958047
110042958305
110042958350
110042958546
110042958608
110042958911
110042959297
110042959402
110042959457
110042959616
110042959885
110042959901
110042959992
110042960007
110042960016
110042960061
110042960105
110042960141
110042960196
110042960230
110042960329
110042960374
110042960383
110042960418
110042960463
110042960515
110042960524
110042960622
110042960775
110042960800
110042960828
110042960837
110042960953
110042961453
110042961550
110042961621
110042961676
110042961701
110042962121
110042962274
110042962336
110042962407
110042962425
110042962513
110042962540
110042962568
110042962782
110042962951
110042962979
110042963013
110042963022
110042963709
110042963745
110042963763
110042963816
110042963843
110042964316
110042964389
110042964593
110042964619
110042965066
110042965084
110042965342
110042965422
110042965618
110042965636
110042965654
110042965707
110042965725
110042965734
110042965814
110042965869
110042965878
110042965949
110042966056
110042966074
110042966136
110042966387
110042966421
110042966449
110042966573
110042966644
110042966671
110042966680
110042966877
110042966966
110042967340
110042967411
110042967466
110042967509
110042967518
110042967705
110042967974
110042968081
110042968116
110042968125
110042968189
110042968205
110042968241
110042968401
110042968526
110042968651
110042968848
110042969017
110042969543
110042969758
110042970185
110042970194
110042970327
110042970336
110042970390
110042970425
110042970461
110042970648
110042970808
110042971068
110042971184
110042971219
110042971451
110042971488
110042971601
110042971647
110042971709
110042971763
110042971825
110042971950
110042971978
110042972012
110042972076
110042972165
110042972174
110042972290
110042972405
110042972423
110042972432
110042972441
110042972511
110042972520
110042973048
110042973299
110042973431
110042973510
110042973547
110042973609
110042973734
110042974047
110042974207
110042974298
110042974305
110042974412
110042974528
110042974644
110042974680
110042974724
110042974779
110042974788
110042974797
110042975019
110042975037
110042975046
110042975377
110042975420
110042975527
110042975581
110042975616
110042975625
110042975634
110042975705
110042975732
110042975750
110042975787
110042975821
110042975929
110042976054
110042976072
110042976125
110042976205
110042976278
110042976321
110042976358
110042976526
110042976553
110042976580
110042976688
110042976740
110042976820
110042976884
110042977017
110042977026
110042977142
110042977160
110042977213
110042977286
110042977348
110042977400
110042977605
110042977712
110042977909
110042977972
110042977990
110042978061
110042978258
110042978285
110042978383
110042978445
110042978454
110042978515
110042978597
110042978711
110042978775
110042978855
110042978962
110042979079
110042979088
110042979122
110042979195
110042979266
110042979337
110042979462
110042979676
110042979729
110042979765
110042979818
110042979845
110042979854
110042979863
110042979872
110042979881
110042979890
110042979952
110042980094
110042980236
110042980441
110042980450
110042980575
110042980646
110042980655
110042980664
110042980691
110042980717
110042980726
110042980771
110042980888
110042980897
110042980959
110042980986
110042981244
110042981422
110042981486
110042981529
110042981556
110042981565
110042981609
110042981618
110042981627
110042981814
110042981869
110042981878
110042981887
110042981912
110042982074
110042982083
110042982181
110042982190
110042982234
110042982261
110042982430
110042982537
110042982546
110042982644
110042982788
110042982804
110042982822
110042982948
110042983135
110042983297
110042983395
110042983411
110042983448
110042983518
110042983545
110042983616
110042983732
110042983750
110042983778
110042983803
110042983821
110042983885
110042983938
110042983956
110042984063
110042984116
110042984152
110042984161
110042984465
110042984508
110042984544
110042984642
110042984660
110042984722
110042984795
110042984866
110042984955
110042984973
110042984982
110042985026
110042985259
110042985357
110042985473
110042985589
110042985678
110042985758
110042985918
110042985936
110042985945
110042985954
110042986043
110042986150
110042986203
110042986276
110042986365
110042986374
110042986481
110042986855
110042986971
110042987328
110042987453
110042987499
110042987621
110042987774
110042987970
110042988023
110042988283
110042988318
110042988381
110042988434
110042988531
110042988648
110042988719
110042988728
110042988791
110042988817
110042988826
110042988844
110042988899
110042988933
110042988988
110042989175
110042989255
110042989335
110042989362
110042989479
110042989497
110042989638
110042989665
110042989692
110042989781
110042989834
110042989852
110042989898
