110042989950
110042989969
110042989978
110042990038
110042990234
110042990715
110042990733
110042990751
110042990788
110042991000
110042991028
110042991064
110042991144
110042991162
110042991331
110042991377
110042991572
110042991830
110042991938
110042991974
110042991983
110042992063
110042992134
110042992312
110042992321
110042992385
110042992526
110042992553
110042992624
110042992688
110042992722
110042992768
110042992875
110042993008
110042993179
110042993231
110042993268
110042993623
110042993712
110042993838
110042993874
110042993883
110042993927
110042993972
110042994409
110042994463
110042994579
110042994659
110042994702
110042994775
110042994837
110042995168
110042995382
110042995596
110042995845
110042996014
110042996103
110042996130
110042996167
110042996176
110042996247
110042996274
110042996283
110042996461
110042996568
110042996595
110042996611
110042996620
110042996700
110042996746
110042996853
110042996906
110042996933
110042997022
110042997184
110042997200
110042997344
110042997601
110042997718
110042997763
110042997825
110042997843
110042997941
110042998085
110042998147
110042998398
110042998423
110042998441
110042998520
110042998584
110042998593
110042998888
110042999039
110042999155
110042999208
110042999271
110042999306
110042999315
110042999342
110042999413
110042999609
110042999618
110042999672
110042999681
110042999690
110042999752
110042999985
110042999994
110043000061
110043000285
110043000294
110043000310
110043000374
110043000436
110043000454
110043000481
110043000515
110043000597
110043000677
110043000686
110043000720
110043000917
110043000935
110043000962
110043001015
110043001079
110043001168
110043001177
110043001202
110043001211
110043001382
110043001417
110043001514
110043001523
110043001550
110043001587
110043001621
110043001907
110043002318
110043002577
110043002700
110043002817
110043003031
110043003148
110043003184
110043003558
110043003692
110043004030
110043004058
110043004129
110043004147
110043004511
110043004637
110043004664
110043004691
110043004753
110043004771
110043004806
110043004842
110043004879
110043004959
110043004977
110043004986
110043005039
110043005057
110043005164
110043005271
110043005342
110043005422
110043005583
110043005645
110043005663
110043005681
110043005770
110043005823
110043005832
110043005976
110043006840
110043006975
110043007126
110043007135
110043007206
110043007279
110043007448
110043007466
110043007634
110043007812
110043007901
110043008018
110043008081
110043008152
110043008241
110043008269
110043008312
110043008358
110043008367
110043008410
110043008508
110043008571
110043008606
110043008615
110043008722
110043008795
110043008802
110043008893
110043008955
110043009071
110043009179
110043009213
110043009259
110043009268
110043009277
110043009302
110043009339
110043009419
110043009507
110043009650
110043009865
110043009909
110043010041
110043010069
110043010078
110043010309
110043010586
110043010602
110043010620
110043010639
110043010791
110043010817
110043011219
110043011291
110043011317
110043011638
110043011861
110043011870
110043011914
110043012218
110043012236
110043012281
110043012398
110043012414
110043012619
110043012664
110043012708
110043012717
110043012744
110043013002
110043013039
110043013119
110043013137
110043013155
110043013173
110043013208
110043013226
110043013351
110043013486
110043013574
110043013627
110043013636
110043013690
110043013734
110043013805
110043013930
110043014056
110043014074
110043014118
110043014136
110043014145
110043014216
110043014289
110043014298
110043014582
110043014662
110043014680
110043014788
110043014895
110043014948
110043014966
110043015073
110043015233
110043015448
110043015554
110043015643
110043015661
110043015698
110043015714
110043015901
110043015910
110043016027
110043016045
110043016054
110043016134
110043016296
110043016330
110043016553
110043016704
110043016768
110043016777
110043016820
110043016973
110043016982
110043017080
110043017133
110043017160
110043017222
110043017268
110043017295
110043017302
110043017348
110043017400
110043017419
110043017446
110043017534
110043017570
110043017589
110043017712
110043017721
110043017838
110043017874
110043017918
110043017936
110043018150
110043018294
110043018347
110043018472
110043018533
110043018551
110043018677
110043018953
110043018971
110043018999
110043019364
110043019523
110043019881
110043019907
110043019925
110043020094
110043020101
110043020192
110043020209
110043020245
110043020478
110043020502
110043020646
110043020682
110043020708
110043020922
110043021039
110043021119
110043021182
110043021244
110043021262
110043021413
110043021440
110043021538
110043021789
110043021896
110043022010
110043022029
110043022056
110043022136
110043022154
110043022172
110043022252
110043022341
110043022387
110043022412
110043022528
110043022608
110043022948
110043022984
110043023439
110043023518
110043023536
110043023616
110043023634
110043023787
110043023901
110043023938
110043024027
110043024045
110043024214
110043024296
110043024312
110043024401
110043024429
110043024526
110043024535
110043024697
110043024802
110043024937
110043025026
110043025071
110043025516
110043025552
110043025570
110043025696
110043025927
110043025936
110043025954
110043026132
110043026169
110043026258
110043026301
110043026356
110043026365
110043026454
110043026515
110043026551
110043026588
110043026775
110043026855
110043026944
110043027202
110043027435
110043027694
110043027701
110043027774
110043027792
110043027809
110043027818
110043027827
110043027836
110043028041
110043028238
110043028256
110043028327
110043028443
110043028461
110043028577
110043028595
110043028611
110043028639
110043028657
110043029273
110043029291
110043029326
110043029344
110043029406
110043029479
110043029665
110043029674
110043029736
110043029745
110043029807
110043029816
110043029834
110043029843
110043029861
110043029898
110043030029
110043030172
110043030225
110043030378
110043030403
110043030662
110043030751
110043030902
110043030948
110043031545
110043031714
110043031956
110043031965
110043031974
110043032321
110043032401
110043032465
110043032483
110043032802
110043032991
110043033099
110043033151
110043033259
110043033295
110043033375
110043033393
110043033491
110043033561
110043033623
110043033794
110043033838
110043033847
110043033883
110043033918
110043034089
110043034114
110043034221
110043034294
110043034374
110043034436
110043034542
110043034551
110043034597
110043034604
110043034659
110043034784
110043034846
110043034917
110043034944
110043034971
110043035060
110043035079
110043035088
110043035239
110043035275
110043035284
110043035300
110043035373
110043035382
110043035444
110043035532
110043035649
110043035729
110043035783
110043035836
110043035925
110043035961
110043036023
110043036041
110043036050
110043036078
110043036087
110043036112
110043036149
110043036167
110043036176
110043036201
110043036238
110043036256
110043036265
110043036283
110043036336
110043036425
110043036461
110043036470
110043036489
110043036559
110043036602
110043036620
110043036764
110043036773
110043036791
110043036817
110043036853
110043036915
110043036979
110043037157
110043037264
110043037326
110043037335
110043037362
110043037424
110043037433
110043037460
110043037594
110043037709
110043037736
110043037781
110043037905
110043037987
110043038012
110043038058
110043038076
110043038165
110043038245
110043038272
110043038290
110043038389
110043038548
110043038593
110043038888
110043038897
110043038922
110043038931
110043038940
110043038959
110043038977
110043039075
110043039173
110043039182
110043039280
110043039299
110043039306
110043039315
110043039324
110043039388
110043039422
110043039431
110043039547
110043039556
110043039672
110043039798
110043039887
110043039912
110043039921
110043039930
110043039985
110043040205
110043040241
110043040376
110043040401
110043040465
110043040580
110043040679
110043040795
110043040839
110043040848
110043040900
110043040964
110043040973
110043041008
110043041017
110043041044
110043041062
110043041080
110043041099
110043041115
110043041179
110043041197
110043041222
110043041348
110043041393
110043041419
110043041437
110043041455
110043041482
110043041516
110043041641
110043041874
110043041963
110043042043
110043042070
110043042123
110043042150
110043042178
110043042301
110043042329
110043042338
110043042347
110043042374
110043042409
110043042418
110043042481
110043042515
110043042533
110043042542
110043042551
110043042588
110043042597
110043042640
110043042686
110043042757
110043042828
110043042837
110043042855
110043042873
110043042962
110043043015
110043043051
110043043177
110043043220
110043043319
110043043337
110043043346
110043043355
110043043364
110043043382
110043043391
110043043541
110043043569
110043043612
110043043621
110043043658
110043043765
110043043907
110043043943
110043043998
110043044041
110043044292
110043044354
110043044381
110043044425
110043044470
110043044648
110043044657
110043044737
110043044782
110043044835
110043045184
110043045282
110043045567
110043045656
110043045816
110043045870
110043046049
110043046085
110043046110
110043046147
110043046245
110043046343
110043046398
110043046487
110043046496
110043046502
110043046511
110043046557
110043046566
110043046593
110043046735
110043046799
110043046815
110043046824
110043046851
110043046888
110043046897
110043046922
110043047075
110043047244
110043047413
110043047440
110043047529
110043047538
110043047636
110043047681
110043047725
110043047841
110043048010
110043048056
110043048074
110043048225
110043048289
110043048396
110043048421
110043048662
110043048680
110043048706
110043048733
110043049082
110043049206
110043049368
110043049386
110043049439
110043049448
110043049545
110043049581
110043049750
110043049769
110043049778
110043049787
110043049885
110043049947
110043049965
110043049974
110043050006
110043050015
110043050195
110043050319
110043050355
110043050391
110043050453
110043050541
110043050676
110043050685
110043050701
110043050765
110043050783
110043050827
110043050845
110043050916
110043050943
110043051050
110043051149
110043051229
110043051256
110043051274
110043051283
110043051309
110043051390
110043051407
110043051425
110043051434
110043051443
110043051452
110043051461
110043051700
110043051880
110043052004
110043052031
110043052095
110043052111
110043052120
110043052139
110043052200
110043052601
110043052674
110043052718
110043052736
110043052763
110043052843
110043052861
110043052870
110043052889
110043052914
110043052923
110043052932
110043052941
110043052978
110043053030
110043053094
110043053147
110043053174
110043053281
110043053316
110043053398
110043053414
110043053548
110043053600
110043053619
110043053771
110043054146
110043054164
110043054397
110043054404
110043054413
110043054422
110043054468
110043054501
110043054609
110043054618
110043054627
110043054654
110043054663
110043054707
110043054752
110043054770
110043054896
110043055047
110043055190
110043055216
110043055261
110043055289
110043055332
110043055341
110043055680
110043055840
110043055939
110043056091
110043056135
110043056297
110043056313
110043056331
110043056340
110043056359
110043056368
110043056386
110043056402
110043056420
110043056475
110043056545
110043056643
110043056652
110043056723
110043056732
110043056849
110043056858
110043056876
110043057072
110043057553
110043057615
110043057651
110043057740
110043057768
110043057839
110043057857
110043058213
110043058231
110043058286
110043058302
110043058348
110043058393
110043058473
110043058641
110043058776
110043058801
110043058892
110043058990
110043059016
110043059025
110043059061
110043059178
110043059418
110043059436
110043059463
110043059472
110043059481
110043059506
110043059515
110043059533
110043059551
110043059695
110043059739
110043059766
110043059784
110043059793
110043059864
110043059873
110043059882
110043059891
110043059908
110043059926
110043059944
110043059962
110043059980
110043059999
110043060004
110043060031
110043060068
110043060120
110043060193
110043060200
110043060273
110043060442
110043060479
110043060530
110043060709
110043060781
110043061021
110043061058
110043061076
110043061085
110043061165
110043061174
110043061272
110043061575
110043061735
110043061833
110043062324
110043062360
110043062404
110043062495
110043062538
110043062967
110043063181
110043063190
110043063225
110043063252
110043063261
110043063270
110043063298
110043063305
110043063314
110043063323
110043063341
110043063396
110043063421
110043063485
110043063537
110043063546
110043063582
110043063626
110043063662
110043063779
110043063797
110043063804
110043063813
110043063975
110043064055
110043064091
110043064377
110043064439
110043064475
110043064527
110043064554
110043064705
110043064796
110043064901
110043064956
110043064992
110043065018
110043065027
110043065036
110043065394
110043065483
110043065526
110043065535
110043065704
110043065795
110043065811
110043065848
110043065875
110043065893
110043065946
110043065982
110043065991
110043066044
110043066062
110043066071
110043066099
110043066133
110043066179
