110043066561
110043066614
110043066623
110043066703
110043066730
110043066767
110043066927
110043066981
110043066990
110043067132
110043067141
110043067212
110043067221
110043067230
110043067310
110043067365
110043067436
110043067454
110043067640
110043067686
110043067784
110043067837
110043068097
110043068140
110043068275
110043068284
110043068453
110043068630
110043068685
110043068694
110043068738
110043068792
110043068925
110043069158
110043069176
110043069247
110043069309
110043069381
110043069443
110043069504
110043069522
110043069540
110043069602
110043069657
110043069684
110043069719
110043069817
110043069835
110043070057
110043070066
110043070075
110043070084
110043070226
110043070235
110043070271
110043070342
110043070379
110043070397
110043070404
110043070681
110043070734
110043070823
110043070903
110043071109
110043071118
110043071261
110043071289
110043071323
110043071403
110043071564
110043071779
110043071804
110043071813
110043071877
110043071920
110043072064
110043072073
110043072082
110043072091
110043072251
110043072411
110043072466
110043072563
110043072821
110043072830
110043072965
110043073036
110043073072
110043073116
110043073214
110043073287
110043073321
110043073553
110043073562
110043073599
110043073633
110043073651
110043073660
110043073679
110043073697
110043073713
110043073722
110043073731
110043073786
110043073848
110043074115
110043074124
110043074133
110043074142
110043074311
110043074339
110043074419
110043074464
110043074525
110043074534
110043074605
110043074623
110043074641
110043074687
110043074749
110043074892
110043075070
110043075132
110043075150
110043075196
110043075267
110043075294
110043075481
110043075524
110043075702
110043075793
110043075828
110043075837
110043075855
110043076024
110043076051
110043076088
110043076113
110043076202
110043076239
110043076382
110043076462
110043076471
110043076480
110043076621
110043076630
110043076694
110043076774
110043076809
110043076854
110043076872
110043076916
110043076925
110043077149
110043077238
110043077309
110043077372
110043077531
110043077577
110043077595
110043077728
110043077782
110043077791
110043077808
110043077844
110043077862
110043077899
110043077979
110043077988
110043077997
110043078022
110043078031
110043078059
110043078102
110043078291
110043078317
110043078326
110043078399
110043078460
110043078479
110043078512
110043078530
110043078718
110043078763
110043078772
110043078843
110043078978
110043078996
110043079021
110043079067
110043079101
110043079165
110043079174
110043079183
110043079192
110043079272
110043079441
110043079450
110043079548
110043079628
110043079682
110043079691
110043079735
110043079806
110043080000
110043080019
110043080046
110043080073
110043080108
110043080117
110043080260
110043080377
110043080457
110043080581
110043080625
110043080705
110043080741
110043080938
110043080956
110043081018
110043081045
110043081900
110043081919
110043081928
110043082115
110043082124
110043082188
110043082428
110043082437
110043082687
110043082927
110043082936
110043082945
110043083052
110043083061
110043083123
110043083132
110043083150
110043083169
110043083365
110043083392
110043084854
110043084907
110043084998
110043085005
110043085023
110043085489
110043085498
110043086175
110043087398
110043087414
110043088244
110043088529
110043089065
110043089546
110043092195
110043092587
110043096084
110043109187
110043111021
110043112208
110043116972
110043117338
110043117828
110043119568
110043120510
110043127014
110043128745
110043160085
110043160094
110043160101
110043160110
110043160129
110043160147
110043160511
110043160520
110043160539
110043160717
110043160735
110043160762
110043160771
110043160780
110043160799
110043160806
110043160815
110043160833
110043160842
110043160851
110043160860
110043160879
110043160888
110043160897
110043160904
110043160913
110043160922
110043160931
110043160940
110043160959
110043160968
110043160977
110043160986
110043160995
110043161002
110043161011
110043161020
110043161039
110043161048
110043161057
110043161066
110043161075
110043161084
110043161093
110043161100
110043161119
110043161128
110043161137
110043161146
110043161155
110043161164
110043161173
110043161182
110043161191
110043161208
110043161226
110043161235
110043161244
110043161253
110043161262
110043161271
110043161280
110043161299
110043161306
110043161315
110043161324
110043161333
110043161342
110043161351
110043161360
110043162528
110043162537
110043162546
110043162555
110043162573
110043162582
110043162591
110043162617
110043162635
110043162644
110043162671
110043162680
110043162699
110043162706
110043162715
110043162724
110043162742
110043162751
110043162760
110043162779
110043162788
110043162797
110043162804
110043162813
110043162822
110043162831
110043162840
110043162859
110043162868
110043163484
110043163518
110043163527
110043163634
110043163643
110043163661
110043163670
110043163689
110043163698
110043163705
110043163714
110043163723
110043163732
110043164385
110043164394
110043164401
110043164410
110043164429
110043164438
110043164447
110043164456
110043164465
110043164474
110043164483
110043164492
110043164508
110043164517
110043164526
110043164535
110043164544
110043164553
110043164562
110043164571
110043164580
110043164599
110043164606
110043164615
110043164633
110043164642
110043164651
110043164660
110043164679
110043164688
110043164697
110043164704
110043164713
110043165400
110043165419
110043165428
110043165437
110043165446
110043165455
110043165464
110043165473
110043165678
110043165687
110043165696
110043165703
110043165712
110043165721
110043165730
110043165749
110043165758
110043165767
110043165776
110043165785
110043165794
110043165810
110043165829
110043165838
110043165847
110043165856
110043165865
110043165874
110043165883
110043165909
110043165918
110043165927
110043165936
110043166784
110043166793
110043166800
110043166819
110043166837
110043166846
110043166855
110043166864
110043166882
110043166891
110043166908
110043166917
110043166926
110043166935
110043166944
110043166953
110043166971
110043166980
110043166999
110043167006
110043167015
110043167024
110043167033
110043167042
110043167051
110043167060
110043167079
110043167088
110043167097
110043167104
110043167113
110043167122
110043167658
110043167667
110043167676
110043167685
110043167694
110043167701
110043167729
110043167738
110043167747
110043167756
110043167765
110043167774
110043167783
110043167792
110043167809
110043167818
110043167827
110043167836
110043167845
110043167854
110043167863
110043167872
110043167881
110043167890
110043167907
110043167916
110043167925
110043167934
110043167943
110043167952
110043167961
110043167970
110043167989
110043167998
110043168531
110043168540
110043168559
110043168568
110043168595
110043168602
110043168611
110043168620
110043168639
110043168648
110043168657
110043168666
110043168675
110043168684
110043168693
110043168700
110043168719
110043168728
110043168737
110043168746
110043168755
110043168764
110043168773
110043168808
110043168817
110043168826
110043169362
110043169371
110043169380
110043169399
110043169406
110043169415
110043169424
110043169433
110043169442
110043169451
110043169460
110043169479
110043169488
110043169497
110043169503
110043169512
110043169521
110043169530
110043169549
110043169558
110043169576
110043169585
110043169594
110043169601
110043169610
110043169629
110043169638
110043169647
110043169656
110043169665
110043170207
110043170216
110043170225
110043170234
110043170243
110043170252
110043170261
110043170270
110043170289
110043170298
110043170305
110043170314
110043170323
110043170332
110043170341
110043170350
110043170369
110043170378
110043170387
110043170396
110043170403
110043170412
110043170421
110043170430
110043170449
110043170458
110043170467
110043170476
110043170485
110043170494
110043170500
110043170662
110043170671
110043170680
110043171224
110043171233
110043171242
110043171251
110043171260
110043171279
110043171288
110043171297
110043171304
110043171313
110043171322
110043171331
110043171340
110043171359
110043171368
110043171377
110043171386
110043171395
110043171411
110043171420
110043171439
110043171448
110043171457
110043171466
110043171475
110043171484
110043171493
110043171509
110043171518
110043171527
110043171536
110043171545
110043171554
110043171563
110043171572
110043172116
110043172125
110043172134
110043172143
110043172152
110043172161
110043172170
110043172189
110043172198
110043172205
110043172214
110043172223
110043172232
110043172241
110043172250
110043172269
110043172278
110043172296
110043172303
110043172312
110043172321
110043172330
110043172349
110043172358
110043172367
110043172376
110043172385
110043172394
110043172401
110043172410
110043172429
110043172438
110043172447
110043172456
110043172991
110043173008
110043173017
110043173026
110043173035
110043173044
110043173053
110043173062
110043173071
110043173080
110043173268
110043173277
110043173286
110043173295
110043173302
110043173311
110043173534
110043174123
110043174132
110043174141
110043174150
110043174169
110043174178
110043174187
110043174196
110043174203
110043174212
110043174221
110043174230
110043174249
110043174258
110043174267
110043174276
110043174285
110043174294
110043174301
110043174310
110043174329
110043174338
110043174347
110043174365
110043174374
110043174383
110043174392
110043174409
110043174418
110043174427
110043174659
110043174677
110043174695
110043174711
110043174720
110043174739
110043174748
110043174757
110043174775
110043174784
110043174793
110043174800
110043174819
110043174828
110043174837
110043174846
110043174855
110043174864
110043174873
110043174882
110043174891
110043174908
110043174917
110043174926
110043174935
110043174944
110043174953
110043174962
110043174971
110043174980
110043174999
110043175006
110043175015
110043175033
110043175042
110043175051
110043175060
110043175079
110043175088
110043175097
110043175104
110043175113
110043175122
110043175159
110043175168
110043175177
110043175186
110043175195
110043176559
110043177246
110043177255
110043177264
110043177273
110043178183
110043178192
110043178209
110043178824
110043179084
110043179128
110043179137
110043179146
110043179155
110043179164
110043179235
110043179244
110043179262
110043179271
110043179280
110043179903
110043179921
110043179949
110043179958
110043179976
110043179985
110043180152
110043183685
110043183738
110043188706
110043188813
110043188877
110043188895
110043188966
110043189046
110043189126
110043189135
110043192504
110043192586
110043192639
110043192675
110043192899
110043205000
110043208374
110043208383
110043208392
110043208891
110043208917
110043208944
110043209578
110043209587
110043209596
110043209603
110043209612
110043209621
110043209649
110043209658
110043209667
110043209676
110043209685
110043209694
110043209701
110043209710
110043209729
110043209738
110043209747
110043209765
110043209783
110043209792
110043209809
110043209818
110043209827
110043209836
110043209845
110043209854
110043209863
110043209872
110043209881
110043209890
110043209907
110043209916
110043209925
110043209934
110043209943
110043209952
110043209961
110043209970
110043209989
110043210003
110043210012
110043210021
110043210030
110043210049
110043210058
110043210067
110043210076
110043216622
110043217033
110043217042
110043217051
110043217159
110043217453
110043217462
110043217480
110043218201
110043218229
110043218238
110043218247
110043221402
110043221545
110043222134
110043222214
110043223044
110043228968
110043229486
110043229789
110043229805
110043229850
110043229985
110043230170
110043230768
110043230795
110043230802
110043232962
110043235488
110043235503
110043235521
110043235521
110043240640
110043240775
110043240784
110043241140
110043241630
110043241658
110043242407
110043242620
110043242764
110043245672
110043245761
110043245770
110043245789
110043245798
110043245805
110043245814
110043245823
110043245832
110043245841
110043246109
110043246118
110043246378
110043246387
110043246396
110043246403
110043246715
110043246840
110043246939
110043246948
110043246966
110043246975
110043246984
110043246993
110043247000
110043247019
110043247028
110043247037
110043247046
110043247064
110043247073
110043247082
110043247091
110043247108
110043247117
110043247126
110043247135
110043247144
110043247153
110043247162
110043247171
110043247180
110043247199
110043247206
110043247215
110043247224
110043247233
110043247242
110043247251
110043247260
110043247279
110043247288
110043247297
110043247304
110043247313
110043247322
110043247331
110043247340
110043247359
110043247368
110043247377
110043247386
110043247395
110043247402
110043247411
110043247420
110043247439
110043247448
110043247457
110043247466
110043247475
110043247493
110043247509
110043247518
110043247527
110043247536
110043247545
110043247670
110043247698
110043247705
110043247714
110043247723
110043247732
110043247741
110043247750
110043247769
110043247778
110043247787
110043247796
110043247803
110043247812
110043247821
110043247830
110043247849
110043247858
110043247867
110043247876
