110043247885
110043247894
110043247901
110043247910
110043247929
110043247938
110043247947
110043247956
110043247965
110043247974
110043247983
110043247992
110043248009
110043248116
110043248125
110043248134
110043248143
110043248152
110043248161
110043248170
110043248189
110043248198
110043248205
110043248214
110043248223
110043248232
110043248241
110043248269
110043248278
110043248287
110043248296
110043248312
110043248321
110043248330
110043248349
110043248358
110043248376
110043248385
110043248394
110043248401
110043248410
110043248429
110043248553
110043248562
110043248599
110043248615
110043248642
110043248679
110043248697
110043248713
110043248820
110043249044
110043249062
110043249231
110043249419
110043249428
110043249437
110043249516
110043249838
110043249847
110043249856
110043249865
110043249874
110043249883
110043249892
110043249909
110043249918
110043249927
110043249936
110043249945
110043249954
110043249963
110043249972
110043249981
110043249990
110043250004
110043250013
110043250040
110043250059
110043250068
110043250077
110043250086
110043250095
110043250102
110043250111
110043250120
110043250139
110043250148
110043250157
110043250166
110043250184
110043250193
110043250200
110043250219
110043250228
110043250237
110043250246
110043250255
110043250264
110043250273
110043250282
110043250291
110043250308
110043250317
110043250326
110043250335
110043250344
110043250353
110043250362
110043250371
110043250380
110043250399
110043250406
110043250415
110043250424
110043250433
110043250442
110043250451
110043250479
110043250488
110043250497
110043250503
110043250512
110043250521
110043250576
110043250692
110043250754
110043250834
110043250914
110043251030
110043251076
110043251094
110043251254
110043251263
110043251281
110043251325
110043251352
110043251398
110043251637
110043251646
110043251744
110043251968
110043252002
110043252217
110043252351
110043252459
110043252565
110043252574
110043252583
110043252592
110043252609
110043252618
110043252707
110043252761
110043252805
110043252814
110043252823
110043252832
110043252958
110043253056
110043253136
110043253261
110043253289
110043253298
110043253314
110043253403
110043253582
110043253608
110043253626
110043253635
110043253644
110043253653
110043253662
110043253671
110043253706
110043253715
110043253724
110043253733
110043253742
110043253911
110043253975
110043254215
110043254233
110043254242
110043254279
110043254297
110043254304
110043254395
110043254402
110043254420
110043254484
110043254545
110043254849
110043255009
110043255063
110043255125
110043255303
110043255508
110043255660
110043255722
110043255802
110043255946
110043256026
110043256044
110043256678
110043256838
110043257007
110043257132
110043257141
110043257258
110043257276
110043257294
110043257383
110043257418
110043257445
110043257506
110043257659
110043257668
110043257677
110043257775
110043257864
110043257891
110043257999
110043258006
110043258140
110043258195
110043258275
110043258382
110043258471
110043258596
110043258667
110043258818
110043258925
110043258989
110043259112
110043259149
110043259185
110043259318
110043259407
110043259425
110043259489
110043259568
110043259577
110043259595
110043259602
110043259648
110043259693
110043259700
110043259791
110043259915
110043259951
110043259960
110043259979
110043259988
110043259997
110043260002
110043260011
110043260020
110043260039
110043260048
110043260057
110043260066
110043260075
110043260084
110043260100
110043260119
110043260128
110043260137
110043260146
110043260155
110043260164
110043260173
110043260182
110043260191
110043260208
110043260217
110043260226
110043260235
110043260244
110043260253
110043260271
110043260280
110043260299
110043260306
110043260315
110043260324
110043260333
110043260342
110043260351
110043260379
110043260388
110043260397
110043260404
110043260413
110043260422
110043260431
110043260440
110043260459
110043260468
110043260477
110043260486
110043260495
110043260501
110043260510
110043260529
110043260538
110043260547
110043260565
110043260574
110043260583
110043260592
110043260609
110043260618
110043260627
110043260636
110043260645
110043260654
110043260663
110043260672
110043260681
110043260690
110043260707
110043260716
110043260725
110043260734
110043260743
110043260752
110043260761
110043260789
110043260798
110043260805
110043260814
110043260823
110043260832
110043260841
110043260850
110043260869
110043260878
110043260887
110043260896
110043260903
110043260912
110043260921
110043260930
110043260949
110043260958
110043260967
110043260976
110043260985
110043260994
110043261001
110043261010
110043261038
110043261047
110043261056
110043261065
110043261074
110043261083
110043261092
110043261109
110043261127
110043261136
110043261145
110043261154
110043261252
110043261467
110043261564
110043261573
110043261582
110043261626
110043261671
110043261742
110043261760
110043261840
110043261902
110043261948
110043262037
110043262313
110043262386
110043262634
110043262723
110043262778
110043262830
110043262849
110043262858
110043262876
110043262885
110043262894
110043262901
110043262910
110043262929
110043262938
110043262947
110043262956
110043262965
110043262974
110043262983
110043262992
110043263027
110043263606
110043263820
110043263919
110043263928
110043263937
110043263955
110043263973
110043263991
110043264008
110043264017
110043264026
110043264035
110043264044
110043264053
110043264062
110043264080
110043264099
110043264115
110043264133
110043264151
110043264339
110043264393
110043264446
110043264703
110043264838
110043264909
110043264990
110043265061
110043265114
110043265169
110043265212
110043265301
110043265310
110043265338
110043265347
110043265356
110043265365
110043265374
110043265383
110043265392
110043265418
110043265427
110043265436
110043265445
110043265454
110043265463
110043265472
110043265515
110043265524
110043265533
110043265542
110043265551
110043265560
110043265579
110043265588
110043265597
110043265604
110043265631
110043265677
110043266426
110043266444
110043266462
110043266471
110043266480
110043266667
110043266970
110043267096
110043267381
110043267390
110043267407
110043267443
110043267489
110043267504
110043267522
110043267540
110043267568
110043267577
110043267586
110043267602
110043267611
110043267620
110043267648
110043267657
110043267666
110043267675
110043267684
110043267693
110043267700
110043267719
110043267728
110043267737
110043267746
110043267755
110043267764
110043267773
110043267782
110043267791
110043267808
110043267817
110043267826
110043267835
110043267844
110043267853
110043267862
110043267871
110043267880
110043267899
110043267906
110043267915
110043267924
110043267933
110043267942
110043267951
110043267997
110043268004
110043268022
110043268031
110043268040
110043268059
110043268068
110043268077
110043268095
110043268102
110043268111
110043268120
110043268148
110043268157
110043268166
110043268200
110043268237
110043268264
110043268317
110043268353
110043268371
110043268451
110043268674
110043268807
110043269110
110043269469
110043269708
110043269717
110043269726
110043269744
110043269762
110043269780
110043269815
110043269833
110043269851
110043269879
110043269897
110043269913
110043269959
110043269977
110043269986
110043269995
110043270000
110043270028
110043270037
110043270055
110043270073
110043270082
110043270108
110043270126
110043270144
110043270162
110043270199
110043270206
110043270224
110043270251
110043270279
110043270288
110043270304
110043270313
110043270331
110043270402
110043270527
110043270563
110043270581
110043270607
110043270625
110043270643
110043270670
110043270698
110043270714
110043270732
110043270741
110043270750
110043270796
110043270803
110043270812
110043270821
110043270830
110043270849
110043270858
110043270867
110043270876
110043270885
110043270894
110043270901
110043270910
110043270929
110043270938
110043270947
110043270956
110043270965
110043270974
110043270983
110043270992
110043271009
110043271018
110043271027
110043271036
110043271054
110043271063
110043271072
110043271081
110043271090
110043271107
110043271116
110043271125
110043271134
110043271143
110043271152
110043271161
110043271170
110043271189
110043271198
110043271205
110043271223
110043271232
110043271241
110043271269
110043271287
110043271296
110043271303
110043271312
110043271330
110043271349
110043271367
110043271401
110043271429
110043271447
110043271474
110043271731
110043272008
110043272053
110043272311
110043272339
110043272348
110043272366
110043272375
110043272384
110043272393
110043272400
110043272419
110043272428
110043272437
110043272446
110043272455
110043272464
110043272473
110043272482
110043272491
110043272561
110043272918
110043272954
110043272963
110043272981
110043273007
110043273025
110043273070
110043273098
110043273105
110043273114
110043273123
110043273132
110043273141
110043273150
110043273169
110043273178
110043273187
110043273196
110043273203
110043273212
110043273221
110043273258
110043273267
110043273276
110043273294
110043273301
110043273310
110043273347
110043273490
110043273640
110043273668
110043273686
110043273702
110043273711
110043273720
110043273739
110043273757
110043273775
110043273793
110043273819
110043273837
110043273855
110043273891
110043273917
110043273935
110043273953
110043273971
110043273999
110043274015
110043274104
110043274373
110043274391
110043274471
110043274676
110043274685
110043274729
110043274747
110043274756
110043274774
110043274783
110043274792
110043274818
110043274836
110043274845
110043274854
110043274907
110043274916
110043274943
110043274952
110043274970
110043275005
110043275014
110043275032
110043275096
110043275103
110043275112
110043275121
110043275130
110043275149
110043275158
110043275167
110043275176
110043275185
110043275194
110043275210
110043275238
110043275247
110043275256
110043275265
110043275274
110043275283
110043275292
110043275309
110043275318
110043275327
110043275336
110043275345
110043275354
110043275363
110043275381
110043275390
110043275407
110043275416
110043275425
110043275434
110043275443
110043275452
110043275461
110043275470
110043275498
110043275513
110043275522
110043275531
110043275719
110043275906
110043275915
110043275924
110043275933
110043275942
110043275960
110043275979
110043275988
110043276004
110043276282
110043276291
110043276308
110043276326
110043276344
110043276353
110043276362
110043276371
110043276380
110043276399
110043276406
110043276415
110043276424
110043276433
110043276442
110043276451
110043276460
110043276479
110043276488
110043276503
110043276512
110043276521
110043276530
110043276549
110043276558
110043276567
110043276576
110043276585
110043276594
110043276601
110043276610
110043276629
110043276638
110043276647
110043276656
110043276665
110043276674
110043276683
110043276692
110043276709
110043276718
110043276727
110043276736
110043276745
110043276754
110043276834
110043277101
110043277110
110043277129
110043277138
110043277147
110043277156
110043277165
110043277174
110043277183
110043277192
110043277209
110043277218
110043277227
110043277236
110043277254
110043277263
110043277272
110043277281
110043277290
110043277307
110043277316
110043277325
110043277334
110043277343
110043277352
110043277361
110043277370
110043277389
110043277398
110043277405
110043277423
110043277432
110043277441
110043277450
110043277469
110043277478
110043277502
110043277511
110043277520
110043277539
110043277548
110043277557
110043277566
110043277575
110043277584
110043277593
110043277637
110043277646
110043277655
110043277664
110043277673
110043277682
110043277691
110043277708
110043277717
110043277735
110043277744
110043277753
110043277762
110043277771
110043277780
110043277799
110043277806
110043277815
110043278039
110043278057
110043278066
110043278075
110043278084
110043278093
110043278100
110043278119
110043278128
110043278137
110043278146
110043278155
110043278164
110043278173
110043278182
110043278191
110043278208
110043278217
110043278226
110043278299
110043278306
110043278324
110043278333
110043278342
110043278351
110043284200
110043284219
110043284237
110043284308
110043284335
110043284344
110043284923
110043285003
110043286903
110043286921
110043288769
110043288787
110043288821
110043288830
110043290480
110043290596
110043290612
110043290630
110043290658
110043306062
110043306712
110043306936
110043306972
110043307169
110043307178
110043307560
110043308293
110043311626
110043311635
110043311644
110043311966
110043311975
110043311984
110043311993
110043315070
110043315089
110043315114
110043315132
110043315203
110043315212
110043315221
110043315230
110043315338
110043315418
110043315427
110043315436
110043315524
110043315542
110043315659
110043315748
110043315891
110043316266
110043316499
110043316505
110043316514
110043316523
110043316578
110043316649
110043316658
110043316676
110043316765
110043316774
110043316827
110043317194
110043317381
110043317434
110043317719
110043319502
110043319520
110043319539
110043319548
110043319557
110043319566
110043319575
110043319619
110043319628
110043319637
110043319646
110043319655
