110043319664
110043319753
110043319780
110043320698
110043321205
110043321214
110043321973
110043322008
110043322026
110043322035
110043322062
110043322099
110043322133
110043322375
110043322614
110043322623
110043322632
110043322641
110043322650
110043322669
110043322678
110043322687
110043322696
110043322696
110043322721
110043322730
110043322758
110043322767
110043322972
110043322981
110043322990
110043323034
110043323052
110043323089
110043323098
110043323114
110043323123
110043323132
110043323141
110043323150
110043323196
110043323203
110043323212
110043323230
110043323249
110043323267
110043323276
110043323294
110043323301
110043323310
110043323329
110043323338
110043323347
110043323356
110043323365
110043323383
110043323409
110043323418
110043323472
110043323490
110043323506
110043323515
110043323524
110043323542
110043323579
110043323597
110043323604
110043323613
110043323622
110043323631
110043323640
110043323659
110043323668
110043323677
110043323695
110043323702
110043323711
110043323720
110043323739
110043323748
110043323757
110043323775
110043323784
110043323793
110043323819
110043323828
110043323837
110043323846
110043323864
110043323873
110043323882
110043323891
110043324408
110043325700
110043325737
110043326567
110043326905
110043326932
110043326987
110043327076
110043327192
110043327281
110043327316
110043327334
110043327405
110043327487
110043328299
110043328333
110043328495
110043328725
110043328814
110043328903
110043328958
110043329038
110043329109
110043329127
110043329430
110043329494
110043329500
110043330268
110043331123
110043331392
110043331659
110043333425
110043342843
110043342861
110043342889
110043342898
110043342905
110043342914
110043342923
110043342950
110043342969
110043342987
110043342996
110043343003
110043343012
110043343021
110043343058
110043343067
110043343076
110043343094
110043343101
110043343110
110043343138
110043343147
110043343156
110043343218
110043343227
110043343236
110043343281
110043343290
110043343307
110043343316
110043343325
110043343334
110043343343
110043343361
110043343414
110043343423
110043343441
110043343450
110043343469
110043343487
110043343502
110043343897
110043343904
110043343913
110043343977
110043343986
110043344002
110043344011
110043344020
110043344039
110043344057
110043344066
110043344084
110043344119
110043344128
110043344137
110043344146
110043344164
110043344182
110043344191
110043344208
110043344217
110043344253
110043344299
110043344315
110043344324
110043344333
110043344342
110043344351
110043344360
110043344379
110043344388
110043344440
110043344459
110043344468
110043344501
110043344538
110043344547
110043344556
110043344958
110043344967
110043344976
110043344985
110043344994
110043345001
110043345010
110043345029
110043345047
110043345056
110043345065
110043345083
110043345109
110043345118
110043345127
110043345136
110043345145
110043345154
110043345163
110043345172
110043345207
110043345216
110043345234
110043345252
110043345261
110043345270
110043345289
110043345298
110043345305
110043345314
110043345323
110043345341
110043345350
110043345369
110043345378
110043345396
110043345403
110043345430
110043345449
110043345458
110043345467
110043345476
110043345485
110043345494
110043345975
110043345993
110043346019
110043346028
110043346037
110043346046
110043346055
110043346064
110043346073
110043346082
110043346091
110043346108
110043346126
110043346135
110043346144
110043346153
110043346162
110043346171
110043346215
110043346224
110043346233
110043346260
110043346304
110043346313
110043346331
110043346386
110043346395
110043346411
110043346420
110043346475
110043346509
110043346518
110043346527
110043346536
110043346992
110043347036
110043347054
110043347063
110043347072
110043347090
110043347107
110043347116
110043347134
110043347143
110043347152
110043347170
110043347198
110043347205
110043347214
110043347223
110043347232
110043347241
110043347250
110043347982
110043348008
110043348017
110043348035
110043348044
110043348062
110043348071
110043348080
110043348099
110043348115
110043348124
110043348133
110043348286
110043348295
110043348302
110043348320
110043348348
110043348357
110043348366
110043348375
110043348384
110043348400
110043348419
110043348428
110043349203
110043349604
110043349613
110043353108
110043353126
110043353135
110043353144
110043353153
110043353162
110043353171
110043353180
110043353215
110043353224
110043353233
110043353251
110043353260
110043353288
110043353689
110043353698
110043353705
110043353732
110043353741
110043353750
110043353769
110043353787
110043353796
110043353803
110043353812
110043353821
110043353858
110043353867
110043353876
110043353894
110043353910
110043353929
110043353938
110043353947
110043353956
110043353974
110043353983
110043354009
110043354018
110043354027
110043354036
110043354465
110043354474
110043354483
110043354492
110043354517
110043354526
110043354535
110043354544
110043354553
110043354562
110043354571
110043354599
110043354606
110043354615
110043354624
110043354633
110043354642
110043354651
110043354660
110043354679
110043354688
110043354704
110043354713
110043354722
110043354731
110043354740
110043354759
110043355151
110043355160
110043355188
110043355197
110043355213
110043355222
110043355231
110043355240
110043355259
110043355268
110043355277
110043355286
110043355295
110043355302
110043355311
110043355320
110043355339
110043355357
110043355366
110043355375
110043355384
110043355400
110043355428
110043355892
110043355909
110043355918
110043355972
110043355981
110043356016
110043356025
110043356070
110043356089
110043356123
110043356187
110043356203
110043356212
110043356221
110043356230
110043356249
110043356659
110043357060
110043357079
110043357097
110043357113
110043357122
110043357131
110043357140
110043357159
110043357186
110043357195
110043357202
110043357211
110043357239
110043357248
110043357266
110043357275
110043357284
110043357293
110043357346
110043357364
110043358041
110043358050
110043358069
110043358087
110043358096
110043358103
110043358112
110043358149
110043358158
110043358167
110043358194
110043358201
110043358210
110043358229
110043358247
110043358256
110043358274
110043358283
110043358292
110043358318
110043358336
110043358381
110043358390
110043358407
110043358416
110043358425
110043358452
110043358470
110043358489
110043358504
110043358513
110043358522
110043358531
110043358540
110043358559
110043358568
110043358577
110043358595
110043358602
110043358611
110043358620
110043358639
110043358648
110043358657
110043358675
110043358684
110043358693
110043358719
110043358737
110043358746
110043358755
110043358773
110043358782
110043361055
110043361108
110043361135
110043361144
110043361153
110043361162
110043361180
110043361206
110043361215
110043361224
110043361233
110043361251
110043361260
110043361297
110043361304
110043361313
110043361322
110043361368
110043361377
110043361386
110043361395
110043361411
110043361885
110043361894
110043361929
110043361938
110043362018
110043362054
110043362125
110043362134
110043362143
110043364999
110043365006
110043365015
110043365024
110043365051
110043365060
110043365088
110043365097
110043365104
110043365113
110043365122
110043365140
110043365159
110043365177
110043365186
110043365195
110043365649
110043365658
110043365676
110043365685
110043365694
110043365729
110043365738
110043365747
110043365756
110043365765
110043365783
110043365809
110043365818
110043365836
110043365872
110043365881
110043365907
110043365916
110043365925
110043365934
110043365943
110043366425
110043367683
110043367727
110043368352
110043368361
110043368389
110043368398
110043368405
110043368414
110043368432
110043368450
110043368469
110043368478
110043368487
110043368496
110043368502
110043368511
110043368520
110043368548
110043368557
110043368566
110043368575
110043368584
110043368593
110043368600
110043368619
110043368628
110043368637
110043368646
110043368664
110043368673
110043368691
110043368717
110043368726
110043369128
110043369137
110043369155
110043369173
110043369182
110043369208
110043369217
110043369235
110043369244
110043369262
110043369271
110043369280
110043369299
110043369306
110043369315
110043369333
110043369342
110043369351
110043369360
110043369379
110043369397
110043369468
110043369477
110043375264
110043375291
110043378957
110043415042
110043415051
110043415104
110043415140
110043416087
110043416167
110043416354
110043416461
110043416489
110043416498
110043416764
110043416808
110043416899
110043416979
110043417040
110043417095
110043417424
110043417433
110043417442
110043418281
110043418557
110043418566
110043418575
110043418600
110043420081
110043420125
110043420161
110043420330
110043421160
110043423658
110043425004
110043425040
110043425549
110043425558
110043425816
110043426664
110043426673
110043426682
110043426717
110043426735
110043426744
110043426753
110043426762
110043426771
110043426780
110043427262
110043427299
110043427306
110043427315
110043427324
110043427333
110043427342
110043427351
110043427360
110043428001
110043428038
110043428047
110043428056
110043429368
110043429377
110043429386
110043429395
110043429402
110043429411
110043429420
110043429448
110043429714
110043429723
110043429732
110043429741
110043429750
110043429769
110043429787
110043429796
110043429803
110043429812
110043429821
110043429830
110043429858
110043429867
110043429876
110043429885
110043429894
110043429901
110043429910
110043429929
110043429938
110043429947
110043429956
110043429965
110043429974
110043430249
110043430258
110043430267
110043430276
110043430285
110043430294
110043430301
110043430310
110043430329
110043430338
110043430347
110043430356
110043430365
110043430392
110043430409
110043430418
110043430427
110043430445
110043430454
110043430463
110043430472
110043430481
110043430757
110043430766
110043430775
110043430793
110043430800
110043430828
110043430846
110043430855
110043430864
110043430873
110043430882
110043430891
110043430917
110043430935
110043430953
110043431097
110043431202
110043431211
110043431220
110043431239
110043431248
110043431257
110043431266
110043431275
110043431284
110043431293
110043431300
110043431319
110043431328
110043431346
110043431355
110043431364
110043431373
110043431382
110043431391
110043431408
110043431417
110043431426
110043431774
110043431783
110043431809
110043431818
110043431827
110043431845
110043431854
110043431863
110043431872
110043431890
110043431907
110043431916
110043431925
110043431943
110043431952
110043431961
110043431970
110043431989
110043431998
110043432005
110043432014
110043432078
110043432274
110043432327
110043432336
110043432363
110043432407
110043432416
110043432425
110043432434
110043432443
110043432452
110043432461
110043432470
110043432498
110043432504
110043432513
110043432531
110043432540
110043432568
110043432577
110043432586
110043432595
110043432602
110043432611
110043432639
110043432657
110043432666
110043432675
110043432684
110043432782
110043432791
110043432808
110043432817
110043432826
110043432844
110043432853
110043432862
110043432871
110043432880
110043432906
110043432915
110043432924
110043432933
110043432942
110043432960
110043432979
110043432988
110043432997
110043433004
110043433013
110043433308
110043433317
110043433326
110043433335
110043433353
110043433362
110043433371
110043433380
110043433399
110043433406
110043433415
110043433424
110043433433
110043433442
110043433479
110043433497
110043433503
110043433512
110043433521
110043433530
110043433549
110043433558
110043452224
110043452260
110043452279
110043452313
110043452322
110043452340
110043452359
110043452368
110043452377
110043452395
110043452402
110043452411
110043452439
110043452457
110043452714
110043452750
110043452769
110043452778
110043452830
110043454302
110043454320
110043454357
110043454400
110043454419
110043454428
110043454437
110043454446
110043454455
110043454605
110043454614
110043454623
110043454687
110043454794
110043454892
110043454927
110043454981
110043454990
110043455016
110043455043
110043455052
110043455070
110043455132
110043455141
110043455187
110043455196
110043455472
110043455524
110043455533
110043455631
110043455686
110043455695
110043455739
110043455748
110043455757
110043455846
110043455855
110043455917
110043456015
110043456060
110043456122
110043456131
110043456140
110043460073
110043460439
110043460457
110043460527
110043460545
110043460563
110043460581
110043460652
110043460750
110043460830
110043460983
110043460992
110043461009
110043461018
110043461027
110043461036
110043461045
110043461054
110043461063
110043461072
110043461081
110043461090
110043461107
110043461116
110043461170
110043461214
110043461303
110043461394
110043461492
110043461517
110043462053
110043462231
110043462286
110043462507
110043462516
110043462801
110043462847
110043462874
110043462954
110043462963
110043462972
110043462981
110043463310
110043463329
110043463463
110043463524
110043463613
110043463739
110043463748
110043463766
110043463775
110043463784
110043463793
110043463962
110043463980
110043464060
110043464079
110043464168
