110043464195
110043464211
110043464220
110043464300
110043464319
110043464328
110043464480
110043464729
110043464872
110043464916
110043464934
110043465041
110043465050
110043465096
110043465425
110043465434
110043465504
110043465531
110043465540
110043465568
110043465577
110043465684
110043465817
110043465915
110043465979
110043466601
110043466692
110043466709
110043466781
110043466825
110043466834
110043467049
110043467183
110043467405
110043467842
110043467913
110043467922
110043467959
110043467968
110043467977
110043467986
110043468039
110043468048
110043468057
110043468565
110043468574
110043468592
110043468627
110043468645
110043468663
110043468672
110043468681
110043468761
110043468798
110043469074
110043469083
110043469092
110043469109
110043469118
110043469136
110043469145
110043469154
110043469582
110043469813
110043469840
110043469859
110043469886
110043469902
110043469911
110043469920
110043469939
110043469948
110043469993
110043470026
110043470035
110043470044
110043470053
110043470080
110043470375
110043470384
110043470393
110043470400
110043470419
110043470437
110043470561
110043470589
110043470785
110043470847
110043470856
110043470883
110043470892
110043470909
110043470918
110043470927
110043470936
110043471052
110043471203
110043471221
110043471230
110043471258
110043471267
110043471276
110043471301
110043471383
110043471463
110043471533
110043471542
110043471551
110043471720
110043472104
110043472319
110043472373
110043472435
110043472514
110043472532
110043472890
110043472916
110043472943
110043472952
110043473023
110043473149
110043473158
110043473185
110043473194
110043473210
110043473265
110043473318
110043473416
110043473871
110043473899
110043473906
110043473979
110043474102
110043474111
110043474120
110043474139
110043474148
110043474228
110043474255
110043474335
110043474399
110043474451
110043474503
110043474521
110043474558
110043474576
110043474585
110043474594
110043474601
110043474610
110043474629
110043474656
110043474665
110043474692
110043474709
110043477065
110043477074
110043477261
110043477546
110043477582
110043478019
110043478028
110043478037
110043478046
110043478055
110043478064
110043479697
110043480257
110043480266
110043480275
110043480284
110043482326
110043482335
110043482344
110043482442
110043482950
110043482978
110043482987
110043483012
110043483021
110043483030
110043483049
110043483879
110043483888
110043483904
110043483913
110043483922
110043483940
110043483959
110043483968
110043483977
110043483986
110043483995
110043484002
110043484011
110043484020
110043484039
110043484048
110043484057
110043484066
110043484075
110043484084
110043484093
110043484100
110043484119
110043484235
110043484244
110043484262
110043484280
110043484299
110043484306
110043484315
110043484324
110043484333
110043484342
110043484529
110043484538
110043484547
110043485163
110043485172
110043485181
110043485190
110043485207
110043485216
110043485225
110043485234
110043485243
110043485252
110043485261
110043485270
110043485289
110043485298
110043485305
110043485314
110043485323
110043485332
110043485341
110043485350
110043485369
110043485378
110043485387
110043485396
110043485403
110043485412
110043485421
110043485430
110043485608
110043485626
110043485635
110043485644
110043485653
110043485671
110043485680
110043485699
110043486082
110043486091
110043486108
110043486117
110043486126
110043486144
110043486153
110043486162
110043486171
110043486180
110043486199
110043486206
110043486215
110043486411
110043486420
110043486439
110043486448
110043486457
110043486466
110043486484
110043486509
110043486518
110043487312
110043487321
110043487330
110043487349
110043487358
110043487376
110043487394
110043487410
110043487429
110043487599
110043487606
110043487615
110043487624
110043487633
110043487642
110043487651
110043487660
110043487679
110043487688
110043487704
110043487713
110043487722
110043487731
110043487740
110043488730
110043488767
110043488776
110043488785
110043488794
110043488801
110043488810
110043488829
110043488838
110043488847
110043488856
110043488865
110043488874
110043488883
110043488892
110043488909
110043488918
110043488927
110043488936
110043488945
110043488954
110043488963
110043488972
110043488981
110043489560
110043489588
110043489597
110043489604
110043489613
110043489622
110043489631
110043489640
110043489659
110043489668
110043489677
110043489686
110043489695
110043489702
110043489711
110043489720
110043489739
110043489748
110043489757
110043489766
110043489775
110043489784
110043489793
110043489800
110043489819
110043489837
110043489846
110043489855
110043489864
110043489873
110043489891
110043489908
110043489917
110043489926
110043489935
110043489944
110043489962
110043489971
110043489980
110043490004
110043490013
110043490022
110043490031
110043490059
110043490077
110043490086
110043490095
110043490102
110043490111
110043490120
110043490139
110043490148
110043490157
110043490166
110043490175
110043490184
110043490193
110043490219
110043490228
110043490237
110043490255
110043490264
110043490273
110043490291
110043490433
110043490451
110043490460
110043490479
110043490488
110043490497
110043490503
110043490512
110043490521
110043490530
110043490549
110043490558
110043490567
110043490576
110043490585
110043490601
110043490610
110043490629
110043490638
110043490647
110043490656
110043490665
110043490674
110043490683
110043490692
110043490709
110043490718
110043490727
110043490736
110043490745
110043490754
110043490763
110043490772
110043490781
110043490790
110043490807
110043490816
110043490825
110043490834
110043490843
110043490852
110043490870
110043490889
110043490898
110043490914
110043490932
110043490941
110043490950
110043490969
110043490978
110043490996
110043491003
110043491012
110043491030
110043491049
110043491058
110043491067
110043491076
110043491085
110043491094
110043491101
110043491110
110043491129
110043491138
110043491147
110043491156
110043491165
110043491183
110043491192
110043491209
110043491218
110043491227
110043491236
110043491254
110043491263
110043491272
110043491281
110043491290
110043491307
110043491316
110043491325
110043491343
110043491352
110043491361
110043491370
110043491389
110043491398
110043491405
110043491414
110043491423
110043491432
110043491441
110043491478
110043491487
110043491496
110043491502
110043491511
110043491520
110043491539
110043491860
110043491879
110043491888
110043491897
110043491904
110043491913
110043491922
110043491931
110043491940
110043491959
110043491968
110043491986
110043491995
110043492002
110043492011
110043492020
110043492039
110043492048
110043492057
110043492066
110043492075
110043492084
110043492093
110043492119
110043492128
110043492137
110043492146
110043492155
110043492164
110043492173
110043492182
110043492191
110043492208
110043492217
110043492226
110043492235
110043492244
110043492253
110043492262
110043492271
110043492280
110043492299
110043492306
110043492315
110043492324
110043492333
110043492342
110043492351
110043492360
110043492379
110043492388
110043492397
110043492404
110043492413
110043492440
110043492459
110043492477
110043492486
110043492501
110043492510
110043492529
110043492538
110043492547
110043492556
110043492565
110043492574
110043492583
110043492592
110043492609
110043492618
110043492627
110043492636
110043492645
110043492654
110043492663
110043492672
110043492681
110043492690
110043492707
110043492716
110043492725
110043492734
110043492752
110043492770
110043492789
110043492798
110043492805
110043492814
110043492823
110043492832
110043492841
110043492850
110043492869
110043492878
110043492887
110043492896
110043492903
110043492912
110043492921
110043492930
110043492949
110043493010
110043493029
110043493038
110043493047
110043493056
110043493065
110043493074
110043493083
110043493092
110043493118
110043493136
110043493145
110043493154
110043493163
110043493172
110043493190
110043493207
110043493216
110043493225
110043493234
110043493243
110043493252
110043493261
110043493270
110043493289
110043493298
110043493305
110043493314
110043493323
110043493332
110043493341
110043493350
110043493369
110043493378
110043493387
110043493396
110043493403
110043493412
110043493421
110043493430
110043493449
110043493458
110043493467
110043493476
110043493485
110043493494
110043493519
110043493528
110043493537
110043493546
110043493555
110043493564
110043493573
110043493582
110043493591
110043493608
110043493617
110043493626
110043493635
110043493644
110043493653
110043493662
110043493671
110043493699
110043493706
110043493715
110043493724
110043493733
110043493742
110043493751
110043493760
110043493779
110043493788
110043493797
110043493804
110043493813
110043493822
110043493831
110043493840
110043493859
110043493868
110043493877
110043493886
110043493895
110043493902
110043493911
110043493920
110043493939
110043493948
110043493957
110043493966
110043493975
110043493984
110043493993
110043494000
110043494019
110043494028
110043494037
110043494046
110043494055
110043494064
110043494073
110043494091
110043494108
110043494117
110043494126
110043494135
110043494251
110043494260
110043494279
110043494288
110043494297
110043494304
110043494313
110043494322
110043494331
110043494340
110043494359
110043494368
110043494377
110043494395
110043494402
110043494411
110043494420
110043494439
110043494448
110043494457
110043494466
110043494475
110043494509
110043494518
110043494527
110043494536
110043494545
110043494554
110043494563
110043494572
110043494581
110043494607
110043494616
110043494625
110043494634
110043494643
110043494652
110043494661
110043494670
110043494689
110043494698
110043494705
110043494714
110043494723
110043494732
110043494741
110043494778
110043494787
110043494796
110043494821
110043494830
110043494849
110043494858
110043494876
110043494885
110043494894
110043494901
110043494929
110043494938
110043494947
110043494965
110043494974
110043494992
110043495009
110043495018
110043495027
110043495036
110043495054
110043495072
110043495081
110043495116
110043495134
110043495143
110043495152
110043495161
110043495170
110043495189
110043495198
110043495205
110043495214
110043495232
110043495241
110043495250
110043495269
110043495287
110043495296
110043495303
110043495312
110043495330
110043495349
110043495367
110043495376
110043495385
110043495394
110043495401
110043495410
110043495429
110043495438
110043495447
110043495465
110043495474
110043495483
110043495492
110043495508
110043495517
110043495526
110043495535
110043495553
110043495562
110043495571
110043495580
110043495599
110043495606
110043495615
110043495624
110043495633
110043495642
110043495875
110043495884
110043495893
110043495900
110043495919
110043495928
110043495937
110043495946
110043495955
110043495973
110043495982
110043495991
110043496008
110043496017
110043496026
110043496035
110043496044
110043496053
110043496071
110043496099
110043496115
110043496124
110043496133
110043496142
110043496151
110043496160
110043496179
110043496188
110043496197
110043496204
110043496213
110043496222
110043496231
110043496240
110043496259
110043496268
110043496277
110043496286
110043496302
110043496311
110043496320
110043496339
110043496348
110043496357
110043496366
110043496375
110043496384
110043496393
110043496400
110043496419
110043496428
110043496437
110043496446
110043496455
110043496464
110043496473
110043496491
110043496507
110043496516
110043496525
110043496534
110043496543
110043496552
110043496561
110043496570
110043496589
110043496598
110043496605
110043496614
110043496623
110043496632
110043496641
110043496650
110043496669
110043496678
110043496687
110043496703
110043496712
110043496721
110043496730
110043496749
110043496758
110043496767
110043496785
110043496794
110043496801
110043496810
110043496829
110043496838
110043496847
110043496856
110043496874
110043496883
110043496892
110043496909
110043496918
110043496927
110043496936
110043496945
110043496954
110043496963
110043496981
110043496990
110043497007
110043497016
110043497025
110043497034
110043497043
110043497052
110043497061
110043497070
110043497089
110043497098
110043497105
110043497114
110043497123
110043497132
110043497141
110043497169
110043497178
110043497187
110043497212
110043497221
110043497230
110043497249
110043497258
110043497267
110043497276
110043497285
110043497294
110043497301
110043497310
110043497329
110043497338
110043497347
110043497356
110043497463
110043497472
110043497481
110043497506
110043497515
110043497524
110043497533
110043497542
110043497551
110043497560
110043497579
110043497588
110043497597
110043497604
110043497613
110043497631
110043497640
110043497659
110043497668
110043497677
110043497686
110043497695
110043497702
110043497711
110043497739
110043497757
110043497766
110043497775
110043497784
110043497793
110043497800
110043497819
110043497828
110043497837
110043497846
110043497855
110043497873
110043497882
110043497891
110043497908
110043497917
110043497926
110043497935
110043497944
110043497953
110043497962
110043497971
110043497999
110043498015
110043498024
110043498033
110043498042
