110043498060
110043498079
110043498088
110043498097
110043498104
110043498122
110043498140
110043498159
110043498177
110043498186
110043498195
110043498202
110043498211
110043498220
110043498239
110043498248
110043498257
110043498266
110043498275
110043498284
110043498293
110043498300
110043498319
110043498328
110043498337
110043498346
110043498355
110043498364
110043498373
110043498391
110043498408
110043498426
110043498435
110043498444
110043498453
110043498462
110043498471
110043498480
110043498499
110043498505
110043498514
110043498523
110043498532
110043498541
110043498550
110043498569
110043498667
110043498676
110043498685
110043498694
110043498701
110043498729
110043498738
110043498747
110043498756
110043498765
110043498783
110043498792
110043498818
110043498827
110043498845
110043498854
110043498863
110043498872
110043498881
110043498890
110043498907
110043498925
110043498934
110043498943
110043498952
110043498961
110043498970
110043498989
110043498998
110043499005
110043499014
110043499023
110043499032
110043499041
110043499050
110043499069
110043499078
110043499087
110043499112
110043499121
110043499149
110043499158
110043499167
110043499185
110043499194
110043499201
110043499229
110043499238
110043499247
110043499256
110043499265
110043499274
110043499283
110043499292
110043499309
110043499327
110043499336
110043499345
110043499354
110043499363
110043499372
110043499390
110043499407
110043499416
110043499425
110043499434
110043499452
110043499461
110043499470
110043499489
110043499498
110043499504
110043499513
110043499522
110043499531
110043499540
110043499559
110043499568
110043499577
110043499586
110043499595
110043499602
110043499611
110043499648
110043499657
110043499666
110043499684
110043499693
110043499700
110043499719
110043499728
110043499737
110043499746
110043499755
110043499791
110043499808
110043499817
110043499826
110043499835
110043499844
110043499853
110043499862
110043499871
110043499899
110043499906
110043500235
110043500244
110043500253
110043500271
110043500280
110043500299
110043500306
110043500315
110043500324
110043500333
110043500342
110043500351
110043500360
110043500379
110043500397
110043500404
110043500413
110043500422
110043500431
110043500440
110043500459
110043500468
110043500477
110043500486
110043500495
110043500501
110043500510
110043500529
110043500538
110043500547
110043500556
110043500565
110043500574
110043500592
110043500609
110043500618
110043500627
110043500636
110043500645
110043500663
110043500672
110043500681
110043500690
110043500707
110043500716
110043500725
110043500734
110043500743
110043500752
110043500761
110043500770
110043500789
110043500805
110043500814
110043500823
110043500832
110043500850
110043500869
110043500887
110043500896
110043500903
110043500912
110043500921
110043500930
110043500949
110043500958
110043500967
110043500976
110043500994
110043501001
110043501010
110043501029
110043501038
110043501047
110043501056
110043501065
110043501074
110043501083
110043501092
110043501109
110043501118
110043501136
110043501145
110043501172
110043501181
110043501190
110043501207
110043501216
110043501225
110043501243
110043501252
110043501261
110043501270
110043501289
110043501298
110043501305
110043501314
110043501323
110043501332
110043501341
110043501350
110043501369
110043501378
110043501387
110043501396
110043501412
110043501421
110043501564
110043501573
110043501582
110043501591
110043501608
110043501617
110043501626
110043501635
110043501644
110043501653
110043501662
110043501671
110043501680
110043501715
110043501724
110043501733
110043501742
110043501751
110043501760
110043501788
110043501804
110043501813
110043501822
110043501831
110043501840
110043501859
110043501868
110043501877
110043501886
110043501895
110043501902
110043501911
110043501920
110043501939
110043501948
110043501957
110043501966
110043501975
110043501984
110043501993
110043502000
110043502019
110043502028
110043502046
110043502055
110043502064
110043502073
110043502082
110043502091
110043502108
110043502117
110043502126
110043502135
110043502144
110043502153
110043502162
110043502171
110043502180
110043502199
110043502206
110043502215
110043502233
110043502242
110043502260
110043502279
110043502288
110043502297
110043502304
110043502313
110043502322
110043502331
110043502340
110043502359
110043502368
110043502386
110043502395
110043502411
110043502439
110043502448
110043502457
110043502466
110043502475
110043502484
110043502493
110043502509
110043502518
110043502527
110043502536
110043502545
110043502554
110043502563
110043502572
110043502581
110043502590
110043502607
110043502616
110043502625
110043502634
110043502643
110043502652
110043502661
110043502670
110043502689
110043502698
110043502714
110043502723
110043502732
110043502741
110043502750
110043502769
110043502778
110043502787
110043502796
110043502803
110043502812
110043502821
110043502830
110043502849
110043502858
110043502867
110043502876
110043502885
110043502894
110043502901
110043502910
110043502929
110043502947
110043502956
110043502965
110043502974
110043502983
110043502992
110043503009
110043503018
110043503027
110043503036
110043503045
110043503054
110043503063
110043503072
110043503081
110043503090
110043503107
110043503116
110043503125
110043503134
110043503143
110043503161
110043503170
110043503189
110043503198
110043503205
110043503214
110043503223
110043503232
110043503250
110043503269
110043503278
110043503287
110043503296
110043503303
110043503321
110043503330
110043503349
110043503358
110043503367
110043503394
110043503401
110043503410
110043503688
110043503697
110043503704
110043503713
110043503722
110043503731
110043503759
110043503768
110043503777
110043503786
110043503795
110043503802
110043503811
110043503820
110043503839
110043503848
110043503857
110043503866
110043503893
110043503900
110043503919
110043503928
110043503937
110043503946
110043503955
110043503964
110043503973
110043503982
110043504008
110043504017
110043504026
110043504035
110043504044
110043504053
110043504062
110043504071
110043504080
110043504099
110043504106
110043504115
110043504124
110043504133
110043504151
110043504160
110043504179
110043504188
110043504197
110043504204
110043504213
110043504222
110043504231
110043504240
110043504259
110043504268
110043504286
110043504295
110043504302
110043504311
110043504320
110043504339
110043504348
110043504357
110043504366
110043504375
110043504393
110043504400
110043504419
110043504428
110043504437
110043504446
110043504455
110043504464
110043504473
110043504482
110043504491
110043504516
110043504525
110043504534
110043504543
110043504552
110043504561
110043504570
110043504589
110043504598
110043504605
110043504614
110043504623
110043504794
110043504801
110043504810
110043504829
110043504838
110043504856
110043504865
110043504874
110043504883
110043504892
110043504909
110043504918
110043504927
110043504936
110043504945
110043504954
110043504963
110043504972
110043504981
110043504990
110043505007
110043505016
110043505034
110043505043
110043505052
110043505070
110043505089
110043505098
110043505105
110043505114
110043505123
110043505132
110043505141
110043505187
110043505196
110043505203
110043505221
110043505230
110043505258
110043505267
110043505276
110043505285
110043505294
110043505301
110043505310
110043505329
110043505338
110043505347
110043505356
110043505365
110043505374
110043505383
110043505392
110043505409
110043505427
110043505436
110043505445
110043505463
110043505472
110043505481
110043505490
110043505506
110043505515
110043505524
110043505533
110043505542
110043505551
110043505560
110043505597
110043505604
110043505613
110043505622
110043505631
110043505640
110043505659
110043505668
110043505677
110043505686
110043505695
110043505702
110043505711
110043505720
110043505748
110043505757
110043505766
110043505775
110043505784
110043505793
110043505800
110043505819
110043505828
110043505837
110043505846
110043505864
110043505873
110043505882
110043505891
110043505917
110043505926
110043505935
110043505944
110043505953
110043505962
110043506015
110043506024
110043506042
110043506051
110043506060
110043506079
110043506088
110043506097
110043506104
110043506113
110043506122
110043506131
110043506140
110043506159
110043506168
110043506177
110043506186
110043506195
110043506202
110043506211
110043506220
110043506239
110043506248
110043506257
110043506266
110043506275
110043506284
110043506293
110043506300
110043506319
110043506328
110043506346
110043506355
110043506364
110043506373
110043506382
110043506391
110043506408
110043506417
110043506426
110043506435
110043506444
110043506453
110043506462
110043506471
110043506499
110043506505
110043506514
110043506523
110043506532
110043506541
110043506649
110043506658
110043506667
110043506676
110043506685
110043506701
110043506710
110043506738
110043506747
110043506756
110043506765
110043506774
110043506792
110043506809
110043506818
110043506827
110043506836
110043506845
110043506854
110043506863
110043506872
110043506881
110043506890
110043506907
110043506916
110043506925
110043506934
110043506943
110043506952
110043506961
110043506970
110043506989
110043506998
110043507014
110043507023
110043507032
110043507041
110043507069
110043507078
110043507087
110043507096
110043507103
110043507112
110043507121
110043507149
110043507158
110043507167
110043507176
110043507185
110043507194
110043507201
110043507210
110043507229
110043507238
110043507247
110043507256
110043507265
110043507274
110043507283
110043507292
110043507318
110043507327
110043507336
110043507345
110043507354
110043507363
110043507372
110043507381
110043507407
110043507416
110043507425
110043507434
110043507443
110043507452
110043507461
110043507470
110043507489
110043507498
110043507504
110043507522
110043507531
110043507568
110043507586
110043507595
110043507602
110043507620
110043507639
110043507648
110043507657
110043507666
110043507675
110043507684
110043507693
110043507700
110043507719
110043507728
110043507737
110043507746
110043507755
110043507764
110043507773
110043507791
110043507808
110043507817
110043507826
110043507835
110043507844
110043507853
110043507862
110043507871
110043507880
110043507899
110043507906
110043507915
110043507924
110043507933
110043507942
110043507951
110043507960
110043507979
110043507988
110043507997
110043508004
110043508013
110043508022
110043508031
110043508040
110043508059
110043508068
110043508077
110043508086
110043508095
110043508102
110043508111
110043508120
110043508175
110043508184
110043508193
110043508200
110043508219
110043508228
110043508237
110043508255
110043508264
110043508273
110043508282
110043508479
110043508790
110043508825
110043508843
110043508861
110043508870
110043508889
110043508898
110043508905
110043508914
110043508941
110043508950
110043508987
110043508996
110043509012
110043509021
110043509030
110043509058
110043509067
110043509076
110043509085
110043509094
110043509101
110043509110
110043509147
110043509156
110043509174
110043509183
110043509192
110043509218
110043509227
110043509236
110043509245
110043509254
110043509272
110043509281
110043509290
110043509307
110043509316
110043509325
110043509334
110043509343
110043509352
110043509361
110043509370
110043509389
110043509398
110043509414
110043509423
110043509432
110043509441
110043509450
110043509496
110043509502
110043509511
110043509520
110043509539
110043509548
110043509557
110043509566
110043509575
110043509600
110043509619
110043509628
110043509637
110043509646
110043509655
110043509664
110043509673
110043509682
110043509708
110043509717
110043509726
110043509735
110043509744
110043509753
110043509762
110043510778
110043510787
110043510796
110043512954
110043514934
110043514943
110043515648
110043515666
110043528144
110043528153
110043528162
110043528171
110043532291
110043532317
110043532326
110043532353
110043532585
110043533021
110043533085
110043533147
110043533156
110043533174
110043533183
110043535788
110043535797
110043535804
110043535813
110043535831
110043535859
110043535877
110043535902
110043535948
110043535957
110043535993
110043536000
110043536028
110043536153
110043536171
110043536448
110043536536
110043536563
110043536572
110043536894
110043536965
110043536974
110043536983
110043537027
110043537045
110043537205
110043537287
110043537358
110043537367
110043537438
110043537456
110043537465
110043537474
110043537526
110043537535
110043537697
110043537704
110043537713
110043537731
110043537740
110043537759
110043537777
110043537900
110043537946
110043537955
110043537964
110043537973
110043538080
110043538115
110043538222
110043538240
110043538277
110043538320
110043538428
110043538437
110043538464
110043538482
110043538614
110043538730
110043538829
110043538838
110043538856
110043538874
110043538892
110043538918
110043538981
110043539105
110043539169
110043539196
110043539212
110043539249
110043539267
110043539285
110043539301
110043539310
110043539338
110043539604
110043539622
110043539686
110043539711
110043539720
110043539739
110043539846
110043539980
110043540013
110043540040
