110043540059
110043540095
110043540148
110043540157
110043540255
110043540308
110043540317
110043540362
110043540451
110043540674
110043540889
110043540914
110043540969
110043541021
110043541138
110043541156
110043541334
110043541343
110043541361
110043541389
110043541423
110043541487
110043541539
110043541557
110043541655
110043541664
110043541904
110043541959
110043541968
110043542431
110043542477
110043542501
110043542510
110043542529
110043542538
110043542556
110043542565
110043542583
110043542627
110043542645
110043542654
110043542725
110043542752
110043542878
110043542949
110043544117
110043544288
110043544297
110043544313
110043544377
110043544386
110043544420
110043544439
110043549746
110043553543
110043553570
110043553598
110043553614
110043553963
110043553981
110043554123
110043555989
110043556201
110043556372
110043556381
110043556381
110043556407
110043556416
110043561491
110043561543
110043561561
110043561669
110043561678
110043561758
110043561838
110043561963
110043562230
110043562294
110043562472
110043562686
110043562819
110043562828
110043562864
110043563033
110043563051
110043563079
110043569509
110043569723
110043569821
110043570141
110043570196
110043570249
110043570258
110043570267
110043571195
110043572951
110043572960
110043572979
110043572997
110043573004
110043573022
110043573031
110043573040
110043573059
110043573068
110043573077
110043575654
110043575734
110043575752
110043575761
110043575770
110043575798
110043575805
110043576332
110043576341
110043577590
110043577607
110043577616
110043577634
110043577643
110043577652
110043577661
110043577689
110043577698
110043577705
110043577714
110043577723
110043577732
110043581889
110043581898
110043581905
110043582281
110043582548
110043582968
110043583921
110043585199
110043585493
110043585509
110043585527
110043585947
110043585974
110043585992
110043587133
110043587525
110043588846
110043588855
110043588873
110043589104
110043589168
110043589195
110043589319
110043589792
110043589809
110043589827
110043591280
110043631077
110043631102
110043631111
110043631399
110043631488
110043631530
110043631576
110043631594
110043631610
110043631665
110043631718
110043631816
110043631898
110043631969
110043632012
110043632334
110043632450
110043632637
110043633645
110043633725
110043633798
110043634403
110043634528
110043634699
110043636866
110043636875
110043636884
110043636893
110043636900
110043636946
110043636991
110043637008
110043637044
110043637106
110043637124
110043637179
110043637197
110043637204
110043637213
110043637222
110043637231
110043637240
110043637259
110043637268
110043637277
110043637295
110043637302
110043637311
110043637320
110043637339
110043637348
110043637357
110043637366
110043637525
110043637963
110043637972
110043637981
110043637990
110043638007
110043638025
110043638034
110043638506
110043644697
110043644713
110043644740
110043644820
110043644884
110043644900
110043645008
110043646720
110043646757
110043649273
110043651786
110043652053
110043652062
110043652071
110043652106
110043652115
110043654907
110043656004
110043656861
110043656889
110043656905
110043656914
110043656923
110043656932
110043656941
110043657655
110043657664
110043657682
110043657691
110043657708
110043657717
110043657753
110043657762
110043657771
110043657780
110043657799
110043657806
110043658592
110043658618
110043659760
110043659788
110043659797
110043660464
110043660473
110043666431
110043666921
110043667430
110043667458
110043667485
110043667617
110043667715
110043667966
110043667984
110043668359
110043668411
110043668448
110043668475
110043669045
110043669054
110043669250
110043670417
110043670426
110043670462
110043670505
110043670523
110043670532
110043670587
110043670603
110043670612
110043670658
110043670747
110043671755
110043671764
110043671773
110043671782
110043671791
110043671808
110043671817
110043671853
110043673094
110043673110
110043674431
110043674440
110043674495
110043674618
110043674645
110043674707
110043674734
110043674743
110043674949
110043675010
110043675029
110043675136
110043675163
110043675289
110043675350
110043675378
110043675403
110043675458
110043675467
110043675494
110043675537
110043675546
110043675573
110043675591
110043675804
110043675831
110043675984
110043676019
110043676340
110043676386
110043676420
110043676448
110043676475
110043676518
110043676607
110043676929
110043677054
110043677152
110043677269
110043677401
110043677429
110043677447
110043677492
110043677535
110043677553
110043677697
110043677768
110043677919
110043678767
110043678776
110043678785
110043678794
110043678801
110043678829
110043679613
110043682342
110043682351
110043682360
110043682379
110043682388
110043682397
110043682413
110043682422
110043682431
110043682440
110043682459
110043682468
110043682477
110043682486
110043682495
110043682501
110043682510
110043682529
110043682538
110043682547
110043682556
110043682565
110043682574
110043682583
110043682912
110043682921
110043682930
110043682949
110043682958
110043682967
110043682976
110043682985
110043682994
110043683010
110043683029
110043683038
110043683047
110043683056
110043683065
110043683083
110043683092
110043684910
110043684929
110043685027
110043685900
110043686062
110043686071
110043686133
110043686142
110043687418
110043691494
110043691591
110043691626
110043691868
110043691957
110043692091
110043692108
110043692135
110043692153
110043692171
110043692242
110043692251
110043692260
110043692288
110043692297
110043692493
110043692509
110043692536
110043692661
110043692929
110043692938
110043693125
110043694017
110043694017
110043694026
110043694044
110043694106
110043694124
110043694142
110043694179
110043694197
110043694204
110043694213
110043694222
110043694231
110043694259
110043694295
110043694302
110043694339
110043695481
110043695506
110043695515
110043695524
110043695533
110043695542
110043695551
110043695560
110043695579
110043695597
110043695604
110043695613
110043695622
110043695631
110043695640
110043695659
110043695668
110043695677
110043695686
110043695695
110043695702
110043696596
110043696676
110043697265
110043697425
110043697434
110043697443
110043697452
110043697461
110043697522
110043697531
110043697540
110043697559
110043697577
110043697586
110043697602
110043697611
110043697620
110043697639
110043699441
110043700046
110043700055
110043703338
110043703686
110043703702
110043704907
110043704952
110043705023
110043705461
110043705498
110043706111
110043706148
110043706157
110043706166
110043706451
110043706638
110043706674
110043706683
110043706692
110043706816
110043707370
110043707398
110043707405
110043708057
110043708093
110043708119
110043708182
110043708217
110043708226
110043708235
110043708262
110043708280
110043708306
110043708422
110043708431
110043708459
110043708574
110043708583
110043708734
110043708761
110043709038
110043709314
110043709332
110043709369
110043709715
110043710785
110043710838
110043711445
110043712122
110043712131
110043712140
110043712346
110043712514
110043712532
110043712738
110043712774
110043712890
110043712907
110043712916
110043714102
110043714683
110043714718
110043714790
110043714807
110043714816
110043714834
110043715566
110043715575
110043715584
110043715628
110043715691
110043715708
110043715726
110043715762
110043715799
110043715815
110043716814
110043716930
110043716958
110043716967
110043716985
110043717074
110043717109
110043717485
110043717626
110043718064
110043718251
110043718581
110043718590
110043718689
110043718698
110043718965
110043719054
110043719063
110043719152
110043719170
110043719205
110043719250
110043719624
110043719633
110043719660
110043719679
110043719688
110043719697
110043719919
110043720042
110043720079
110043720177
110043720284
110043720989
110043721112
110043721121
110043721130
110043721149
110043721158
110043721167
110043721817
110043721915
110043722111
110043722549
110043722594
110043722601
110043722610
110043722825
110043723664
110043723673
110043723682
110043723691
110043723708
110043723717
110043723726
110043723735
110043723744
110043723753
110043723762
110043723771
110043723780
110043723799
110043723806
110043723815
110043723824
110043723833
110043723842
110043723860
110043723888
110043723897
110043723913
110043723931
110043723940
110043723959
110043723977
110043723986
110043723995
110043724002
110043724011
110043724020
110043724039
110043724048
110043724057
110043724066
110043724075
110043724084
110043724093
110043724100
110043724119
110043724128
110043724137
110043724146
110043724155
110043724164
110043724173
110043724182
110043724191
110043724208
110043724217
110043724226
110043724235
110043724244
110043724253
110043724262
110043724271
110043724280
110043724299
110043724306
110043724315
110043724324
110043724333
110043724342
110043724351
110043724360
110043724379
110043724388
110043724397
110043724404
110043724413
110043724422
110043724431
110043724440
110043724459
110043724468
110043724477
110043724486
110043724495
110043724501
110043724529
110043724538
110043724547
110043724556
110043724574
110043724583
110043724592
110043724609
110043724618
110043724627
110043724636
110043724645
110043724654
110043724663
110043724672
110043724681
110043724690
110043724707
110043724716
110043724725
110043724734
110043724743
110043724752
110043724761
110043724770
110043724789
110043724798
110043724805
110043724814
110043724832
110043724841
110043724850
110043724869
110043724878
110043724887
110043724896
110043724912
110043724921
110043724949
110043724967
110043724985
110043724994
110043725001
110043725010
110043725029
110043725038
110043725047
110043725056
110043725065
110043725074
110043725083
110043725092
110043725109
110043725118
110043725127
110043725136
110043725145
110043725154
110043725163
110043725172
110043725181
110043725190
110043725207
110043725216
110043725225
110043725234
110043725243
110043725252
110043725261
110043725270
110043725289
110043725298
110043725305
110043725314
110043725323
110043725332
110043725341
110043725350
110043725369
110043725378
110043725387
110043725396
110043725403
110043725412
110043725421
110043725528
110043725537
110043725546
110043725555
110043725635
110043725715
110043725724
110043725733
110043725742
110043725751
110043725760
110043725779
110043725788
110043725797
110043725804
110043725813
110043725822
110043725831
110043725859
110043725868
110043725877
110043725886
110043725895
110043725902
110043725911
110043725920
110043725939
110043725948
110043725957
110043725966
110043725975
110043725984
110043725993
110043726000
110043726019
110043726028
110043726082
110043726091
110043726108
110043726117
110043726126
110043726135
110043726144
110043726153
110043726171
110043726206
110043726224
110043726233
110043726242
110043726288
110043726297
110043726304
110043726313
110043726322
110043726331
110043726420
110043726448
110043726643
110043726661
110043726670
110043726705
110043726732
110043726796
110043726858
110043726876
110043726901
110043726910
110043726929
110043726938
110043726956
110043726965
110043726974
110043726983
110043726992
110043727009
110043727018
110043727027
110043727036
110043727045
110043727054
110043727063
110043727072
110043727081
110043727090
110043727107
110043727116
110043727125
110043727134
110043727143
110043727152
110043727161
110043727170
110043727189
110043727198
110043727214
110043727223
110043727232
110043727250
110043727269
110043727278
110043727287
110043727296
110043727303
110043727312
110043727321
110043727330
110043727349
110043727358
110043727367
110043727376
110043727385
110043727394
110043727401
110043727410
110043727429
110043727438
110043727447
110043727456
110043727474
110043727483
110043727508
110043727517
110043727526
110043727535
110043727544
110043727697
110043727704
110043727713
110043727722
110043727740
110043727759
110043727768
110043727777
110043727786
110043727795
110043727802
110043727811
110043727820
110043727839
110043727848
110043727857
110043727875
110043727884
110043727893
110043727946
110043727955
110043727964
110043727982
110043728044
110043728133
110043728188
110043728197
110043728204
110043728213
110043728222
110043728231
110043728240
110043728259
110043728268
110043728277
110043728286
110043728295
110043728311
110043728320
110043728339
110043728348
110043728357
110043728366
110043728375
110043728384
110043728393
110043728400
110043728419
110043728428
110043728437
110043728446
110043728455
110043728464
110043728473
110043728482
110043728543
110043728687
110043728758
110043728767
110043728776
110043728785
110043728794
110043728801
110043728810
110043728829
110043728838
110043728847
110043728856
110043728865
110043728874
110043728883
110043728892
110043728909
110043728918
110043728927
110043728936
110043728945
110043728981
110043729070
110043729221
110043729294
110043729310
110043729347
110043729542
110043729560
110043729579
110043729597
110043729604
110043729613
110043729622
110043729631
110043729640
110043729659
110043729668
110043729677
110043729686
110043729695
110043729702
110043729711
110043729720
110043729739
110043729748
110043729757
110043729775
