110043751865
110043751874
110043751883
110043751892
110043751909
110043751918
110043751927
110043751936
110043751945
110043751954
110043751963
110043751972
110043751981
110043751990
110043752007
110043752016
110043752025
110043752034
110043752043
110043752052
110043752070
110043752089
110043752098
110043752105
110043752114
110043752123
110043752132
110043752141
110043752150
110043752169
110043752178
110043752187
110043752196
110043752203
110043752212
110043752221
110043752230
110043752249
110043752258
110043752267
110043752276
110043752285
110043752294
110043752301
110043752310
110043752329
110043752338
110043752356
110043752365
110043752374
110043752383
110043752392
110043752418
110043752427
110043752445
110043752454
110043752463
110043752472
110043752677
110043752686
110043752711
110043752720
110043752739
110043752748
110043752757
110043752766
110043752775
110043752793
110043752800
110043752819
110043752828
110043752837
110043752846
110043752855
110043752873
110043752891
110043752908
110043752917
110043752926
110043752935
110043752944
110043752953
110043752962
110043752971
110043752980
110043752999
110043753006
110043753024
110043753033
110043753042
110043753051
110043753060
110043753079
110043753088
110043753097
110043753104
110043753113
110043753131
110043753140
110043753159
110043753168
110043753177
110043753186
110043753195
110043753202
110043753211
110043753239
110043753248
110043753257
110043753266
110043753275
110043753284
110043753293
110043753319
110043753328
110043753337
110043753346
110043753355
110043753364
110043753373
110043753382
110043753408
110043753417
110043753426
110043753435
110043753444
110043754274
110043754283
110043754292
110043754309
110043754318
110043754327
110043754336
110043754345
110043754354
110043754363
110043754372
110043754381
110043754390
110043754407
110043754416
110043754425
110043754434
110043754461
110043754470
110043754489
110043754504
110043754513
110043754522
110043754531
110043754568
110043754577
110043754586
110043754595
110043754602
110043754611
110043754620
110043754639
110043754657
110043754666
110043754675
110043754684
110043754693
110043754700
110043754728
110043754737
110043754746
110043754755
110043754764
110043754773
110043754791
110043754808
110043754817
110043754826
110043754835
110043754844
110043754853
110043754862
110043754871
110043754880
110043754906
110043754915
110043754924
110043754933
110043754942
110043754951
110043754960
110043754979
110043754988
110043754997
110043755022
110043755031
110043755040
110043755059
110043755068
110043755077
110043755086
110043755095
110043755102
110043755111
110043755120
110043755139
110043755148
110043755157
110043755166
110043755175
110043755709
110043755718
110043755727
110043755736
110043755745
110043755754
110043755763
110043755772
110043755781
110043755790
110043755807
110043755816
110043755825
110043755834
110043755843
110043755852
110043755870
110043755889
110043755898
110043755905
110043755914
110043755923
110043755932
110043755941
110043755950
110043755969
110043755978
110043755987
110043755996
110043756003
110043756012
110043756021
110043756030
110043756058
110043756067
110043756076
110043756209
110043756218
110043756227
110043756236
110043756245
110043756254
110043756263
110043756307
110043756316
110043756325
110043756334
110043756343
110043756361
110043756370
110043756389
110043756398
110043756405
110043756414
110043756423
110043756432
110043756441
110043756450
110043756469
110043756478
110043756487
110043756496
110043756502
110043756511
110043756575
110043756584
110043756593
110043756600
110043756619
110043756637
110043756646
110043756655
110043756664
110043756673
110043756682
110043756691
110043756708
110043756717
110043756726
110043756735
110043756744
110043756753
110043756762
110043756771
110043756780
110043756799
110043756806
110043756815
110043756824
110043756833
110043756842
110043756851
110043756860
110043756879
110043756888
110043756897
110043756904
110043756913
110043756922
110043756931
110043756940
110043756959
110043756968
110043756977
110043756986
110043757440
110043757459
110043757477
110043757486
110043757501
110043757510
110043757529
110043757538
110043757547
110043757556
110043757565
110043757574
110043757583
110043757592
110043757609
110043757618
110043757627
110043757636
110043757645
110043757654
110043757663
110043757672
110043757681
110043757716
110043757725
110043757734
110043757743
110043757761
110043757770
110043757789
110043757798
110043757805
110043757814
110043757823
110043757832
110043757841
110043757869
110043757878
110043757887
110043757896
110043757903
110043757912
110043757921
110043757930
110043757949
110043757958
110043757967
110043757976
110043757985
110043757994
110043758001
110043758010
110043758029
110043758038
110043758047
110043758056
110043758065
110043758083
110043758092
110043758109
110043758118
110043758127
110043758136
110043758145
110043758154
110043758172
110043758458
110043758467
110043758476
110043758485
110043758500
110043758519
110043758528
110043758537
110043758546
110043758555
110043758564
110043758573
110043758582
110043758608
110043758617
110043758626
110043758635
110043758644
110043758653
110043758662
110043758680
110043758699
110043759046
110043759055
110043759064
110043759395
110043759411
110043759420
110043759439
110043759448
110043759457
110043759466
110043759475
110043759484
110043759493
110043759509
110043759518
110043759527
110043759536
110043759545
110043759554
110043759563
110043759572
110043759581
110043759590
110043759607
110043759616
110043759625
110043759634
110043759643
110043759661
110043759689
110043759698
110043759705
110043759714
110043759732
110043759778
110043759787
110043759796
110043759803
110043759821
110043759830
110043759849
110043759858
110043760267
110043760276
110043760285
110043760310
110043760329
110043760338
110043760347
110043760365
110043760374
110043760383
110043760418
110043760427
110043760436
110043760454
110043760463
110043760472
110043760481
110043760490
110043760506
110043760515
110043760524
110043760533
110043760542
110043760551
110043760560
110043760579
110043760588
110043760604
110043760613
110043760622
110043760640
110043760659
110043760668
110043761006
110043761015
110043761024
110043761033
110043761042
110043761051
110043761060
110043761079
110043761088
110043761104
110043761113
110043761122
110043761131
110043761140
110043761159
110043761168
110043761177
110043761186
110043761195
110043761202
110043761211
110043761220
110043761239
110043761248
110043761257
110043761266
110043761275
110043761284
110043761293
110043761300
110043761319
110043761337
110043761346
110043761355
110043761364
110043761373
110043761382
110043761391
110043761408
110043761417
110043761426
110043761444
110043761453
110043761471
110043761480
110043761499
110043761505
110043761514
110043761523
110043761532
110043761541
110043761550
110043761569
110043761578
110043761587
110043761596
110043761603
110043761612
110043761621
110043761630
110043761649
110043761658
110043762185
110043762194
110043762201
110043762210
110043762238
110043762247
110043762256
110043762265
110043762274
110043762283
110043762292
110043762309
110043762318
110043762336
110043762345
110043762363
110043762372
110043762381
110043762390
110043762407
110043762416
110043762425
110043762434
110043762443
110043762452
110043762461
110043762470
110043762489
110043762531
110043762540
110043762559
110043762568
110043762577
110043762586
110043762595
110043762602
110043762611
110043762620
110043762639
110043762648
110043762746
110043762755
110043762764
110043762773
110043762782
110043762791
110043762808
110043762817
110043762826
110043762835
110043762844
110043762853
110043762862
110043762871
110043762880
110043762899
110043762906
110043762915
110043762924
110043762933
110043762942
110043762951
110043762960
110043762979
110043762988
110043762997
110043763004
110043763013
110043763086
110043763479
110043765217
110043765379
110043765654
110043765663
110043767643
110043767858
110043767947
110043768125
110043768928
110043768937
110043768973
110043769115
110043769703
110043770103
110043770158
110043770238
110043771585
110043772307
110043772548
110043772566
110043772584
110043773397
110043774216
110043774902
110043775091
110043775484
110043775867
110043775992
110043776054
110043776063
110043776759
110043776768
110043776777
110043776786
110043776973
110043778757
110043778793
110043778800
110043778819
110043778828
110043778837
110043780879
110043781066
110043781707
110043782074
110043782083
110043782118
110043782243
110043782430
110043782555
110043782591
110043782751
110043783288
110043783402
110043783625
110043783849
110043783894
110043784009
110043784269
110043784982
110043785133
110043785213
110043785366
110043785874
110043785918
110043785927
110043786178
110043786613
110043787051
110043787239
110043787248
110043787417
110043787523
110043787845
110043788130
110043788256
110043788390
110043788470
110043788498
110043788504
110043789219
110043789326
110043789442
110043789656
110043789709
110043789718
110043789898
110043790528
110043790546
110043790662
110043790939
110043791304
110043791910
110043792269
110043792278
110043792642
110043792768
110043793393
110043794212
110043794310
110043794551
110043795195
110043795220
110043795462
110043796256
110043796283
110043796390
110043796988
110043796997
110043797004
110043797022
110043797102
110043797273
110043798076
110043798218
110043798352
110043798487
110043798717
110043799404
110043799538
110043799654
110043799663
110043800287
110043800474
110043800492
110043800553
110043800964
110043801357
110043801972
110043802034
110043802310
110043802338
110043802347
110043802533
110043802542
110043802551
110043802560
110043802604
110043803195
110043803202
110043803248
110043803337
110043803676
110043803676
110043803809
110043803836
110043803854
110043803970
110043804014
110043804078
110043804283
110043804602
110043804648
110043804666
110043804728
110043804808
110043804817
110043804835
110043805175
110043805308
110043805585
110043806049
110043806272
110043806575
110043806600
110043806664
110043806708
110043806824
110043807413
110043807495
110043807618
110043807912
110043808421
110043808564
110043808742
110043808742
110043808895
110043809625
110043809634
110043810524
110043810748
110043810873
110043811159
110043811444
110043811881
110043812087
110043812158
110043812434
110043812443
110043812719
110043812728
110043812997
110043813040
110043813219
110043813647
110043814085
110043814389
110043814708
110043814824
110043815173
110043815244
110043815253
110043815306
110043815440
110043815752
110043816902
110043817126
110043817135
110043818642
110043818651
110043818688
110043818811
110043818839
110043818866
110043819062
110043819188
110043819534
110043819561
110043819669
110043819696
110043819703
110043819712
110043819810
110043819874
110043819892
110043820416
110043820434
110043820452
110043820611
110043820648
110043820791
110043820853
110043820899
110043820906
110043820915
110043820942
110043820988
110043821040
110043821102
110043821139
110043833509
110043834090
110043834107
110043834116
110043834125
110043834134
110043834143
110043834152
110043834161
110043834170
110043834189
110043834205
110043834214
110043834223
110043834232
110043834241
110043834250
110043834269
110043834278
110043834287
110043834312
110043834358
110043834367
110043837480
110043837499
110043837514
110043837523
110043837532
110043837578
110043837596
110043837612
110043837621
110043837630
110043837667
110043837685
110043837694
110043837729
110043837756
110043837774
110043837783
110043837792
110043837809
110043837818
110043837827
110043837845
110043837854
110043837863
110043837872
110043837881
110043837890
110043837916
110043837925
110043837952
110043837961
110043837970
110043837989
110043837998
110043838005
110043838014
110043838023
110043838041
110043838050
110043838069
110043838078
110043838096
110043838112
110043838121
110043838149
110043838167
110043838176
110043838185
110043838194
110043838201
110043838238
110043838256
110043838274
110043838283
110043838292
110043838327
110043838345
110043838354
110043838363
110043838381
110043838390
110043838407
110043838425
110043838434
110043838452
110043838461
110043838470
110043838498
110043838504
110043838513
110043838568
110043838586
110043838595
110043838602
110043838611
110043838648
110043838675
110043838719
110043838728
110043838764
110043838773
110043838782
110043838791
110043838817
110043838844
110043838862
110043838880
110043838899
110043838906
110043838915
110043838924
110043838933
110043838960
110043838979
110043838997
110043839013
110043839031
110043839040
110043839059
110043839068
110043839077
110043839086
110043839111
110043839120
110043839139
110043839148
110043839157
110043839166
110043839193
110043839237
110043839246
110043839255
110043839291
110043839308
110043839317
110043839326
110043839335
110043839344
110043839353
110043839362
110043839371
110043839380
110043839399
110043839406
110043839415
110043839424
110043839442
110043839479
110043839497
110043839503
110043839512
