110043839521
110043839549
110043839558
110043839567
110043839576
110043839585
110043839594
110043839610
110043839629
110043839638
110043839656
110043839665
110043839674
110043839692
110043839718
110043839727
110043839745
110043839781
110043839807
110043839825
110043839834
110043839843
110043839852
110043839861
110043839870
110043839889
110043839898
110043839905
110043839923
110043839932
110043839969
110043839978
110043840216
110043840234
110043840261
110043840289
110043840305
110043840314
110043840323
110043840332
110043840369
110043840378
110043840387
110043840396
110043840403
110043840412
110043840421
110043840430
110043840449
110043840458
110043840467
110043840476
110043840485
110043840500
110043840519
110043840528
110043840537
110043840555
110043840564
110043840573
110043840582
110043840591
110043840626
110043840635
110043840644
110043840653
110043840699
110043840706
110043840715
110043840760
110043840788
110043840804
110043840813
110043840822
110043840831
110043840840
110043840859
110043840868
110043840886
110043840895
110043840902
110043840911
110043840920
110043840957
110043840966
110043840975
110043840984
110043840993
110043841019
110043841055
110043841064
110043841082
110043841108
110043841117
110043841171
110043841199
110043841206
110043841215
110043841224
110043841233
110043841242
110043841251
110043841260
110043841279
110043841288
110043841304
110043841313
110043841331
110043841340
110043841359
110043841368
110043841377
110043841386
110043841395
110043841402
110043841411
110043841420
110043841448
110043841457
110043841466
110043841484
110043841509
110043841518
110043841527
110043841536
110043841545
110043841554
110043841572
110043841581
110043841590
110043841607
110043841616
110043841625
110043841634
110043841643
110043841652
110043841661
110043841910
110043841965
110043841983
110043841992
110043842009
110043842018
110043842027
110043842045
110043842090
110043842269
110043842278
110043842287
110043842296
110043842303
110043842312
110043842330
110043842349
110043842358
110043842385
110043842401
110043842429
110043842447
110043842456
110043842474
110043842483
110043842492
110043842508
110043842526
110043842535
110043842553
110043842562
110043842571
110043842580
110043842599
110043842964
110043842973
110043842991
110043847200
110043847228
110043847237
110043847255
110043847264
110043847273
110043847282
110043847291
110043847317
110043847326
110043847353
110043847362
110043847371
110043847772
110043847781
110043847790
110043847807
110043847816
110043847843
110043847852
110043847861
110043847870
110043847889
110043847905
110043847914
110043847923
110043847941
110043847969
110043847987
110043848003
110043848012
110043848030
110043848049
110043848067
110043848076
110043848263
110043848441
110043848450
110043848469
110043848478
110043848487
110043848496
110043848502
110043848520
110043848548
110043848557
110043848566
110043848575
110043848584
110043848593
110043848600
110043848646
110043848655
110043848664
110043848673
110043848735
110043848744
110043848753
110043848799
110043848815
110043848824
110043848833
110043848842
110043848851
110043848879
110043848897
110043848913
110043848922
110043848931
110043848940
110043848959
110043848977
110043848986
110043848995
110043849002
110043849011
110043849020
110043849039
110043849057
110043849066
110043849075
110043849093
110043849191
110043849208
110043849495
110043850213
110043850222
110043850231
110043850259
110043850268
110043850295
110043850302
110043850311
110043850320
110043850847
110043850936
110043850972
110043852907
110043853238
110043853247
110043853283
110043853283
110043853318
110043853354
110043853452
110043853522
110043853746
110043853844
110043854576
110043857653
110043857699
110043857706
110043857733
110043857742
110043857751
110043857779
110043857840
110043857877
110043858331
110043859241
110043859287
110043859296
110043859312
110043859544
110043860603
110043860676
110043861292
110043861960
110043861997
110043862013
110043862086
110043862095
110043862157
110043862264
110043863030
110043863058
110043863067
110043863192
110043863236
110043863254
110043863290
110043864020
110043864075
110043864100
110043864119
110043864128
110043864155
110043865305
110043865387
110043872609
110043880191
110043880921
110043959525
110043961558
110043961594
110043961852
110043961861
110043962085
110043962094
110043962101
110043962165
110043962174
110043962370
110043962405
110043962414
110043962423
110043962432
110043962450
110043962469
110043962478
110043962487
110043962496
110043962502
110043962888
110043963244
110043963253
110043967464
110043967874
110043968338
110043968365
110043968409
110043968418
110043969284
110043969532
110043969836
110043969970
110043970085
110043970110
110043970138
110043970432
110043970655
110043970744
110043970762
110043971066
110043971100
110043971422
110043971529
110043971583
110043971690
110043972001
110043972163
110043972216
110043972225
110043972449
110043972555
110043972564
110043972822
110043972957
110043973000
110043973340
110043973386
110043973457
110043973581
110043973803
110043974143
110043974152
110043974232
110043974250
110043974330
110043974571
110043974580
110043974599
110043974633
110043974642
110043974651
110043974660
110043974679
110043974688
110043974697
110043974704
110043974713
110043974731
110043974740
110043974759
110043974768
110043975419
110043975712
110043975721
110043975730
110043975749
110043975758
110043975767
110043975874
110043975883
110043975909
110043975918
110043975936
110043975945
110043975954
110043975963
110043975981
110043976230
110043976267
110043976285
110043976695
110043976702
110043976757
110043976793
110043976819
110043976908
110043977168
110043977658
110043977667
110043977676
110043977685
110043977765
110043977774
110043977836
110043977872
110043977881
110043977916
110043977998
110043977998
110043978229
110043978274
110043979282
110043979834
110043979861
110043979898
110043980617
110043980626
110043980635
110043980662
110043980724
110043980733
110043980742
110043980751
110043980760
110043980788
110043980797
110043982161
110043984230
110043984506
110043985774
110043986201
110043986238
110043986247
110043986700
110043986719
110043986791
110043986853
110043986862
110043986899
110043987488
110043987530
110043987594
110043987601
110043987629
110043987781
110043988049
110043988085
110043988165
110043988762
110043989967
110043990116
110043990125
110043992016
110043993060
110043993364
110043997182
110043997299
110044214016
110044214221
110044214230
110044214249
110044214258
110044214329
110044214347
110044214356
110044214365
110044214374
110044214748
110044214757
110044214846
110044214864
110044214908
110044214917
110044214926
110044214935
110044214944
110044214953
110044214962
110044214971
110044215113
110044215122
110044215131
110044215382
110044215523
110044215587
110044215881
110044215890
110044215916
110044215943
110044215952
110044216014
110044216336
110044216773
110044216880
110044216979
110044217521
110044217549
110044217647
110044217656
110044217727
110044217763
110044217852
110044217889
110044218682
110044218691
110044218708
110044218717
110044218726
110044219119
110044219128
110044219137
110044219146
110044219155
110044219164
110044219592
110044219716
110044219743
110044219752
110044219761
110044220116
110044220508
110044220526
110044220544
110044220571
110044220580
110044220606
110044220615
110044220642
110044220651
110044220777
110044220848
110044220964
110044220991
110044221062
110044221106
110044221115
110044221133
110044221142
110044221179
110044221428
110044221437
110044221703
110044221990
110044222098
110044222506
110044222515
110044222908
110044222926
110044222944
110044222962
110044223097
110044223168
110044223177
110044223195
110044223211
110044223426
110044223444
110044223499
110044223881
110044223916
110044224256
110044224265
110044224274
110044224283
110044224292
110044224318
110044224498
110044224531
110044224586
110044224773
110044224782
110044224835
110044224853
110044224862
110044224871
110044224880
110044224899
110044224906
110044224979
110044225335
110044225399
110044225479
110044225488
110044225497
110044225503
110044226263
110044226469
110044226584
110044226600
110044226904
110044226959
110044226986
110044226995
110044227155
110044227360
110044227404
110044227734
110044228494
110044228573
110044229000
110044229108
110044229126
110044229411
110044229439
110044229509
110044229689
110044230196
110044230221
110044230347
110044230695
110044230702
110044230720
110044230739
110044230766
110044230775
110044230784
110044231140
110044231159
110044231382
110044231391
110044232256
110044232309
110044232318
110044232372
110044232470
110044232657
110044232826
110044233077
110044233175
110044233184
110044233317
110044233326
110044233344
110044233371
110044233380
110044233727
110044234600
110044235155
110044235164
110044235716
110044236430
110044236813
110044236831
110044237689
110044237812
110044237876
110044238107
110044238116
110044238125
110044238205
110044238214
110044238223
110044238241
110044238250
110044238269
110044238287
110044238296
110044238303
110044238312
110044238321
110044238330
110044238349
110044238358
110044238376
110044238385
110044238394
110044238401
110044238410
110044238429
110044238438
110044238447
110044238456
110044238465
110044238474
110044238492
110044238508
110044238517
110044238526
110044238722
110044238866
110044238875
110044238884
110044238893
110044238900
110044238919
110044238928
110044238937
110044238946
110044238955
110044238964
110044238991
110044239008
110044239017
110044239026
110044239044
110044239062
110044239071
110044239080
110044239099
110044239106
110044239115
110044239124
110044239133
110044239142
110044239151
110044239160
110044239179
110044239188
110044239197
110044239213
110044239222
110044239231
110044239240
110044239259
110044239268
110044239277
110044239286
110044239311
110044239320
110044239348
110044239357
110044239375
110044239384
110044239393
110044239400
110044239455
110044239543
110044239552
110044239561
110044239570
110044239589
110044239598
110044239605
110044239614
110044239623
110044239632
110044239641
110044239650
110044239669
110044239678
110044239687
110044239696
110044239703
110044239712
110044239721
110044239749
110044239758
110044239767
110044239776
110044239785
110044239794
110044239801
110044239810
110044239829
110044239838
110044239847
110044239856
110044239865
110044239874
110044239883
110044239892
110044239909
110044239918
110044239927
110044239936
110044239945
110044239963
110044239972
110044239981
110044239990
110044240005
110044240014
110044240023
110044240032
110044240041
110044240050
110044240158
110044240167
110044240176
110044240185
110044240194
110044240201
110044240210
110044240229
110044240238
110044240513
110044240522
110044240531
110044240540
110044240559
110044240568
110044240577
110044240586
110044240595
110044240602
110044240611
110044240620
110044240639
110044240648
110044240657
110044240675
110044240684
110044240693
110044240700
110044240719
110044240728
110044240773
110044240817
110044240844
110044240853
110044240899
110044240906
110044240924
110044241362
110044241371
110044241380
110044241399
110044241406
110044241415
110044241424
110044241433
110044241442
110044241451
110044241460
110044241479
110044241488
110044241497
110044241503
110044241512
110044241530
110044241549
110044241567
110044241576
110044241585
110044241594
110044241601
110044241610
110044241629
110044241638
110044241647
110044241656
110044241665
110044241674
110044241683
110044241692
110044241736
110044241745
110044241754
110044241763
110044241772
110044241781
110044241790
110044241807
110044241816
110044241825
110044241834
110044241843
110044241852
110044241861
110044241870
110044241889
110044241898
110044241905
110044241914
110044241923
110044241932
110044241941
110044241950
110044241969
110044241978
110044241987
110044241996
110044242003
110044242012
110044242021
110044242030
110044242049
110044242058
110044242067
110044242076
110044242085
110044242094
110044242101
110044242110
110044242129
110044242138
110044242147
110044242156
110044242165
110044242174
110044242183
110044242192
110044242209
110044242218
110044242227
110044242236
110044242245
110044242254
110044242263
110044242272
110044242281
110044242290
110044242307
110044242316
110044242325
110044242334
110044242343
110044242352
110044242389
110044242398
110044242405
110044242414
110044242432
110044242441
110044242450
110044242469
110044242478
110044242487
110044242496
110044242502
110044242511
110044242520
110044242539
110044242557
110044242566
110044242575
110044242584
110044242593
110044242600
110044242619
110044242637
110044242655
110044242664
110044242673
110044242682
110044242691
110044242708
110044242717
110044243057
110044243066
110044243075
110044243084
110044243093
110044243100
110044243119
110044243128
110044243137
110044243146
110044243155
110044243164
110044243173
110044243182
110044243191
110044243208
110044243896
110044243903
110044243912
110044243921
110044243930
110044243958
110044243967
110044243976
