110044243985
110044243994
110044244001
110044244010
110044244038
110044244065
110044244074
110044244083
110044244092
110044244109
110044244118
110044244127
110044244136
110044244145
110044244154
110044244163
110044244172
110044244181
110044244190
110044244216
110044244225
110044244234
110044244243
110044244252
110044244261
110044244270
110044244289
110044244298
110044244314
110044244323
110044244332
110044244341
110044244369
110044244378
110044244387
110044244396
110044244403
110044244412
110044244421
110044244430
110044244449
110044244458
110044244467
110044244476
110044244485
110044244494
110044244500
110044244519
110044244528
110044244537
110044244546
110044244555
110044244564
110044244573
110044244582
110044244591
110044244608
110044244617
110044244635
110044244644
110044244653
110044244662
110044244671
110044244680
110044244699
110044244706
110044244715
110044244733
110044244742
110044244779
110044244804
110044244813
110044244822
110044244831
110044244840
110044244859
110044244868
110044244877
110044244886
110044244902
110044244911
110044244920
110044244939
110044244948
110044244957
110044244966
110044244975
110044245714
110044245723
110044245732
110044245741
110044245750
110044245769
110044245787
110044245796
110044245803
110044245812
110044245821
110044245830
110044245849
110044245858
110044245867
110044246045
110044246429
110044246438
110044246447
110044246465
110044246474
110044246483
110044246492
110044246508
110044246517
110044246526
110044246544
110044246553
110044246562
110044246571
110044246580
110044246606
110044246688
110044246697
110044246704
110044246713
110044246722
110044246731
110044246740
110044246759
110044246900
110044246928
110044246937
110044246946
110044246955
110044246964
110044246973
110044246982
110044246991
110044247008
110044247017
110044247026
110044247053
110044247062
110044247071
110044247099
110044247197
110044247204
110044247213
110044247222
110044247231
110044247240
110044247259
110044247268
110044247277
110044247286
110044247295
110044247302
110044247320
110044247339
110044247348
110044247366
110044247375
110044247384
110044247393
110044247400
110044247428
110044247437
110044247446
110044247455
110044247464
110044247473
110044247482
110044247767
110044247776
110044247785
110044247794
110044247801
110044247810
110044247829
110044247838
110044247856
110044247883
110044247892
110044248061
110044248622
110044248631
110044248640
110044248659
110044248668
110044248677
110044248711
110044248720
110044248739
110044248748
110044248757
110044248766
110044248775
110044248784
110044248800
110044248819
110044248828
110044248837
110044248846
110044248935
110044248944
110044248953
110044248971
110044248980
110044248999
110044249006
110044249024
110044249033
110044249042
110044249051
110044249060
110044249079
110044249088
110044249097
110044249104
110044249113
110044249122
110044249131
110044249140
110044249159
110044249168
110044249177
110044249186
110044249195
110044249202
110044249211
110044249220
110044249239
110044249248
110044249257
110044249266
110044249284
110044249435
110044249444
110044249453
110044249462
110044249471
110044249480
110044249499
110044249505
110044249514
110044249523
110044249532
110044249541
110044249550
110044249569
110044249578
110044249587
110044249596
110044249603
110044249612
110044249621
110044249630
110044249658
110044249667
110044249676
110044249685
110044249694
110044249701
110044249710
110044249729
110044249738
110044250985
110044250994
110044251001
110044251010
110044251029
110044251038
110044251047
110044251056
110044251065
110044251074
110044251083
110044251323
110044251341
110044251350
110044251369
110044251378
110044251387
110044251396
110044251403
110044251412
110044251421
110044251430
110044251449
110044251458
110044251467
110044251476
110044251485
110044251494
110044251500
110044251519
110044251528
110044251537
110044251546
110044251555
110044251564
110044251573
110044251582
110044251608
110044251617
110044251626
110044251635
110044251644
110044251653
110044251671
110044251877
110044251895
110044251902
110044251911
110044251920
110044251939
110044251948
110044251966
110044251975
110044251984
110044251993
110044252000
110044252019
110044252028
110044252037
110044252046
110044252055
110044252064
110044252073
110044252082
110044252126
110044252171
110044252180
110044252199
110044252233
110044252983
110044253456
110044253465
110044253474
110044253483
110044253492
110044253508
110044253517
110044253526
110044253535
110044253544
110044253553
110044253562
110044253571
110044253580
110044253599
110044253606
110044253624
110044253633
110044253642
110044253651
110044253660
110044253679
110044253688
110044253839
110044253848
110044253857
110044253866
110044253875
110044253884
110044253893
110044253900
110044253937
110044253973
110044253982
110044253991
110044254008
110044254026
110044254035
110044254044
110044254053
110044254062
110044254071
110044254080
110044254099
110044254106
110044254115
110044254133
110044254142
110044254151
110044254160
110044254179
110044254213
110044254240
110044254259
110044255436
110044255445
110044255454
110044255463
110044255472
110044255481
110044255490
110044255506
110044255515
110044255524
110044255533
110044255542
110044255551
110044255560
110044255579
110044255588
110044255597
110044255604
110044255613
110044255622
110044255631
110044255640
110044255659
110044255668
110044255686
110044255695
110044255702
110044255711
110044255720
110044255739
110044255748
110044255775
110044255784
110044255793
110044255873
110044255882
110044255891
110044255908
110044255917
110044255926
110044255935
110044255944
110044255953
110044255962
110044255971
110044255980
110044255999
110044256006
110044256015
110044256024
110044256033
110044256042
110044256051
110044256060
110044256079
110044256088
110044256104
110044256113
110044256122
110044256131
110044256140
110044256159
110044256168
110044256177
110044256186
110044256195
110044256202
110044256211
110044256220
110044256239
110044256257
110044256266
110044256275
110044256284
110044256300
110044256319
110044256328
110044256337
110044256346
110044256355
110044256364
110044256373
110044256382
110044256391
110044256408
110044256417
110044257443
110044257470
110044257489
110044257700
110044257719
110044257728
110044257737
110044257746
110044257755
110044257764
110044257773
110044257782
110044257791
110044257808
110044258059
110044258068
110044258077
110044258086
110044258095
110044258102
110044258111
110044258120
110044258139
110044258148
110044258157
110044258166
110044258175
110044258184
110044258193
110044258200
110044258219
110044258237
110044258246
110044258255
110044258264
110044258273
110044258282
110044258291
110044258308
110044258317
110044258335
110044258344
110044258353
110044258371
110044258399
110044258406
110044258415
110044258424
110044258433
110044258442
110044258451
110044258460
110044258479
110044258488
110044258497
110044258503
110044258512
110044258521
110044258530
110044258549
110044258558
110044258567
110044258576
110044258585
110044258594
110044259806
110044259824
110044260117
110044260135
110044260144
110044260153
110044260162
110044260171
110044260180
110044260199
110044260206
110044260224
110044260233
110044260242
110044260251
110044260260
110044260279
110044260297
110044260304
110044260313
110044260322
110044260331
110044260340
110044260359
110044260368
110044260377
110044260386
110044260395
110044260402
110044260411
110044260420
110044260439
110044260448
110044260457
110044260466
110044260475
110044260484
110044260493
110044260509
110044260518
110044260527
110044260536
110044260590
110044260607
110044260616
110044260625
110044260634
110044260643
110044260652
110044260661
110044260670
110044260689
110044260698
110044260705
110044260714
110044260723
110044260732
110044260983
110044260992
110044261009
110044261018
110044261027
110044261036
110044261045
110044261054
110044261063
110044261072
110044261081
110044261090
110044261303
110044261312
110044261321
110044261330
110044261349
110044261358
110044261367
110044261376
110044261385
110044261394
110044261820
110044262035
110044262044
110044262053
110044262062
110044262080
110044262099
110044262106
110044262124
110044262142
110044262151
110044262160
110044262179
110044262188
110044262197
110044262204
110044262213
110044262222
110044262231
110044262240
110044262259
110044262268
110044262277
110044262286
110044262295
110044262302
110044262311
110044262320
110044262339
110044262357
110044262366
110044262375
110044262384
110044262393
110044262400
110044262419
110044262428
110044262437
110044262446
110044262455
110044262464
110044262473
110044262482
110044262491
110044262507
110044262516
110044262525
110044262534
110044262543
110044262552
110044262561
110044262570
110044262589
110044262598
110044262605
110044262614
110044262623
110044262632
110044262641
110044262650
110044262669
110044262678
110044262687
110044262696
110044262703
110044262712
110044262721
110044262730
110044262749
110044262758
110044262767
110044262776
110044262785
110044262794
110044262801
110044262810
110044262829
110044262838
110044262847
110044262856
110044262865
110044262874
110044262883
110044262892
110044262909
110044262918
110044262927
110044262936
110044262945
110044262954
110044262963
110044262981
110044262990
110044263007
110044263016
110044263025
110044263034
110044263043
110044263052
110044263061
110044263070
110044263089
110044263098
110044263105
110044263114
110044263123
110044263132
110044263141
110044263150
110044263169
110044263178
110044263187
110044263196
110044263203
110044263212
110044263221
110044263230
110044263249
110044263258
110044263267
110044263276
110044263285
110044263294
110044263533
110044263542
110044263551
110044263560
110044263579
110044263588
110044263597
110044263604
110044263622
110044263631
110044263640
110044263659
110044263668
110044263677
110044263686
110044263962
110044264275
110044264284
110044264293
110044264300
110044264319
110044264328
110044264337
110044264346
110044264355
110044264373
110044264382
110044264391
110044264408
110044264417
110044264426
110044264435
110044264444
110044264453
110044264462
110044264471
110044264480
110044264499
110044264505
110044264514
110044264523
110044264612
110044264621
110044264630
110044264649
110044264658
110044264667
110044264676
110044264685
110044264694
110044264701
110044264729
110044264738
110044264747
110044264756
110044264765
110044264774
110044264783
110044264792
110044264809
110044264818
110044264827
110044264836
110044264845
110044264854
110044264872
110044264881
110044264890
110044264907
110044264916
110044264925
110044264934
110044264943
110044264952
110044264961
110044264970
110044264989
110044264998
110044265005
110044265014
110044265023
110044265032
110044265041
110044265050
110044265069
110044265078
110044265087
110044265096
110044265103
110044265112
110044265121
110044265130
110044265149
110044265158
110044265167
110044265176
110044265185
110044265194
110044265201
110044265210
110044265229
110044265238
110044265247
110044265256
110044265265
110044265274
110044265283
110044265292
110044265336
110044265345
110044265354
110044265363
110044265372
110044265381
110044265390
110044265407
110044265416
110044265425
110044265434
110044265443
110044265452
110044265461
110044265470
110044265489
110044265498
110044265504
110044265513
110044265522
110044265531
110044265540
110044265559
110044265568
110044265577
110044265586
110044265595
110044265602
110044265611
110044265620
110044265639
110044265648
110044265657
110044265666
110044265675
110044265684
110044265693
110044265700
110044265719
110044265728
110044265737
110044265746
110044265755
110044265764
110044265773
110044265782
110044265791
110044265808
110044265817
110044265826
110044265835
110044265844
110044265853
110044265862
110044265871
110044266594
110044266601
110044266610
110044266629
110044266638
110044266647
110044266656
110044266665
110044266674
110044266683
110044266692
110044266709
110044266718
110044266736
110044266745
110044266754
110044266763
110044266772
110044266781
110044266790
110044266807
110044266816
110044266825
110044266834
110044266843
110044266852
110044266870
110044266889
110044266898
110044266905
110044266914
110044266923
110044266932
110044266941
110044266950
110044266969
110044266978
110044266996
110044267003
110044267012
110044267021
110044267030
110044267049
110044267058
110044267067
110044267076
110044267085
110044267094
110044267101
110044267110
110044267129
110044267138
110044267156
110044267165
110044267174
110044267183
110044267192
110044267209
110044267218
110044267227
110044267236
110044267245
110044267254
110044267263
110044267272
110044267281
110044267290
110044267307
110044267316
110044267325
110044267334
110044267343
110044267352
110044267361
110044267708
110044267717
110044267726
110044267735
110044267744
110044267753
110044267762
110044267771
110044267824
110044267833
110044267842
110044267851
110044267860
110044267897
110044267904
110044267913
110044267922
110044267931
110044267940
110044267959
110044267968
110044267977
