110044267986
110044267995
110044268002
110044268011
110044268039
110044268048
110044268057
110044268066
110044268075
110044268084
110044268397
110044268422
110044268440
110044268459
110044268976
110044268985
110044268994
110044269001
110044269010
110044269029
110044269038
110044269047
110044269056
110044269065
110044269074
110044269083
110044269092
110044269109
110044269118
110044269127
110044269136
110044269145
110044269154
110044269163
110044269172
110044269181
110044269190
110044269207
110044269216
110044269225
110044269243
110044269252
110044269270
110044269289
110044269298
110044269305
110044269314
110044269323
110044269332
110044269341
110044269350
110044269387
110044269396
110044269403
110044269412
110044269421
110044269430
110044269449
110044269458
110044269467
110044269476
110044269485
110044269494
110044269519
110044269528
110044269537
110044269546
110044269555
110044269564
110044269573
110044269582
110044269591
110044269608
110044269617
110044269626
110044269635
110044269644
110044269653
110044269662
110044269671
110044269680
110044269699
110044269724
110044269733
110044269742
110044269751
110044269760
110044269779
110044269788
110044269797
110044269804
110044269813
110044269822
110044269831
110044269840
110044269859
110044269868
110044269877
110044269886
110044269895
110044269902
110044269911
110044269920
110044269939
110044269948
110044269957
110044269966
110044269975
110044269984
110044269993
110044270008
110044270017
110044270026
110044270035
110044270044
110044270053
110044270062
110044270080
110044270099
110044270106
110044270115
110044270124
110044270133
110044270142
110044270151
110044270160
110044270179
110044270188
110044270197
110044270240
110044270259
110044270268
110044270277
110044270286
110044270295
110044270302
110044270311
110044270320
110044270348
110044270357
110044270366
110044270375
110044270384
110044270393
110044270400
110044270419
110044270428
110044270437
110044270446
110044270455
110044270464
110044270473
110044270482
110044270491
110044270507
110044270516
110044271258
110044271267
110044271276
110044271294
110044271301
110044271310
110044271329
110044271338
110044271347
110044271356
110044271365
110044271374
110044271383
110044271392
110044271409
110044271418
110044271427
110044271436
110044271445
110044271454
110044271463
110044271472
110044271481
110044271490
110044271506
110044271515
110044271524
110044271533
110044271542
110044271551
110044271560
110044271579
110044271588
110044271597
110044271604
110044271613
110044271926
110044271935
110044271944
110044271953
110044271971
110044271980
110044271999
110044272006
110044272015
110044272024
110044272033
110044272042
110044272051
110044272060
110044272079
110044272088
110044272097
110044272104
110044272113
110044272122
110044272131
110044272140
110044272159
110044272168
110044272177
110044272186
110044272202
110044272211
110044272220
110044272239
110044272248
110044272257
110044272266
110044272275
110044272284
110044272293
110044272300
110044272319
110044272328
110044272337
110044272346
110044272355
110044272364
110044272373
110044272382
110044272391
110044272408
110044272417
110044272426
110044272435
110044272444
110044272453
110044272462
110044272471
110044272480
110044272499
110044272505
110044272523
110044272532
110044272550
110044272569
110044272578
110044272587
110044272596
110044272603
110044272612
110044272630
110044272649
110044272658
110044272667
110044272676
110044272685
110044272694
110044272701
110044272710
110044272729
110044272738
110044272747
110044272756
110044272765
110044272774
110044272783
110044272792
110044272809
110044272818
110044272827
110044272836
110044272845
110044272854
110044272863
110044273103
110044273112
110044273121
110044273130
110044273149
110044273158
110044273167
110044273176
110044273185
110044273194
110044273201
110044273229
110044273238
110044273247
110044273256
110044273265
110044273274
110044273283
110044273620
110044273639
110044273648
110044273657
110044273666
110044273675
110044273684
110044273693
110044273700
110044273719
110044273728
110044273737
110044273746
110044273764
110044273773
110044273782
110044273791
110044273808
110044273817
110044273826
110044273835
110044273844
110044273853
110044273862
110044273880
110044273899
110044273906
110044273915
110044273924
110044273933
110044273942
110044273951
110044273960
110044273988
110044273997
110044274004
110044274013
110044274031
110044274040
110044274059
110044274068
110044274077
110044274086
110044274095
110044274102
110044274111
110044274139
110044274148
110044274157
110044274166
110044274175
110044274184
110044274193
110044274200
110044274219
110044274228
110044274237
110044274246
110044274255
110044274264
110044274273
110044274282
110044274291
110044274308
110044274317
110044274326
110044274335
110044274344
110044274353
110044274362
110044274371
110044274380
110044274399
110044274406
110044274415
110044274424
110044274433
110044274442
110044274460
110044274479
110044274497
110044274503
110044274512
110044274521
110044274530
110044274549
110044274558
110044274567
110044274576
110044274585
110044274594
110044274601
110044274610
110044274629
110044274638
110044274647
110044274656
110044274665
110044274674
110044274683
110044274692
110044274718
110044274727
110044274745
110044274754
110044274763
110044274772
110044274781
110044274987
110044274996
110044275003
110044275012
110044275021
110044275370
110044275389
110044275398
110044275405
110044275414
110044275423
110044275432
110044275441
110044275469
110044275478
110044275487
110044277948
110044277966
110044277975
110044278643
110044278652
110044279562
110044279599
110044279606
110044279633
110044279642
110044279777
110044279786
110044280863
110044280890
110044280989
110044281880
110044281924
110044298578
110044298989
110044299719
110044300967
110044301671
110044301680
110044302206
110044302242
110044302420
110044302457
110044302509
110044302652
110044302769
110044302876
110044302885
110044302894
110044302901
110044302910
110044302929
110044302983
110044303474
110044303483
110044303492
110044303508
110044303517
110044303526
110044303606
110044303875
110044304428
110044304437
110044304543
110044304561
110044306079
110044306373
110044306765
110044308120
110044308139
110044310144
110044310849
110044311009
110044311143
110044314104
110044314113
110044314122
110044314131
110044314140
110044314159
110044314168
110044314177
110044314195
110044314202
110044314211
110044314220
110044314239
110044314248
110044314257
110044314266
110044314284
110044314300
110044314319
110044314417
110044314532
110044314541
110044314550
110044314569
110044314587
110044316442
110044318208
110044318431
110044318440
110044318459
110044318468
110044318477
110044318501
110044318510
110044318529
110044318538
110044318547
110044318556
110044318565
110044318770
110044318789
110044321098
110044321392
110044321739
110044322435
110044322783
110044322792
110044322809
110044322818
110044322827
110044322836
110044322845
110044322854
110044358361
110044358389
110044358851
110044358897
110044359379
110044359477
110044360143
110044360303
110044360456
110044361080
110044361366
110044361749
110044362141
110044362427
110044362472
110044362515
110044362908
110044375583
110044375592
110044375609
110044375618
110044375627
110044375636
110044375645
110044375654
110044375672
110044375681
110044375690
110044375707
110044375716
110044375725
110044375734
110044375743
110044375752
110044375761
110044375770
110044375789
110044375798
110044375805
110044375814
110044375823
110044375832
110044375841
110044375850
110044375869
110044375878
110044375887
110044375896
110044375903
110044375912
110044375921
110044375930
110044375949
110044375958
110044375967
110044375976
110044375994
110044376001
110044376010
110044376029
110044376038
110044376056
110044376065
110044376074
110044376083
110044376092
110044376118
110044376127
110044376136
110044376145
110044376154
110044376163
110044376172
110044376181
110044376190
110044376207
110044376216
110044376225
110044376234
110044376243
110044376252
110044376261
110044376270
110044376289
110044376298
110044376305
110044376314
110044376323
110044376332
110044376341
110044376350
110044376369
110044376378
110044376387
110044376403
110044376412
110044376421
110044376430
110044376449
110044376458
110044376467
110044376476
110044376485
110044376494
110044376500
110044376519
110044376528
110044376537
110044376555
110044376564
110044376573
110044376582
110044376591
110044376608
110044376617
110044376626
110044376635
110044376644
110044376662
110044376671
110044376680
110044376699
110044376706
110044376715
110044376724
110044376733
110044376742
110044376751
110044376760
110044376779
110044376788
110044376797
110044376804
110044376813
110044376822
110044376831
110044376840
110044376859
110044376868
110044376877
110044376886
110044376895
110044376902
110044376911
110044376920
110044376939
110044376948
110044376957
110044376966
110044376975
110044376984
110044376993
110044377000
110044377019
110044377028
110044377037
110044377046
110044377055
110044377064
110044377082
110044377091
110044377117
110044377126
110044377135
110044377144
110044377153
110044377162
110044377171
110044377180
110044377199
110044377206
110044377215
110044377224
110044377233
110044377242
110044377251
110044377260
110044377279
110044377288
110044377297
110044377313
110044377322
110044377331
110044377340
110044377359
110044377368
110044377377
110044377386
110044377395
110044377402
110044377411
110044377420
110044377439
110044377448
110044377457
110044377466
110044377475
110044377484
110044377493
110044377509
110044377518
110044377527
110044377536
110044377545
110044377554
110044377563
110044377581
110044377590
110044377607
110044377616
110044377625
110044377634
110044377643
110044377652
110044377661
110044377670
110044377689
110044377698
110044377705
110044377714
110044377723
110044377732
110044377741
110044377750
110044377769
110044377778
110044377787
110044377796
110044377803
110044377821
110044377830
110044377849
110044377858
110044377867
110044377876
110044377894
110044377901
110044377929
110044377938
110044377947
110044377965
110044377974
110044377992
110044378018
110044378027
110044378036
110044378063
110044378072
110044378090
110044378107
110044378125
110044378189
110044378198
110044378223
110044378241
110044378250
110044378269
110044378278
110044378296
110044378312
110044378321
110044378330
110044378358
110044378376
110044378385
110044378394
110044378401
110044378410
110044378429
110044378438
110044378447
110044378456
110044378474
110044378483
110044378492
110044378517
110044378526
110044378562
110044378580
110044378599
110044378615
110044378642
110044378651
110044378688
110044378697
110044378713
110044378768
110044378786
110044378802
110044378857
110044378875
110044378884
110044378893
110044378900
110044378919
110044378937
110044378946
110044378955
110044378964
110044378973
110044378991
110044379026
110044379035
110044379044
110044379062
110044379080
110044379099
110044379106
110044379115
110044379133
110044379142
110044379151
110044379160
110044379188
110044379197
110044379204
110044379222
110044379231
110044379240
110044379259
110044379268
110044379277
110044379286
110044379295
110044379302
110044379311
110044379320
110044379339
110044379348
110044379357
110044379366
110044379375
110044379384
110044379393
110044379400
110044379437
110044379446
110044379455
110044379464
110044379482
110044379491
110044379516
110044379525
110044379534
110044379552
110044379570
110044379589
110044379598
110044379605
110044379623
110044379632
110044379669
110044379678
110044379687
110044379696
110044379703
110044379712
110044379721
110044379730
110044379749
110044379758
110044379776
110044379785
110044379801
110044379810
110044379829
110044379838
110044379847
110044379856
110044379865
110044379874
110044379909
110044379918
110044379936
110044379945
110044379963
110044379972
110044379981
110044380005
110044380014
110044380023
110044380041
110044380050
110044380069
110044380078
110044380087
110044380103
110044380112
110044380121
110044380167
110044380176
110044380185
110044380201
110044380210
110044380238
110044380247
110044380265
110044380274
110044380283
110044380292
110044380309
110044380327
110044380336
110044380345
110044380354
110044380363
110044380372
110044380381
110044380407
110044380416
110044380425
110044380443
110044380452
110044380461
110044380489
110044380498
110044380504
110044380513
110044380522
110044380540
110044380559
110044380568
110044380577
110044380586
110044380595
110044380602
110044380611
110044380648
110044380666
110044380675
110044380684
110044380693
110044380719
110044380737
110044380755
110044380764
110044380773
110044380782
110044380791
110044380817
110044380826
110044380835
110044380844
110044380862
110044380871
110044380880
110044380899
110044380906
110044380915
110044380933
110044380951
110044380960
110044380988
110044380997
110044381004
110044381013
110044381031
110044381059
110044381077
110044381086
110044381102
110044381111
110044381139
110044381148
110044381166
