110044381175
110044381193
110044381200
110044381219
110044381237
110044381255
110044381273
110044381282
110044381291
110044381317
110044381326
110044381335
110044381344
110044381362
110044381371
110044381380
110044381399
110044381415
110044381433
110044381442
110044381451
110044381460
110044381479
110044381488
110044381497
110044381512
110044381521
110044381530
110044381549
110044381558
110044381585
110044381594
110044381610
110044381656
110044381665
110044381674
110044381683
110044381692
110044381736
110044381745
110044381754
110044381772
110044381781
110044381790
110044381807
110044381816
110044381825
110044381834
110044381843
110044381852
110044381861
110044381870
110044381889
110044381898
110044381905
110044381914
110044381923
110044381932
110044381941
110044381950
110044381969
110044381978
110044381987
110044382003
110044382012
110044382049
110044382067
110044382076
110044382085
110044382094
110044382101
110044382110
110044382129
110044382147
110044382156
110044382165
110044382174
110044382183
110044382192
110044382209
110044382218
110044382227
110044382236
110044382245
110044382263
110044382272
110044382281
110044382290
110044382307
110044382316
110044382325
110044382361
110044382370
110044382389
110044382398
110044382405
110044382423
110044382432
110044382441
110044382450
110044382469
110044382478
110044382496
110044382502
110044382520
110044382539
110044382557
110044382566
110044382575
110044382584
110044382593
110044382600
110044382619
110044382628
110044382646
110044382655
110044382664
110044382673
110044382682
110044382691
110044382708
110044382717
110044382726
110044382744
110044382762
110044382771
110044382799
110044382806
110044382815
110044382824
110044382833
110044382851
110044382860
110044382879
110044382897
110044382904
110044382913
110044382922
110044382959
110044382986
110044382995
110044383020
110044383048
110044383066
110044383075
110044383084
110044383093
110044383119
110044383137
110044383146
110044383155
110044383173
110044383191
110044383217
110044383226
110044383244
110044383253
110044383262
110044383271
110044383280
110044383299
110044383315
110044383324
110044383342
110044383360
110044383379
110044383397
110044383404
110044383413
110044383440
110044383459
110044383468
110044383477
110044383501
110044383510
110044383538
110044383547
110044383556
110044383574
110044383592
110044383618
110044383627
110044383636
110044383645
110044383663
110044383672
110044383681
110044383690
110044383707
110044383716
110044383725
110044383734
110044383743
110044383752
110044383789
110044383798
110044383814
110044383823
110044383841
110044383850
110044383878
110044383887
110044383896
110044383912
110044383921
110044383930
110044383949
110044383958
110044383967
110044383985
110044383994
110044384010
110044384029
110044384038
110044384047
110044384056
110044384065
110044384083
110044384092
110044384109
110044384118
110044384127
110044384163
110044384172
110044384181
110044384190
110044384207
110044384216
110044384225
110044384234
110044384243
110044384252
110044384261
110044384270
110044384298
110044384305
110044384314
110044384323
110044384332
110044384369
110044384378
110044384387
110044384396
110044384403
110044384412
110044384421
110044384430
110044384449
110044384458
110044384467
110044384476
110044384485
110044384494
110044384500
110044384519
110044384528
110044384555
110044384564
110044384573
110044384582
110044384591
110044384617
110044384635
110044384644
110044384653
110044384662
110044384671
110044384680
110044384699
110044384706
110044384715
110044384724
110044384733
110044384742
110044384751
110044384779
110044384788
110044384797
110044384804
110044384813
110044384822
110044384831
110044384868
110044384877
110044384886
110044384895
110044384902
110044384920
110044384939
110044384948
110044384957
110044384966
110044384975
110044384984
110044384993
110044385000
110044385019
110044385028
110044385037
110044385046
110044385055
110044385064
110044385073
110044385082
110044385091
110044385108
110044385117
110044385126
110044385135
110044385144
110044385153
110044385162
110044385171
110044385180
110044385199
110044385206
110044385215
110044385224
110044385242
110044385251
110044385260
110044385279
110044385288
110044385304
110044385313
110044385322
110044385331
110044385359
110044385368
110044385377
110044385386
110044385395
110044385402
110044385411
110044385420
110044385439
110044385448
110044385457
110044385466
110044385475
110044385484
110044385493
110044385509
110044385518
110044385527
110044385536
110044385545
110044385554
110044385563
110044385572
110044385581
110044385590
110044385607
110044385616
110044385625
110044385634
110044385643
110044385652
110044385670
110044385689
110044385705
110044385741
110044385750
110044385778
110044385796
110044385812
110044385830
110044385858
110044385910
110044385938
110044385965
110044386036
110044386045
110044386054
110044386063
110044386072
110044386090
110044386125
110044386134
110044386143
110044386152
110044386161
110044386170
110044386189
110044386198
110044386214
110044386232
110044386269
110044386312
110044386321
110044386376
110044386401
110044386410
110044386429
110044386447
110044386474
110044386492
110044386508
110044386526
110044386544
110044386571
110044386580
110044386599
110044386633
110044386651
110044386660
110044386679
110044386688
110044386704
110044386713
110044386722
110044386731
110044386759
110044386777
110044386786
110044386795
110044386802
110044386811
110044386848
110044386857
110044386875
110044386893
110044386928
110044386937
110044386955
110044386964
110044386973
110044386991
110044387008
110044387026
110044387035
110044387062
110044387071
110044387080
110044387099
110044387115
110044387133
110044387151
110044387160
110044387188
110044387204
110044387213
110044387222
110044387240
110044387268
110044387277
110044387286
110044387295
110044387302
110044387320
110044387339
110044387357
110044387384
110044387419
110044387446
110044387464
110044387482
110044387507
110044387534
110044387552
110044387570
110044387598
110044387614
110044387641
110044387650
110044387669
110044387678
110044387687
110044387696
110044387703
110044387712
110044387721
110044387730
110044387758
110044387767
110044387776
110044387785
110044387794
110044387801
110044387810
110044387829
110044387838
110044387847
110044387856
110044387865
110044387874
110044387883
110044387892
110044387909
110044387918
110044387927
110044387945
110044387954
110044387963
110044387972
110044387981
110044387990
110044388007
110044388025
110044388043
110044388052
110044388070
110044388089
110044388098
110044388105
110044388114
110044388123
110044388132
110044388141
110044388150
110044388169
110044388178
110044388187
110044388196
110044388212
110044388221
110044388230
110044388249
110044388258
110044388267
110044388276
110044388285
110044388294
110044388310
110044388329
110044388338
110044388347
110044388356
110044388365
110044388374
110044388383
110044388392
110044388409
110044388418
110044388427
110044388436
110044388445
110044388454
110044388463
110044388472
110044388490
110044388506
110044388515
110044388524
110044388533
110044388542
110044388579
110044388588
110044388597
110044388604
110044388613
110044388622
110044388631
110044388640
110044388659
110044388677
110044388686
110044388702
110044388720
110044388739
110044388748
110044388757
110044388766
110044388775
110044388793
110044388828
110044388846
110044388855
110044388864
110044388882
110044388891
110044388917
110044388935
110044388944
110044388962
110044388980
110044388999
110044389015
110044389024
110044389033
110044389042
110044389060
110044389079
110044389088
110044389097
110044389104
110044389113
110044389122
110044389131
110044389140
110044389168
110044389177
110044389186
110044389195
110044389202
110044389211
110044389220
110044389248
110044389257
110044389266
110044389275
110044389284
110044389293
110044389300
110044389328
110044389337
110044389346
110044389355
110044389364
110044389382
110044389408
110044389435
110044389453
110044389471
110044389480
110044389505
110044389514
110044389523
110044389532
110044389541
110044389550
110044389569
110044389587
110044389596
110044389621
110044389630
110044389658
110044389667
110044389676
110044389694
110044389701
110044389729
110044389738
110044389747
110044389774
110044389783
110044389792
110044389809
110044389818
110044389836
110044389845
110044389854
110044389863
110044389872
110044389881
110044389907
110044389925
110044389934
110044389943
110044389952
110044389961
110044389989
110044389998
110044390003
110044390012
110044390021
110044390049
110044390058
110044390067
110044390076
110044390085
110044390094
110044390101
110044390110
110044390129
110044390156
110044390165
110044390174
110044390183
110044390209
110044390218
110044390227
110044390245
110044390263
110044390272
110044390290
110044390316
110044390325
110044390334
110044390352
110044390361
110044390370
110044390389
110044390414
110044390423
110044390432
110044390441
110044390450
110044390469
110044390478
110044390502
110044390511
110044390520
110044390539
110044390557
110044390566
110044390575
110044390593
110044390619
110044390628
110044390637
110044390655
110044390673
110044390691
110044390708
110044390717
110044390726
110044390735
110044390744
110044390753
110044390762
110044390771
110044390780
110044390799
110044390815
110044390833
110044390842
110044390851
110044390860
110044390879
110044390888
110044390897
110044390904
110044390922
110044390931
110044390977
110044390995
110044391002
110044391011
110044391020
110044391039
110044391066
110044391075
110044391084
110044391093
110044391119
110044391128
110044391137
110044391146
110044391155
110044391164
110044391173
110044391191
110044391217
110044391244
110044391253
110044391262
110044391271
110044391280
110044391299
110044391306
110044391315
110044391333
110044391351
110044391360
110044391379
110044391388
110044391413
110044391422
110044391459
110044391468
110044391477
110044391529
110044391547
110044391556
110044391565
110044391618
110044391636
110044391654
110044391672
110044391681
110044391716
110044391725
110044391743
110044391752
110044391770
110044391798
110044391814
110044391823
110044391850
110044391869
110044391896
110044391903
110044391930
110044391949
110044391958
110044391967
110044391976
110044391994
110044392029
110044392047
110044392056
110044392074
110044392092
110044392109
110044392127
110044392145
110044392154
110044392172
110044392181
110044392190
110044392225
110044392243
110044392252
110044392261
110044392270
110044392289
110044392298
110044392305
110044392323
110044392332
110044392341
110044392350
110044392369
110044392387
110044392396
110044392403
110044392412
110044392421
110044392449
110044392458
110044392467
110044392485
110044392494
110044392500
110044392537
110044392555
110044392564
110044392573
110044392582
110044392617
110044392626
110044392644
110044392671
110044392680
110044392699
110044392706
110044392715
110044392724
110044392733
110044392751
110044392760
110044392779
110044392788
110044392797
110044392804
110044392813
110044392831
110044392840
110044392868
110044392877
110044392886
110044392895
110044392920
110044392939
110044392948
110044392957
110044392966
110044392975
110044392984
110044393000
110044393028
110044393037
110044393046
110044393055
110044393064
110044393073
110044393091
110044393117
110044393135
110044393144
110044393162
110044393171
110044393180
110044393199
110044393206
110044393224
110044393242
110044393279
110044393297
110044393304
110044393313
110044393331
110044393368
110044393386
110044393420
110044393439
110044393448
110044393466
110044393475
110044393484
110044393509
110044393527
110044393536
110044393545
110044393554
110044393563
110044393581
110044393590
110044393607
110044393616
110044393625
110044393634
110044393643
110044393661
110044393670
110044393698
110044393732
110044393769
110044393787
110044393796
110044393803
110044393812
110044393821
110044393830
110044393849
110044393858
110044393867
110044393876
110044393885
110044393894
110044393901
110044393910
110044393929
110044393938
110044393956
110044393974
110044393992
110044394009
110044394018
110044394027
110044394036
110044394045
110044394054
110044394063
110044394072
110044394081
110044394090
110044394107
110044394125
110044394134
110044394152
110044394161
110044394170
110044394189
110044394198
110044394205
110044394214
110044394223
110044394232
110044394241
110044394250
110044394269
110044394278
110044394287
110044394296
110044394303
110044394312
110044394321
110044394330
110044394349
110044394358
110044394367
110044394376
110044394385
110044394394
110044394401
110044394410
110044394438
110044394447
110044394456
110044394465
110044394474
110044394483
110044394492
110044394508
110044394517
110044394526
110044394535
110044394544
110044394553
110044394562
110044394571
110044394580
110044394599
110044394606
110044394615
110044394624
110044394633
110044394642
110044394651
110044394660
110044394679
110044394688
110044394697
110044394704
110044394713
110044394722
110044394731
110044394740
