110044394759
110044394768
110044394777
110044394786
110044394795
110044394802
110044394811
110044394820
110044394839
110044394848
110044394857
110044394875
110044394884
110044394893
110044394900
110044394919
110044394937
110044394955
110044394964
110044394973
110044394991
110044395017
110044395035
110044395044
110044395062
110044395071
110044395099
110044395106
110044395124
110044395133
110044395151
110044395188
110044395213
110044395222
110044395240
110044395268
110044395286
110044395302
110044395311
110044395320
110044395339
110044395348
110044395357
110044395366
110044395375
110044395384
110044395393
110044395419
110044395437
110044395446
110044395473
110044395482
110044395507
110044395516
110044395525
110044395543
110044395552
110044395570
110044395589
110044395605
110044395614
110044395623
110044395632
110044395641
110044395669
110044395678
110044395687
110044395696
110044395703
110044395712
110044395749
110044395758
110044395776
110044395801
110044395810
110044395829
110044395838
110044395856
110044395874
110044395892
110044395918
110044395936
110044395945
110044395954
110044395963
110044395972
110044395981
110044396007
110044396016
110044396034
110044396043
110044396061
110044396070
110044396098
110044396114
110044396123
110044396150
110044396178
110044396196
110044396212
110044396249
110044396258
110044396285
110044396294
110044396301
110044396329
110044396338
110044396356
110044396383
110044396418
110044396427
110044396445
110044396463
110044396481
110044396524
110044396542
110044396560
110044396579
110044396597
110044396613
110044396622
110044396631
110044396640
110044396686
110044396702
110044396711
110044396739
110044396748
110044396766
110044396784
110044396819
110044396846
110044396864
110044396873
110044396882
110044396908
110044396917
110044396935
110044396944
110044396953
110044396980
110044397015
110044397024
110044397042
110044397051
110044397060
110044397088
110044397104
110044397140
110044397168
110044397177
110044397186
110044397195
110044397202
110044397220
110044397239
110044397248
110044397257
110044397266
110044397275
110044397284
110044397293
110044397300
110044397319
110044397328
110044397337
110044397346
110044397355
110044397364
110044397373
110044397382
110044397391
110044397408
110044397417
110044397426
110044397435
110044397444
110044397453
110044397462
110044397471
110044397480
110044397499
110044397505
110044397514
110044397523
110044397532
110044397541
110044397569
110044397587
110044397596
110044397612
110044397621
110044397630
110044397649
110044397676
110044397685
110044397694
110044397710
110044397729
110044397738
110044397747
110044397756
110044397765
110044397774
110044397783
110044397809
110044397818
110044397827
110044397836
110044397845
110044397854
110044397863
110044397872
110044397890
110044397907
110044397925
110044397934
110044397943
110044397952
110044397970
110044397989
110044397998
110044398005
110044398014
110044398023
110044398032
110044398041
110044398069
110044398078
110044398087
110044398103
110044398112
110044398121
110044398130
110044398149
110044398158
110044398167
110044398176
110044398194
110044398201
110044398210
110044398238
110044398247
110044398256
110044398265
110044398274
110044398283
110044398292
110044398309
110044398318
110044398327
110044398336
110044398345
110044398363
110044398372
110044398381
110044398390
110044398407
110044398416
110044398425
110044398443
110044398452
110044398461
110044398470
110044398498
110044398504
110044398522
110044398531
110044398540
110044398568
110044398577
110044398586
110044398611
110044398620
110044398639
110044398657
110044398666
110044398675
110044398684
110044398700
110044398719
110044398737
110044398746
110044398755
110044398764
110044398773
110044398782
110044398791
110044398808
110044398817
110044398826
110044398835
110044398844
110044398853
110044398862
110044398871
110044398880
110044398899
110044398906
110044398915
110044398924
110044398942
110044398951
110044398979
110044398988
110044398997
110044399004
110044399013
110044399031
110044399040
110044399059
110044399068
110044399077
110044399086
110044399095
110044399102
110044399111
110044399120
110044399139
110044399148
110044399157
110044399175
110044399184
110044399193
110044399200
110044399219
110044399228
110044399237
110044399246
110044399264
110044399273
110044399282
110044399291
110044399308
110044399317
110044399326
110044399335
110044399344
110044399353
110044399362
110044399371
110044399380
110044399406
110044399415
110044399424
110044399433
110044399460
110044399479
110044399488
110044399497
110044399512
110044399521
110044399530
110044399549
110044399558
110044399567
110044399576
110044399585
110044399594
110044399601
110044399610
110044399629
110044399638
110044399647
110044399656
110044399665
110044399674
110044399683
110044399709
110044399718
110044399727
110044399736
110044399745
110044399754
110044399763
110044399772
110044399781
110044399816
110044399825
110044399834
110044399843
110044399861
110044399870
110044399889
110044399898
110044399923
110044399941
110044399950
110044399969
110044399987
110044399996
110044400001
110044400029
110044400056
110044400065
110044400074
110044400083
110044400092
110044400109
110044400118
110044400136
110044400145
110044400163
110044400172
110044400181
110044400207
110044400216
110044400225
110044400234
110044400252
110044400261
110044400289
110044400305
110044400332
110044400341
110044400369
110044400387
110044400396
110044400403
110044400421
110044400430
110044400449
110044400467
110044400476
110044400485
110044400494
110044400500
110044400519
110044400528
110044400546
110044400555
110044400591
110044400608
110044400617
110044400626
110044400644
110044400653
110044400662
110044400671
110044400680
110044400699
110044400706
110044400724
110044400733
110044400742
110044400779
110044400788
110044400797
110044400804
110044400822
110044400831
110044400859
110044400868
110044400877
110044400886
110044400902
110044400911
110044400920
110044400939
110044400948
110044400957
110044400966
110044400975
110044400993
110044401000
110044401019
110044401028
110044401046
110044401055
110044401073
110044401082
110044401091
110044401108
110044401117
110044401144
110044401171
110044401199
110044401206
110044401215
110044401233
110044401242
110044401260
110044401279
110044401288
110044401304
110044401313
110044401322
110044401340
110044401359
110044401377
110044401386
110044401395
110044401402
110044401411
110044401420
110044401439
110044401448
110044401475
110044401484
110044401493
110044401518
110044401527
110044401536
110044401554
110044401563
110044401572
110044401581
110044401590
110044401616
110044401625
110044401634
110044401643
110044401661
110044401670
110044401689
110044401698
110044401705
110044401714
110044401723
110044401732
110044401769
110044401778
110044401787
110044401812
110044401849
110044401876
110044401885
110044401894
110044401901
110044401910
110044401929
110044401947
110044401956
110044401965
110044401983
110044402009
110044402018
110044402045
110044402054
110044402072
110044402081
110044402107
110044402116
110044402125
110044402143
110044402152
110044402161
110044402170
110044402189
110044402198
110044402214
110044402223
110044402232
110044402241
110044402250
110044402269
110044402278
110044402296
110044402303
110044402312
110044402321
110044402376
110044402394
110044402410
110044402438
110044402456
110044402474
110044402483
110044402517
110044402535
110044402544
110044402553
110044402562
110044402571
110044402580
110044402606
110044402615
110044402624
110044402633
110044402642
110044402651
110044402679
110044402688
110044402697
110044402713
110044402722
110044402731
110044402740
110044402759
110044402768
110044402786
110044402795
110044402802
110044402811
110044402839
110044402848
110044402857
110044402866
110044402884
110044402893
110044402919
110044402937
110044402946
110044402991
110044403008
110044403035
110044403044
110044403053
110044403062
110044403071
110044403080
110044403106
110044403115
110044403124
110044403133
110044403151
110044403179
110044403188
110044403204
110044403213
110044403231
110044403240
110044403259
110044403268
110044403277
110044403286
110044403295
110044403302
110044403311
110044403320
110044403339
110044403348
110044403357
110044403375
110044403384
110044403393
110044403400
110044403419
110044403428
110044403437
110044403455
110044403464
110044403473
110044403491
110044403507
110044403525
110044403534
110044403543
110044403552
110044403561
110044403570
110044403589
110044403598
110044403605
110044403614
110044403623
110044403641
110044403650
110044403669
110044403678
110044403687
110044403696
110044403703
110044403712
110044403730
110044403749
110044403758
110044403776
110044403785
110044403794
110044403801
110044403810
110044403829
110044403838
110044403847
110044403856
110044403865
110044403874
110044403883
110044403892
110044403909
110044403918
110044403927
110044403936
110044403972
110044403981
110044403990
110044404016
110044404025
110044404043
110044404052
110044404061
110044404070
110044404089
110044404098
110044404114
110044404123
110044404132
110044404141
110044404150
110044404169
110044404178
110044404187
110044404196
110044404221
110044404249
110044404258
110044404267
110044404285
110044404294
110044404301
110044404310
110044404329
110044404338
110044404347
110044404356
110044404365
110044404374
110044404383
110044404392
110044404418
110044404427
110044404436
110044404445
110044404454
110044404463
110044404481
110044404490
110044404506
110044404515
110044404524
110044404533
110044404542
110044404551
110044404560
110044404579
110044404588
110044404604
110044404613
110044404622
110044404631
110044404659
110044404668
110044404677
110044404686
110044404702
110044404711
110044404720
110044404739
110044404748
110044404757
110044404775
110044404784
110044404800
110044404819
110044404837
110044404846
110044404873
110044404891
110044404908
110044404926
110044404935
110044404944
110044404953
110044404962
110044404971
110044404980
110044404999
110044405015
110044405024
110044405033
110044405042
110044405051
110044405060
110044405079
110044405088
110044405097
110044405104
110044405113
110044405122
110044405131
110044405140
110044405159
110044405168
110044405177
110044405186
110044405195
110044405202
110044405211
110044405220
110044405239
110044405248
110044405257
110044405266
110044405275
110044405293
110044405319
110044405328
110044405337
110044405346
110044405364
110044405373
110044405382
110044405391
110044405408
110044405426
110044405435
110044405444
110044405453
110044405471
110044405480
110044405499
110044405505
110044405514
110044405541
110044405550
110044405569
110044405578
110044405587
110044405596
110044405603
110044405612
110044405621
110044405658
110044405676
110044405694
110044405701
110044405710
110044405729
110044405747
110044405756
110044405765
110044405774
110044405783
110044405809
110044405845
110044405854
110044405872
110044405881
110044405890
110044405916
110044405934
110044405943
110044405961
110044405998
110044406014
110044406023
110044406032
110044406041
110044406050
110044406069
110044406078
110044406087
110044406103
110044406112
110044406130
110044406149
110044406158
110044406167
110044406176
110044406185
110044406194
110044406210
110044406229
110044406238
110044406247
110044406274
110044406283
110044406292
110044406309
110044406318
110044406327
110044406345
110044406354
110044406372
110044406381
110044406407
110044406443
110044406452
110044406461
110044406498
110044406522
110044406540
110044406602
110044406657
110044406666
110044406684
110044406693
110044406719
110044406737
110044406746
110044406764
110044406773
110044406782
110044406791
110044406808
110044406817
110044406853
110044406880
110044406906
110044406924
110044406933
110044406942
110044406951
110044406960
110044406988
110044406997
110044407004
110044407022
110044407031
110044407040
110044407059
110044407077
110044407086
110044407095
110044407111
110044407139
110044407148
110044407166
110044407184
110044407193
110044407200
110044407228
110044407237
110044407255
110044407264
110044407282
110044407308
110044407317
110044407344
110044407353
110044407371
110044407380
110044407399
110044407406
110044407415
110044407433
110044407442
110044407451
110044407488
110044407497
110044407512
110044407521
110044407549
110044407558
110044407576
110044407585
110044407601
110044407629
110044407647
110044407656
110044407665
110044407683
110044407692
110044407709
110044407718
110044407745
110044407754
110044407763
110044407772
110044407790
110044407807
110044407816
110044407825
110044407834
110044407861
110044407889
110044407898
110044407905
110044407914
110044407923
110044407950
110044407969
110044407987
110044407996
110044408003
110044408030
110044408049
110044408058
110044408076
110044408085
110044408101
110044408110
110044408147
110044408156
110044408165
110044408174
110044408192
110044408209
110044408227
110044408254
110044408263
110044408281
110044408307
110044408316
110044408325
110044408334
110044408352
110044408361
110044408370
