110044408389
110044408398
110044408405
110044408414
110044408432
110044408450
110044408469
110044408478
110044408487
110044408502
110044408511
110044408520
110044408539
110044408548
110044408566
110044408575
110044408584
110044408593
110044408600
110044408619
110044408628
110044408637
110044408646
110044408655
110044408664
110044408682
110044408691
110044408708
110044408726
110044408744
110044408762
110044408771
110044408780
110044408799
110044408815
110044408824
110044408833
110044408842
110044408860
110044408879
110044408888
110044408897
110044408904
110044408913
110044408922
110044408940
110044408959
110044408968
110044408977
110044408986
110044408995
110044409002
110044409011
110044409039
110044409048
110044409057
110044409066
110044409075
110044409093
110044409100
110044409119
110044409137
110044409146
110044409155
110044409164
110044409173
110044409182
110044409191
110044409208
110044409217
110044409226
110044409235
110044409244
110044409253
110044409262
110044409271
110044409280
110044409299
110044409315
110044409324
110044409333
110044409351
110044409360
110044409379
110044409388
110044409397
110044409404
110044409413
110044409422
110044409431
110044409440
110044409459
110044409468
110044409486
110044409495
110044409501
110044409510
110044409529
110044409538
110044409547
110044409556
110044409565
110044409574
110044409583
110044409592
110044409609
110044409618
110044409627
110044409636
110044409645
110044409654
110044409663
110044409672
110044409681
110044409690
110044409707
110044409716
110044409725
110044409734
110044409743
110044409752
110044409761
110044409770
110044409798
110044409814
110044409823
110044409832
110044409841
110044409850
110044409878
110044409887
110044409896
110044409903
110044409921
110044409930
110044409949
110044409967
110044409985
110044409994
110044410018
110044410027
110044410036
110044410045
110044410063
110044410072
110044410081
110044410090
110044410107
110044410116
110044410125
110044410134
110044410143
110044410152
110044410170
110044410189
110044410198
110044410205
110044410214
110044410223
110044410232
110044410241
110044410250
110044410269
110044410278
110044410296
110044410303
110044410312
110044410349
110044410358
110044410367
110044410385
110044410394
110044410401
110044410410
110044410438
110044410447
110044410456
110044410465
110044410474
110044410483
110044410508
110044410517
110044410526
110044410535
110044410544
110044410562
110044410571
110044410580
110044410633
110044410660
110044410679
110044410697
110044410704
110044410713
110044410731
110044410740
110044410759
110044410777
110044410786
110044410795
110044410802
110044410820
110044410839
110044410848
110044410857
110044410875
110044410884
110044410893
110044410900
110044410919
110044410928
110044410937
110044410946
110044410955
110044410964
110044410973
110044411008
110044411017
110044411035
110044411044
110044411062
110044411071
110044411080
110044411099
110044411106
110044411115
110044411124
110044411142
110044411151
110044411160
110044411179
110044411197
110044411204
110044411213
110044411222
110044411268
110044411277
110044411286
110044411295
110044411311
110044411320
110044411339
110044411357
110044411384
110044411393
110044411419
110044411446
110044411455
110044411464
110044411491
110044411507
110044411525
110044411534
110044411543
110044411552
110044411561
110044411570
110044411589
110044411598
110044411605
110044411623
110044411632
110044411641
110044411650
110044411669
110044411678
110044411687
110044411696
110044411703
110044411712
110044411721
110044411730
110044411749
110044411758
110044411767
110044411776
110044411794
110044411801
110044411810
110044411829
110044411838
110044411847
110044411865
110044411874
110044411883
110044411892
110044411918
110044411927
110044411936
110044411954
110044411963
110044411972
110044411981
110044411990
110044412007
110044412016
110044412034
110044412043
110044412052
110044412070
110044412089
110044412098
110044412105
110044412123
110044412132
110044412169
110044412178
110044412196
110044412203
110044412212
110044412221
110044412249
110044412258
110044412285
110044412294
110044412301
110044412310
110044412329
110044412338
110044412356
110044412365
110044412383
110044412409
110044412418
110044412427
110044412436
110044412445
110044412463
110044412472
110044412481
110044412490
110044412506
110044412524
110044412533
110044412542
110044412560
110044412588
110044412597
110044412604
110044412613
110044412622
110044412640
110044412659
110044412668
110044412686
110044412695
110044412711
110044412720
110044412739
110044412748
110044412757
110044412793
110044412819
110044412837
110044412864
110044412882
110044412891
110044412926
110044412935
110044412944
110044412953
110044412971
110044412999
110044413024
110044413042
110044413051
110044413060
110044413079
110044413088
110044413097
110044413113
110044413131
110044413168
110044413177
110044413186
110044413195
110044413202
110044413211
110044413220
110044413239
110044413248
110044413257
110044413266
110044413275
110044413293
110044413300
110044413319
110044413328
110044413337
110044413346
110044413355
110044413364
110044413373
110044413382
110044413408
110044413417
110044413426
110044413435
110044413471
110044413499
110044413505
110044413514
110044413532
110044413541
110044413550
110044413569
110044413596
110044413603
110044413612
110044413621
110044413630
110044413658
110044413667
110044413676
110044413685
110044413694
110044413701
110044413729
110044413738
110044413747
110044413756
110044413783
110044413809
110044413827
110044413836
110044413845
110044413863
110044413872
110044413881
110044413890
110044413907
110044413916
110044413925
110044413934
110044413961
110044413989
110044413998
110044414014
110044414023
110044414032
110044414041
110044414050
110044414069
110044414078
110044414087
110044414103
110044414112
110044414121
110044414130
110044414149
110044414158
110044414167
110044414176
110044414185
110044414194
110044414201
110044414210
110044414229
110044414238
110044414247
110044414256
110044414265
110044414274
110044414283
110044414292
110044414318
110044414336
110044414345
110044414354
110044414381
110044414390
110044414407
110044414416
110044414434
110044414452
110044414461
110044414470
110044414498
110044414504
110044414513
110044414531
110044414540
110044414568
110044414577
110044414586
110044414595
110044414602
110044414611
110044414620
110044414648
110044414657
110044414666
110044414675
110044414684
110044414700
110044414719
110044414728
110044414737
110044414746
110044414755
110044414764
110044414773
110044414782
110044414791
110044414808
110044414817
110044414826
110044414844
110044414853
110044414871
110044414880
110044414899
110044414906
110044414915
110044414924
110044414933
110044414942
110044414951
110044414960
110044414979
110044414988
110044414997
110044415004
110044415013
110044415022
110044415031
110044415040
110044415059
110044415068
110044415086
110044415095
110044415102
110044415111
110044415120
110044415148
110044415157
110044415166
110044415175
110044415184
110044415193
110044415200
110044415219
110044415228
110044415237
110044415246
110044415255
110044415273
110044415282
110044415291
110044415308
110044415317
110044415326
110044415335
110044415344
110044415353
110044415362
110044415371
110044415380
110044415399
110044415406
110044415415
110044415424
110044415433
110044415442
110044415451
110044415460
110044415479
110044415488
110044415497
110044415503
110044415512
110044415530
110044415549
110044415558
110044415567
110044415576
110044415585
110044415594
110044415601
110044415610
110044415629
110044415638
110044415647
110044415665
110044415674
110044415683
110044415692
110044415709
110044415718
110044415727
110044415736
110044415745
110044415763
110044415772
110044415790
110044415816
110044415825
110044415843
110044415852
110044415861
110044415870
110044415889
110044415898
110044415905
110044415914
110044415932
110044415941
110044415950
110044415978
110044415987
110044415996
110044416003
110044416012
110044416021
110044416030
110044416049
110044416058
110044416085
110044416094
110044416101
110044416110
110044416129
110044416138
110044416147
110044416156
110044416165
110044416174
110044416183
110044416192
110044416209
110044416218
110044416227
110044416236
110044416245
110044416254
110044416263
110044416272
110044416281
110044416307
110044416316
110044416334
110044416343
110044416352
110044416370
110044416389
110044416405
110044416414
110044416423
110044416441
110044416450
110044416469
110044416478
110044416487
110044416496
110044416502
110044416511
110044416539
110044416548
110044416557
110044416566
110044416575
110044416584
110044416593
110044416600
110044416619
110044416628
110044416637
110044416646
110044416655
110044416664
110044416673
110044416682
110044416691
110044416708
110044416717
110044416726
110044416735
110044416744
110044416753
110044416762
110044416780
110044416799
110044416806
110044416815
110044416824
110044416833
110044416842
110044416851
110044416860
110044416879
110044416888
110044416913
110044416922
110044416940
110044416968
110044416986
110044417002
110044417020
110044417039
110044417048
110044417066
110044417093
110044417119
110044417137
110044417146
110044417155
110044417164
110044417182
110044417208
110044417217
110044417226
110044417235
110044417244
110044417253
110044417271
110044417280
110044417306
110044417315
110044417333
110044417342
110044417360
110044417379
110044417413
110044417422
110044417431
110044417459
110044417486
110044417495
110044417501
110044417510
110044417529
110044417538
110044417556
110044417583
110044417618
110044417627
110044417645
110044417672
110044417716
110044417761
110044417770
110044417805
110044417814
110044417832
110044417841
110044417850
110044417887
110044417921
110044417930
110044417949
110044417985
110044417994
110044418001
110044418010
110044418038
110044418047
110044418056
110044418065
110044418074
110044418092
110044418109
110044418118
110044418127
110044418136
110044418154
110044418163
110044418172
110044418190
110044418207
110044418216
110044418234
110044418243
110044418252
110044418261
110044418289
110044418298
110044418305
110044418314
110044418323
110044418332
110044418341
110044418350
110044418369
110044418378
110044418387
110044418396
110044418403
110044418412
110044418421
110044418449
110044418458
110044418467
110044418476
110044418485
110044418494
110044418500
110044418519
110044418528
110044418546
110044418555
110044418573
110044418591
110044418608
110044418617
110044418626
110044418635
110044418653
110044418662
110044418680
110044418699
110044418706
110044418733
110044418742
110044418751
110044418760
110044418797
110044418804
110044418813
110044418822
110044418831
110044418840
110044418859
110044418877
110044418886
110044418895
110044418902
110044418911
110044418920
110044418939
110044418948
110044418957
110044418966
110044418975
110044418984
110044418993
110044419000
110044419028
110044419037
110044419046
110044419055
110044419073
110044419082
110044419091
110044419108
110044419126
110044419135
110044419144
110044419153
110044419162
110044419180
110044419199
110044419206
110044419215
110044419224
110044419233
110044419251
110044419260
110044419279
110044419304
110044419322
110044419331
110044419340
110044419359
110044419368
110044419386
110044419395
110044419402
110044419411
110044419420
110044419448
110044419457
110044419484
110044419493
110044419509
110044419518
110044419527
110044419545
110044419554
110044419563
110044419572
110044419581
110044419590
110044419607
110044419616
110044419625
110044419643
110044419652
110044419661
110044419670
110044419689
110044419698
110044419714
110044419723
110044419732
110044419741
110044419750
110044419778
110044419787
110044419796
110044419803
110044419812
110044419821
110044419849
110044419867
110044419876
110044419894
110044419901
110044419910
110044419929
110044419938
110044419956
110044419965
110044419974
110044419983
110044420016
110044420025
110044420043
110044420052
110044420098
110044420105
110044420114
110044420123
110044420141
110044420169
110044420187
110044420196
110044420203
110044420221
110044420230
110044420249
110044420258
110044420267
110044420285
110044420294
110044420301
110044420310
110044420338
110044420347
110044420356
110044420365
110044420374
110044420383
110044420392
110044420409
110044420418
110044420427
110044420436
110044420445
110044420454
110044420463
110044420472
110044420490
110044420506
110044420515
110044420533
110044420542
110044420551
110044420560
110044420579
110044420588
110044420597
110044420604
110044420613
110044420622
110044420631
110044420659
110044420668
110044420677
110044420695
110044420711
110044420720
110044420739
110044420766
110044420775
110044420784
110044420800
110044420819
110044420828
110044420837
110044420846
110044420855
110044420873
110044420882
110044420891
110044420908
110044420917
110044420926
110044420935
110044420944
110044420953
110044420962
110044420971
110044420980
110044420999
110044421006
110044421015
110044421024
110044421051
110044421060
110044421079
