110044421088
110044421097
110044421104
110044421113
110044421122
110044421131
110044421140
110044421159
110044421177
110044421186
110044421195
110044421202
110044421220
110044421239
110044421257
110044421266
110044421275
110044421284
110044421300
110044421319
110044421328
110044421337
110044421346
110044421373
110044421382
110044421391
110044421408
110044421417
110044421435
110044421444
110044421453
110044421471
110044421480
110044421499
110044421505
110044421523
110044421532
110044421541
110044421550
110044421578
110044421587
110044421596
110044421603
110044421621
110044421630
110044421649
110044421658
110044421667
110044421685
110044421694
110044421701
110044421729
110044421738
110044421747
110044421756
110044421783
110044421809
110044421818
110044421836
110044421845
110044421863
110044421872
110044421907
110044421916
110044421925
110044421934
110044421952
110044421961
110044421989
110044421998
110044422023
110044422032
110044422050
110044422069
110044422078
110044422112
110044422130
110044422149
110044422158
110044422167
110044422176
110044422194
110044422201
110044422229
110044422238
110044422256
110044422265
110044422283
110044422292
110044422318
110044422345
110044422354
110044422372
110044422381
110044422390
110044422407
110044422425
110044422434
110044422443
110044422461
110044422470
110044422489
110044422498
110044422504
110044422522
110044422531
110044422540
110044422559
110044422577
110044422586
110044422595
110044422602
110044422648
110044422657
110044422675
110044422684
110044422693
110044422728
110044422737
110044422755
110044422764
110044422773
110044422808
110044422817
110044422826
110044422853
110044422862
110044422880
110044422906
110044422915
110044422924
110044422933
110044422942
110044422960
110044422979
110044422988
110044422997
110044423004
110044423013
110044423022
110044423059
110044423068
110044423077
110044423086
110044423095
110044423102
110044423120
110044423139
110044423157
110044423166
110044423175
110044423184
110044423193
110044423200
110044423219
110044423228
110044423264
110044423273
110044423282
110044423291
110044423326
110044423353
110044423362
110044423380
110044423399
110044423406
110044423415
110044423433
110044423442
110044423451
110044423460
110044423488
110044423497
110044423503
110044423521
110044423530
110044423549
110044423558
110044423576
110044423594
110044423601
110044423638
110044423656
110044423665
110044423683
110044423709
110044423727
110044423745
110044423754
110044423781
110044423807
110044423816
110044423825
110044423843
110044423852
110044423861
110044423870
110044423889
110044423898
110044423905
110044423914
110044423923
110044423932
110044423941
110044423950
110044423969
110044423978
110044423987
110044423996
110044424012
110044424021
110044424030
110044424058
110044424067
110044424076
110044424094
110044424101
110044424110
110044424129
110044424138
110044424147
110044424156
110044424165
110044424174
110044424183
110044424192
110044424218
110044424227
110044424236
110044424245
110044424254
110044424263
110044424272
110044424307
110044424316
110044424325
110044424334
110044424343
110044424361
110044424370
110044424398
110044424405
110044424423
110044424432
110044424441
110044424469
110044424478
110044424487
110044424496
110044424520
110044424539
110044424557
110044424566
110044424575
110044424593
110044424600
110044424619
110044424628
110044424637
110044424646
110044424655
110044424673
110044424708
110044424717
110044424735
110044424744
110044424753
110044424762
110044424799
110044424806
110044424815
110044424833
110044424842
110044424851
110044424860
110044424888
110044424904
110044424913
110044424922
110044424940
110044424959
110044424968
110044424977
110044424995
110044425002
110044425011
110044425020
110044425039
110044425048
110044425057
110044425075
110044425084
110044425093
110044425119
110044425128
110044425137
110044425155
110044425164
110044425173
110044425191
110044425208
110044425217
110044425226
110044425235
110044425244
110044425262
110044425271
110044425280
110044425306
110044425324
110044425333
110044425342
110044425351
110044425360
110044425379
110044425388
110044425397
110044425404
110044425413
110044425422
110044425440
110044425459
110044425468
110044425477
110044425486
110044425495
110044425501
110044425510
110044425538
110044425547
110044425565
110044425583
110044425592
110044425609
110044425636
110044425645
110044425654
110044425672
110044425681
110044425707
110044425716
110044425725
110044425734
110044425743
110044425752
110044425770
110044425798
110044425823
110044425841
110044425869
110044425878
110044425887
110044425896
110044425903
110044425912
110044425921
110044425930
110044425949
110044425958
110044425967
110044425976
110044425985
110044425994
110044426001
110044426010
110044426029
110044426047
110044426056
110044426065
110044426074
110044426083
110044426092
110044426118
110044426127
110044426136
110044426145
110044426163
110044426172
110044426181
110044426207
110044426234
110044426270
110044426289
110044426305
110044426314
110044426332
110044426341
110044426350
110044426369
110044426378
110044426387
110044426403
110044426412
110044426430
110044426449
110044426467
110044426485
110044426494
110044426500
110044426528
110044426546
110044426555
110044426564
110044426582
110044426591
110044426608
110044426617
110044426626
110044426635
110044426644
110044426653
110044426662
110044426671
110044426680
110044426706
110044426715
110044426733
110044426742
110044426751
110044426760
110044426779
110044426788
110044426797
110044426804
110044426813
110044426822
110044426840
110044426859
110044426868
110044426877
110044426902
110044426911
110044426920
110044426939
110044426948
110044426957
110044426966
110044426975
110044426984
110044426993
110044427000
110044427019
110044427028
110044427037
110044427046
110044427055
110044427064
110044427082
110044427108
110044427117
110044427126
110044427135
110044427153
110044427162
110044427171
110044427180
110044427199
110044427206
110044427215
110044427233
110044427242
110044427251
110044427260
110044427279
110044427288
110044427297
110044427304
110044427322
110044427331
110044427340
110044427359
110044427368
110044427377
110044427386
110044427395
110044427402
110044427411
110044427420
110044427448
110044427466
110044427475
110044427493
110044427509
110044427518
110044427527
110044427536
110044427545
110044427563
110044427572
110044427581
110044427590
110044427607
110044427616
110044427625
110044427634
110044427643
110044427652
110044427661
110044427670
110044427689
110044427698
110044427705
110044427723
110044427732
110044427741
110044427769
110044427778
110044427796
110044427803
110044427821
110044427830
110044427858
110044427867
110044427894
110044427901
110044427910
110044427929
110044427947
110044427965
110044428009
110044428018
110044428027
110044428045
110044428054
110044428072
110044428081
110044428090
110044428116
110044428125
110044428143
110044428170
110044428189
110044428214
110044428232
110044428250
110044428269
110044428278
110044428296
110044428312
110044428321
110044428330
110044428349
110044428358
110044428376
110044428401
110044428410
110044428438
110044428456
110044428465
110044428492
110044428526
110044428544
110044428562
110044428580
110044428606
110044428615
110044428624
110044428642
110044428651
110044428660
110044428679
110044428704
110044428722
110044428740
110044428759
110044428777
110044428802
110044428866
110044428884
110044428893
110044428900
110044428919
110044428946
110044428955
110044428973
110044428982
110044428991
110044429026
110044429035
110044429053
110044429071
110044429106
110044429115
110044429133
110044429142
110044429160
110044429179
110044429197
110044429204
110044429213
110044429222
110044429231
110044429240
110044429259
110044429277
110044429286
110044429295
110044429302
110044429320
110044429348
110044429357
110044429366
110044429375
110044429384
110044429393
110044429400
110044429419
110044429437
110044429446
110044429455
110044429473
110044429482
110044429491
110044429516
110044429525
110044429534
110044429543
110044429561
110044429570
110044429589
110044429598
110044429605
110044429614
110044429623
110044429632
110044429641
110044429650
110044429687
110044429696
110044429703
110044429712
110044429721
110044429730
110044429749
110044429758
110044429767
110044429776
110044429785
110044429794
110044429801
110044429810
110044429829
110044429838
110044429847
110044429856
110044429874
110044429892
110044429909
110044429918
110044429927
110044429945
110044429954
110044429963
110044429972
110044429981
110044430005
110044430023
110044430041
110044430050
110044430069
110044430087
110044430096
110044430103
110044430112
110044430121
110044430130
110044430149
110044430158
110044430176
110044430194
110044430201
110044430210
110044430229
110044430238
110044430265
110044430274
110044430283
110044430292
110044430309
110044430318
110044430336
110044430345
110044430354
110044430363
110044430372
110044430381
110044430390
110044430416
110044430434
110044430443
110044430452
110044430470
110044430489
110044430498
110044430504
110044430513
110044430522
110044430531
110044430540
110044430577
110044430586
110044430595
110044430602
110044430611
110044430620
110044430639
110044430648
110044430657
110044430675
110044430684
110044430693
110044430700
110044430719
110044430728
110044430737
110044430746
110044430755
110044430764
110044430773
110044430782
110044430791
110044430817
110044430826
110044430835
110044430844
110044430853
110044430862
110044430880
110044430899
110044430906
110044430915
110044430933
110044430942
110044430951
110044430960
110044430979
110044430988
110044431004
110044431013
110044431031
110044431040
110044431059
110044431077
110044431086
110044431095
110044431102
110044431111
110044431120
110044431139
110044431148
110044431157
110044431166
110044431175
110044431193
110044431200
110044431219
110044431228
110044431237
110044431255
110044431264
110044431273
110044431291
110044431317
110044431335
110044431344
110044431362
110044431371
110044431380
110044431399
110044431415
110044431424
110044431433
110044431442
110044431451
110044431460
110044431479
110044431488
110044431503
110044431512
110044431530
110044431558
110044431567
110044431576
110044431585
110044431594
110044431610
110044431629
110044431638
110044431656
110044431674
110044431683
110044431692
110044431718
110044431727
110044431736
110044431745
110044431754
110044431763
110044431772
110044431790
110044431807
110044431816
110044431825
110044431852
110044431861
110044431870
110044431898
110044431905
110044431923
110044431932
110044431941
110044431950
110044431969
110044431978
110044431987
110044431996
110044432003
110044432012
110044432030
110044432049
110044432067
110044432076
110044432085
110044432094
110044432101
110044432110
110044432129
110044432138
110044432147
110044432156
110044432165
110044432174
110044432183
110044432192
110044432209
110044432218
110044432227
110044432236
110044432245
110044432254
110044432272
110044432290
110044432307
110044432316
110044432325
110044432334
110044432343
110044432352
110044432361
110044432370
110044432389
110044432398
110044432405
110044432414
110044432423
110044432432
110044432441
110044432469
110044432496
110044432511
110044432520
110044432539
110044432548
110044432566
110044432575
110044432584
110044432600
110044432628
110044432637
110044432646
110044432655
110044432664
110044432673
110044432682
110044432708
110044432717
110044432735
110044432753
110044432762
110044432771
110044432780
110044432799
110044432806
110044432815
110044432824
110044432833
110044432851
110044432888
110044432913
110044432931
110044432959
110044432968
110044432977
110044432986
110044433011
110044433020
110044433039
110044433048
110044433066
110044433075
110044433100
110044433119
110044433128
110044433137
110044433146
110044433155
110044433164
110044433182
110044433191
110044433217
110044433226
110044433244
110044433253
110044433262
110044433271
110044433280
110044433299
110044433315
110044433324
110044433333
110044433342
110044433360
110044433379
110044433397
110044433413
110044433422
110044433431
110044433440
110044433459
110044433468
110044433477
110044433486
110044433495
110044433501
110044433510
110044433529
110044433538
110044433547
110044433556
110044433565
110044433574
110044433583
110044433592
110044433609
110044433618
110044433627
110044433636
110044433645
110044433654
110044433663
110044433672
110044433690
110044433707
110044433716
110044433725
110044433734
110044433743
110044433752
110044433761
110044433770
110044433789
110044433798
110044433805
110044433814
110044433823
110044433832
110044433869
110044433887
110044433896
110044433903
110044433921
110044433930
110044433958
110044433976
110044433985
110044434001
110044434038
110044434047
110044434056
110044434083
110044434109
110044434127
110044434145
110044434154
110044434163
110044434190
110044434207
110044434225
110044434234
110044434243
110044434261
110044434298
110044434305
110044434314
110044434332
110044434341
110044434350
110044434369
110044434378
110044434387
