110044434396
110044434403
110044434412
110044434421
110044434449
110044434458
110044434467
110044434476
110044434528
110044434537
110044434546
110044434555
110044434573
110044434582
110044434591
110044434608
110044434617
110044434644
110044434653
110044434662
110044434671
110044434680
110044434699
110044434715
110044434733
110044434742
110044434779
110044434804
110044434813
110044434822
110044434840
110044434859
110044434895
110044434902
110044434911
110044434920
110044434948
110044434966
110044434975
110044435000
110044435019
110044435028
110044435037
110044435046
110044435055
110044435064
110044435082
110044435091
110044435108
110044435117
110044435126
110044435144
110044435153
110044435171
110044435199
110044435206
110044435215
110044435233
110044435242
110044435251
110044435260
110044435279
110044435288
110044435297
110044435313
110044435331
110044435340
110044435359
110044435368
110044435377
110044435386
110044435402
110044435411
110044435420
110044435439
110044435448
110044435457
110044435466
110044435475
110044435484
110044435493
110044435527
110044435536
110044435545
110044435554
110044435572
110044435581
110044435590
110044435607
110044435634
110044435643
110044435652
110044435661
110044435689
110044435698
110044435705
110044435714
110044435723
110044435732
110044435750
110044435769
110044435778
110044435796
110044435803
110044435812
110044435830
110044435849
110044435867
110044435876
110044435901
110044435910
110044435929
110044435938
110044435965
110044435974
110044435992
110044436009
110044436018
110044436027
110044436036
110044436045
110044436107
110044436116
110044436152
110044436161
110044436170
110044436189
110044436198
110044436214
110044436232
110044436250
110044436269
110044436278
110044436330
110044436349
110044436367
110044436385
110044436401
110044436429
110044436456
110044436465
110044436517
110044436526
110044436535
110044436544
110044436553
110044436562
110044436571
110044436580
110044436599
110044436606
110044436615
110044436633
110044436642
110044436679
110044436688
110044436697
110044436704
110044436713
110044436731
110044436740
110044436768
110044436777
110044436786
110044436795
110044436802
110044436811
110044436820
110044436839
110044436848
110044436857
110044436866
110044436875
110044436900
110044436919
110044436928
110044436937
110044436955
110044436973
110044436982
110044436991
110044437008
110044437035
110044437044
110044437062
110044437071
110044437080
110044437106
110044437124
110044437133
110044437142
110044437160
110044437179
110044437188
110044437197
110044437213
110044437231
110044437259
110044437268
110044437277
110044437286
110044437295
110044437302
110044437311
110044437320
110044437339
110044437357
110044437375
110044437393
110044437400
110044437419
110044437455
110044437464
110044437491
110044437507
110044437516
110044437534
110044437543
110044437552
110044437561
110044437589
110044437598
110044437614
110044437623
110044437632
110044437641
110044437669
110044437687
110044437696
110044437703
110044437721
110044437730
110044437749
110044437758
110044437776
110044437785
110044437794
110044437801
110044437810
110044437829
110044437838
110044437847
110044437865
110044437883
110044437892
110044437909
110044437918
110044437927
110044437936
110044437963
110044437972
110044437981
110044438025
110044438061
110044438070
110044438114
110044438123
110044438141
110044438150
110044438169
110044438178
110044438196
110044438203
110044438212
110044438221
110044438230
110044438249
110044438258
110044438276
110044438285
110044438294
110044438329
110044438347
110044438356
110044438374
110044438383
110044438392
110044438418
110044438427
110044438445
110044438454
110044438463
110044438472
110044438481
110044438490
110044438506
110044438515
110044438524
110044438533
110044438542
110044438551
110044438560
110044438579
110044438597
110044438604
110044438613
110044438622
110044438631
110044438659
110044438677
110044438695
110044438702
110044438739
110044438748
110044438757
110044438784
110044438793
110044438800
110044438828
110044438837
110044438846
110044438855
110044438864
110044438908
110044438935
110044438953
110044438962
110044438980
110044439015
110044439033
110044439042
110044439060
110044439079
110044439088
110044439104
110044439113
110044439131
110044439159
110044439168
110044439177
110044439202
110044439220
110044439239
110044439248
110044439257
110044439275
110044439284
110044439293
110044439328
110044439346
110044439355
110044439364
110044439382
110044439391
110044439408
110044439417
110044439444
110044439453
110044439462
110044439471
110044439499
110044439505
110044439514
110044439523
110044439532
110044439541
110044439550
110044439569
110044439578
110044439587
110044439596
110044439603
110044439612
110044439621
110044439630
110044439658
110044439667
110044439676
110044439685
110044439694
110044439701
110044439710
110044439729
110044439738
110044439747
110044439756
110044439774
110044439783
110044439792
110044439818
110044439827
110044439836
110044439845
110044439863
110044439872
110044439881
110044439890
110044439916
110044439925
110044439934
110044439943
110044439952
110044439961
110044439970
110044439989
110044439998
110044440003
110044440012
110044440021
110044440030
110044440049
110044440058
110044440067
110044440076
110044440085
110044440094
110044440110
110044440129
110044440138
110044440147
110044440156
110044440165
110044440174
110044440183
110044440192
110044440218
110044440227
110044440236
110044440245
110044440263
110044440272
110044440281
110044440307
110044440316
110044440334
110044440352
110044440361
110044440389
110044440398
110044440414
110044440423
110044440432
110044440441
110044440469
110044440478
110044440496
110044440502
110044440511
110044440548
110044440557
110044440566
110044440575
110044440593
110044440600
110044440628
110044440637
110044440655
110044440673
110044440691
110044440735
110044440753
110044440771
110044440780
110044440799
110044440806
110044440815
110044440824
110044440842
110044440851
110044440879
110044440888
110044440904
110044440922
110044440931
110044440940
110044440959
110044440977
110044440986
110044440995
110044441002
110044441011
110044441020
110044441039
110044441048
110044441057
110044441084
110044441093
110044441100
110044441119
110044441128
110044441146
110044441155
110044441164
110044441173
110044441182
110044441191
110044441208
110044441217
110044441226
110044441244
110044441253
110044441262
110044441271
110044441280
110044441299
110044441315
110044441324
110044441333
110044441351
110044441360
110044441379
110044441388
110044441397
110044441413
110044441422
110044441440
110044441459
110044441468
110044441477
110044441486
110044441495
110044441510
110044441538
110044441547
110044441556
110044441565
110044441583
110044441592
110044441609
110044441618
110044441636
110044441645
110044441654
110044441663
110044441672
110044441681
110044441707
110044441716
110044441725
110044441734
110044441743
110044441752
110044441770
110044441789
110044441798
110044441805
110044441814
110044441823
110044441841
110044441850
110044441878
110044441887
110044441896
110044441903
110044441912
110044441921
110044441930
110044441958
110044441967
110044441976
110044441985
110044441994
110044442010
110044442029
110044442047
110044442056
110044442065
110044442074
110044442109
110044442118
110044442136
110044442145
110044442154
110044442172
110044442181
110044442207
110044442216
110044442225
110044442234
110044442243
110044442252
110044442261
110044442289
110044442298
110044442305
110044442314
110044442323
110044442341
110044442350
110044442369
110044442378
110044442387
110044442396
110044442403
110044442412
110044442421
110044442449
110044442458
110044442467
110044442476
110044442485
110044442500
110044442528
110044442537
110044442546
110044442555
110044442564
110044442573
110044442582
110044442591
110044442608
110044442617
110044442626
110044442635
110044442644
110044442653
110044442662
110044442671
110044442680
110044442699
110044442706
110044442715
110044442724
110044442733
110044442742
110044442751
110044442760
110044442779
110044442788
110044442797
110044442813
110044442831
110044442859
110044442868
110044442886
110044442895
110044442902
110044442911
110044442920
110044442939
110044442948
110044442957
110044442966
110044442984
110044443000
110044443019
110044443037
110044443046
110044443064
110044443073
110044443091
110044443108
110044443117
110044443126
110044443135
110044443144
110044443153
110044443162
110044443199
110044443206
110044443215
110044443233
110044443251
110044443288
110044443304
110044443313
110044443322
110044443331
110044443340
110044443359
110044443386
110044443402
110044443411
110044443439
110044443457
110044443466
110044443484
110044443518
110044443527
110044443536
110044443545
110044443554
110044443563
110044443572
110044443581
110044443590
110044443607
110044443625
110044443634
110044443643
110044443652
110044443661
110044443670
110044443698
110044443705
110044443714
110044443723
110044443732
110044443741
110044443750
110044443778
110044443796
110044443803
110044443812
110044443876
110044443885
110044443910
110044443938
110044443956
110044443965
110044443983
110044443992
110044444009
110044444018
110044444027
110044444036
110044444045
110044444054
110044444063
110044444072
110044444081
110044444107
110044444125
110044444143
110044444152
110044444161
110044444198
110044444214
110044444223
110044444232
110044444241
110044444250
110044444278
110044444296
110044444303
110044444312
110044444321
110044444330
110044444349
110044444358
110044444367
110044444376
110044444394
110044444401
110044444410
110044444438
110044444456
110044444483
110044444492
110044444508
110044444526
110044444535
110044444544
110044444553
110044444562
110044444571
110044444580
110044444606
110044444624
110044444633
110044444651
110044444660
110044444697
110044444704
110044444713
110044444740
110044444759
110044444768
110044444777
110044444786
110044444795
110044444802
110044444820
110044444839
110044444848
110044444857
110044444866
110044444875
110044444893
110044444919
110044444928
110044444946
110044444964
110044444982
110044444991
110044445008
110044445035
110044445044
110044445053
110044445062
110044445080
110044445115
110044445124
110044445133
110044445142
110044445151
110044445160
110044445179
110044445188
110044445197
110044445204
110044445213
110044445222
110044445231
110044445259
110044445268
110044445277
110044445295
110044445311
110044445320
110044445339
110044445348
110044445366
110044445375
110044445393
110044445400
110044445419
110044445428
110044445437
110044445446
110044445455
110044445473
110044445482
110044445491
110044445507
110044445516
110044445525
110044445534
110044445552
110044445561
110044445570
110044445589
110044445614
110044445623
110044445632
110044445650
110044445669
110044445678
110044445703
110044445712
110044445749
110044445758
110044445767
110044445776
110044445794
110044445801
110044445838
110044445865
110044445874
110044445892
110044445927
110044445945
110044445954
110044445963
110044445972
110044445990
110044446016
110044446025
110044446043
110044446052
110044446070
110044446089
110044446098
110044446105
110044446114
110044446123
110044446141
110044446150
110044446169
110044446178
110044446187
110044446196
110044446203
110044446212
110044446221
110044446230
110044446249
110044446258
110044446267
110044446276
110044446285
110044446301
110044446310
110044446329
110044446338
110044446356
110044446365
110044446374
110044446383
110044446409
110044446418
110044446427
110044446454
110044446463
110044446472
110044446490
110044446506
110044446515
110044446524
110044446542
110044446551
110044446560
110044446588
110044446597
110044446622
110044446631
110044446640
110044446668
110044446677
110044446686
110044446702
110044446748
110044446784
110044446864
110044446917
110044446926
110044446935
110044446944
110044446953
110044446971
110044446980
110044447015
110044447024
110044447033
110044447042
110044447079
110044447088
110044447097
110044447104
110044447113
110044447131
110044447140
110044447177
110044447186
110044447202
110044447211
110044447220
110044447248
110044447266
110044447293
110044447300
110044447319
110044447328
110044447373
110044447426
110044447471
110044447480
110044447578
110044447603
110044447649
110044447658
110044447676
110044447685
110044447710
110044447747
110044447756
110044447765
110044447783
110044447792
110044447818
110044447827
110044447836
110044447854
110044447872
110044447881
110044447890
110044447907
110044447916
110044447934
110044447943
110044447952
110044447970
110044448005
110044448014
110044448032
110044448041
110044448050
110044448069
110044448078
110044448087
110044448112
110044448121
110044448158
110044448201
110044448229
110044448238
110044448247
110044448256
110044448274
110044448292
110044448309
110044448327
110044448336
110044448345
110044448354
110044448363
110044448372
110044448381
110044448390
110044448416
110044448434
110044448461
110044448470
110044448489
110044448504
110044448522
110044448531
110044448540
110044448559
110044448577
