110044448595
110044448602
110044448611
110044448620
110044448639
110044448648
110044448666
110044448684
110044448693
110044448700
110044448719
110044448728
110044448737
110044448746
110044448755
110044448764
110044448773
110044448782
110044448791
110044448808
110044448817
110044448826
110044448844
110044448853
110044448862
110044448880
110044448899
110044448906
110044448915
110044448924
110044448933
110044448951
110044448979
110044448988
110044448997
110044449004
110044449013
110044449022
110044449059
110044449068
110044449077
110044449102
110044449111
110044449120
110044449139
110044449148
110044449166
110044449175
110044449193
110044449200
110044449228
110044449237
110044449246
110044449264
110044449273
110044449282
110044449291
110044449308
110044449317
110044449335
110044449362
110044449371
110044449380
110044449399
110044449415
110044449424
110044449442
110044449460
110044449479
110044449488
110044449497
110044449503
110044449512
110044449521
110044449530
110044449549
110044449558
110044449576
110044449585
110044449610
110044449629
110044449638
110044449647
110044449656
110044449665
110044449674
110044449683
110044449692
110044449709
110044449718
110044449727
110044449736
110044449745
110044449754
110044449763
110044449772
110044449781
110044449790
110044449807
110044449816
110044449825
110044449834
110044449843
110044449852
110044449861
110044449870
110044449889
110044449898
110044449905
110044449914
110044449923
110044449932
110044449941
110044449950
110044449969
110044449978
110044449987
110044449996
110044450000
110044450019
110044450028
110044450037
110044450046
110044450055
110044450073
110044450082
110044450091
110044450108
110044450117
110044450135
110044450144
110044450153
110044450162
110044450171
110044450180
110044450199
110044450206
110044450215
110044450251
110044450260
110044450279
110044450297
110044450304
110044450313
110044450322
110044450331
110044450340
110044450359
110044450368
110044450377
110044450386
110044450395
110044450402
110044450411
110044450420
110044450439
110044450448
110044450457
110044450466
110044450484
110044450493
110044450509
110044450518
110044450536
110044450545
110044450554
110044450563
110044450572
110044450581
110044450590
110044450607
110044450616
110044450625
110044450634
110044450643
110044450652
110044450670
110044450689
110044450698
110044450705
110044450714
110044450732
110044450741
110044450750
110044450769
110044450778
110044450787
110044450796
110044450803
110044450812
110044450821
110044450849
110044450867
110044450894
110044450901
110044450929
110044450938
110044450947
110044450956
110044450965
110044450974
110044450983
110044451009
110044451027
110044451054
110044451063
110044451072
110044451081
110044451090
110044451107
110044451116
110044451125
110044451134
110044451143
110044451152
110044451161
110044451170
110044451189
110044451198
110044451205
110044451214
110044451223
110044451232
110044451241
110044451250
110044451269
110044451303
110044451312
110044451321
110044451349
110044451358
110044451367
110044451376
110044451385
110044451394
110044451401
110044451410
110044451429
110044451438
110044451447
110044451456
110044451465
110044451474
110044451483
110044451492
110044451508
110044451517
110044451526
110044451535
110044451544
110044451553
110044451562
110044451571
110044451580
110044451599
110044451606
110044451615
110044451624
110044451633
110044451642
110044451651
110044451660
110044451688
110044451697
110044451704
110044451713
110044451722
110044451731
110044451740
110044451759
110044451768
110044451777
110044451786
110044451795
110044451802
110044451811
110044451820
110044451839
110044451848
110044451857
110044451866
110044451875
110044451884
110044451893
110044451900
110044451919
110044451928
110044451937
110044451946
110044451955
110044451964
110044451973
110044452008
110044452017
110044452026
110044452035
110044452044
110044452053
110044452062
110044452071
110044452080
110044452099
110044452106
110044452115
110044452124
110044452133
110044452142
110044452151
110044452160
110044452179
110044452188
110044452197
110044452204
110044452213
110044452222
110044452240
110044452259
110044452268
110044452277
110044452286
110044452295
110044452302
110044452311
110044452320
110044452339
110044452348
110044452357
110044452366
110044452384
110044452393
110044452400
110044452419
110044452428
110044452437
110044452446
110044452455
110044452464
110044452473
110044452482
110044452491
110044452507
110044452516
110044452525
110044452534
110044452543
110044452552
110044452561
110044452570
110044452589
110044452598
110044452605
110044452614
110044452623
110044452632
110044452641
110044452650
110044452669
110044452678
110044452687
110044452712
110044452721
110044452730
110044452749
110044452758
110044452767
110044452776
110044452785
110044452794
110044452801
110044452829
110044452838
110044452847
110044452856
110044452865
110044452874
110044452883
110044452909
110044452918
110044452936
110044452954
110044452963
110044452981
110044452990
110044453007
110044453016
110044453025
110044453034
110044453043
110044453052
110044453061
110044453070
110044453089
110044453098
110044453105
110044453114
110044453123
110044453132
110044453141
110044453150
110044453169
110044453178
110044453187
110044453196
110044453203
110044453212
110044453221
110044453230
110044453249
110044453267
110044453276
110044453285
110044453294
110044453301
110044453310
110044453329
110044453338
110044453347
110044453356
110044453365
110044453374
110044453383
110044453392
110044453409
110044453418
110044453436
110044453445
110044453454
110044453472
110044453481
110044453490
110044453506
110044453515
110044453524
110044453533
110044453542
110044453560
110044453579
110044453588
110044453597
110044453604
110044453613
110044453622
110044453631
110044453640
110044453659
110044453668
110044453677
110044453686
110044453695
110044453702
110044453711
110044453739
110044453748
110044453766
110044453775
110044453784
110044453793
110044453800
110044453819
110044453828
110044453837
110044453846
110044453855
110044453864
110044453873
110044453882
110044453891
110044453926
110044453935
110044453944
110044453962
110044453971
110044453980
110044454006
110044454015
110044454024
110044454042
110044454051
110044454088
110044454097
110044454113
110044454131
110044454159
110044454168
110044454177
110044454186
110044454202
110044454211
110044454220
110044454239
110044454248
110044454257
110044454266
110044454275
110044454284
110044454293
110044454300
110044454319
110044454328
110044454337
110044454346
110044454355
110044454373
110044454382
110044454391
110044454408
110044454417
110044454426
110044454435
110044454444
110044454453
110044454462
110044454471
110044454480
110044454505
110044454514
110044454523
110044454532
110044454541
110044454550
110044454569
110044454578
110044454587
110044454596
110044454603
110044454612
110044454630
110044454649
110044454658
110044454667
110044454685
110044454701
110044454710
110044454729
110044454738
110044454747
110044454756
110044454765
110044454774
110044454792
110044454809
110044454818
110044454836
110044454845
110044454854
110044454872
110044454881
110044454907
110044454916
110044454925
110044454934
110044454952
110044454970
110044454998
110044455005
110044455014
110044455023
110044455032
110044455041
110044455069
110044455078
110044455096
110044455103
110044455112
110044455121
110044455130
110044455149
110044455158
110044455167
110044455185
110044455194
110044455201
110044455210
110044455229
110044455238
110044455247
110044455256
110044455274
110044455283
110044455292
110044455318
110044455327
110044455336
110044455345
110044455354
110044455363
110044455381
110044455390
110044455407
110044455416
110044455425
110044455434
110044455443
110044455452
110044455461
110044455470
110044455489
110044455498
110044455504
110044455513
110044455522
110044455531
110044455540
110044455559
110044455568
110044455577
110044455586
110044455602
110044455611
110044455639
110044455648
110044455657
110044455666
110044455675
110044455684
110044455693
110044455700
110044455719
110044455728
110044455746
110044455755
110044455764
110044455773
110044455782
110044455791
110044455808
110044455826
110044455835
110044455844
110044455853
110044455862
110044455871
110044455880
110044455899
110044455915
110044455924
110044455942
110044455960
110044455988
110044456004
110044456022
110044456031
110044456040
110044456068
110044456077
110044456086
110044456102
110044456111
110044456139
110044456148
110044456157
110044456166
110044456175
110044456184
110044456193
110044456200
110044456219
110044456228
110044456237
110044456246
110044456255
110044456264
110044456273
110044456282
110044456291
110044456308
110044456317
110044456326
110044456335
110044456344
110044456353
110044456362
110044456371
110044456380
110044456399
110044456406
110044456415
110044456424
110044456442
110044456451
110044456460
110044456479
110044456488
110044456497
110044456503
110044456512
110044456521
110044456549
110044456558
110044456567
110044456576
110044456585
110044456594
110044456601
110044456610
110044456647
110044456656
110044456683
110044456692
110044456709
110044456727
110044456736
110044456745
110044456763
110044456772
110044456781
110044456790
110044456807
110044456816
110044456825
110044456834
110044456843
110044456861
110044456898
110044456905
110044456941
110044456950
110044456969
110044456978
110044456987
110044456996
110044457003
110044457021
110044457030
110044457058
110044457067
110044457076
110044457094
110044457110
110044457129
110044457138
110044457147
110044457165
110044457174
110044457218
110044457236
110044457254
110044457263
110044457272
110044457281
110044457290
110044457307
110044457316
110044457325
110044457334
110044457343
110044457361
110044457370
110044457398
110044457405
110044457423
110044457432
110044457441
110044457450
110044457469
110044457478
110044457487
110044457502
110044457511
110044457520
110044457548
110044457566
110044457575
110044457584
110044457600
110044457619
110044457628
110044457637
110044457646
110044457655
110044457664
110044457673
110044457691
110044457726
110044457735
110044457744
110044457762
110044457771
110044457780
110044457799
110044457815
110044457824
110044457833
110044457842
110044457851
110044457860
110044457879
110044457888
110044457897
110044457904
110044457913
110044457922
110044457931
110044457940
110044457959
110044457968
110044457977
110044457995
110044458039
110044458048
110044458057
110044458075
110044458084
110044458100
110044458128
110044458146
110044458155
110044458164
110044458173
110044458182
110044458191
110044458217
110044458226
110044458235
110044458253
110044458262
110044458280
110044458299
110044458306
110044458324
110044458333
110044458360
110044458397
110044458404
110044458413
110044458422
110044458431
110044458440
110044458459
110044458468
110044458486
110044458495
110044458501
110044458538
110044458547
110044458556
110044458565
110044458574
110044458583
110044458592
110044458627
110044458663
110044458672
110044458681
110044458707
110044458716
110044458725
110044458734
110044458752
110044458761
110044458770
110044458789
110044458798
110044458805
110044458814
110044458823
110044458832
110044458850
110044458869
110044458887
110044458896
110044458903
110044458912
110044458930
110044458949
110044458958
110044458967
110044458976
110044458985
110044459001
110044459029
110044459047
110044459056
110044459065
110044459083
110044459092
110044459118
110044459127
110044459136
110044459145
110044459154
110044459163
110044459172
110044459181
110044459207
110044459216
110044459225
110044459234
110044459243
110044459252
110044459261
110044459270
110044459289
110044459298
110044459305
110044459323
110044459332
110044459341
110044459350
110044459369
110044459378
110044459387
110044459403
110044459430
110044459449
110044459458
110044459467
110044459476
110044459485
110044459494
110044459500
110044459528
110044459537
110044459546
110044459555
110044459564
110044459573
110044459582
110044459591
110044459608
110044459617
110044459626
110044459635
110044459644
110044459653
110044459662
110044459671
110044459680
110044459699
110044459706
110044459715
110044459724
110044459733
110044459742
110044459751
110044459760
110044459779
110044459788
110044459797
110044459804
110044459813
110044459822
110044459831
110044459840
110044459859
110044459868
110044459877
110044459895
110044459902
110044459911
110044459920
110044459948
110044459957
110044459966
110044459975
110044459984
110044459993
110044460008
110044460017
110044460026
110044460035
110044460044
110044460053
110044460062
110044460080
110044460099
110044460106
110044460115
110044460133
110044460142
110044460151
110044460160
110044460179
110044460197
110044460204
110044460213
110044460222
110044460231
110044460240
110044460259
110044460268
110044460277
110044460286
110044460302
110044460311
110044460320
110044460348
110044460357
110044460366
110044460375
110044460384
110044460393
110044460419
110044460428
110044460437
110044460446
110044460464
110044460473
110044460482
110044460491
