110044460516
110044460525
110044460534
110044460552
110044460561
110044460598
110044460605
110044460614
110044460623
110044460632
110044460641
110044460669
110044460678
110044460687
110044460696
110044460703
110044460712
110044460730
110044460749
110044460758
110044460767
110044460776
110044460785
110044460794
110044460801
110044460810
110044460838
110044460856
110044460865
110044460874
110044460883
110044460892
110044460909
110044460918
110044460927
110044460936
110044460945
110044460954
110044460963
110044460981
110044460990
110044461007
110044461016
110044461025
110044461034
110044461043
110044461052
110044461061
110044461089
110044461098
110044461105
110044461114
110044461123
110044461132
110044461141
110044461169
110044461178
110044461187
110044461196
110044461203
110044461212
110044461230
110044461249
110044461258
110044461285
110044461294
110044461310
110044461329
110044461338
110044461347
110044461365
110044461383
110044461392
110044461409
110044461418
110044461436
110044461445
110044461454
110044461463
110044461472
110044461481
110044461490
110044461506
110044461515
110044461524
110044461533
110044461542
110044461551
110044461560
110044461588
110044461604
110044461613
110044461622
110044461631
110044461640
110044461659
110044461677
110044461686
110044461695
110044461702
110044461720
110044461748
110044461757
110044461766
110044461775
110044461793
110044461819
110044461828
110044461837
110044461846
110044461855
110044461864
110044461891
110044461908
110044461917
110044461926
110044461935
110044461944
110044461953
110044461962
110044461971
110044461980
110044461999
110044462015
110044462024
110044462033
110044462042
110044462051
110044462060
110044462079
110044462097
110044462104
110044462113
110044462131
110044462140
110044462159
110044462168
110044462177
110044462186
110044462202
110044462211
110044462220
110044462239
110044462257
110044462266
110044462275
110044462284
110044462293
110044462300
110044462319
110044462328
110044462337
110044462346
110044462355
110044462364
110044462373
110044462391
110044462417
110044462426
110044462444
110044462453
110044462462
110044462480
110044462499
110044462505
110044462532
110044462550
110044462569
110044462587
110044462596
110044462612
110044462621
110044462649
110044462667
110044462676
110044462685
110044462701
110044462710
110044462729
110044462738
110044462747
110044462765
110044462774
110044462792
110044462809
110044462818
110044462827
110044462836
110044462845
110044462863
110044462881
110044462890
110044462907
110044462916
110044462925
110044462934
110044462943
110044462952
110044462970
110044462989
110044462998
110044463005
110044463014
110044463023
110044463032
110044463041
110044463050
110044463069
110044463078
110044463087
110044463096
110044463103
110044463112
110044463121
110044463130
110044463149
110044463158
110044463176
110044463185
110044463194
110044463201
110044463229
110044463238
110044463247
110044463256
110044463274
110044463292
110044463318
110044463327
110044463345
110044463363
110044463372
110044463381
110044463407
110044463416
110044463425
110044463434
110044463443
110044463452
110044463461
110044463470
110044463489
110044463504
110044463513
110044463522
110044463531
110044463559
110044463577
110044463586
110044463595
110044463602
110044463611
110044463620
110044463639
110044463648
110044463657
110044463666
110044463675
110044463684
110044463693
110044463719
110044463728
110044463737
110044463755
110044463764
110044463773
110044463782
110044463791
110044463817
110044463826
110044463835
110044463844
110044463853
110044463862
110044463871
110044463899
110044463915
110044463933
110044463942
110044463951
110044463960
110044463979
110044463988
110044463997
110044464004
110044464013
110044464022
110044464031
110044464040
110044464059
110044464068
110044464077
110044464086
110044464095
110044464111
110044464120
110044464139
110044464148
110044464166
110044464175
110044464184
110044464200
110044464219
110044464228
110044464237
110044464246
110044464264
110044464273
110044464282
110044464308
110044464317
110044464326
110044464335
110044464344
110044464353
110044464362
110044464371
110044464380
110044464399
110044464415
110044464433
110044464442
110044464451
110044464460
110044464479
110044464488
110044464497
110044464503
110044464512
110044464521
110044464530
110044464549
110044464558
110044464567
110044464576
110044464585
110044464594
110044464601
110044464629
110044464638
110044464647
110044464656
110044464665
110044464674
110044464683
110044464692
110044464709
110044464718
110044464727
110044464736
110044464754
110044464763
110044464772
110044464781
110044464790
110044464807
110044464816
110044464825
110044464834
110044464843
110044464852
110044464861
110044464889
110044464898
110044464905
110044464914
110044464932
110044464950
110044464969
110044464978
110044464987
110044464996
110044465003
110044465012
110044465049
110044465058
110044465067
110044465076
110044465085
110044465094
110044465101
110044465110
110044465129
110044465138
110044465147
110044465156
110044465165
110044465183
110044465192
110044465209
110044465218
110044465227
110044465236
110044465245
110044465254
110044465263
110044465290
110044465316
110044465325
110044465334
110044465361
110044465370
110044465389
110044465398
110044465405
110044465414
110044465423
110044465432
110044465441
110044465450
110044465478
110044465487
110044465496
110044465502
110044465511
110044465520
110044465539
110044465557
110044465566
110044465575
110044465593
110044465600
110044465619
110044465628
110044465637
110044465646
110044465655
110044465673
110044465682
110044465691
110044465708
110044465726
110044465753
110044465762
110044465771
110044465780
110044465799
110044465806
110044465815
110044465824
110044465833
110044465842
110044465851
110044465860
110044465879
110044465888
110044465897
110044465904
110044465913
110044465922
110044465931
110044465940
110044465959
110044465968
110044465995
110044466011
110044466020
110044466039
110044466048
110044466057
110044466066
110044466075
110044466084
110044466093
110044466100
110044466119
110044466128
110044466137
110044466146
110044466164
110044466173
110044466182
110044466191
110044466208
110044466217
110044466226
110044466244
110044466253
110044466262
110044466271
110044466280
110044466299
110044466306
110044466315
110044466324
110044466342
110044466351
110044466360
110044466379
110044466388
110044466397
110044466404
110044466413
110044466422
110044466431
110044466459
110044466468
110044466486
110044466495
110044466501
110044466510
110044466529
110044466538
110044466547
110044466556
110044466565
110044466574
110044466583
110044466609
110044466618
110044466627
110044466636
110044466645
110044466654
110044466663
110044466672
110044466681
110044466690
110044466707
110044466716
110044466725
110044466734
110044466752
110044466761
110044466770
110044466789
110044466798
110044466805
110044466823
110044466841
110044466850
110044466869
110044466878
110044466887
110044466896
110044466903
110044466912
110044466921
110044466930
110044466949
110044466958
110044466967
110044466976
110044466985
110044466994
110044467001
110044467010
110044467029
110044467038
110044467047
110044467056
110044467065
110044467074
110044467083
110044467092
110044467109
110044467118
110044467127
110044467136
110044467145
110044467163
110044467172
110044467190
110044467216
110044467225
110044467243
110044467252
110044467270
110044467289
110044467298
110044467305
110044467314
110044467323
110044467332
110044467341
110044467350
110044467369
110044467378
110044467387
110044467396
110044467403
110044467412
110044467430
110044467458
110044467467
110044467476
110044467485
110044467519
110044467528
110044467537
110044467546
110044467564
110044467573
110044467582
110044467608
110044467626
110044467635
110044467644
110044467653
110044467662
110044467671
110044467680
110044467699
110044467715
110044467724
110044467733
110044467742
110044467751
110044467760
110044467788
110044467797
110044467804
110044467822
110044467831
110044467840
110044467859
110044467868
110044467877
110044467886
110044467895
110044467911
110044467920
110044467948
110044467957
110044467966
110044467975
110044467984
110044467993
110044468000
110044468019
110044468028
110044468037
110044468046
110044468055
110044468064
110044468073
110044468082
110044468108
110044468117
110044468126
110044468144
110044468153
110044468162
110044468171
110044468180
110044468199
110044468206
110044468215
110044468233
110044468242
110044468251
110044468279
110044468288
110044468297
110044468304
110044468313
110044468322
110044468331
110044468359
110044468368
110044468386
110044468395
110044468402
110044468411
110044468420
110044468439
110044468448
110044468457
110044468466
110044468475
110044468484
110044468509
110044468518
110044468545
110044468554
110044468563
110044468581
110044468590
110044468607
110044468616
110044468634
110044468643
110044468652
110044468661
110044468670
110044468689
110044468698
110044468705
110044468714
110044468723
110044468732
110044468750
110044468769
110044468778
110044468787
110044468803
110044468812
110044468821
110044468830
110044468849
110044468858
110044468867
110044468876
110044468885
110044468894
110044468910
110044468929
110044468938
110044468947
110044468956
110044468965
110044468974
110044468983
110044468992
110044469009
110044469018
110044469027
110044469036
110044469045
110044469054
110044469063
110044469072
110044469081
110044469090
110044469107
110044469116
110044469125
110044469134
110044469143
110044469152
110044469170
110044469189
110044469198
110044469205
110044469214
110044469223
110044469232
110044469241
110044469250
110044469269
110044469278
110044469287
110044469296
110044469303
110044469312
110044469330
110044469349
110044469358
110044469367
110044469376
110044469385
110044469394
110044469401
110044469410
110044469429
110044469438
110044469447
110044469456
110044469465
110044469474
110044469483
110044469492
110044469508
110044469517
110044469526
110044469535
110044469544
110044469553
110044469571
110044469580
110044469599
110044469606
110044469615
110044469633
110044469651
110044469660
110044469679
110044469688
110044469697
110044469704
110044469713
110044469722
110044469731
110044469740
110044469759
110044469768
110044469777
110044469786
110044469795
110044469802
110044469811
110044469820
110044469839
110044469857
110044469866
110044469884
110044469893
110044469900
110044469919
110044469928
110044469937
110044469946
110044469955
110044469964
110044469973
110044469982
110044469991
110044470006
110044470015
110044470024
110044470033
110044470042
110044470051
110044470060
110044470079
110044470088
110044470097
110044470104
110044470113
110044470122
110044470131
110044470140
110044470159
110044470168
110044470177
110044470186
110044470195
110044470202
110044470211
110044470220
110044470239
110044470248
110044470257
110044470266
110044470275
110044470284
110044470293
110044470300
110044470328
110044470337
110044470346
110044470355
110044470364
110044470373
110044470382
110044470391
110044470408
110044470417
110044470426
110044470435
110044470444
110044470453
110044470462
110044470471
110044470480
110044470499
110044470505
110044470514
110044470523
110044470541
110044470550
110044470569
110044470578
110044470587
110044470596
110044470603
110044470612
110044470621
110044470630
110044470649
110044470658
110044470667
110044470676
110044470694
110044470701
110044470710
110044470729
110044470738
110044470747
110044470756
110044470765
110044470774
110044470783
110044470792
110044470809
110044470827
110044470836
110044470845
110044470854
110044470872
110044470881
110044470890
110044470907
110044470916
110044470925
110044470934
110044470943
110044470952
110044470961
110044470970
110044470989
110044470998
110044471023
110044471041
110044471050
110044471069
110044471078
110044471087
110044471096
110044471103
110044471112
110044471121
110044471149
110044471158
110044471167
110044471176
110044471185
110044471194
110044471201
110044471210
110044471229
110044471238
110044471247
110044471256
110044471265
110044471274
110044471283
110044471292
110044471309
110044471318
110044471327
110044471336
110044471345
110044471354
110044471363
110044471372
110044471381
110044471390
110044471407
110044471416
110044471425
110044471434
110044471443
110044471461
110044471470
110044471489
110044471498
110044471504
110044471513
110044471531
110044471540
110044471559
110044471568
110044471577
110044471586
110044471595
110044471602
110044471611
110044471620
110044471648
110044471657
110044471675
110044471684
110044471693
110044471700
110044471719
110044471728
110044471746
110044471755
110044471764
110044471773
110044471782
110044471791
110044471808
110044471817
110044471835
110044471844
110044471862
110044471871
110044471880
110044471899
110044471906
110044471924
110044471933
110044471942
110044471951
110044471960
110044471979
110044471997
110044472004
110044472013
110044472022
110044472031
110044472040
110044472059
110044472068
110044472077
110044472086
110044472095
110044472102
