110044472111
110044472120
110044472139
110044472148
110044472166
110044472175
110044472184
110044472193
110044472200
110044472219
110044472228
110044472246
110044472264
110044472273
110044472282
110044472308
110044472317
110044472326
110044472335
110044472353
110044472362
110044472380
110044472399
110044472406
110044472415
110044472424
110044472433
110044472442
110044472451
110044472460
110044472479
110044472488
110044472497
110044472503
110044472512
110044472521
110044472530
110044472549
110044472558
110044472567
110044472585
110044472601
110044472610
110044472629
110044472638
110044472647
110044472656
110044472674
110044472692
110044472709
110044472718
110044472727
110044472736
110044472745
110044472754
110044472763
110044472772
110044472781
110044472790
110044472807
110044472825
110044472834
110044472843
110044472852
110044472861
110044472870
110044472898
110044472905
110044472914
110044472923
110044472932
110044472941
110044472950
110044472978
110044472996
110044473003
110044473012
110044473021
110044473030
110044473049
110044473058
110044473067
110044473085
110044473094
110044473101
110044473110
110044473138
110044473147
110044473156
110044473165
110044473183
110044473192
110044473218
110044473227
110044473236
110044473245
110044473254
110044473272
110044473281
110044473290
110044473325
110044473334
110044473343
110044473352
110044473361
110044473389
110044473398
110044473405
110044473414
110044473423
110044473432
110044473441
110044473469
110044473487
110044473496
110044473502
110044473520
110044473539
110044473548
110044473557
110044473566
110044473584
110044473593
110044473600
110044473619
110044473628
110044473646
110044473655
110044473664
110044473673
110044473682
110044473691
110044473708
110044473717
110044473726
110044473753
110044473762
110044473771
110044473780
110044473799
110044473806
110044473815
110044473842
110044473879
110044473888
110044473897
110044473904
110044473922
110044473940
110044473959
110044473968
110044473986
110044473995
110044474002
110044474011
110044474020
110044474048
110044474057
110044474075
110044474084
110044474100
110044474128
110044474137
110044474146
110044474155
110044474173
110044474208
110044474217
110044474235
110044474244
110044474262
110044474271
110044474280
110044474306
110044474324
110044474333
110044474342
110044474351
110044474360
110044474379
110044474388
110044474397
110044474404
110044474413
110044474422
110044474431
110044474440
110044474459
110044474468
110044474477
110044474486
110044474495
110044474501
110044474510
110044474529
110044474538
110044474556
110044474565
110044474574
110044474583
110044474592
110044474609
110044474618
110044474627
110044474636
110044474654
110044474663
110044474672
110044474681
110044474690
110044474707
110044474716
110044474725
110044474734
110044474743
110044474752
110044474761
110044474770
110044474789
110044474798
110044474805
110044474814
110044474832
110044474850
110044474869
110044474878
110044474887
110044474896
110044474903
110044474912
110044474921
110044474930
110044474949
110044474958
110044474967
110044474976
110044474985
110044474994
110044475001
110044475010
110044475029
110044475038
110044475047
110044475056
110044475065
110044475074
110044475083
110044475092
110044475109
110044475118
110044475127
110044475136
110044475154
110044475163
110044475172
110044475181
110044475190
110044475207
110044475216
110044475225
110044475234
110044475243
110044475252
110044475261
110044475270
110044475289
110044475298
110044475305
110044475314
110044475323
110044475332
110044475341
110044475350
110044475369
110044475387
110044475396
110044475403
110044475412
110044475421
110044475430
110044475449
110044475458
110044475467
110044475476
110044475485
110044475500
110044475519
110044475528
110044475537
110044475555
110044475564
110044475573
110044475582
110044475591
110044475608
110044475617
110044475626
110044475644
110044475653
110044475662
110044475671
110044475680
110044475699
110044475715
110044475724
110044475733
110044475742
110044475751
110044475779
110044475788
110044475797
110044475804
110044475813
110044475822
110044475831
110044475840
110044475859
110044475868
110044475877
110044475886
110044475902
110044475911
110044475920
110044475939
110044475948
110044475957
110044475966
110044475975
110044475984
110044475993
110044476000
110044476019
110044476028
110044476037
110044476046
110044476055
110044476108
110044476117
110044476126
110044476135
110044476144
110044476171
110044476180
110044476199
110044476206
110044476224
110044476233
110044476242
110044476251
110044476260
110044476288
110044476297
110044476304
110044476313
110044476322
110044476331
110044476340
110044476368
110044476377
110044476386
110044476395
110044476402
110044476411
110044476420
110044476439
110044476448
110044476457
110044476466
110044476475
110044476484
110044476493
110044476509
110044476518
110044476536
110044476545
110044476554
110044476563
110044476572
110044476590
110044476607
110044476616
110044476625
110044476634
110044476643
110044476652
110044476670
110044476689
110044476705
110044476714
110044476723
110044476732
110044476741
110044476750
110044476778
110044476787
110044476796
110044476803
110044476812
110044476821
110044476830
110044476849
110044476858
110044476867
110044476876
110044476885
110044476894
110044476901
110044476929
110044476938
110044476947
110044476956
110044476965
110044476983
110044476992
110044477009
110044477018
110044477027
110044477036
110044477045
110044477054
110044477063
110044477072
110044477081
110044477090
110044477107
110044477116
110044477125
110044477134
110044477143
110044477152
110044477161
110044477170
110044477189
110044477198
110044477205
110044477214
110044477223
110044477232
110044477241
110044477250
110044477278
110044477287
110044477296
110044477303
110044477312
110044477321
110044477358
110044477367
110044477376
110044477394
110044477410
110044477438
110044477447
110044477456
110044477465
110044477492
110044477517
110044477526
110044477544
110044477553
110044477571
110044477606
110044477615
110044477633
110044477642
110044477651
110044477660
110044477679
110044477688
110044477704
110044477713
110044477722
110044477740
110044477759
110044477768
110044477786
110044477802
110044477811
110044477839
110044477857
110044477875
110044477893
110044477928
110044477937
110044477964
110044477973
110044477991
110044478017
110044478026
110044478035
110044478062
110044478080
110044478099
110044478115
110044478133
110044478142
110044478151
110044478160
110044478179
110044478197
110044478204
110044478213
110044478231
110044478259
110044478277
110044478295
110044478320
110044478357
110044478366
110044478375
110044478384
110044478393
110044478419
110044478437
110044478446
110044478455
110044478464
110044478473
110044478482
110044478491
110044478507
110044478516
110044478525
110044478534
110044478552
110044478561
110044478570
110044478589
110044478598
110044478605
110044478614
110044478623
110044478641
110044478650
110044478669
110044478678
110044478687
110044478696
110044478703
110044478712
110044478730
110044478749
110044478767
110044478785
110044478794
110044478810
110044478829
110044478838
110044478847
110044478865
110044478874
110044478883
110044478892
110044478909
110044478918
110044478927
110044478936
110044478945
110044478963
110044478972
110044478981
110044479007
110044479016
110044479025
110044479034
110044479043
110044479052
110044479089
110044479098
110044479105
110044479114
110044479123
110044479132
110044479141
110044479150
110044479169
110044479178
110044479187
110044479196
110044479203
110044479212
110044479221
110044479230
110044479249
110044479258
110044479267
110044479276
110044479285
110044479294
110044479301
110044479329
110044479338
110044479347
110044479356
110044479365
110044479374
110044479383
110044479392
110044479409
110044479418
110044479427
110044479436
110044479445
110044479463
110044479472
110044479490
110044479506
110044479533
110044479560
110044479588
110044479597
110044479613
110044479622
110044479631
110044479659
110044479668
110044479677
110044479686
110044479695
110044479702
110044479711
110044479720
110044479739
110044479748
110044479757
110044479766
110044479775
110044479793
110044479819
110044479837
110044479846
110044479864
110044479891
110044479908
110044479917
110044479926
110044479953
110044479962
110044479971
110044479980
110044479999
110044480004
110044480022
110044480040
110044480059
110044480068
110044480077
110044480086
110044480095
110044480102
110044480111
110044480139
110044480148
110044480157
110044480166
110044480184
110044480193
110044480200
110044480219
110044480228
110044480237
110044480264
110044480273
110044480282
110044480291
110044480317
110044480335
110044480353
110044480362
110044480371
110044480380
110044480406
110044480415
110044480424
110044480433
110044480442
110044480451
110044480460
110044480479
110044480488
110044480503
110044480521
110044480530
110044480558
110044480567
110044480576
110044480585
110044480594
110044480610
110044480629
110044480638
110044480656
110044480665
110044480683
110044480692
110044480736
110044480745
110044480754
110044480763
110044480772
110044480781
110044480790
110044480816
110044480825
110044480843
110044480852
110044480898
110044480914
110044480923
110044480941
110044480950
110044480969
110044480978
110044481003
110044481030
110044481058
110044481076
110044481094
110044481101
110044481110
110044481129
110044481138
110044481156
110044481165
110044481174
110044481183
110044481192
110044481209
110044481218
110044481227
110044481236
110044481245
110044481254
110044481263
110044481272
110044481281
110044481290
110044481307
110044481316
110044481334
110044481343
110044481352
110044481361
110044481370
110044481389
110044481405
110044481414
110044481423
110044481432
110044481441
110044481469
110044481478
110044481487
110044481496
110044481502
110044481511
110044481520
110044481539
110044481548
110044481566
110044481575
110044481584
110044481593
110044481600
110044481628
110044481655
110044481664
110044481673
110044481682
110044481708
110044481717
110044481726
110044481735
110044481744
110044481753
110044481771
110044481799
110044481806
110044481815
110044481824
110044481842
110044481860
110044481888
110044481897
110044481904
110044481913
110044481922
110044481931
110044481940
110044481959
110044481968
110044481977
110044481986
110044481995
110044482002
110044482011
110044482020
110044482039
110044482048
110044482057
110044482066
110044482075
110044482084
110044482093
110044482119
110044482128
110044482146
110044482155
110044482164
110044482173
110044482182
110044482191
110044482208
110044482217
110044482226
110044482235
110044482244
110044482253
110044482262
110044482271
110044482280
110044482299
110044482306
110044482315
110044482324
110044482333
110044482342
110044482351
110044482360
110044482379
110044482388
110044482397
110044482404
110044482413
110044482422
110044482431
110044482459
110044482468
110044482477
110044482486
110044482495
110044482501
110044482529
110044482538
110044482547
110044482556
110044482565
110044482574
110044482583
110044482592
110044482609
110044482618
110044482636
110044482654
110044482663
110044482672
110044482681
110044482690
110044482707
110044482725
110044482734
110044482743
110044482752
110044482761
110044482770
110044482789
110044482798
110044482805
110044482814
110044482823
110044482832
110044482841
110044482869
110044482878
110044482887
110044482896
110044482903
110044482912
110044482921
110044482930
110044482958
110044482976
110044482985
110044482994
110044483001
110044483010
110044483029
110044483038
110044483047
110044483056
110044483065
110044483083
110044483109
110044483118
110044483127
110044483136
110044483145
110044483154
110044483163
110044483172
110044483181
110044483190
110044483207
110044483216
110044483225
110044483234
110044483243
110044483261
110044483270
110044483298
110044483314
110044483323
110044483332
110044483369
110044483378
110044483403
110044483412
110044483421
110044483430
110044483449
110044483458
110044483467
110044483476
110044483485
110044483494
110044483500
110044483519
110044483537
110044483546
110044483555
110044483564
110044483582
110044483591
110044483617
110044483626
110044483635
110044483644
110044483671
110044483680
110044483715
110044483724
110044483733
110044483751
110044483760
110044483779
110044483788
110044483804
110044483813
110044483822
110044483831
110044483840
110044483859
110044483877
110044483886
110044483895
110044483902
110044483920
110044483939
110044483957
110044483966
110044483975
110044483984
110044483993
110044484000
110044484019
110044484028
110044484037
110044484046
110044484055
110044484064
110044484073
110044484082
110044484091
110044484108
110044484117
110044484135
110044484144
110044484153
110044484162
110044484171
110044484180
110044484215
110044484224
110044484242
110044484260
110044484279
110044484288
110044484297
110044484304
110044484313
110044484322
110044484331
110044484359
110044484368
110044484377
110044484386
110044484395
110044484411
110044484420
110044484439
