110044484448
110044484457
110044484475
110044484484
110044484493
110044484527
110044484536
110044484545
110044484563
110044484572
110044484607
110044484625
110044484634
110044484652
110044484661
110044484670
110044484689
110044484698
110044484705
110044484714
110044484723
110044484732
110044484741
110044484750
110044484769
110044484787
110044484803
110044484812
110044484821
110044484830
110044484858
110044484867
110044484876
110044484885
110044484894
110044484938
110044484947
110044484965
110044484974
110044484983
110044484992
110044485009
110044485027
110044485036
110044485054
110044485072
110044485081
110044485090
110044485116
110044485125
110044485134
110044485143
110044485161
110044485170
110044485189
110044485205
110044485214
110044485223
110044485241
110044485250
110044485278
110044485296
110044485312
110044485330
110044485349
110044485358
110044485367
110044485385
110044485438
110044485447
110044485456
110044485465
110044485483
110044485492
110044485517
110044485526
110044485544
110044485553
110044485562
110044485571
110044485599
110044485606
110044485615
110044485633
110044485642
110044485651
110044485660
110044485688
110044485697
110044485713
110044485722
110044485731
110044485740
110044485759
110044485768
110044485777
110044485795
110044485802
110044485811
110044485820
110044485848
110044485857
110044485866
110044485875
110044485884
110044485900
110044485919
110044485928
110044485937
110044485946
110044485955
110044485973
110044485982
110044486008
110044486026
110044486044
110044486053
110044486062
110044486071
110044486080
110044486099
110044486106
110044486133
110044486142
110044486151
110044486160
110044486179
110044486197
110044486204
110044486213
110044486222
110044486231
110044486240
110044486259
110044486268
110044486277
110044486286
110044486302
110044486311
110044486320
110044486339
110044486348
110044486357
110044486366
110044486384
110044486393
110044486400
110044486419
110044486428
110044486437
110044486446
110044486455
110044486464
110044486473
110044486491
110044486507
110044486516
110044486525
110044486534
110044486543
110044486552
110044486570
110044486589
110044486598
110044486605
110044486614
110044486623
110044486632
110044486641
110044486650
110044486669
110044486678
110044486703
110044486721
110044486749
110044486767
110044486776
110044486785
110044486794
110044486801
110044486829
110044486838
110044486847
110044486856
110044486865
110044486874
110044486883
110044486892
110044486909
110044486918
110044486927
110044486945
110044486954
110044486963
110044486972
110044486981
110044486990
110044487007
110044487016
110044487025
110044487034
110044487043
110044487052
110044487061
110044487070
110044487089
110044487098
110044487105
110044487114
110044487132
110044487141
110044487169
110044487178
110044487187
110044487196
110044487203
110044487212
110044487221
110044487230
110044487249
110044487267
110044487276
110044487285
110044487294
110044487301
110044487310
110044487329
110044487338
110044487347
110044487356
110044487365
110044487374
110044487383
110044487392
110044487409
110044487418
110044487427
110044487436
110044487445
110044487454
110044487463
110044487472
110044487481
110044487490
110044487506
110044487515
110044487524
110044487533
110044487542
110044487551
110044487560
110044487579
110044487588
110044487597
110044487604
110044487613
110044487622
110044487631
110044487640
110044487668
110044487677
110044487686
110044487695
110044487702
110044487711
110044487720
110044487739
110044487748
110044487757
110044487766
110044487775
110044487784
110044487793
110044487800
110044487819
110044487828
110044487837
110044487846
110044487855
110044487864
110044487873
110044487882
110044487891
110044487908
110044487917
110044487926
110044487935
110044487953
110044487962
110044487971
110044487980
110044487999
110044488006
110044488015
110044488024
110044488042
110044488051
110044488060
110044488079
110044488088
110044488113
110044488122
110044488131
110044488140
110044488159
110044488168
110044488177
110044488186
110044488195
110044488202
110044488211
110044488220
110044488248
110044488257
110044488266
110044488275
110044488284
110044488293
110044488300
110044488319
110044488328
110044488337
110044488355
110044488382
110044488391
110044488444
110044488453
110044488462
110044488471
110044488480
110044488499
110044488505
110044488514
110044488523
110044488532
110044488541
110044488550
110044488569
110044488578
110044488587
110044488596
110044488603
110044488621
110044488630
110044488658
110044488667
110044488676
110044488685
110044488694
110044488701
110044488738
110044488747
110044488756
110044488774
110044488783
110044488792
110044488809
110044488827
110044488836
110044488845
110044488854
110044488863
110044488872
110044488907
110044488916
110044488925
110044488934
110044488943
110044488952
110044488961
110044488970
110044488989
110044488998
110044489005
110044489014
110044489023
110044489032
110044489041
110044489050
110044489078
110044489087
110044489096
110044489112
110044489121
110044489130
110044489149
110044489158
110044489167
110044489176
110044489185
110044489194
110044489201
110044489210
110044489229
110044489238
110044489247
110044489256
110044489265
110044489274
110044489283
110044489292
110044489309
110044489318
110044489327
110044489336
110044489354
110044489363
110044489372
110044489381
110044489390
110044489425
110044489434
110044489443
110044489452
110044489461
110044489470
110044489489
110044489498
110044489504
110044489513
110044489522
110044489568
110044489577
110044489586
110044489639
110044489648
110044489657
110044489666
110044489675
110044489693
110044489700
110044489719
110044489737
110044489764
110044489817
110044489826
110044489844
110044489853
110044489899
110044489933
110044489951
110044489960
110044489988
110044489997
110044490002
110044490020
110044490048
110044490057
110044490146
110044490155
110044490164
110044490271
110044490299
110044490306
110044490315
110044490324
110044490333
110044490342
110044490351
110044490360
110044490388
110044490404
110044490413
110044490422
110044490440
110044490459
110044490468
110044490477
110044490486
110044490501
110044490510
110044490538
110044490547
110044490556
110044490574
110044490583
110044490592
110044490609
110044490618
110044490627
110044490645
110044490654
110044490663
110044490672
110044490681
110044490716
110044490725
110044490743
110044490752
110044490761
110044490770
110044490789
110044490798
110044490805
110044490814
110044490823
110044490832
110044490841
110044490869
110044490887
110044490903
110044490912
110044490921
110044490930
110044490949
110044490958
110044490967
110044490985
110044490994
110044491001
110044491038
110044491047
110044491065
110044491074
110044491118
110044491127
110044491136
110044491145
110044491154
110044491163
110044491172
110044491181
110044491190
110044491207
110044491225
110044491270
110044491289
110044491298
110044491305
110044491314
110044491323
110044491332
110044491341
110044491350
110044491369
110044491387
110044491396
110044491403
110044491412
110044491449
110044491458
110044491467
110044491476
110044491494
110044491500
110044491519
110044491528
110044491537
110044491546
110044491564
110044491573
110044491582
110044491591
110044491608
110044491617
110044491635
110044491644
110044491662
110044491671
110044491680
110044491699
110044491706
110044491715
110044491724
110044491742
110044491779
110044491797
110044491804
110044491813
110044491822
110044491840
110044491868
110044491886
110044491895
110044491902
110044491920
110044491948
110044491957
110044491966
110044491984
110044491993
110044492019
110044492028
110044492046
110044492055
110044492082
110044492091
110044492108
110044492117
110044492126
110044492135
110044492144
110044492153
110044492162
110044492171
110044492199
110044492206
110044492215
110044492224
110044492233
110044492242
110044492251
110044492279
110044492288
110044492297
110044492304
110044492313
110044492331
110044492340
110044492359
110044492377
110044492386
110044492395
110044492402
110044492411
110044492439
110044492457
110044492466
110044492475
110044492484
110044492493
110044492509
110044492518
110044492527
110044492536
110044492545
110044492554
110044492563
110044492572
110044492581
110044492590
110044492607
110044492616
110044492625
110044492634
110044492643
110044492652
110044492661
110044492670
110044492689
110044492698
110044492705
110044492723
110044492732
110044492741
110044492750
110044492769
110044492778
110044492787
110044492796
110044492803
110044492812
110044492821
110044492830
110044492849
110044492858
110044492867
110044492876
110044492885
110044492894
110044492901
110044492929
110044492938
110044492947
110044492956
110044492965
110044492974
110044492983
110044492992
110044493009
110044493018
110044493036
110044493045
110044493054
110044493063
110044493072
110044493081
110044493090
110044493107
110044493116
110044493125
110044493134
110044493143
110044493152
110044493170
110044493189
110044493198
110044493205
110044493214
110044493223
110044493241
110044493269
110044493278
110044493287
110044493303
110044493312
110044493321
110044493330
110044493349
110044493358
110044493367
110044493376
110044493385
110044493394
110044493401
110044493410
110044493429
110044493438
110044493447
110044493456
110044493465
110044493474
110044493483
110044493492
110044493508
110044493517
110044493526
110044493535
110044493544
110044493553
110044493562
110044493580
110044493599
110044493615
110044493624
110044493633
110044493642
110044493651
110044493660
110044493679
110044493688
110044493697
110044493704
110044493713
110044493722
110044493731
110044493740
110044493759
110044493768
110044493777
110044493786
110044493795
110044493802
110044493811
110044493820
110044493839
110044493848
110044493857
110044493866
110044493875
110044493900
110044493928
110044493937
110044493946
110044493955
110044493964
110044493973
110044493982
110044493991
110044494008
110044494017
110044494026
110044494044
110044494053
110044494062
110044494071
110044494080
110044494099
110044494106
110044494115
110044494124
110044494133
110044494142
110044494151
110044494179
110044494188
110044494197
110044494204
110044494213
110044494222
110044494231
110044494240
110044494259
110044494268
110044494277
110044494286
110044494295
110044494302
110044494311
110044494320
110044494339
110044494348
110044494357
110044494366
110044494375
110044494384
110044494393
110044494419
110044494428
110044494437
110044494446
110044494455
110044494464
110044494473
110044494482
110044494491
110044494507
110044494516
110044494525
110044494534
110044494543
110044494561
110044494589
110044494598
110044494605
110044494614
110044494623
110044494632
110044494641
110044494650
110044494669
110044494678
110044494696
110044494703
110044494712
110044494721
110044494730
110044494758
110044494767
110044494776
110044494785
110044494794
110044494801
110044494810
110044494829
110044494838
110044494856
110044494874
110044494892
110044494909
110044494927
110044494936
110044494954
110044494963
110044494972
110044494981
110044494990
110044495007
110044495016
110044495025
110044495034
110044495043
110044495052
110044495070
110044495098
110044495105
110044495114
110044495123
110044495132
110044495141
110044495150
110044495169
110044495187
110044495196
110044495203
110044495212
110044495221
110044495230
110044495249
110044495258
110044495267
110044495285
110044495301
110044495310
110044495329
110044495338
110044495365
110044495374
110044495383
110044495392
110044495418
110044495427
110044495436
110044495445
110044495454
110044495463
110044495472
110044495481
110044495490
110044495506
110044495533
110044495551
110044495579
110044495588
110044495597
110044495604
110044495613
110044495622
110044495631
110044495659
110044495668
110044495677
110044495686
110044495695
110044495702
110044495711
110044495739
110044495766
110044495775
110044495784
110044495793
110044495819
110044495828
110044495846
110044495855
110044495864
110044495873
110044495882
110044495891
110044495908
110044495917
110044495926
110044495935
110044495944
110044495953
110044495962
110044495971
110044495980
110044495999
110044496006
110044496015
110044496024
110044496033
110044496042
110044496051
110044496060
110044496088
110044496097
110044496104
110044496113
110044496122
110044496131
110044496140
110044496159
110044496168
110044496177
110044496186
110044496195
110044496202
110044496211
110044496220
110044496239
110044496248
110044496257
110044496266
110044496284
110044496293
110044496300
110044496319
110044496328
110044496337
110044496355
110044496364
110044496373
110044496382
110044496391
110044496408
110044496417
110044496426
110044496435
110044496444
110044496453
110044496471
110044496480
110044496499
110044496505
110044496514
110044496523
110044496532
110044496541
110044496550
110044496603
110044496621
110044496630
110044496649
110044496658
110044496667
110044496676
110044496685
110044496694
110044496701
110044496710
110044496738
110044496747
110044496756
110044496765
110044496774
110044496783
110044496792
110044496809
