110044496818
110044496827
110044496836
110044496845
110044496854
110044496863
110044496872
110044496881
110044496890
110044496907
110044496916
110044496934
110044496943
110044496952
110044496961
110044496989
110044496998
110044497005
110044497023
110044497032
110044497050
110044497069
110044497078
110044497087
110044497096
110044497103
110044497112
110044497121
110044497130
110044497149
110044497158
110044497176
110044497185
110044497194
110044497201
110044497210
110044497229
110044497247
110044497256
110044497265
110044497274
110044497283
110044497292
110044497309
110044497327
110044497345
110044497363
110044497372
110044497381
110044497390
110044497407
110044497416
110044497434
110044497443
110044497452
110044497461
110044497489
110044497498
110044497513
110044497522
110044497531
110044497559
110044497568
110044497595
110044497602
110044497611
110044497620
110044497648
110044497657
110044497675
110044497684
110044497693
110044497700
110044497719
110044497728
110044497755
110044497764
110044497791
110044497808
110044497817
110044497826
110044497835
110044497844
110044497853
110044497862
110044497880
110044497899
110044497906
110044497915
110044497924
110044497933
110044497942
110044497951
110044497960
110044497979
110044497988
110044497997
110044498013
110044498022
110044498031
110044498040
110044498059
110044498068
110044498077
110044498086
110044498095
110044498102
110044498111
110044498139
110044498148
110044498157
110044498166
110044498175
110044498193
110044498200
110044498219
110044498228
110044498237
110044498246
110044498264
110044498273
110044498282
110044498308
110044498317
110044498326
110044498353
110044498362
110044498371
110044498380
110044498399
110044498406
110044498424
110044498433
110044498442
110044498460
110044498479
110044498488
110044498497
110044498503
110044498512
110044498549
110044498558
110044498567
110044498576
110044498585
110044498594
110044498610
110044498629
110044498638
110044498647
110044498665
110044498674
110044498683
110044498692
110044498709
110044498718
110044498736
110044498745
110044498754
110044498763
110044498772
110044498781
110044498790
110044498807
110044498816
110044498825
110044498834
110044498843
110044498852
110044498861
110044498889
110044498898
110044498905
110044498914
110044498923
110044498932
110044498950
110044498969
110044498978
110044498996
110044499003
110044499012
110044499021
110044499030
110044499049
110044499058
110044499067
110044499076
110044499085
110044499094
110044499101
110044499110
110044499129
110044499138
110044499147
110044499165
110044499174
110044499183
110044499192
110044499218
110044499227
110044499236
110044499245
110044499254
110044499263
110044499272
110044499281
110044499290
110044499307
110044499316
110044499325
110044499334
110044499352
110044499361
110044499370
110044499389
110044499398
110044499405
110044499414
110044499423
110044499441
110044499469
110044499487
110044499496
110044499502
110044499511
110044499520
110044499539
110044499548
110044499557
110044499584
110044499628
110044499637
110044499646
110044499655
110044499673
110044499682
110044499717
110044499726
110044499735
110044499744
110044499762
110044499780
110044499799
110044499806
110044499815
110044499824
110044499833
110044499842
110044499860
110044499879
110044499897
110044499904
110044499922
110044499940
110044499959
110044499968
110044499977
110044499986
110044499995
110044500000
110044500019
110044500028
110044500037
110044500046
110044500064
110044500073
110044500082
110044500117
110044500126
110044500144
110044500153
110044500162
110044500171
110044500180
110044500199
110044500215
110044500224
110044500233
110044500251
110044500260
110044500279
110044500288
110044500297
110044500304
110044500322
110044500331
110044500368
110044500377
110044500386
110044500395
110044500402
110044500420
110044500439
110044500448
110044500457
110044500466
110044500475
110044500493
110044500509
110044500518
110044500527
110044500545
110044500563
110044500572
110044500581
110044500590
110044500634
110044500643
110044500652
110044500661
110044500670
110044500705
110044500714
110044500723
110044500741
110044500750
110044500769
110044500778
110044500787
110044500796
110044500803
110044500812
110044500821
110044500830
110044500849
110044500858
110044500867
110044500885
110044500894
110044500910
110044500929
110044500938
110044500947
110044500956
110044500965
110044500974
110044500983
110044500992
110044501009
110044501018
110044501027
110044501036
110044501045
110044501054
110044501063
110044501072
110044501081
110044501090
110044501107
110044501116
110044501125
110044501134
110044501143
110044501152
110044501161
110044501170
110044501214
110044501223
110044501241
110044501250
110044501269
110044501278
110044501287
110044501296
110044501303
110044501312
110044501321
110044501330
110044501349
110044501358
110044501367
110044501376
110044501385
110044501394
110044501401
110044501410
110044501429
110044501438
110044501456
110044501465
110044501474
110044501483
110044501492
110044501508
110044501526
110044501535
110044501544
110044501553
110044501562
110044501571
110044501580
110044501599
110044501606
110044501615
110044501624
110044501633
110044501651
110044501660
110044501679
110044501688
110044501697
110044501704
110044501713
110044501722
110044501731
110044501740
110044501759
110044501768
110044501795
110044501802
110044501811
110044501820
110044501848
110044501857
110044501866
110044501875
110044501884
110044501893
110044501919
110044501928
110044501937
110044501946
110044501955
110044501973
110044501982
110044501991
110044502008
110044502017
110044502035
110044502044
110044502053
110044502062
110044502071
110044502099
110044502115
110044502142
110044502151
110044502160
110044502197
110044502213
110044502222
110044502231
110044502259
110044502277
110044502295
110044502320
110044502348
110044502366
110044502393
110044502419
110044502428
110044502446
110044502464
110044502473
110044502507
110044502516
110044502534
110044502543
110044502552
110044502561
110044502589
110044502598
110044502605
110044502614
110044502632
110044502712
110044502730
110044502749
110044502758
110044502767
110044502785
110044502794
110044502829
110044502838
110044502856
110044502865
110044502883
110044502918
110044502936
110044502954
110044502963
110044502972
110044502981
110044503007
110044503016
110044503043
110044503061
110044503098
110044503105
110044503114
110044503123
110044503132
110044503141
110044503150
110044503187
110044503196
110044503203
110044503212
110044503221
110044503258
110044503267
110044503276
110044503294
110044503301
110044503329
110044503347
110044503365
110044503374
110044503409
110044503427
110044503436
110044503454
110044503463
110044503481
110044503490
110044503506
110044503524
110044503533
110044503542
110044503551
110044503579
110044503597
110044503604
110044503613
110044503631
110044503640
110044503668
110044503677
110044503695
110044503702
110044503711
110044503720
110044503739
110044503757
110044503766
110044503775
110044503784
110044503793
110044503800
110044503819
110044503837
110044503846
110044503873
110044503882
110044503917
110044503935
110044503944
110044503962
110044503971
110044503980
110044504006
110044504015
110044504024
110044504051
110044504088
110044504097
110044504122
110044504159
110044504186
110044504195
110044504211
110044504220
110044504248
110044504266
110044504284
110044504293
110044504319
110044504328
110044504337
110044504346
110044504355
110044504364
110044504373
110044504382
110044504391
110044504408
110044504417
110044504426
110044504435
110044504444
110044504453
110044504462
110044504471
110044504480
110044504499
110044504505
110044504514
110044504523
110044504532
110044504541
110044504569
110044504578
110044504587
110044504596
110044504603
110044504612
110044504621
110044504630
110044504649
110044504658
110044504667
110044504676
110044504685
110044504694
110044504701
110044504710
110044504729
110044504738
110044504747
110044504756
110044504765
110044504774
110044504783
110044504792
110044504818
110044504827
110044504836
110044504845
110044504854
110044504863
110044504872
110044504881
110044504890
110044504907
110044504916
110044504925
110044504943
110044504952
110044504961
110044504970
110044504989
110044504998
110044505014
110044505023
110044505032
110044505041
110044505050
110044505069
110044505078
110044505087
110044505096
110044505103
110044505112
110044505121
110044505130
110044505149
110044505158
110044505176
110044505185
110044505201
110044505210
110044505229
110044505238
110044505247
110044505256
110044505265
110044505274
110044505292
110044505309
110044505327
110044505336
110044505354
110044505390
110044505407
110044505416
110044505425
110044505434
110044505443
110044505452
110044505461
110044505470
110044505489
110044505498
110044505504
110044505513
110044505522
110044505531
110044505540
110044505559
110044505586
110044505595
110044505602
110044505611
110044505639
110044505648
110044505666
110044505675
110044505684
110044505693
110044505700
110044505719
110044505728
110044505737
110044505746
110044505755
110044505764
110044505773
110044505782
110044505791
110044505808
110044505817
110044505826
110044505835
110044505844
110044505853
110044505862
110044505871
110044505880
110044505899
110044505915
110044505924
110044505933
110044505942
110044505951
110044505960
110044505988
110044505997
110044506004
110044506022
110044506031
110044506040
110044506059
110044506068
110044506086
110044506095
110044506102
110044506111
110044506120
110044506139
110044506148
110044506157
110044506175
110044506184
110044506200
110044506219
110044506228
110044506237
110044506246
110044506255
110044506273
110044506291
110044506308
110044506317
110044506326
110044506335
110044506344
110044506353
110044506362
110044506371
110044506380
110044506399
110044506415
110044506424
110044506442
110044506451
110044506460
110044506479
110044506488
110044506497
110044506503
110044506512
110044506521
110044506530
110044506549
110044506558
110044506567
110044506576
110044506585
110044506594
110044506601
110044506610
110044506629
110044506638
110044506647
110044506656
110044506665
110044506674
110044506683
110044506709
110044506718
110044506736
110044506745
110044506763
110044506772
110044506781
110044506790
110044506816
110044506825
110044506834
110044506852
110044506870
110044506889
110044506905
110044506914
110044506923
110044506932
110044506941
110044506950
110044506969
110044506978
110044506987
110044506996
110044507003
110044507012
110044507021
110044507030
110044507049
110044507058
110044507067
110044507076
110044507085
110044507094
110044507101
110044507110
110044507129
110044507138
110044507147
110044507156
110044507165
110044507183
110044507209
110044507218
110044507227
110044507236
110044507245
110044507254
110044507263
110044507272
110044507281
110044507290
110044507316
110044507325
110044507334
110044507343
110044507352
110044507361
110044507370
110044507389
110044507398
110044507405
110044507414
110044507423
110044507432
110044507441
110044507469
110044507478
110044507487
110044507502
110044507511
110044507520
110044507539
110044507548
110044507557
110044507566
110044507575
110044507584
110044507593
110044507600
110044507619
110044507628
110044507637
110044507646
110044507655
110044507664
110044507673
110044507682
110044507691
110044507708
110044507726
110044507735
110044507744
110044507753
110044507762
110044507771
110044507780
110044507799
110044507806
110044507815
110044507824
110044507833
110044507842
110044507851
110044507860
110044507879
110044507888
110044507897
110044507904
110044507913
110044507922
110044507940
110044507959
110044507968
110044507977
110044507986
110044507995
110044508002
110044508011
110044508039
110044508057
110044508066
110044508075
110044508084
110044508093
110044508100
110044508119
110044508128
110044508137
110044508146
110044508164
110044508173
110044508182
110044508208
110044508217
110044508226
110044508235
110044508244
110044508262
110044508271
110044508280
110044508306
110044508315
110044508333
110044508342
110044508360
110044508379
110044508388
110044508397
110044508404
110044508422
110044508431
110044508477
110044508486
110044508495
110044508501
110044508510
110044508529
110044508538
110044508547
110044508556
110044508565
110044508574
110044508583
110044508592
110044508609
110044508618
110044508627
110044508636
110044508645
110044508663
110044508672
110044508681
110044508716
110044508725
110044508734
110044508743
110044508752
110044508761
110044508770
110044508789
110044508798
110044508805
110044508814
110044508832
110044508841
110044508850
110044508869
110044508878
110044508887
110044508896
110044508903
110044508912
110044508921
110044508930
110044508949
110044508958
110044508967
110044508976
110044508985
110044508994
110044509001
110044509010
110044509038
110044509047
110044509056
110044509065
110044509074
110044509083
110044509092
110044509109
110044509118
110044509127
110044509136
110044509145
110044509154
110044509163
110044509172
110044509181
110044509190
110044509216
