110044509225
110044509234
110044509243
110044509252
110044509261
110044509270
110044509289
110044509314
110044509323
110044509332
110044509341
110044509350
110044509369
110044509387
110044509396
110044509403
110044509412
110044509421
110044509430
110044509449
110044509458
110044509467
110044509476
110044509485
110044509494
110044509500
110044509519
110044509528
110044509537
110044509546
110044509555
110044509564
110044509573
110044509582
110044509591
110044509608
110044509617
110044509626
110044509635
110044509644
110044509653
110044509662
110044509671
110044509680
110044509699
110044509706
110044509715
110044509724
110044509733
110044509742
110044509751
110044509760
110044509788
110044509797
110044509804
110044509822
110044509831
110044509859
110044509877
110044509895
110044509902
110044509911
110044509948
110044509957
110044509966
110044509975
110044509993
110044510008
110044510026
110044510044
110044510053
110044510062
110044510071
110044510080
110044510106
110044510124
110044510142
110044510151
110044510179
110044510188
110044510197
110044510204
110044510213
110044510222
110044510231
110044510240
110044510268
110044510277
110044510286
110044510295
110044510302
110044510311
110044510320
110044510339
110044510357
110044510366
110044510393
110044510400
110044510419
110044510428
110044510437
110044510446
110044510455
110044510473
110044510482
110044510507
110044510516
110044510525
110044510534
110044510543
110044510552
110044510561
110044510589
110044510605
110044510614
110044510632
110044510641
110044510650
110044510669
110044510687
110044510696
110044510703
110044510712
110044510721
110044510749
110044510758
110044510767
110044510776
110044510785
110044510794
110044510801
110044510810
110044510829
110044510838
110044510847
110044510874
110044510883
110044510892
110044510918
110044510927
110044510936
110044510945
110044510954
110044510981
110044510990
110044511007
110044511016
110044511034
110044511043
110044511052
110044511061
110044511070
110044511089
110044511098
110044511105
110044511114
110044511123
110044511132
110044511141
110044511150
110044511169
110044511178
110044511196
110044511203
110044511212
110044511221
110044511249
110044511258
110044511267
110044511276
110044511285
110044511329
110044511338
110044511365
110044511374
110044511383
110044511392
110044511418
110044511427
110044511436
110044511454
110044511463
110044511472
110044511481
110044511490
110044511506
110044511515
110044511524
110044511533
110044511542
110044511551
110044511560
110044511579
110044511588
110044511597
110044511604
110044511613
110044511622
110044511631
110044511640
110044511659
110044511668
110044511677
110044511686
110044511695
110044511702
110044511711
110044511720
110044511739
110044511748
110044511757
110044511766
110044511775
110044511784
110044511793
110044511800
110044511819
110044511828
110044511837
110044511846
110044511855
110044511882
110044511891
110044511908
110044511917
110044511926
110044511935
110044511944
110044511962
110044511971
110044511999
110044512006
110044512015
110044512024
110044512033
110044512042
110044512051
110044512060
110044512079
110044512097
110044512113
110044512122
110044512131
110044512140
110044512168
110044512177
110044512186
110044512195
110044512220
110044512248
110044512257
110044512284
110044512293
110044512328
110044512346
110044512355
110044512364
110044512382
110044512391
110044512417
110044512444
110044512453
110044512462
110044512480
110044512499
110044512523
110044512550
110044512587
110044512596
110044512603
110044512612
110044512630
110044512658
110044512667
110044512685
110044512694
110044512701
110044512710
110044512729
110044512747
110044512756
110044512765
110044512774
110044512783
110044512827
110044512845
110044512854
110044512863
110044512872
110044512881
110044512890
110044512907
110044512916
110044512925
110044512934
110044512943
110044512952
110044512961
110044512970
110044512989
110044512998
110044513005
110044513014
110044513023
110044513041
110044513050
110044513069
110044513078
110044513087
110044513096
110044513103
110044513112
110044513121
110044513130
110044513149
110044513158
110044513167
110044513176
110044513185
110044513194
110044513201
110044513210
110044513229
110044513238
110044513247
110044513256
110044513292
110044513309
110044513318
110044513327
110044513336
110044513345
110044513354
110044513363
110044513372
110044513381
110044513390
110044513407
110044513416
110044513425
110044513434
110044513443
110044513452
110044513461
110044513470
110044513489
110044513498
110044513504
110044513522
110044513531
110044513540
110044513559
110044513568
110044513577
110044513586
110044513595
110044513602
110044513611
110044513620
110044513639
110044513648
110044513657
110044513666
110044513675
110044513700
110044513719
110044513728
110044513737
110044513746
110044513755
110044513764
110044513782
110044513791
110044513808
110044513817
110044513826
110044513835
110044513862
110044513880
110044513915
110044513924
110044513933
110044513979
110044513997
110044514004
110044514013
110044514022
110044514031
110044514040
110044514077
110044514086
110044514102
110044514120
110044514139
110044514148
110044514157
110044514166
110044514175
110044514184
110044514193
110044514200
110044514219
110044514228
110044514237
110044514246
110044514264
110044514273
110044514282
110044514291
110044514308
110044514317
110044514326
110044514335
110044514353
110044514362
110044514371
110044514380
110044514399
110044514406
110044514415
110044514424
110044514433
110044514442
110044514451
110044514460
110044514488
110044514497
110044514503
110044514512
110044514530
110044514558
110044514567
110044514576
110044514585
110044514594
110044514601
110044514610
110044514629
110044514638
110044514647
110044514656
110044514665
110044514674
110044514683
110044514692
110044514709
110044514718
110044514727
110044514736
110044514754
110044514763
110044514772
110044514781
110044514790
110044514807
110044514816
110044514825
110044514834
110044514843
110044514852
110044514861
110044514870
110044514889
110044514898
110044514905
110044514914
110044514923
110044514932
110044514941
110044514950
110044514969
110044514978
110044514987
110044514996
110044515003
110044515012
110044515021
110044515030
110044515049
110044515058
110044515076
110044515085
110044515101
110044515110
110044515156
110044515165
110044515174
110044515192
110044515227
110044515236
110044515254
110044515263
110044515281
110044515307
110044515325
110044515343
110044515370
110044515389
110044515398
110044515414
110044515450
110044515478
110044515502
110044515511
110044515539
110044515548
110044515557
110044515566
110044515593
110044515619
110044515628
110044515637
110044515682
110044515691
110044515708
110044515726
110044515735
110044515753
110044515771
110044515815
110044515824
110044515842
110044515851
110044515860
110044515879
110044515897
110044515913
110044515922
110044515940
110044515959
110044515968
110044515977
110044515986
110044515995
110044516011
110044516057
110044516075
110044516084
110044516093
110044516119
110044516128
110044516146
110044516164
110044516182
110044516217
110044516226
110044516235
110044516253
110044516262
110044516280
110044516299
110044516306
110044516315
110044516333
110044516351
110044516388
110044516397
110044516404
110044516413
110044516422
110044516440
110044516459
110044516468
110044516486
110044516495
110044516501
110044516510
110044516529
110044516538
110044516547
110044516565
110044516574
110044516583
110044516592
110044516609
110044516618
110044516627
110044516645
110044516654
110044516672
110044516681
110044516690
110044516707
110044516716
110044516734
110044516743
110044516761
110044516789
110044516814
110044516823
110044516878
110044516896
110044516921
110044516930
110044516958
110044516976
110044516994
110044517010
110044517029
110044517038
110044517047
110044517056
110044517065
110044517074
110044517136
110044517163
110044517172
110044517190
110044517207
110044517216
110044517234
110044517243
110044517261
110044517270
110044517289
110044517298
110044517314
110044517350
110044517378
110044517396
110044517412
110044517421
110044517467
110044517476
110044517485
110044517519
110044517528
110044517537
110044517546
110044517555
110044517564
110044517573
110044517582
110044517591
110044517608
110044517626
110044517635
110044517644
110044517653
110044517662
110044517671
110044517680
110044517699
110044517706
110044517724
110044517742
110044517751
110044517760
110044517779
110044517797
110044517813
110044517831
110044517840
110044517868
110044517886
110044517911
110044517920
110044517939
110044517948
110044517975
110044517984
110044517993
110044518000
110044518019
110044518037
110044518055
110044518064
110044518082
110044518091
110044518108
110044518117
110044518126
110044518144
110044518153
110044518162
110044518171
110044518180
110044518199
110044518206
110044518215
110044518233
110044518242
110044518251
110044518260
110044518288
110044518313
110044518322
110044518331
110044518368
110044518377
110044518386
110044518395
110044518402
110044518411
110044518439
110044518457
110044518466
110044518484
110044518493
110044518509
110044518518
110044518527
110044518536
110044518554
110044518572
110044518581
110044518590
110044518607
110044518616
110044518634
110044518643
110044518652
110044518661
110044518670
110044518689
110044518698
110044518705
110044518723
110044518732
110044518741
110044518750
110044518769
110044518778
110044518796
110044518803
110044518812
110044518821
110044518849
110044518858
110044518867
110044518876
110044518885
110044518894
110044518901
110044518910
110044518929
110044518938
110044518947
110044518956
110044518965
110044518974
110044518983
110044518992
110044519009
110044519018
110044519027
110044519036
110044519045
110044519054
110044519063
110044519072
110044519081
110044519090
110044519107
110044519116
110044519125
110044519134
110044519152
110044519161
110044519170
110044519189
110044519198
110044519205
110044519214
110044519223
110044519232
110044519250
110044519287
110044519296
110044519303
110044519312
110044519321
110044519330
110044519349
110044519358
110044519367
110044519376
110044519385
110044519394
110044519410
110044519429
110044519438
110044519447
110044519456
110044519465
110044519474
110044519483
110044519492
110044519508
110044519517
110044519535
110044519544
110044519571
110044519580
110044519599
110044519606
110044519624
110044519633
110044519642
110044519651
110044519660
110044519679
110044519688
110044519697
110044519704
110044519713
110044519722
110044519731
110044519740
110044519759
110044519768
110044519777
110044519795
110044519802
110044519811
110044519820
110044519848
110044519857
110044519866
110044519875
110044519884
110044519900
110044519928
110044519937
110044519946
110044519955
110044519964
110044519973
110044519982
110044519991
110044520006
110044520015
110044520024
110044520033
110044520042
110044520051
110044520060
110044520079
110044520088
110044520097
110044520104
110044520113
110044520122
110044520131
110044520140
110044520159
110044520177
110044520186
110044520195
110044520202
110044520211
110044520220
110044520239
110044520248
110044520275
110044520293
110044520300
110044520319
110044520328
110044520337
110044520346
110044520355
110044520364
110044520373
110044520382
110044520408
110044520417
110044520444
110044520462
110044520471
110044520480
110044520499
110044520505
110044520514
110044520523
110044520532
110044520550
110044520569
110044520578
110044520587
110044520596
110044520603
110044520612
110044520621
110044520630
110044520649
110044520658
110044520667
110044520676
110044520685
110044520694
110044520701
110044520710
110044520729
110044520738
110044520747
110044520756
110044520765
110044520774
110044520783
110044520792
110044520809
110044520818
110044520827
110044520836
110044520845
110044520854
110044520863
110044520872
110044520881
110044520890
110044520907
110044520916
110044520925
110044520934
110044520943
110044520952
110044520961
110044520970
110044520989
110044520998
110044521014
110044521023
110044521032
110044521069
110044521078
110044521087
110044521103
110044521112
110044521149
110044521158
110044521167
110044521176
110044521201
110044521210
110044521238
110044521247
110044521256
110044521274
110044521283
110044521292
110044521309
110044521318
110044521327
110044521336
110044521354
110044521363
110044521390
110044521407
110044521416
110044521434
110044521443
110044521452
110044521461
110044521470
110044521489
110044521498
110044521504
110044521513
110044521522
110044521540
110044521559
110044521568
110044521577
110044521586
110044521602
110044521611
110044521620
110044521639
110044521648
110044521657
110044521666
110044521675
110044521693
110044521700
110044521719
110044521728
110044521746
110044521782
110044521791
110044521808
110044521817
110044521826
110044521835
110044521853
110044521871
110044521899
110044521906
110044521942
110044521951
110044521960
110044521979
110044521997
110044522004
110044522013
110044522022
110044522031
110044522040
110044522059
110044522068
