110044522086
110044522095
110044522102
110044522111
110044522120
110044522139
110044522157
110044522166
110044522184
110044522219
110044522228
110044522237
110044522255
110044522282
110044522291
110044522308
110044522317
110044522326
110044522335
110044522344
110044522353
110044522362
110044522380
110044522399
110044522415
110044522424
110044522433
110044522442
110044522460
110044522479
110044522503
110044522512
110044522521
110044522549
110044522576
110044522585
110044522594
110044522601
110044522629
110044522638
110044522656
110044522665
110044522674
110044522683
110044522692
110044522709
110044522718
110044522727
110044522736
110044522745
110044522754
110044522763
110044522772
110044522781
110044522790
110044522807
110044522816
110044522825
110044522834
110044522843
110044522852
110044522861
110044522889
110044522898
110044522914
110044522923
110044522941
110044522950
110044522969
110044522978
110044522987
110044522996
110044523003
110044523012
110044523021
110044523049
110044523058
110044523067
110044523076
110044523085
110044523094
110044523101
110044523110
110044523138
110044523147
110044523156
110044523165
110044523174
110044523183
110044523192
110044523209
110044523218
110044523227
110044523236
110044523245
110044523272
110044523281
110044523290
110044523316
110044523325
110044523334
110044523343
110044523352
110044523361
110044523370
110044523389
110044523398
110044523405
110044523414
110044523423
110044523432
110044523441
110044523469
110044523478
110044523487
110044523496
110044523502
110044523511
110044523520
110044523539
110044523548
110044523557
110044523575
110044523584
110044523593
110044523600
110044523619
110044523628
110044523637
110044523646
110044523655
110044523664
110044523673
110044523682
110044523691
110044523708
110044523717
110044523726
110044523735
110044523744
110044523753
110044523762
110044523771
110044523780
110044523799
110044523806
110044523815
110044523833
110044523842
110044523851
110044523860
110044523879
110044523888
110044523897
110044523904
110044523913
110044523922
110044523931
110044523940
110044523959
110044523968
110044523977
110044523986
110044523995
110044524002
110044524011
110044524039
110044524048
110044524057
110044524066
110044524075
110044524084
110044524093
110044524100
110044524119
110044524128
110044524137
110044524146
110044524155
110044524164
110044524173
110044524182
110044524191
110044524208
110044524217
110044524226
110044524235
110044524244
110044524253
110044524262
110044524271
110044524280
110044524299
110044524306
110044524315
110044524324
110044524333
110044524342
110044524351
110044524360
110044524379
110044524388
110044524397
110044524404
110044524422
110044524431
110044524440
110044524459
110044524468
110044524477
110044524486
110044524495
110044524501
110044524510
110044524538
110044524547
110044524565
110044524574
110044524592
110044524609
110044524627
110044524636
110044524645
110044524654
110044524663
110044524672
110044524681
110044524690
110044524716
110044524725
110044524734
110044524743
110044524752
110044524761
110044524770
110044524798
110044524814
110044524823
110044524832
110044524841
110044524850
110044524869
110044524878
110044524887
110044524896
110044524903
110044524912
110044524921
110044524949
110044524958
110044524967
110044524976
110044524985
110044524994
110044525001
110044525010
110044525029
110044525047
110044525065
110044525074
110044525083
110044525092
110044525109
110044525118
110044525127
110044525136
110044525145
110044525163
110044525181
110044525190
110044525207
110044525216
110044525225
110044525234
110044525243
110044525252
110044525261
110044525270
110044525289
110044525298
110044525305
110044525314
110044525323
110044525332
110044525341
110044525378
110044525403
110044525412
110044525421
110044525449
110044525458
110044525476
110044525494
110044525500
110044525519
110044525528
110044525537
110044525555
110044525564
110044525573
110044525591
110044525608
110044525617
110044525626
110044525635
110044525644
110044525653
110044525662
110044525680
110044525699
110044525715
110044525724
110044525733
110044525742
110044525751
110044525760
110044525788
110044525797
110044525804
110044525813
110044525822
110044525831
110044525840
110044525859
110044525868
110044525877
110044525886
110044525902
110044525911
110044525920
110044525939
110044525948
110044525957
110044525966
110044525975
110044525984
110044525993
110044526000
110044526019
110044526028
110044526037
110044526046
110044526055
110044526064
110044526073
110044526082
110044526091
110044526108
110044526117
110044526126
110044526135
110044526144
110044526153
110044526162
110044526171
110044526180
110044526199
110044526206
110044526215
110044526224
110044526233
110044526242
110044526251
110044526279
110044526288
110044526304
110044526322
110044526331
110044526340
110044526368
110044526377
110044526386
110044526395
110044526402
110044526411
110044526420
110044526439
110044526448
110044526457
110044526466
110044526475
110044526484
110044526493
110044526509
110044526518
110044526527
110044526536
110044526545
110044526554
110044526563
110044526572
110044526581
110044526607
110044526616
110044526625
110044526634
110044526643
110044526652
110044526661
110044526670
110044526689
110044526705
110044526714
110044526723
110044526732
110044526741
110044526750
110044526769
110044526778
110044526787
110044526796
110044526803
110044526821
110044526830
110044526849
110044526858
110044526867
110044526876
110044526885
110044526894
110044526901
110044526910
110044526938
110044526947
110044526956
110044526965
110044526974
110044527009
110044527018
110044527027
110044527036
110044527045
110044527054
110044527063
110044527072
110044527081
110044527090
110044527107
110044527125
110044527134
110044527143
110044527152
110044527161
110044527170
110044527189
110044527198
110044527205
110044527214
110044527223
110044527232
110044527241
110044527250
110044527269
110044527278
110044527287
110044527296
110044527303
110044527312
110044527321
110044527330
110044527349
110044527358
110044527367
110044527376
110044527385
110044527394
110044527401
110044527410
110044527429
110044527438
110044527447
110044527456
110044527465
110044527474
110044527483
110044527492
110044527508
110044527517
110044527526
110044527544
110044527553
110044527562
110044527571
110044527580
110044527599
110044527606
110044527615
110044527633
110044527642
110044527651
110044527660
110044527679
110044527697
110044527704
110044527722
110044527731
110044527740
110044527759
110044527786
110044527795
110044527802
110044527820
110044527839
110044527848
110044527857
110044527893
110044527900
110044527928
110044527946
110044527964
110044527982
110044528008
110044528017
110044528026
110044528044
110044528053
110044528062
110044528071
110044528106
110044528115
110044528124
110044528133
110044528142
110044528160
110044528188
110044528197
110044528204
110044528222
110044528231
110044528268
110044528277
110044528286
110044528295
110044528311
110044528320
110044528339
110044528348
110044528357
110044528366
110044528375
110044528428
110044528437
110044528455
110044528464
110044528473
110044528482
110044528491
110044528507
110044528516
110044528525
110044528534
110044528543
110044528552
110044528561
110044528570
110044528598
110044528605
110044528614
110044528623
110044528632
110044528641
110044528650
110044528669
110044528687
110044528696
110044528703
110044528712
110044528721
110044528730
110044528749
110044528767
110044528785
110044528794
110044528801
110044528810
110044528829
110044528838
110044528856
110044528865
110044528874
110044528883
110044528892
110044528909
110044528927
110044528936
110044528945
110044528954
110044528972
110044528981
110044528990
110044529007
110044529016
110044529025
110044529034
110044529043
110044529052
110044529061
110044529089
110044529098
110044529105
110044529114
110044529123
110044529132
110044529141
110044529150
110044529169
110044529178
110044529187
110044529196
110044529203
110044529212
110044529221
110044529230
110044529249
110044529267
110044529285
110044529329
110044529347
110044529356
110044529374
110044529427
110044529445
110044529472
110044529481
110044529490
110044529506
110044529524
110044529533
110044529542
110044529551
110044529560
110044529588
110044529622
110044529631
110044529659
110044529668
110044529677
110044529686
110044529702
110044529720
110044529739
110044529766
110044529775
110044529784
110044529793
110044529800
110044529819
110044529828
110044529837
110044529864
110044529882
110044529891
110044529908
110044529917
110044529926
110044529935
110044529944
110044529953
110044529962
110044529971
110044529999
110044530004
110044530013
110044530031
110044530040
110044530059
110044530068
110044530077
110044530086
110044530095
110044530102
110044530139
110044530157
110044530166
110044530184
110044530193
110044530200
110044530219
110044530237
110044530246
110044530255
110044530273
110044530282
110044530291
110044530308
110044530317
110044530326
110044530335
110044530344
110044530353
110044530362
110044530380
110044530399
110044530406
110044530415
110044530424
110044530433
110044530442
110044530460
110044530479
110044530488
110044530497
110044530503
110044530512
110044530521
110044530530
110044530549
110044530558
110044530567
110044530594
110044530601
110044530610
110044530629
110044530647
110044530656
110044530665
110044530692
110044530709
110044530718
110044530727
110044530736
110044530745
110044530754
110044530763
110044530772
110044530781
110044530790
110044530807
110044530816
110044530825
110044530834
110044530843
110044530852
110044530861
110044530870
110044530889
110044530898
110044530905
110044530914
110044530923
110044530932
110044530941
110044530950
110044530978
110044530987
110044530996
110044531003
110044531012
110044531021
110044531030
110044531049
110044531058
110044531067
110044531085
110044531094
110044531101
110044531110
110044531129
110044531138
110044531147
110044531156
110044531183
110044531192
110044531218
110044531227
110044531236
110044531245
110044531254
110044531290
110044531325
110044531334
110044531352
110044531361
110044531370
110044531398
110044531405
110044531414
110044531423
110044531432
110044531478
110044531487
110044531496
110044531502
110044531539
110044531548
110044531557
110044531566
110044531575
110044531584
110044531593
110044531600
110044531637
110044531646
110044531655
110044531682
110044531708
110044531717
110044531726
110044531744
110044531762
110044531771
110044531806
110044531824
110044531922
110044531940
110044531968
110044531977
110044531986
110044532002
110044532011
110044532020
110044532039
110044532048
110044532057
110044532066
110044532084
110044532093
110044532119
110044532128
110044532137
110044532155
110044532164
110044532173
110044532182
110044532235
110044532244
110044532253
110044532271
110044532280
110044532299
110044532306
110044532315
110044532324
110044532333
110044532342
110044532351
110044532360
110044532379
110044532388
110044532404
110044532413
110044532422
110044532431
110044532468
110044532477
110044532486
110044532495
110044532501
110044532510
110044532538
110044532547
110044532556
110044532565
110044532574
110044532592
110044532609
110044532618
110044532627
110044532636
110044532645
110044532654
110044532663
110044532672
110044532707
110044532716
110044532725
110044532734
110044532743
110044532761
110044532798
110044532814
110044532823
110044532832
110044532841
110044532869
110044532878
110044532896
110044532903
110044532912
110044532921
110044532930
110044532949
110044532958
110044532967
110044532976
110044532985
110044532994
110044533001
110044533010
110044533038
110044533047
110044533056
110044533074
110044533092
110044533109
110044533118
110044533127
110044533145
110044533181
110044533207
110044533216
110044533225
110044533234
110044533243
110044533252
110044533261
110044533270
110044533289
110044533298
110044533305
110044533314
110044533323
110044533332
110044533341
110044533350
110044533369
110044533378
110044533387
110044533396
110044533403
110044533412
110044533421
110044533449
110044533458
110044533467
110044533476
110044533485
110044533500
110044533519
110044533528
110044533537
110044533555
110044533564
110044533582
110044533608
110044533617
110044533626
110044533635
110044533644
110044533653
110044533662
110044533680
110044533699
110044533706
110044533724
110044533733
110044533742
110044533751
110044533779
110044533788
110044533797
110044533813
110044533822
110044533831
110044533840
110044533859
110044533877
110044533886
110044533902
110044533911
110044533948
110044533957
110044533984
110044534000
110044534028
110044534037
110044534046
110044534055
110044534073
110044534082
110044534108
110044534117
110044534126
110044534135
110044534144
110044534162
110044534171
110044534180
110044534199
110044534206
110044534224
110044534233
110044534242
110044534251
110044534260
110044534279
110044534297
110044534304
110044534313
110044534322
110044534331
110044534359
110044534368
110044534395
110044534411
110044534439
110044534448
110044534457
110044534475
110044534493
