110044534509
110044534527
110044534545
110044534554
110044534563
110044534572
110044534581
110044534590
110044534607
110044534616
110044534634
110044534643
110044534652
110044534661
110044534670
110044534689
110044534698
110044534705
110044534714
110044534723
110044534750
110044534769
110044534778
110044534787
110044534796
110044534812
110044534830
110044534858
110044534867
110044534876
110044534885
110044534894
110044534901
110044534910
110044534929
110044534938
110044534956
110044534974
110044534983
110044534992
110044535018
110044535027
110044535036
110044535045
110044535063
110044535072
110044535081
110044535090
110044535116
110044535125
110044535134
110044535143
110044535152
110044535161
110044535170
110044535189
110044535198
110044535214
110044535223
110044535232
110044535241
110044535250
110044535269
110044535287
110044535296
110044535303
110044535312
110044535330
110044535349
110044535358
110044535367
110044535376
110044535394
110044535401
110044535429
110044535438
110044535447
110044535456
110044535474
110044535483
110044535492
110044535508
110044535517
110044535526
110044535535
110044535544
110044535553
110044535562
110044535571
110044535580
110044535599
110044535615
110044535624
110044535633
110044535642
110044535651
110044535660
110044535679
110044535688
110044535697
110044535713
110044535722
110044535731
110044535740
110044535768
110044535777
110044535786
110044535802
110044535811
110044535820
110044535839
110044535848
110044535857
110044535866
110044535875
110044535884
110044535893
110044535900
110044535919
110044535928
110044535937
110044535955
110044535964
110044535973
110044536017
110044536026
110044536035
110044536044
110044536053
110044536062
110044536071
110044536106
110044536115
110044536124
110044536133
110044536142
110044536151
110044536160
110044536179
110044536188
110044536204
110044536213
110044536222
110044536231
110044536240
110044536259
110044536268
110044536277
110044536286
110044536295
110044536302
110044536311
110044536339
110044536348
110044536357
110044536366
110044536375
110044536384
110044536393
110044536419
110044536437
110044536446
110044536455
110044536464
110044536482
110044536507
110044536516
110044536525
110044536534
110044536543
110044536561
110044536570
110044536589
110044536614
110044536623
110044536632
110044536641
110044536650
110044536669
110044536678
110044536687
110044536696
110044536703
110044536712
110044536721
110044536730
110044536749
110044536776
110044536785
110044536794
110044536801
110044536810
110044536829
110044536838
110044536847
110044536856
110044536865
110044536874
110044536883
110044536892
110044536909
110044536918
110044536927
110044536936
110044536945
110044536954
110044536972
110044536981
110044536990
110044537007
110044537016
110044537025
110044537034
110044537052
110044537061
110044537070
110044537089
110044537098
110044537105
110044537114
110044537123
110044537132
110044537141
110044537150
110044537169
110044537187
110044537196
110044537203
110044537212
110044537230
110044537249
110044537267
110044537276
110044537285
110044537294
110044537301
110044537310
110044537329
110044537338
110044537347
110044537365
110044537383
110044537392
110044537409
110044537418
110044537427
110044537436
110044537445
110044537454
110044537472
110044537481
110044537490
110044537515
110044537524
110044537533
110044537542
110044537551
110044537560
110044537579
110044537588
110044537597
110044537604
110044537622
110044537631
110044537640
110044537659
110044537668
110044537677
110044537695
110044537702
110044537711
110044537720
110044537739
110044537748
110044537757
110044537766
110044537775
110044537784
110044537793
110044537800
110044537819
110044537837
110044537846
110044537855
110044537873
110044537882
110044537891
110044537917
110044537926
110044537935
110044537944
110044537953
110044537962
110044537971
110044537980
110044537999
110044538006
110044538015
110044538024
110044538033
110044538042
110044538060
110044538079
110044538097
110044538104
110044538113
110044538122
110044538131
110044538140
110044538159
110044538168
110044538177
110044538186
110044538195
110044538202
110044538211
110044538239
110044538248
110044538257
110044538266
110044538275
110044538293
110044538319
110044538328
110044538337
110044538346
110044538355
110044538364
110044538373
110044538382
110044538391
110044538426
110044538435
110044538453
110044538462
110044538471
110044538480
110044538505
110044538514
110044538523
110044538532
110044538550
110044538569
110044538578
110044538587
110044538596
110044538603
110044538612
110044538621
110044538630
110044538649
110044538658
110044538667
110044538676
110044538685
110044538694
110044538710
110044538729
110044538738
110044538747
110044538756
110044538765
110044538774
110044538783
110044538792
110044538809
110044538818
110044538827
110044538836
110044538845
110044538854
110044538863
110044538872
110044538881
110044538890
110044538907
110044538916
110044538925
110044538934
110044538943
110044538952
110044538961
110044538989
110044539005
110044539014
110044539023
110044539032
110044539050
110044539078
110044539087
110044539096
110044539103
110044539112
110044539121
110044539130
110044539149
110044539158
110044539167
110044539176
110044539185
110044539194
110044539201
110044539210
110044539229
110044539238
110044539247
110044539256
110044539265
110044539274
110044539292
110044539309
110044539318
110044539327
110044539336
110044539345
110044539354
110044539363
110044539372
110044539381
110044539390
110044539407
110044539416
110044539425
110044539434
110044539443
110044539452
110044539470
110044539489
110044539498
110044539504
110044539513
110044539522
110044539531
110044539540
110044539559
110044539568
110044539577
110044539586
110044539595
110044539611
110044539620
110044539639
110044539648
110044539666
110044539675
110044539684
110044539693
110044539700
110044539719
110044539728
110044539737
110044539746
110044539764
110044539773
110044539782
110044539791
110044539808
110044539817
110044539826
110044539835
110044539844
110044539853
110044539862
110044539871
110044539880
110044539899
110044539906
110044539915
110044539924
110044539933
110044539942
110044539951
110044539960
110044539979
110044539988
110044540002
110044540011
110044540020
110044540039
110044540048
110044540057
110044540066
110044540075
110044540084
110044540093
110044540100
110044540119
110044540128
110044540137
110044540146
110044540155
110044540164
110044540173
110044540182
110044540191
110044540208
110044540217
110044540226
110044540235
110044540253
110044540262
110044540271
110044540280
110044540299
110044540306
110044540315
110044540324
110044540333
110044540342
110044540351
110044540360
110044540379
110044540388
110044540404
110044540413
110044540422
110044540431
110044540459
110044540468
110044540486
110044540495
110044540501
110044540510
110044540529
110044540538
110044540547
110044540556
110044540565
110044540574
110044540583
110044540592
110044540609
110044540618
110044540627
110044540636
110044540645
110044540654
110044540663
110044540672
110044540681
110044540690
110044540707
110044540716
110044540725
110044540734
110044540743
110044540770
110044540789
110044540798
110044540805
110044540814
110044540823
110044540832
110044540841
110044540850
110044540869
110044540878
110044540887
110044540896
110044540912
110044540921
110044540930
110044540949
110044540958
110044540967
110044540976
110044540985
110044540994
110044541001
110044541010
110044541029
110044541038
110044541047
110044541056
110044541065
110044541074
110044541083
110044541109
110044541118
110044541127
110044541136
110044541145
110044541154
110044541163
110044541172
110044541181
110044541190
110044541207
110044541216
110044541225
110044541234
110044541243
110044541252
110044541261
110044541270
110044541289
110044541298
110044541314
110044541323
110044541332
110044541341
110044541350
110044541369
110044541378
110044541387
110044541396
110044541403
110044541412
110044541421
110044541430
110044541449
110044541458
110044541467
110044541476
110044541485
110044541494
110044541500
110044541519
110044541528
110044541537
110044541546
110044541555
110044541564
110044541573
110044541582
110044541591
110044541608
110044541617
110044541626
110044541635
110044541644
110044541653
110044541662
110044541671
110044541680
110044541699
110044541706
110044541715
110044541724
110044541742
110044541751
110044541760
110044541779
110044541788
110044541804
110044541813
110044541822
110044541831
110044541840
110044541859
110044541868
110044541877
110044541886
110044541895
110044541902
110044541911
110044541920
110044541948
110044541957
110044541966
110044541975
110044541984
110044541993
110044542000
110044542019
110044542037
110044542046
110044542064
110044542073
110044542082
110044542091
110044542108
110044542126
110044542171
110044542199
110044542206
110044542224
110044542233
110044542279
110044542304
110044542331
110044542368
110044542395
110044542402
110044542411
110044542420
110044542439
110044542457
110044542475
110044542484
110044542493
110044542509
110044542518
110044542536
110044542545
110044542554
110044542563
110044542572
110044542581
110044542590
110044542607
110044542616
110044542625
110044542643
110044542652
110044542670
110044542689
110044542698
110044542705
110044542714
110044542741
110044542778
110044542787
110044542796
110044542812
110044542821
110044542830
110044542858
110044542867
110044542876
110044542885
110044542901
110044542910
110044542929
110044542938
110044542956
110044542965
110044542992
110044543009
110044543018
110044543036
110044543045
110044543063
110044543072
110044543081
110044543090
110044543107
110044543116
110044543134
110044543143
110044543189
110044543198
110044543205
110044543214
110044543223
110044543232
110044543241
110044543250
110044543269
110044543296
110044543303
110044543321
110044543349
110044543367
110044543394
110044543410
110044543429
110044543438
110044543447
110044543456
110044543465
110044543474
110044543492
110044543508
110044543544
110044543562
110044543571
110044543580
110044543599
110044543624
110044543633
110044543642
110044543651
110044543679
110044543688
110044543697
110044543704
110044543722
110044543731
110044543740
110044543759
110044543768
110044543777
110044543802
110044543811
110044543820
110044543839
110044543857
110044543866
110044543875
110044543884
110044543893
110044543900
110044543919
110044543928
110044543937
110044543946
110044543955
110044543973
110044543982
110044543991
110044544026
110044544035
110044544044
110044544062
110044544071
110044544080
110044544099
110044544106
110044544115
110044544124
110044544133
110044544142
110044544151
110044544160
110044544188
110044544197
110044544204
110044544213
110044544222
110044544231
110044544240
110044544259
110044544268
110044544277
110044544286
110044544295
110044544302
110044544311
110044544320
110044544339
110044544348
110044544357
110044544366
110044544384
110044544393
110044544400
110044544419
110044544428
110044544437
110044544446
110044544455
110044544464
110044544473
110044544482
110044544491
110044544516
110044544525
110044544534
110044544552
110044544589
110044544614
110044544623
110044544641
110044544650
110044544669
110044544678
110044544687
110044544696
110044544703
110044544721
110044544730
110044544749
110044544758
110044544767
110044544785
110044544794
110044544801
110044544810
110044544829
110044544838
110044544847
110044544856
110044544865
110044544874
110044544883
110044544892
110044544909
110044544918
110044544927
110044544945
110044544963
110044544972
110044544981
110044544990
110044545007
110044545016
110044545025
110044545034
110044545043
110044545052
110044545061
110044545070
110044545089
110044545098
110044545105
110044545114
110044545132
110044545141
110044545150
110044545169
110044545178
110044545187
110044545196
110044545203
110044545212
110044545221
110044545230
110044545258
110044545267
110044545276
110044545285
110044545294
110044545301
110044545329
110044545338
110044545347
110044545356
110044545365
110044545383
110044545392
110044545409
110044545427
110044545436
110044545445
110044545463
110044545472
110044545481
110044545490
110044545506
110044545515
110044545524
110044545542
110044545551
110044545560
110044545579
110044545588
110044545604
110044545622
110044545631
110044545668
110044545677
110044545686
110044545695
110044545720
110044545739
110044545748
110044545757
110044545766
110044545775
110044545793
110044545800
110044545819
110044545828
110044545837
110044545846
110044545855
110044545864
110044545873
110044545882
110044545908
110044545917
110044545926
110044545935
110044545944
110044545953
110044545962
110044545971
110044545980
110044545999
110044546006
110044546015
110044546033
110044546042
110044546051
110044546060
110044546088
110044546097
110044546104
110044546113
110044546122
110044546131
110044546177
110044546186
110044546202
110044546211
110044546220
110044546248
110044546266
110044546293
110044546319
110044546337
110044546346
110044546355
110044546364
110044546373
110044546391
110044546417
110044546435
110044546444
