110044546453
110044546480
110044546499
110044546505
110044546550
110044546578
110044546587
110044546596
110044546603
110044546612
110044546621
110044546630
110044546649
110044546658
110044546667
110044546676
110044546685
110044546694
110044546701
110044546710
110044546729
110044546738
110044546747
110044546756
110044546765
110044546774
110044546783
110044546792
110044546809
110044546818
110044546827
110044546836
110044546845
110044546854
110044546863
110044546872
110044546881
110044546890
110044546907
110044546916
110044546925
110044546934
110044546943
110044546952
110044546961
110044546970
110044546989
110044546998
110044547005
110044547014
110044547023
110044547032
110044547041
110044547050
110044547069
110044547078
110044547087
110044547096
110044547103
110044547112
110044547121
110044547130
110044547149
110044547185
110044547194
110044547201
110044547210
110044547229
110044547238
110044547247
110044547256
110044547265
110044547274
110044547283
110044547292
110044547309
110044547318
110044547327
110044547336
110044547345
110044547363
110044547372
110044547381
110044547390
110044547407
110044547416
110044547425
110044547434
110044547443
110044547452
110044547461
110044547470
110044547489
110044547498
110044547504
110044547513
110044547522
110044547540
110044547568
110044547577
110044547586
110044547595
110044547602
110044547611
110044547620
110044547639
110044547648
110044547657
110044547666
110044547675
110044547684
110044547693
110044547719
110044547728
110044547737
110044547755
110044547773
110044547782
110044547791
110044547808
110044547817
110044547826
110044547835
110044547844
110044547853
110044547871
110044547880
110044547899
110044547924
110044547942
110044547951
110044547960
110044547979
110044547988
110044547997
110044548004
110044548022
110044548031
110044548040
110044548059
110044548068
110044548077
110044548086
110044548095
110044548102
110044548111
110044548120
110044548139
110044548148
110044548157
110044548166
110044548184
110044548193
110044548228
110044548246
110044548264
110044548273
110044548282
110044548291
110044548308
110044548317
110044548326
110044548344
110044548353
110044548380
110044548399
110044548406
110044548424
110044548460
110044548479
110044548488
110044548497
110044548503
110044548512
110044548530
110044548558
110044548567
110044548576
110044548585
110044548594
110044548610
110044548629
110044548656
110044548674
110044548709
110044548718
110044548727
110044548736
110044548754
110044548763
110044548772
110044548790
110044548807
110044548816
110044548825
110044548834
110044548870
110044548889
110044548905
110044548914
110044548923
110044548932
110044548941
110044548950
110044548969
110044548987
110044548996
110044549003
110044549012
110044549021
110044549030
110044549049
110044549058
110044549067
110044549076
110044549085
110044549094
110044549101
110044549110
110044549129
110044549138
110044549147
110044549156
110044549165
110044549183
110044549192
110044549209
110044549218
110044549236
110044549245
110044549254
110044549263
110044549272
110044549281
110044549290
110044549307
110044549316
110044549325
110044549334
110044549343
110044549352
110044549361
110044549370
110044549398
110044549405
110044549414
110044549423
110044549432
110044549441
110044549450
110044549469
110044549478
110044549487
110044549496
110044549502
110044549511
110044549520
110044549539
110044549548
110044549557
110044549566
110044549575
110044549584
110044549593
110044549619
110044549628
110044549646
110044549655
110044549664
110044549673
110044549682
110044549691
110044549708
110044549717
110044549726
110044549735
110044549744
110044549753
110044549771
110044549780
110044549799
110044549806
110044549815
110044549824
110044549833
110044549842
110044549851
110044549888
110044549897
110044549913
110044549922
110044549931
110044549940
110044549959
110044549977
110044549986
110044549995
110044550018
110044550027
110044550036
110044550045
110044550054
110044550081
110044550107
110044550116
110044550125
110044550134
110044550143
110044550152
110044550161
110044550170
110044550198
110044550205
110044550214
110044550223
110044550232
110044550241
110044550269
110044550278
110044550287
110044550296
110044550312
110044550330
110044550349
110044550358
110044550367
110044550376
110044550385
110044550394
110044550401
110044550410
110044550429
110044550438
110044550456
110044550465
110044550474
110044550483
110044550492
110044550508
110044550517
110044550526
110044550544
110044550553
110044550562
110044550571
110044550580
110044550599
110044550615
110044550624
110044550642
110044550651
110044550660
110044550688
110044550697
110044550704
110044550713
110044550731
110044550740
110044550759
110044550768
110044550777
110044550786
110044550795
110044550802
110044550811
110044550820
110044550848
110044550857
110044550866
110044550875
110044550884
110044550900
110044550937
110044550946
110044550982
110044550991
110044551008
110044551017
110044551035
110044551044
110044551053
110044551080
110044551099
110044551115
110044551124
110044551133
110044551142
110044551151
110044551160
110044551179
110044551188
110044551197
110044551204
110044551213
110044551222
110044551231
110044551240
110044551259
110044551268
110044551277
110044551286
110044551302
110044551311
110044551320
110044551339
110044551348
110044551357
110044551366
110044551375
110044551384
110044551393
110044551400
110044551419
110044551428
110044551437
110044551446
110044551464
110044551473
110044551491
110044551507
110044551516
110044551525
110044551534
110044551543
110044551552
110044551561
110044551570
110044551589
110044551598
110044551605
110044551632
110044551641
110044551650
110044551678
110044551687
110044551703
110044551712
110044551721
110044551730
110044551749
110044551758
110044551776
110044551785
110044551794
110044551801
110044551810
110044551829
110044551838
110044551847
110044551865
110044551883
110044551892
110044551918
110044551927
110044551936
110044551945
110044551954
110044551972
110044551981
110044551990
110044552007
110044552016
110044552025
110044552034
110044552043
110044552052
110044552061
110044552070
110044552089
110044552105
110044552114
110044552123
110044552132
110044552141
110044552150
110044552169
110044552178
110044552187
110044552196
110044552203
110044552212
110044552221
110044552230
110044552249
110044552258
110044552267
110044552285
110044552294
110044552301
110044552310
110044552329
110044552347
110044552356
110044552365
110044552374
110044552383
110044552392
110044552409
110044552418
110044552427
110044552436
110044552445
110044552454
110044552463
110044552472
110044552481
110044552490
110044552506
110044552515
110044552524
110044552533
110044552551
110044552597
110044552604
110044552613
110044552622
110044552631
110044552640
110044552659
110044552668
110044552686
110044552695
110044552702
110044552711
110044552720
110044552739
110044552748
110044552757
110044552784
110044552793
110044552800
110044552819
110044552828
110044552837
110044552846
110044552864
110044552873
110044552882
110044552908
110044552917
110044552926
110044552935
110044552944
110044552953
110044552962
110044552971
110044552980
110044552999
110044553006
110044553015
110044553024
110044553033
110044553042
110044553051
110044553060
110044553079
110044553088
110044553097
110044553113
110044553131
110044553140
110044553159
110044553168
110044553186
110044553195
110044553202
110044553211
110044553220
110044553239
110044553248
110044553266
110044553275
110044553284
110044553293
110044553300
110044553319
110044553328
110044553337
110044553346
110044553355
110044553364
110044553373
110044553391
110044553408
110044553417
110044553426
110044553435
110044553444
110044553462
110044553471
110044553480
110044553505
110044553514
110044553532
110044553541
110044553569
110044553603
110044553612
110044553621
110044553630
110044553649
110044553658
110044553667
110044553676
110044553694
110044553701
110044553710
110044553729
110044553738
110044553747
110044553756
110044553765
110044553774
110044553783
110044553809
110044553818
110044553836
110044553845
110044553854
110044553863
110044553872
110044553881
110044553916
110044553934
110044553943
110044553952
110044553961
110044553970
110044553989
110044553998
110044554014
110044554023
110044554032
110044554041
110044554050
110044554069
110044554078
110044554087
110044554096
110044554103
110044554112
110044554121
110044554130
110044554149
110044554158
110044554176
110044554194
110044554201
110044554210
110044554229
110044554238
110044554256
110044554265
110044554274
110044554283
110044554292
110044554309
110044554318
110044554345
110044554363
110044554390
110044554407
110044554416
110044554425
110044554443
110044554452
110044554461
110044554470
110044554489
110044554498
110044554513
110044554531
110044554540
110044554568
110044554577
110044554595
110044554602
110044554620
110044554639
110044554648
110044554666
110044554684
110044554693
110044554700
110044554719
110044554728
110044554746
110044554755
110044554764
110044554782
110044554808
110044554817
110044554826
110044554835
110044554844
110044554862
110044554871
110044554880
110044554899
110044554915
110044554924
110044554933
110044554942
110044554960
110044554988
110044554997
110044555013
110044555031
110044555068
110044555095
110044555111
110044555139
110044555148
110044555157
110044555166
110044555175
110044555193
110044555200
110044555219
110044555228
110044555237
110044555246
110044555264
110044555273
110044555335
110044555344
110044555353
110044555362
110044555371
110044555380
110044555399
110044555406
110044555415
110044555433
110044555442
110044555451
110044555460
110044555479
110044555497
110044555503
110044555512
110044555521
110044555549
110044555558
110044555567
110044555585
110044555594
110044555601
110044555638
110044555665
110044555674
110044555683
110044555692
110044555709
110044555718
110044555727
110044555736
110044555745
110044555754
110044555763
110044555772
110044555790
110044555807
110044555816
110044555825
110044555834
110044555843
110044555861
110044555870
110044555889
110044555905
110044555914
110044555932
110044555941
110044555950
110044555969
110044555978
110044555987
110044555996
110044556003
110044556012
110044556030
110044556049
110044556058
110044556067
110044556076
110044556085
110044556094
110044556101
110044556110
110044556138
110044556147
110044556165
110044556174
110044556183
110044556192
110044556209
110044556218
110044556227
110044556236
110044556245
110044556272
110044556281
110044556290
110044556316
110044556325
110044556334
110044556343
110044556352
110044556361
110044556370
110044556389
110044556398
110044556423
110044556432
110044556441
110044556450
110044556469
110044556478
110044556487
110044556496
110044556511
110044556520
110044556539
110044556548
110044556557
110044556566
110044556575
110044556584
110044556593
110044556600
110044556619
110044556628
110044556637
110044556646
110044556655
110044556664
110044556673
110044556682
110044556691
110044556708
110044556717
110044556726
110044556735
110044556744
110044556753
110044556762
110044556771
110044556780
110044556799
110044556806
110044556824
110044556833
110044556842
110044556851
110044556860
110044556879
110044556888
110044556897
110044556904
110044556922
110044556931
110044556959
110044556968
110044556977
110044556986
110044556995
110044557002
110044557011
110044557020
110044557039
110044557048
110044557057
110044557066
110044557075
110044557084
110044557093
110044557100
110044557119
110044557128
110044557137
110044557146
110044557155
110044557164
110044557173
110044557182
110044557191
110044557208
110044557217
110044557226
110044557235
110044557244
110044557253
110044557262
110044557271
110044557280
110044557299
110044557306
110044557315
110044557324
110044557333
110044557342
110044557360
110044557379
110044557388
110044557397
110044557404
110044557413
110044557422
110044557431
110044557440
110044557459
110044557468
110044557477
110044557486
110044557495
110044557501
110044557510
110044557529
110044557538
110044557547
110044557565
110044557574
110044557583
110044557592
110044557609
110044557618
110044557627
110044557636
110044557645
110044557654
110044557663
110044557672
110044557681
110044557690
110044557707
110044557716
110044557725
110044557734
110044557743
110044557752
110044557761
110044557770
110044557789
110044557798
110044557805
110044557814
110044557823
110044557832
110044557841
110044557850
110044557869
110044557878
110044557887
110044557896
110044557903
110044557912
110044557921
110044557930
110044557949
110044557958
110044557967
110044557976
110044557985
110044557994
110044558001
110044558010
110044558029
110044558056
110044558065
110044558074
110044558083
110044558092
110044558109
110044558118
110044558127
110044558136
110044558145
110044558154
110044558163
110044558172
110044558181
110044558190
110044558207
110044558216
110044558225
110044558234
110044558243
110044558252
110044558261
110044558270
110044558289
110044558298
110044558305
110044558314
110044558323
110044558332
110044558350
110044558369
110044558378
