110044558387
110044558396
110044558403
110044558412
110044558421
110044558430
110044558449
110044558458
110044558467
110044558485
110044558494
110044558500
110044558519
110044558528
110044558537
110044558546
110044558555
110044558564
110044558573
110044558582
110044558591
110044558626
110044558635
110044558644
110044558653
110044558662
110044558671
110044558680
110044558699
110044558706
110044558715
110044558724
110044558733
110044558742
110044558751
110044558760
110044558779
110044558797
110044558804
110044558813
110044558822
110044558831
110044558840
110044558859
110044558868
110044558877
110044558886
110044558895
110044558902
110044558911
110044558920
110044558939
110044558948
110044558957
110044558966
110044558975
110044558984
110044558993
110044559000
110044559019
110044559028
110044559037
110044559046
110044559055
110044559064
110044559073
110044559082
110044559091
110044559108
110044559117
110044559135
110044559162
110044559171
110044559180
110044559206
110044559224
110044559233
110044559251
110044559260
110044559288
110044559304
110044559313
110044559322
110044559331
110044559340
110044559359
110044559368
110044559386
110044559395
110044559420
110044559439
110044559448
110044559475
110044559493
110044559509
110044559518
110044559527
110044559536
110044559545
110044559554
110044559563
110044559572
110044559581
110044559590
110044559607
110044559616
110044559625
110044559634
110044559643
110044559652
110044559670
110044559689
110044559698
110044559705
110044559714
110044559723
110044559732
110044559741
110044559769
110044559787
110044559796
110044559803
110044559812
110044559830
110044559849
110044559858
110044559867
110044559876
110044559885
110044559901
110044559910
110044559929
110044559938
110044559956
110044559965
110044559974
110044560007
110044560016
110044560025
110044560034
110044560052
110044560061
110044560070
110044560089
110044560105
110044560114
110044560123
110044560132
110044560141
110044560178
110044560203
110044560212
110044560221
110044560249
110044560258
110044560267
110044560276
110044560285
110044560294
110044560310
110044560365
110044560374
110044560409
110044560418
110044560427
110044560436
110044560445
110044560463
110044560506
110044560515
110044560533
110044560542
110044560551
110044560579
110044560588
110044560597
110044560604
110044560613
110044560622
110044560631
110044560640
110044560659
110044560668
110044560686
110044560695
110044560702
110044560711
110044560720
110044560739
110044560748
110044560757
110044560766
110044560784
110044560800
110044560819
110044560828
110044560837
110044560846
110044560855
110044560864
110044560882
110044560891
110044560908
110044560917
110044560935
110044560944
110044560953
110044560962
110044560971
110044560980
110044560999
110044561006
110044561015
110044561024
110044561033
110044561042
110044561051
110044561060
110044561079
110044561088
110044561097
110044561104
110044561113
110044561122
110044561140
110044561159
110044561168
110044561177
110044561186
110044561195
110044561202
110044561220
110044561239
110044561248
110044561257
110044561266
110044561293
110044561300
110044561319
110044561328
110044561337
110044561346
110044561355
110044561364
110044561373
110044561382
110044561391
110044561408
110044561417
110044561426
110044561435
110044561444
110044561453
110044561462
110044561471
110044561480
110044561499
110044561505
110044561514
110044561523
110044561532
110044561541
110044561569
110044561578
110044561587
110044561596
110044561603
110044561612
110044561621
110044561630
110044561658
110044561676
110044561685
110044561694
110044561701
110044561710
110044561747
110044561765
110044561774
110044561809
110044561818
110044561827
110044561836
110044561863
110044561872
110044561881
110044561890
110044561907
110044561916
110044561925
110044561934
110044561943
110044561961
110044561970
110044561989
110044561998
110044562005
110044562014
110044562023
110044562041
110044562050
110044562078
110044562096
110044562103
110044562121
110044562130
110044562149
110044562158
110044562167
110044562176
110044562185
110044562194
110044562210
110044562229
110044562238
110044562247
110044562256
110044562265
110044562274
110044562283
110044562309
110044562318
110044562327
110044562345
110044562363
110044562381
110044562407
110044562425
110044562434
110044562443
110044562498
110044562504
110044562522
110044562531
110044562540
110044562559
110044562568
110044562586
110044562595
110044562602
110044562620
110044562639
110044562648
110044562666
110044562675
110044562684
110044562693
110044562700
110044562719
110044562728
110044562737
110044562746
110044562755
110044562764
110044562773
110044562782
110044562791
110044562808
110044562817
110044562826
110044562835
110044562844
110044562853
110044562862
110044562871
110044562880
110044562899
110044562906
110044562915
110044562924
110044562933
110044562942
110044562951
110044562960
110044562979
110044562988
110044562997
110044563004
110044563013
110044563022
110044563031
110044563040
110044563059
110044563068
110044563077
110044563086
110044563095
110044563102
110044563139
110044563148
110044563157
110044563166
110044563175
110044563184
110044563193
110044563200
110044563219
110044563228
110044563237
110044563246
110044563255
110044563264
110044563273
110044563282
110044563291
110044563308
110044563317
110044563326
110044563344
110044563353
110044563362
110044563371
110044563380
110044563399
110044563406
110044563415
110044563424
110044563433
110044563442
110044563451
110044563460
110044563488
110044563497
110044563503
110044563521
110044563530
110044563549
110044563558
110044563567
110044563576
110044563585
110044563594
110044563601
110044563610
110044563647
110044563656
110044563665
110044563683
110044563692
110044563709
110044563718
110044563727
110044563736
110044563745
110044563754
110044563763
110044563781
110044563790
110044563807
110044563825
110044563834
110044563843
110044563852
110044563861
110044563870
110044563889
110044563898
110044563905
110044563914
110044563923
110044563932
110044563941
110044563950
110044563978
110044563987
110044563996
110044564003
110044564012
110044564021
110044564030
110044564049
110044564058
110044564067
110044564076
110044564085
110044564094
110044564101
110044564110
110044564129
110044564138
110044564147
110044564156
110044564174
110044564183
110044564192
110044564209
110044564218
110044564227
110044564236
110044564245
110044564254
110044564263
110044564272
110044564281
110044564307
110044564316
110044564325
110044564334
110044564343
110044564352
110044564361
110044564370
110044564389
110044564398
110044564405
110044564414
110044564423
110044564432
110044564441
110044564450
110044564469
110044564478
110044564496
110044564502
110044564520
110044564539
110044564575
110044564584
110044564593
110044564600
110044564619
110044564637
110044564655
110044564691
110044564717
110044564726
110044564744
110044564771
110044564799
110044564806
110044564824
110044564860
110044564888
110044564904
110044564931
110044564959
110044564995
110044565002
110044565011
110044565020
110044565066
110044565075
110044565084
110044565100
110044565119
110044565128
110044565137
110044565155
110044565182
110044565244
110044565262
110044565271
110044565280
110044565299
110044565324
110044565342
110044565351
110044565379
110044565388
110044565413
110044565431
110044565440
110044565477
110044565486
110044565495
110044565510
110044565538
110044565547
110044565556
110044565574
110044565583
110044565592
110044565609
110044565618
110044565636
110044565645
110044565654
110044565672
110044565681
110044565690
110044565707
110044565716
110044565725
110044565734
110044565743
110044565752
110044565761
110044565814
110044565841
110044565887
110044565903
110044565912
110044565958
110044565976
110044566001
110044566010
110044566038
110044566047
110044566065
110044566074
110044566083
110044566109
110044566136
110044566145
110044566154
110044566163
110044566181
110044566190
110044566207
110044566216
110044566225
110044566234
110044566243
110044566252
110044566270
110044566289
110044566305
110044566314
110044566323
110044566332
110044566378
110044566387
110044566396
110044566403
110044566421
110044566430
110044566449
110044566458
110044566467
110044566476
110044566485
110044566494
110044566500
110044566519
110044566537
110044566546
110044566555
110044566573
110044566582
110044566608
110044566617
110044566635
110044566644
110044566653
110044566671
110044566680
110044566699
110044566706
110044566724
110044566733
110044566742
110044566751
110044566760
110044566779
110044566788
110044566797
110044566804
110044566813
110044566822
110044566840
110044566859
110044566868
110044566877
110044566895
110044566902
110044566911
110044566939
110044566948
110044566957
110044566966
110044566975
110044566984
110044566993
110044567028
110044567046
110044567055
110044567064
110044567073
110044567082
110044567091
110044567108
110044567117
110044567126
110044567135
110044567144
110044567153
110044567162
110044567171
110044567180
110044567199
110044567206
110044567215
110044567224
110044567233
110044567242
110044567260
110044567279
110044567288
110044567297
110044567304
110044567313
110044567322
110044567331
110044567340
110044567359
110044567368
110044567377
110044567386
110044567402
110044567420
110044567448
110044567457
110044567475
110044567484
110044567493
110044567509
110044567518
110044567536
110044567545
110044567554
110044567563
110044567572
110044567581
110044567590
110044567607
110044567616
110044567625
110044567634
110044567643
110044567661
110044567689
110044567698
110044567723
110044567741
110044567750
110044567769
110044567778
110044567787
110044567803
110044567821
110044567849
110044567858
110044567867
110044567894
110044567901
110044567910
110044567938
110044567947
110044567965
110044567983
110044567992
110044568009
110044568036
110044568045
110044568054
110044568063
110044568081
110044568090
110044568107
110044568116
110044568125
110044568134
110044568143
110044568152
110044568161
110044568170
110044568198
110044568214
110044568223
110044568232
110044568241
110044568250
110044568269
110044568278
110044568287
110044568312
110044568321
110044568330
110044568349
110044568358
110044568367
110044568376
110044568385
110044568401
110044568410
110044568429
110044568447
110044568456
110044568465
110044568474
110044568492
110044568508
110044568517
110044568526
110044568535
110044568553
110044568562
110044568571
110044568580
110044568606
110044568615
110044568624
110044568633
110044568642
110044568651
110044568660
110044568679
110044568688
110044568697
110044568704
110044568713
110044568722
110044568731
110044568740
110044568759
110044568768
110044568777
110044568786
110044568795
110044568811
110044568820
110044568857
110044568866
110044568884
110044568919
110044568937
110044568946
110044568955
110044568964
110044568973
110044568982
110044569008
110044569017
110044569026
110044569035
110044569044
110044569053
110044569062
110044569071
110044569080
110044569099
110044569106
110044569115
110044569133
110044569142
110044569151
110044569160
110044569197
110044569213
110044569222
110044569231
110044569240
110044569259
110044569277
110044569286
110044569311
110044569320
110044569375
110044569384
110044569393
110044569400
110044569419
110044569428
110044569437
110044569446
110044569455
110044569464
110044569473
110044569482
110044569507
110044569516
110044569525
110044569543
110044569552
110044569561
110044569570
110044569589
110044569598
110044569605
110044569614
110044569632
110044569650
110044569669
110044569678
110044569687
110044569696
110044569703
110044569712
110044569721
110044569730
110044569749
110044569758
110044569767
110044569776
110044569785
110044569801
110044569810
110044569829
110044569838
110044569847
110044569874
110044569883
110044569892
110044569909
110044569918
110044569927
110044569936
110044569945
110044569954
110044569963
110044569972
110044569981
110044569990
110044570005
110044570014
110044570023
110044570032
110044570041
110044570050
110044570069
110044570078
110044570087
110044570096
110044570103
110044570121
110044570167
110044570201
110044570210
110044570238
110044570256
110044570265
110044570309
110044570327
110044570336
110044570363
110044570381
110044570416
110044570443
110044570461
110044570498
110044570513
110044570531
110044570586
110044570602
110044570611
110044570620
110044570648
110044570657
110044570666
110044570675
110044570684
110044570693
110044570700
110044570719
110044570728
110044570737
110044570746
110044570764
110044570808
110044570826
110044570853
110044570871
110044570899
110044570915
110044570942
110044570951
110044570960
110044570988
110044570997
110044571040
110044571068
110044571077
110044571086
110044571095
110044571102
110044571120
110044571148
110044571157
110044571175
110044571184
110044571200
110044571228
110044571237
110044571246
110044571255
110044571264
110044571273
110044571282
110044571291
110044571308
110044571317
110044571326
110044571335
110044571344
110044571353
110044571362
110044571371
110044571380
110044571399
110044571406
