110044584438
110044584447
110044584456
110044584465
110044584474
110044584483
110044584492
110044584508
110044584517
110044584526
110044584535
110044584544
110044584553
110044584562
110044584580
110044584599
110044584606
110044584615
110044584624
110044584633
110044584642
110044584651
110044584660
110044584688
110044584697
110044584704
110044584713
110044584722
110044584731
110044584740
110044584759
110044584777
110044584795
110044584802
110044584811
110044584839
110044584848
110044584857
110044584866
110044584875
110044584884
110044584893
110044584900
110044584919
110044584928
110044584937
110044584946
110044584964
110044584982
110044584991
110044585008
110044585017
110044585035
110044585044
110044585053
110044585062
110044585071
110044585080
110044585099
110044585106
110044585124
110044585133
110044585142
110044585151
110044585160
110044585188
110044585197
110044585204
110044585213
110044585222
110044585231
110044585240
110044585259
110044585268
110044585277
110044585286
110044585295
110044585302
110044585311
110044585339
110044585348
110044585357
110044585366
110044585375
110044585384
110044585393
110044585400
110044585419
110044585428
110044585437
110044585446
110044585464
110044585473
110044585482
110044585491
110044585507
110044585516
110044585534
110044585543
110044585552
110044585561
110044585570
110044585589
110044585598
110044585605
110044585623
110044585632
110044585641
110044585650
110044585669
110044585678
110044585687
110044585696
110044585703
110044585712
110044585721
110044585730
110044585749
110044585758
110044585776
110044585785
110044585794
110044585801
110044585810
110044585829
110044585838
110044585847
110044585856
110044585865
110044585874
110044585892
110044585909
110044585918
110044585927
110044585936
110044585945
110044585954
110044585963
110044585972
110044585990
110044586007
110044586016
110044586034
110044586043
110044586052
110044586061
110044586070
110044586089
110044586098
110044586105
110044586132
110044586141
110044586150
110044586178
110044586187
110044586196
110044586203
110044586212
110044586221
110044586230
110044586267
110044586276
110044586285
110044586294
110044586310
110044586329
110044586338
110044586347
110044586356
110044586365
110044586374
110044586383
110044586392
110044586409
110044586418
110044586427
110044586436
110044586445
110044586454
110044586463
110044586472
110044586481
110044586490
110044586515
110044586524
110044586533
110044586542
110044586551
110044586560
110044586579
110044586588
110044586597
110044586604
110044586613
110044586622
110044586631
110044586640
110044586659
110044586668
110044586686
110044586695
110044586702
110044586711
110044586739
110044586748
110044586757
110044586766
110044586775
110044586784
110044586793
110044586800
110044586819
110044586837
110044586846
110044586855
110044586864
110044586873
110044586882
110044586908
110044586917
110044586926
110044586935
110044586962
110044586971
110044586980
110044586999
110044587006
110044587015
110044587024
110044587033
110044587042
110044587051
110044587060
110044587079
110044587088
110044587104
110044587113
110044587122
110044587131
110044587140
110044587159
110044587168
110044587186
110044587195
110044587202
110044587211
110044587239
110044587248
110044587257
110044587266
110044587275
110044587284
110044587319
110044587328
110044587337
110044587346
110044587355
110044587364
110044587373
110044587382
110044587391
110044587408
110044587417
110044587426
110044587435
110044587444
110044587453
110044587462
110044587471
110044587480
110044587499
110044587505
110044587514
110044587532
110044587541
110044587569
110044587596
110044587603
110044587612
110044587621
110044587630
110044587649
110044587658
110044587667
110044587676
110044587685
110044587701
110044587729
110044587747
110044587765
110044587774
110044587783
110044587792
110044587809
110044587818
110044587827
110044587836
110044587845
110044587854
110044587872
110044587907
110044587934
110044587943
110044587952
110044587961
110044587989
110044588014
110044588050
110044588087
110044588103
110044588112
110044588121
110044588149
110044588158
110044588185
110044588194
110044588210
110044588238
110044588247
110044588274
110044588283
110044588309
110044588327
110044588372
110044588390
110044588416
110044588443
110044588489
110044588498
110044588513
110044588531
110044588577
110044588595
110044588602
110044588620
110044588639
110044588648
110044588657
110044588675
110044588684
110044588693
110044588700
110044588719
110044588728
110044588737
110044588746
110044588764
110044588773
110044588782
110044588791
110044588808
110044588817
110044588826
110044588844
110044588853
110044588871
110044588880
110044588899
110044588906
110044588924
110044588942
110044588951
110044588960
110044588979
110044588988
110044588997
110044589004
110044589022
110044589031
110044589068
110044589086
110044589102
110044589111
110044589120
110044589139
110044589148
110044589166
110044589175
110044589184
110044589193
110044589200
110044589273
110044589282
110044589291
110044589308
110044589326
110044589335
110044589344
110044589362
110044589371
110044589380
110044589406
110044589415
110044589424
110044589433
110044589442
110044589460
110044589479
110044589488
110044589497
110044589503
110044589512
110044589530
110044589549
110044589567
110044589576
110044589594
110044589601
110044589629
110044589638
110044589647
110044589656
110044589665
110044589683
110044589692
110044589709
110044589718
110044589727
110044589736
110044589754
110044589763
110044589772
110044589781
110044589790
110044589816
110044589825
110044589834
110044589843
110044589852
110044589870
110044589889
110044589898
110044589905
110044589923
110044589932
110044589941
110044589950
110044589978
110044589987
110044589996
110044590001
110044590010
110044590029
110044590038
110044590056
110044590065
110044590083
110044590092
110044590118
110044590127
110044590145
110044590163
110044590181
110044590190
110044590207
110044590216
110044590225
110044590234
110044590243
110044590261
110044590270
110044590289
110044590298
110044590314
110044590323
110044590332
110044590341
110044590350
110044590369
110044590378
110044590396
110044590403
110044590412
110044590421
110044590449
110044590476
110044590485
110044590494
110044590519
110044590528
110044590537
110044590555
110044590564
110044590573
110044590617
110044590626
110044590635
110044590644
110044590653
110044590662
110044590680
110044590699
110044590706
110044590715
110044590724
110044590742
110044590760
110044590788
110044590797
110044590813
110044590822
110044590831
110044590840
110044590859
110044590868
110044590877
110044590886
110044590902
110044590911
110044590920
110044590939
110044590948
110044590957
110044590966
110044590975
110044590993
110044591000
110044591019
110044591028
110044591037
110044591046
110044591055
110044591064
110044591073
110044591082
110044591091
110044591108
110044591117
110044591126
110044591135
110044591144
110044591153
110044591162
110044591171
110044591180
110044591199
110044591206
110044591215
110044591224
110044591233
110044591242
110044591251
110044591260
110044591279
110044591297
110044591304
110044591313
110044591322
110044591331
110044591340
110044591359
110044591368
110044591377
110044591395
110044591402
110044591420
110044591439
110044591448
110044591466
110044591475
110044591484
110044591493
110044591527
110044591545
110044591554
110044591563
110044591572
110044591581
110044591607
110044591616
110044591625
110044591634
110044591652
110044591661
110044591689
110044591732
110044591741
110044591769
110044591778
110044591787
110044591803
110044591812
110044591821
110044591830
110044591849
110044591858
110044591867
110044591885
110044591894
110044591901
110044591910
110044591938
110044591947
110044591956
110044591965
110044591974
110044591983
110044591992
110044592009
110044592018
110044592027
110044592045
110044592054
110044592063
110044592072
110044592081
110044592090
110044592107
110044592125
110044592143
110044592161
110044592170
110044592189
110044592198
110044592205
110044592214
110044592223
110044592241
110044592250
110044592287
110044592296
110044592303
110044592312
110044592321
110044592349
110044592358
110044592376
110044592394
110044592401
110044592410
110044592429
110044592438
110044592465
110044592492
110044592508
110044592526
110044592535
110044592544
110044592553
110044592562
110044592571
110044592580
110044592599
110044592606
110044592615
110044592624
110044592633
110044592642
110044592651
110044592660
110044592679
110044592697
110044592713
110044592722
110044592731
110044592740
110044592759
110044592768
110044592777
110044592795
110044592802
110044592811
110044592820
110044592839
110044592848
110044592857
110044592866
110044592875
110044592900
110044592919
110044592928
110044592937
110044592946
110044592955
110044592964
110044592973
110044592982
110044592991
110044593008
110044593017
110044593026
110044593035
110044593044
110044593053
110044593062
110044593080
110044593099
110044593106
110044593124
110044593133
110044593142
110044593151
110044593160
110044593179
110044593188
110044593197
110044593204
110044593213
110044593222
110044593231
110044593259
110044593268
110044593277
110044593286
110044593295
110044593311
110044593320
110044593339
110044593348
110044593357
110044593366
110044593375
110044593384
110044593393
110044593400
110044593419
110044593437
110044593455
110044593464
110044593473
110044593482
110044593491
110044593507
110044593525
110044593561
110044593589
110044593598
110044593614
110044593623
110044593632
110044593687
110044593712
110044593730
110044593758
110044593767
110044593776
110044593794
110044593838
110044593874
110044593883
110044593892
110044593909
110044593936
110044593945
110044594016
110044594034
110044594061
110044594132
110044594178
110044594196
110044594212
110044594221
110044594249
110044594276
110044594285
110044594294
110044594310
110044594329
110044594338
110044594374
110044594383
110044594392
110044594409
110044594418
110044594427
110044594436
110044594445
110044594454
110044594472
110044594481
110044594490
110044594506
110044594515
110044594524
110044594542
110044594560
110044594579
110044594588
110044594597
110044594604
110044594613
110044594622
110044594640
110044594659
110044594686
110044594695
110044594702
110044594711
110044594720
110044594739
110044594748
110044594757
110044594766
110044594775
110044594793
110044594800
110044594837
110044594846
110044594855
110044594864
110044594873
110044594882
110044594891
110044594908
110044594917
110044594926
110044594935
110044594944
110044594953
110044594962
110044594971
110044594980
110044595006
110044595015
110044595024
110044595033
110044595042
110044595051
110044595060
110044595079
110044595088
110044595104
110044595113
110044595122
110044595131
110044595140
110044595159
110044595168
110044595177
110044595186
110044595195
110044595202
110044595211
110044595220
110044595239
110044595248
110044595266
110044595275
110044595293
110044595300
110044595319
110044595337
110044595346
110044595355
110044595364
110044595373
110044595382
110044595391
110044595408
110044595417
110044595426
110044595435
110044595444
110044595453
110044595462
110044595471
110044595480
110044595499
110044595505
110044595514
110044595523
110044595532
110044595541
110044595550
110044595569
110044595578
110044595587
110044595596
110044595603
110044595612
110044595621
110044595630
110044595649
110044595658
110044595667
110044595676
110044595685
110044595694
110044595701
110044595710
110044595729
110044595747
110044595756
110044595765
110044595774
110044595783
110044595792
110044595809
110044595818
110044595827
110044595836
110044595845
110044595854
110044595863
110044595872
110044595881
110044595890
110044595916
110044595925
110044595934
110044595943
110044595952
110044595961
110044595970
110044595989
110044596005
110044596014
110044596023
110044596032
110044596041
110044596050
110044596069
110044596078
110044596096
110044596103
110044596112
110044596121
110044596130
110044596149
110044596158
110044596167
110044596176
110044596185
110044596201
110044596210
110044596229
110044596238
110044596256
110044596265
110044596274
110044596283
110044596292
110044596309
110044596318
110044596327
110044596336
110044596345
110044596354
110044596363
110044596372
110044596381
110044596390
110044596407
110044596416
110044596434
110044596452
110044596461
110044596470
110044596489
110044596498
110044596513
110044596531
110044596540
110044596559
110044596568
110044596577
110044596586
110044596595
110044596602
110044596611
110044596620
110044596639
110044596648
110044596657
110044596666
110044596675
110044596684
110044596693
110044596700
110044596719
110044596728
110044596737
110044596746
110044596755
110044596764
110044596773
110044596782
110044596791
110044596808
110044596817
110044596826
110044596835
110044596844
110044596853
110044596862
110044596871
110044596880
110044596899
110044596906
110044596915
110044596924
110044596933
110044596942
110044596951
110044596960
110044596979
110044596988
110044596997
110044597004
110044597013
