110044597022
110044597031
110044597040
110044597059
110044597068
110044597077
110044597086
110044597095
110044597102
110044597120
110044597157
110044597166
110044597175
110044597184
110044597200
110044597219
110044597228
110044597246
110044597273
110044597282
110044597291
110044597317
110044597326
110044597335
110044597344
110044597371
110044597380
110044597415
110044597424
110044597433
110044597451
110044597460
110044597479
110044597488
110044597497
110044597512
110044597521
110044597530
110044597558
110044597567
110044597585
110044597594
110044597610
110044597629
110044597638
110044597647
110044597665
110044597674
110044597692
110044597709
110044597718
110044597736
110044597745
110044597763
110044597772
110044597781
110044597790
110044597807
110044597816
110044597834
110044597843
110044597852
110044597870
110044597889
110044597898
110044597905
110044597914
110044597923
110044597932
110044597941
110044597969
110044597987
110044597996
110044598003
110044598012
110044598021
110044598030
110044598049
110044598058
110044598067
110044598076
110044598085
110044598094
110044598101
110044598110
110044598129
110044598138
110044598147
110044598156
110044598165
110044598174
110044598183
110044598209
110044598218
110044598227
110044598254
110044598281
110044598307
110044598316
110044598334
110044598343
110044598352
110044598370
110044598389
110044598398
110044598405
110044598414
110044598423
110044598432
110044598450
110044598478
110044598496
110044598502
110044598511
110044598520
110044598539
110044598548
110044598566
110044598575
110044598584
110044598619
110044598628
110044598637
110044598646
110044598655
110044598664
110044598673
110044598682
110044598708
110044598717
110044598726
110044598735
110044598753
110044598762
110044598780
110044598799
110044598815
110044598824
110044598833
110044598842
110044598851
110044598860
110044598879
110044598888
110044598897
110044598904
110044598922
110044598931
110044598940
110044598968
110044598977
110044598986
110044599002
110044599020
110044599057
110044599075
110044599084
110044599100
110044599119
110044599128
110044599137
110044599155
110044599164
110044599173
110044599182
110044599191
110044599208
110044599217
110044599226
110044599253
110044599262
110044599271
110044599280
110044599299
110044599306
110044599315
110044599324
110044599333
110044599351
110044599360
110044599379
110044599388
110044599404
110044599413
110044599422
110044599440
110044599459
110044599477
110044599486
110044599495
110044599510
110044599529
110044599538
110044599547
110044599556
110044599574
110044599583
110044599592
110044599609
110044599618
110044599627
110044599636
110044599645
110044599663
110044599672
110044599681
110044599690
110044599707
110044599716
110044599725
110044599734
110044599743
110044599752
110044599761
110044599770
110044599789
110044599798
110044599805
110044599814
110044599823
110044599832
110044599841
110044599850
110044599878
110044599887
110044599903
110044599921
110044599930
110044599949
110044599958
110044599967
110044599985
110044599994
110044600009
110044600027
110044600036
110044600045
110044600054
110044600063
110044600081
110044600090
110044600107
110044600116
110044600134
110044600143
110044600152
110044600170
110044600205
110044600214
110044600223
110044600250
110044600269
110044600278
110044600287
110044600296
110044600303
110044600312
110044600330
110044600349
110044600358
110044600367
110044600376
110044600385
110044600394
110044600401
110044600410
110044600429
110044600438
110044600465
110044600474
110044600483
110044600562
110044600606
110044600651
110044600679
110044600731
110044600740
110044600786
110044600802
110044600811
110044600848
110044600857
110044600875
110044600893
110044600900
110044600919
110044600964
110044601062
110044601080
110044601115
110044601133
110044601142
110044601160
110044601197
110044601213
110044601222
110044601231
110044601277
110044601302
110044601357
110044601375
110044601384
110044601400
110044601437
110044601455
110044601473
110044601482
110044601507
110044601516
110044601525
110044601534
110044601543
110044601561
110044601589
110044601598
110044601605
110044601614
110044601641
110044601650
110044601669
110044601687
110044601696
110044601703
110044601712
110044601730
110044601758
110044601767
110044601776
110044601785
110044601801
110044601810
110044601829
110044601838
110044601847
110044601856
110044601865
110044601874
110044601883
110044601892
110044601909
110044601918
110044601927
110044601936
110044601945
110044601954
110044601981
110044601990
110044602016
110044602025
110044602034
110044602043
110044602052
110044602061
110044602089
110044602098
110044602114
110044602123
110044602132
110044602141
110044602150
110044602169
110044602187
110044602196
110044602203
110044602212
110044602221
110044602249
110044602258
110044602267
110044602276
110044602294
110044602310
110044602329
110044602338
110044602347
110044602365
110044602374
110044602383
110044602392
110044602409
110044602418
110044602436
110044602445
110044602454
110044602463
110044602472
110044602481
110044602490
110044602506
110044602515
110044602524
110044602533
110044602542
110044602560
110044602579
110044602597
110044602613
110044602622
110044602631
110044602640
110044602659
110044602668
110044602677
110044602686
110044602695
110044602711
110044602720
110044602748
110044602757
110044602766
110044602775
110044602793
110044602800
110044602837
110044602864
110044602873
110044602882
110044602908
110044602917
110044602926
110044602935
110044602944
110044602962
110044602971
110044602980
110044602999
110044603006
110044603015
110044603033
110044603051
110044603060
110044603079
110044603088
110044603097
110044603104
110044603113
110044603122
110044603131
110044603159
110044603177
110044603220
110044603239
110044603248
110044603266
110044603275
110044603284
110044603293
110044603319
110044603328
110044603337
110044603346
110044603355
110044603364
110044603382
110044603391
110044603408
110044603417
110044603426
110044603444
110044603453
110044603462
110044603471
110044603480
110044603499
110044603505
110044603514
110044603523
110044603541
110044603550
110044603569
110044603578
110044603587
110044603596
110044603612
110044603621
110044603630
110044603649
110044603658
110044603667
110044603685
110044603694
110044603701
110044603710
110044603738
110044603747
110044603756
110044603765
110044603774
110044603783
110044603809
110044603818
110044603827
110044603836
110044603845
110044603854
110044603863
110044603872
110044603881
110044603890
110044603907
110044603916
110044603934
110044603952
110044603961
110044603970
110044603989
110044604005
110044604023
110044604032
110044604041
110044604069
110044604078
110044604087
110044604096
110044604103
110044604112
110044604121
110044604130
110044604158
110044604176
110044604201
110044604210
110044604229
110044604238
110044604247
110044604256
110044604265
110044604274
110044604283
110044604309
110044604318
110044604345
110044604354
110044604363
110044604381
110044604390
110044604407
110044604425
110044604434
110044604443
110044604461
110044604489
110044604504
110044604513
110044604522
110044604531
110044604540
110044604568
110044604577
110044604586
110044604595
110044604602
110044604611
110044604620
110044604639
110044604648
110044604657
110044604666
110044604675
110044604684
110044604693
110044604700
110044604719
110044604728
110044604737
110044604746
110044604755
110044604764
110044604773
110044604782
110044604791
110044604808
110044604817
110044604835
110044604844
110044604862
110044604871
110044604880
110044604899
110044604915
110044604924
110044604933
110044604942
110044604951
110044604960
110044604979
110044604988
110044604997
110044605004
110044605013
110044605022
110044605031
110044605040
110044605068
110044605086
110044605095
110044605102
110044605111
110044605120
110044605148
110044605157
110044605166
110044605184
110044605193
110044605200
110044605237
110044605246
110044605255
110044605264
110044605273
110044605282
110044605291
110044605308
110044605317
110044605326
110044605335
110044605353
110044605362
110044605371
110044605380
110044605399
110044605406
110044605415
110044605424
110044605433
110044605442
110044605451
110044605460
110044605479
110044605488
110044605497
110044605503
110044605512
110044605521
110044605530
110044605549
110044605567
110044605576
110044605585
110044605594
110044605601
110044605610
110044605629
110044605638
110044605647
110044605656
110044605665
110044605674
110044605683
110044605692
110044605709
110044605718
110044605727
110044605736
110044605745
110044605754
110044605763
110044605772
110044605781
110044605790
110044605807
110044605816
110044605825
110044605834
110044605843
110044605852
110044605861
110044605870
110044605889
110044605898
110044605905
110044605914
110044605923
110044605932
110044605941
110044605969
110044605978
110044605987
110044605996
110044606003
110044606012
110044606021
110044606030
110044606049
110044606058
110044606067
110044606076
110044606085
110044606094
110044606101
110044606110
110044606129
110044606138
110044606147
110044606183
110044606218
110044606227
110044606245
110044606254
110044606263
110044606272
110044606281
110044606290
110044606307
110044606316
110044606325
110044606334
110044606343
110044606352
110044606370
110044606389
110044606398
110044606405
110044606414
110044606432
110044606441
110044606450
110044606469
110044606478
110044606487
110044606496
110044606502
110044606511
110044606520
110044606539
110044606548
110044606557
110044606566
110044606575
110044606584
110044606593
110044606600
110044606619
110044606628
110044606637
110044606646
110044606655
110044606664
110044606673
110044606682
110044606708
110044606717
110044606726
110044606735
110044606744
110044606771
110044606806
110044606815
110044606833
110044606842
110044606851
110044606879
110044606888
110044606913
110044606931
110044606940
110044606959
110044606977
110044606986
110044606995
110044607002
110044607011
110044607039
110044607057
110044607066
110044607075
110044607093
110044607119
110044607146
110044607164
110044607182
110044607208
110044607217
110044607235
110044607253
110044607262
110044607271
110044607280
110044607299
110044607324
110044607342
110044607351
110044607388
110044607397
110044607404
110044607422
110044607431
110044607440
110044607459
110044607468
110044607477
110044607486
110044607495
110044607501
110044607529
110044607556
110044607565
110044607583
110044607618
110044607627
110044607636
110044607645
110044607654
110044607663
110044607672
110044607681
110044607707
110044607716
110044607725
110044607734
110044607752
110044607770
110044607805
110044607814
110044607823
110044607832
110044607841
110044607878
110044607896
110044607903
110044607921
110044607949
110044607958
110044607967
110044607985
110044607994
110044608001
110044608010
110044608029
110044608038
110044608047
110044608056
110044608074
110044608083
110044608092
110044608163
110044608172
110044608181
110044608190
110044608216
110044608225
110044608234
110044608243
110044608252
110044608261
110044608270
110044608289
110044608298
110044608305
110044608314
110044608323
110044608332
110044608341
110044608369
110044608378
110044608387
110044608396
110044608412
110044608421
110044608430
110044608449
110044608458
110044608467
110044608476
110044608485
110044608494
110044608500
110044608519
110044608537
110044608546
110044608555
110044608564
110044608573
110044608582
110044608608
110044608617
110044608626
110044608635
110044608653
110044608662
110044608671
110044608680
110044608699
110044608706
110044608715
110044608724
110044608751
110044608760
110044608788
110044608797
110044608804
110044608813
110044608822
110044608831
110044608840
110044608859
110044608868
110044608877
110044608886
110044608895
110044608902
110044608911
110044608920
110044608939
110044608948
110044608957
110044608984
110044608993
110044609000
110044609019
110044609028
110044609037
110044609046
110044609055
110044609073
110044609091
110044609108
110044609117
110044609126
110044609144
110044609153
110044609162
110044609171
110044609180
110044609199
110044609206
110044609215
110044609224
110044609233
110044609251
110044609279
110044609288
110044609297
110044609304
110044609313
110044609322
110044609331
110044609359
110044609377
110044609386
110044609395
110044609402
110044609411
110044609457
110044609466
110044609475
110044609484
110044609493
110044609509
110044609518
110044609527
110044609536
110044609563
110044609572
110044609581
110044609590
110044609607
110044609616
110044609625
110044609634
110044609643
110044609652
110044609661
110044609670
110044609689
110044609698
110044609705
110044609714
110044609723
110044609732
110044609769
110044609778
110044609787
110044609796
110044609803
110044609812
110044609821
110044609830
110044609849
110044609858
110044609867
110044609876
110044609885
110044609894
110044609901
110044609910
110044609947
110044609956
110044609965
110044609974
110044609983
110044609992
110044610007
110044610016
110044610025
110044610034
110044610043
110044610052
110044610061
110044610070
