110044610089
110044610098
110044610105
110044610114
110044610123
110044610132
110044610141
110044610150
110044610169
110044610178
110044610187
110044610196
110044610203
110044610212
110044610221
110044610230
110044610249
110044610258
110044610267
110044610276
110044610285
110044610294
110044610301
110044610310
110044610329
110044610338
110044610347
110044610356
110044610365
110044610374
110044610392
110044610409
110044610427
110044610436
110044610445
110044610463
110044610472
110044610481
110044610490
110044610506
110044610515
110044610524
110044610533
110044610542
110044610551
110044610560
110044610579
110044610588
110044610597
110044610604
110044610613
110044610622
110044610631
110044610640
110044610668
110044610677
110044610686
110044610695
110044610720
110044610739
110044610748
110044610757
110044610766
110044610784
110044610793
110044610800
110044610819
110044610828
110044610837
110044610846
110044610855
110044610864
110044610873
110044610882
110044610891
110044610908
110044610917
110044610926
110044610935
110044610944
110044610953
110044610962
110044610971
110044610980
110044610999
110044611006
110044611015
110044611024
110044611033
110044611042
110044611051
110044611060
110044611079
110044611088
110044611097
110044611104
110044611122
110044611131
110044611140
110044611159
110044611168
110044611177
110044611186
110044611195
110044611202
110044611211
110044611220
110044611239
110044611248
110044611257
110044611266
110044611275
110044611284
110044611293
110044611300
110044611319
110044611328
110044611337
110044611346
110044611355
110044611364
110044611373
110044611382
110044611391
110044611408
110044611417
110044611426
110044611435
110044611444
110044611453
110044611462
110044611471
110044611480
110044611499
110044611505
110044611514
110044611523
110044611532
110044611550
110044611569
110044611578
110044611587
110044611603
110044611612
110044611621
110044611630
110044611658
110044611667
110044611676
110044611685
110044611694
110044611701
110044611729
110044611747
110044611756
110044611765
110044611783
110044611792
110044611809
110044611818
110044611827
110044611836
110044611845
110044611854
110044611863
110044611872
110044611881
110044611890
110044611907
110044611916
110044611925
110044611934
110044611943
110044611952
110044611961
110044611970
110044611989
110044611998
110044612005
110044612023
110044612032
110044612041
110044612050
110044612078
110044612096
110044612103
110044612112
110044612121
110044612130
110044612149
110044612158
110044612167
110044612176
110044612185
110044612194
110044612210
110044612229
110044612238
110044612247
110044612256
110044612292
110044612309
110044612318
110044612336
110044612345
110044612354
110044612363
110044612372
110044612381
110044612390
110044612407
110044612416
110044612425
110044612434
110044612452
110044612470
110044612489
110044612513
110044612577
110044612586
110044612611
110044612620
110044612675
110044612684
110044612693
110044612728
110044612737
110044612764
110044612773
110044612791
110044612826
110044612853
110044612871
110044612880
110044612906
110044612915
110044612933
110044612960
110044612988
110044613013
110044613022
110044613031
110044613040
110044613059
110044613068
110044613077
110044613086
110044613095
110044613111
110044613120
110044613139
110044613157
110044613166
110044613175
110044613184
110044613193
110044613200
110044613228
110044613246
110044613273
110044613282
110044613317
110044613335
110044613344
110044613353
110044613362
110044613380
110044613399
110044613406
110044613415
110044613433
110044613442
110044613460
110044613479
110044613488
110044613497
110044613503
110044613512
110044613521
110044613530
110044613549
110044613558
110044613567
110044613576
110044613585
110044613594
110044613601
110044613610
110044613629
110044613638
110044613647
110044613656
110044613665
110044613683
110044613692
110044613709
110044613718
110044613736
110044613745
110044613754
110044613772
110044613781
110044613807
110044613816
110044613825
110044613834
110044613852
110044613898
110044613905
110044613932
110044613941
110044613950
110044613969
110044613996
110044614003
110044614012
110044614021
110044614058
110044614067
110044614076
110044614085
110044614094
110044614101
110044614110
110044614129
110044614147
110044614156
110044614165
110044614174
110044614183
110044614192
110044614209
110044614218
110044614227
110044614236
110044614245
110044614254
110044614263
110044614281
110044614290
110044614307
110044614316
110044614325
110044614334
110044614343
110044614352
110044614361
110044614370
110044614405
110044614414
110044614432
110044614450
110044614469
110044614478
110044614496
110044614511
110044614520
110044614539
110044614548
110044614557
110044614566
110044614575
110044614584
110044614593
110044614600
110044614628
110044614637
110044614646
110044614664
110044614682
110044614691
110044614708
110044614717
110044614735
110044614744
110044614753
110044614762
110044614771
110044614780
110044614799
110044614806
110044614815
110044614824
110044614833
110044614851
110044614860
110044614879
110044614897
110044614904
110044614913
110044614931
110044614940
110044614959
110044614968
110044614977
110044614986
110044614995
110044615002
110044615020
110044615039
110044615048
110044615057
110044615066
110044615075
110044615084
110044615093
110044615100
110044615119
110044615128
110044615137
110044615146
110044615155
110044615164
110044615173
110044615182
110044615191
110044615208
110044615217
110044615226
110044615235
110044615244
110044615253
110044615280
110044615299
110044615306
110044615315
110044615324
110044615342
110044615360
110044615388
110044615397
110044615422
110044615431
110044615440
110044615459
110044615468
110044615486
110044615495
110044615501
110044615529
110044615565
110044615574
110044615592
110044615609
110044615627
110044615645
110044615654
110044615663
110044615672
110044615681
110044615690
110044615707
110044615716
110044615734
110044615752
110044615761
110044615770
110044615789
110044615798
110044615805
110044615814
110044615823
110044615832
110044615841
110044615850
110044615869
110044615887
110044615896
110044615903
110044615912
110044615921
110044615930
110044615958
110044615967
110044615976
110044615985
110044615994
110044616001
110044616010
110044616029
110044616038
110044616047
110044616056
110044616065
110044616074
110044616083
110044616092
110044616118
110044616127
110044616136
110044616145
110044616154
110044616163
110044616172
110044616181
110044616190
110044616207
110044616216
110044616225
110044616270
110044616289
110044616298
110044616314
110044616323
110044616332
110044616341
110044616369
110044616378
110044616396
110044616403
110044616412
110044616430
110044616449
110044616458
110044616467
110044616476
110044616485
110044616494
110044616500
110044616519
110044616528
110044616537
110044616546
110044616555
110044616564
110044616573
110044616582
110044616608
110044616617
110044616626
110044616635
110044616644
110044616653
110044616662
110044616671
110044616680
110044616699
110044616706
110044616715
110044616733
110044616742
110044616751
110044616760
110044616779
110044616788
110044616797
110044616804
110044616813
110044616822
110044616831
110044616840
110044616859
110044616868
110044616877
110044616886
110044616895
110044616911
110044616920
110044616939
110044616948
110044616957
110044616966
110044616975
110044616984
110044616993
110044617000
110044617019
110044617028
110044617037
110044617046
110044617055
110044617064
110044617073
110044617082
110044617091
110044617108
110044617117
110044617126
110044617135
110044617144
110044617153
110044617162
110044617171
110044617180
110044617199
110044617206
110044617215
110044617233
110044617251
110044617260
110044617279
110044617288
110044617297
110044617313
110044617322
110044617331
110044617340
110044617368
110044617377
110044617386
110044617395
110044617402
110044617411
110044617420
110044617448
110044617457
110044617475
110044617484
110044617509
110044617536
110044617545
110044617554
110044617563
110044617572
110044617581
110044617590
110044617607
110044617616
110044617634
110044617643
110044617652
110044617661
110044617698
110044617714
110044617723
110044617741
110044617750
110044617769
110044617796
110044617803
110044617812
110044617830
110044617849
110044617858
110044617867
110044617876
110044617885
110044617894
110044617901
110044617910
110044617929
110044617938
110044617947
110044617965
110044617983
110044617992
110044618009
110044618027
110044618036
110044618045
110044618063
110044618072
110044618090
110044618107
110044618116
110044618125
110044618134
110044618143
110044618152
110044618161
110044618170
110044618189
110044618198
110044618205
110044618214
110044618223
110044618232
110044618241
110044618250
110044618269
110044618278
110044618287
110044618296
110044618312
110044618330
110044618349
110044618358
110044618367
110044618376
110044618385
110044618394
110044618401
110044618410
110044618429
110044618438
110044618447
110044618456
110044618465
110044618474
110044618492
110044618508
110044618526
110044618535
110044618544
110044618553
110044618562
110044618571
110044618580
110044618599
110044618606
110044618615
110044618624
110044618642
110044618660
110044618679
110044618688
110044618697
110044618713
110044618722
110044618731
110044618759
110044618777
110044618786
110044618795
110044618802
110044618811
110044618820
110044618848
110044618857
110044618866
110044618875
110044618893
110044618900
110044618937
110044618946
110044618955
110044618973
110044618982
110044618991
110044619008
110044619017
110044619026
110044619044
110044619053
110044619062
110044619071
110044619099
110044619106
110044619115
110044619124
110044619133
110044619142
110044619151
110044619160
110044619179
110044619188
110044619197
110044619204
110044619213
110044619222
110044619231
110044619240
110044619259
110044619268
110044619286
110044619295
110044619302
110044619320
110044619339
110044619348
110044619366
110044619384
110044619400
110044619428
110044619437
110044619446
110044619455
110044619464
110044619473
110044619482
110044619491
110044619507
110044619516
110044619534
110044619543
110044619552
110044619561
110044619570
110044619589
110044619598
110044619605
110044619614
110044619623
110044619632
110044619641
110044619669
110044619703
110044619749
110044619758
110044619776
110044619785
110044619794
110044619810
110044619829
110044619847
110044619856
110044619865
110044619874
110044619883
110044619892
110044619909
110044619918
110044619927
110044619936
110044619945
110044619954
110044619963
110044619972
110044619981
110044619990
110044620005
110044620014
110044620023
110044620032
110044620041
110044620050
110044620069
110044620078
110044620096
110044620103
110044620112
110044620121
110044620130
110044620149
110044620158
110044620167
110044620176
110044620185
110044620194
110044620201
110044620210
110044620229
110044620238
110044620247
110044620256
110044620265
110044620274
110044620292
110044620309
110044620336
110044620345
110044620354
110044620363
110044620381
110044620390
110044620407
110044620416
110044620425
110044620434
110044620443
110044620452
110044620461
110044620470
110044620498
110044620504
110044620559
110044620577
110044620595
110044620602
110044620620
110044620639
110044620648
110044620657
110044620666
110044620675
110044620684
110044620700
110044620719
110044620728
110044620737
110044620746
110044620755
110044620764
110044620773
110044620782
110044620808
110044620817
110044620826
110044620835
110044620844
110044620853
110044620862
110044620880
110044620899
110044620915
110044620924
110044620933
110044620942
110044620951
110044620960
110044620979
110044620997
110044621004
110044621013
110044621022
110044621031
110044621040
110044621059
110044621068
110044621077
110044621086
110044621095
110044621102
110044621111
110044621120
110044621139
110044621148
110044621157
110044621166
110044621184
110044621193
110044621200
110044621219
110044621228
110044621237
110044621246
110044621255
110044621264
110044621273
110044621282
110044621291
110044621308
110044621317
110044621326
110044621335
110044621344
110044621353
110044621362
110044621371
110044621380
110044621399
110044621406
110044621415
110044621424
110044621433
110044621442
110044621451
110044621460
110044621488
110044621497
110044621503
110044621512
110044621521
110044621530
110044621549
110044621558
110044621567
110044621585
110044621594
110044621601
110044621610
110044621629
110044621638
110044621647
110044621656
110044621665
110044621674
110044621683
110044621692
110044621718
110044621745
110044621754
110044621763
110044621772
110044621781
110044621807
110044621825
110044621834
110044621843
110044621852
110044621861
110044621870
110044621898
110044621905
110044621914
110044621923
110044621932
110044621941
110044621950
110044621969
110044621978
110044621987
110044621996
110044622003
110044622012
110044622021
110044622030
110044622049
110044622058
110044622076
110044622085
110044622094
110044622101
110044622110
110044622129
110044622138
110044622147
110044622156
110044622165
110044622174
