110044622192
110044622209
110044622218
110044622227
110044622245
110044622254
110044622263
110044622272
110044622281
110044622290
110044622316
110044622325
110044622334
110044622343
110044622352
110044622361
110044622370
110044622389
110044622398
110044622405
110044622414
110044622423
110044622441
110044622450
110044622469
110044622478
110044622487
110044622502
110044622511
110044622520
110044622539
110044622548
110044622557
110044622566
110044622575
110044622584
110044622593
110044622600
110044622619
110044622628
110044622637
110044622646
110044622655
110044622664
110044622673
110044622682
110044622691
110044622717
110044622726
110044622735
110044622753
110044622762
110044622771
110044622780
110044622799
110044622815
110044622824
110044622833
110044622842
110044622860
110044622879
110044622888
110044622897
110044622904
110044622931
110044622940
110044622959
110044622968
110044622977
110044622995
110044623002
110044623011
110044623020
110044623039
110044623048
110044623057
110044623075
110044623100
110044623119
110044623128
110044623137
110044623146
110044623155
110044623164
110044623173
110044623182
110044623191
110044623208
110044623217
110044623226
110044623235
110044623244
110044623253
110044623262
110044623271
110044623299
110044623306
110044623315
110044623324
110044623333
110044623342
110044623351
110044623360
110044623379
110044623388
110044623397
110044623404
110044623413
110044623422
110044623431
110044623440
110044623459
110044623468
110044623477
110044623486
110044623495
110044623510
110044623529
110044623538
110044623547
110044623556
110044623565
110044623574
110044623583
110044623592
110044623609
110044623618
110044623627
110044623636
110044623645
110044623654
110044623672
110044623681
110044623690
110044623707
110044623716
110044623725
110044623734
110044623743
110044623752
110044623761
110044623770
110044623789
110044623798
110044623805
110044623814
110044623823
110044623832
110044623841
110044623850
110044623869
110044623878
110044623887
110044623896
110044623903
110044623912
110044623921
110044623930
110044623949
110044623958
110044623967
110044623976
110044623985
110044623994
110044624001
110044624010
110044624029
110044624038
110044624047
110044624056
110044624065
110044624074
110044624083
110044624092
110044624109
110044624118
110044624127
110044624145
110044624154
110044624163
110044624172
110044624181
110044624190
110044624216
110044624225
110044624234
110044624243
110044624252
110044624261
110044624270
110044624289
110044624298
110044624305
110044624314
110044624323
110044624332
110044624341
110044624350
110044624369
110044624378
110044624387
110044624396
110044624403
110044624412
110044624421
110044624430
110044624449
110044624458
110044624467
110044624476
110044624485
110044624494
110044624500
110044624519
110044624528
110044624537
110044624546
110044624555
110044624564
110044624573
110044624582
110044624591
110044624608
110044624617
110044624626
110044624635
110044624644
110044624653
110044624662
110044624671
110044624680
110044624699
110044624706
110044624715
110044624724
110044624733
110044624797
110044624804
110044624822
110044624840
110044624859
110044624868
110044624877
110044624886
110044624895
110044624902
110044624911
110044624920
110044624939
110044624948
110044624957
110044624966
110044624984
110044624993
110044625000
110044625028
110044625037
110044625046
110044625055
110044625064
110044625073
110044625082
110044625108
110044625117
110044625126
110044625135
110044625144
110044625153
110044625162
110044625171
110044625180
110044625199
110044625206
110044625215
110044625224
110044625233
110044625251
110044625260
110044625279
110044625288
110044625304
110044625322
110044625331
110044625359
110044625368
110044625377
110044625386
110044625395
110044625402
110044625411
110044625439
110044625448
110044625457
110044625466
110044625475
110044625484
110044625493
110044625518
110044625527
110044625536
110044625545
110044625554
110044625563
110044625581
110044625590
110044625607
110044625616
110044625625
110044625652
110044625661
110044625670
110044625689
110044625698
110044625705
110044625723
110044625732
110044625750
110044625769
110044625778
110044625796
110044625812
110044625821
110044625849
110044625867
110044625876
110044625885
110044625894
110044625901
110044625929
110044625938
110044625947
110044625956
110044625965
110044626018
110044626027
110044626036
110044626045
110044626054
110044626063
110044626072
110044626081
110044626090
110044626116
110044626125
110044626134
110044626143
110044626152
110044626161
110044626170
110044626198
110044626205
110044626214
110044626223
110044626241
110044626250
110044626269
110044626278
110044626287
110044626296
110044626303
110044626312
110044626330
110044626349
110044626358
110044626367
110044626394
110044626401
110044626410
110044626429
110044626438
110044626456
110044626465
110044626474
110044626483
110044626492
110044626508
110044626517
110044626526
110044626535
110044626544
110044626553
110044626571
110044626580
110044626599
110044626606
110044626624
110044626633
110044626651
110044626660
110044626679
110044626688
110044626704
110044626722
110044626731
110044626740
110044626759
110044626768
110044626786
110044626811
110044626839
110044626848
110044626866
110044626875
110044626884
110044626900
110044626919
110044626928
110044626946
110044626955
110044626964
110044626973
110044626991
110044627008
110044627017
110044627026
110044627035
110044627044
110044627053
110044627062
110044627071
110044627080
110044627099
110044627106
110044627124
110044627133
110044627142
110044627151
110044627160
110044627179
110044627188
110044627204
110044627213
110044627222
110044627231
110044627240
110044627259
110044627268
110044627277
110044627286
110044627295
110044627302
110044627311
110044627320
110044627339
110044627348
110044627357
110044627366
110044627375
110044627393
110044627400
110044627419
110044627428
110044627455
110044627464
110044627473
110044627482
110044627491
110044627507
110044627516
110044627525
110044627534
110044627543
110044627552
110044627561
110044627570
110044627589
110044627598
110044627605
110044627614
110044627623
110044627632
110044627641
110044627650
110044627669
110044627678
110044627687
110044627696
110044627712
110044627721
110044627730
110044627749
110044627758
110044627767
110044627776
110044627785
110044627794
110044627801
110044627810
110044627829
110044627838
110044627847
110044627856
110044627865
110044627874
110044627883
110044627909
110044627918
110044627927
110044627936
110044627945
110044627954
110044627972
110044627981
110044627990
110044628007
110044628016
110044628025
110044628034
110044628043
110044628052
110044628061
110044628070
110044628089
110044628098
110044628105
110044628114
110044628123
110044628132
110044628141
110044628150
110044628169
110044628187
110044628196
110044628203
110044628221
110044628230
110044628249
110044628258
110044628267
110044628276
110044628285
110044628294
110044628301
110044628310
110044628329
110044628338
110044628347
110044628356
110044628374
110044628383
110044628392
110044628409
110044628418
110044628427
110044628436
110044628445
110044628454
110044628463
110044628472
110044628481
110044628490
110044628506
110044628515
110044628524
110044628533
110044628542
110044628551
110044628560
110044628579
110044628588
110044628597
110044628604
110044628613
110044628622
110044628631
110044628640
110044628659
110044628668
110044628677
110044628702
110044628711
110044628720
110044628748
110044628757
110044628766
110044628775
110044628784
110044628793
110044628800
110044628819
110044628828
110044628837
110044628846
110044628855
110044628864
110044628873
110044628882
110044628891
110044628908
110044628917
110044628935
110044628944
110044628953
110044628962
110044628971
110044628980
110044628999
110044629006
110044629024
110044629033
110044629042
110044629051
110044629088
110044629097
110044629113
110044629122
110044629131
110044629140
110044629159
110044629168
110044629177
110044629195
110044629202
110044629211
110044629220
110044629239
110044629257
110044629266
110044629275
110044629284
110044629293
110044629300
110044629319
110044629328
110044629337
110044629355
110044629373
110044629382
110044629391
110044629408
110044629417
110044629426
110044629435
110044629444
110044629462
110044629471
110044629480
110044629499
110044629505
110044629514
110044629523
110044629532
110044629550
110044629569
110044629578
110044629587
110044629603
110044629612
110044629621
110044629630
110044629649
110044629658
110044629667
110044629676
110044629685
110044629694
110044629701
110044629710
110044629729
110044629747
110044629756
110044629765
110044629774
110044629792
110044629809
110044629818
110044629836
110044629845
110044629854
110044629872
110044629881
110044629890
110044629916
110044629925
110044629934
110044629943
110044629952
110044629961
110044629970
110044629998
110044630003
110044630012
110044630021
110044630049
110044630058
110044630067
110044630076
110044630085
110044630101
110044630110
110044630129
110044630138
110044630147
110044630165
110044630174
110044630183
110044630192
110044630209
110044630218
110044630227
110044630236
110044630245
110044630254
110044630263
110044630272
110044630281
110044630290
110044630307
110044630316
110044630325
110044630334
110044630352
110044630361
110044630370
110044630389
110044630398
110044630405
110044630414
110044630423
110044630441
110044630478
110044630496
110044630502
110044630520
110044630539
110044630548
110044630557
110044630566
110044630575
110044630584
110044630593
110044630600
110044630628
110044630637
110044630646
110044630655
110044630664
110044630673
110044630682
110044630708
110044630717
110044630726
110044630735
110044630744
110044630762
110044630771
110044630780
110044630799
110044630806
110044630815
110044630833
110044630851
110044630879
110044630888
110044630897
110044630904
110044630913
110044630922
110044630931
110044630940
110044630959
110044630968
110044630977
110044630986
110044630995
110044631002
110044631011
110044631020
110044631048
110044631075
110044631119
110044631137
110044631146
110044631173
110044631182
110044631208
110044631217
110044631226
110044631235
110044631262
110044631271
110044631280
110044631299
110044631306
110044631315
110044631324
110044631333
110044631342
110044631351
110044631360
110044631379
110044631388
110044631397
110044631404
110044631413
110044631431
110044631440
110044631459
110044631468
110044631477
110044631486
110044631495
110044631501
110044631529
110044631538
110044631547
110044631556
110044631565
110044631574
110044631583
110044631592
110044631609
110044631618
110044631627
110044631636
110044631645
110044631654
110044631663
110044631672
110044631681
110044631707
110044631716
110044631725
110044631734
110044631743
110044631752
110044631770
110044631789
110044631798
110044631805
110044631814
110044631823
110044631832
110044631841
110044631869
110044631878
110044631887
110044631896
110044631903
110044631921
110044631930
110044631949
110044631967
110044631976
110044631994
110044632029
110044632038
110044632047
110044632056
110044632065
110044632083
110044632092
110044632109
110044632118
110044632127
110044632136
110044632145
110044632154
110044632163
110044632172
110044632181
110044632207
110044632216
110044632225
110044632234
110044632243
110044632270
110044632289
110044632298
110044632305
110044632314
110044632323
110044632341
110044632350
110044632369
110044632378
110044632387
110044632396
110044632403
110044632412
110044632421
110044632430
110044632449
110044632458
110044632467
110044632476
110044632485
110044632494
110044632500
110044632519
110044632528
110044632537
110044632546
110044632555
110044632564
110044632573
110044632582
110044632591
110044632608
110044632617
110044632626
110044632635
110044632644
110044632653
110044632662
110044632671
110044632680
110044632699
110044632706
110044632715
110044632724
110044632733
110044632742
110044632751
110044632760
110044632779
110044632788
110044632797
110044632813
110044632822
110044632831
110044632840
110044632859
110044632868
110044632877
110044632886
110044632895
110044632902
110044632911
110044632920
110044632939
110044632948
110044632957
110044632966
110044632975
110044632984
110044632993
110044633000
110044633019
110044633028
110044633037
110044633046
110044633055
110044633064
110044633073
110044633082
110044633091
110044633108
110044633117
110044633126
110044633135
110044633144
110044633153
110044633162
110044633171
110044633180
110044633206
110044633224
110044633233
110044633242
110044633251
110044633260
110044633279
110044633288
110044633297
110044633304
110044633313
110044633322
110044633331
110044633340
110044633359
110044633368
110044633386
110044633395
110044633402
110044633411
110044633420
110044633439
110044633448
110044633457
110044633466
110044633475
110044633484
110044633493
110044633509
110044633518
110044633527
110044633536
110044633545
110044633554
110044633572
110044633581
110044633590
110044633607
110044633616
110044633625
110044633634
110044633643
110044633652
110044633661
