110044633670
110044633689
110044633698
110044633705
110044633714
110044633723
110044633732
110044633741
110044633769
110044633778
110044633787
110044633796
110044633803
110044633812
110044633821
110044633830
110044633849
110044633858
110044633867
110044633876
110044633885
110044633894
110044633901
110044633929
110044633938
110044633947
110044633956
110044633965
110044633974
110044633983
110044633992
110044634009
110044634036
110044634045
110044634054
110044634063
110044634072
110044634081
110044634090
110044634107
110044634116
110044634125
110044634134
110044634152
110044634161
110044634170
110044634189
110044634198
110044634205
110044634214
110044634223
110044634232
110044634241
110044634278
110044634287
110044634296
110044634312
110044634321
110044634330
110044634349
110044634358
110044634367
110044634376
110044634394
110044634401
110044634410
110044634429
110044634438
110044634447
110044634456
110044634465
110044634474
110044634483
110044634492
110044634508
110044634517
110044634526
110044634535
110044634544
110044634553
110044634562
110044634571
110044634580
110044634599
110044634615
110044634624
110044634633
110044634642
110044634651
110044634660
110044634679
110044634688
110044634697
110044634704
110044634713
110044634722
110044634731
110044634740
110044634759
110044634768
110044634777
110044634786
110044634795
110044634802
110044634811
110044634820
110044634839
110044634848
110044634857
110044634866
110044634875
110044634884
110044634893
110044634900
110044634919
110044634928
110044634937
110044634955
110044634964
110044634982
110044634991
110044635008
110044635017
110044635026
110044635035
110044635044
110044635053
110044635062
110044635071
110044635080
110044635099
110044635106
110044635115
110044635124
110044635133
110044635142
110044635151
110044635160
110044635179
110044635188
110044635197
110044635204
110044635213
110044635231
110044635240
110044635259
110044635277
110044635295
110044635302
110044635311
110044635320
110044635339
110044635357
110044635375
110044635384
110044635393
110044635400
110044635419
110044635428
110044635437
110044635446
110044635455
110044635464
110044635473
110044635482
110044635491
110044635507
110044635516
110044635525
110044635534
110044635543
110044635552
110044635561
110044635570
110044635589
110044635598
110044635605
110044635614
110044635623
110044635632
110044635650
110044635669
110044635678
110044635687
110044635696
110044635703
110044635712
110044635721
110044635730
110044635749
110044635767
110044635785
110044635794
110044635801
110044635810
110044635829
110044635847
110044635856
110044635865
110044635874
110044635883
110044635892
110044635918
110044635927
110044635936
110044635945
110044635954
110044635963
110044635972
110044635981
110044635990
110044636007
110044636025
110044636034
110044636043
110044636052
110044636061
110044636070
110044636089
110044636098
110044636105
110044636114
110044636123
110044636132
110044636141
110044636150
110044636169
110044636178
110044636187
110044636196
110044636203
110044636212
110044636221
110044636249
110044636258
110044636267
110044636276
110044636285
110044636294
110044636301
110044636310
110044636329
110044636338
110044636347
110044636365
110044636374
110044636383
110044636392
110044636409
110044636418
110044636427
110044636436
110044636445
110044636454
110044636463
110044636472
110044636490
110044636506
110044636524
110044636533
110044636542
110044636579
110044636588
110044636597
110044636604
110044636613
110044636622
110044636631
110044636640
110044636659
110044636668
110044636677
110044636695
110044636702
110044636711
110044636720
110044636748
110044636757
110044636775
110044636784
110044636793
110044636800
110044636819
110044636828
110044636846
110044636855
110044636864
110044636882
110044636891
110044636908
110044636917
110044636926
110044636935
110044636944
110044636953
110044636962
110044636971
110044636980
110044637006
110044637015
110044637024
110044637033
110044637042
110044637051
110044637079
110044637088
110044637097
110044637104
110044637113
110044637122
110044637131
110044637140
110044637159
110044637168
110044637177
110044637195
110044637211
110044637220
110044637239
110044637248
110044637257
110044637266
110044637275
110044637284
110044637293
110044637328
110044637337
110044637346
110044637355
110044637373
110044637382
110044637408
110044637417
110044637444
110044637453
110044637471
110044637499
110044637505
110044637523
110044637532
110044637541
110044637550
110044637578
110044637587
110044637596
110044637603
110044637612
110044637621
110044637630
110044637658
110044637676
110044637685
110044637694
110044637701
110044637710
110044637738
110044637756
110044637765
110044637783
110044637792
110044637809
110044637818
110044637845
110044637854
110044637881
110044637890
110044637916
110044637925
110044637943
110044637952
110044637970
110044637989
110044637998
110044638014
110044638023
110044638032
110044638041
110044638050
110044638069
110044638078
110044638087
110044638103
110044638112
110044638121
110044638130
110044638158
110044638167
110044638176
110044638185
110044638194
110044638201
110044638210
110044638229
110044638238
110044638247
110044638256
110044638265
110044638283
110044638292
110044638309
110044638318
110044638327
110044638336
110044638345
110044638354
110044638363
110044638372
110044638381
110044638390
110044638407
110044638416
110044638425
110044638434
110044638443
110044638452
110044638461
110044638470
110044638489
110044638498
110044638504
110044638513
110044638531
110044638540
110044638568
110044638577
110044638586
110044638602
110044638611
110044638620
110044638639
110044638648
110044638666
110044638675
110044638700
110044638746
110044638764
110044638773
110044638782
110044638791
110044638808
110044638817
110044638826
110044638835
110044638862
110044638871
110044638880
110044638899
110044638906
110044638915
110044638942
110044638951
110044638960
110044638988
110044639004
110044639022
110044639031
110044639040
110044639086
110044639095
110044639102
110044639111
110044639120
110044639148
110044639184
110044639200
110044639219
110044639237
110044639255
110044639264
110044639273
110044639291
110044639308
110044639317
110044639335
110044639344
110044639353
110044639362
110044639371
110044639380
110044639399
110044639406
110044639424
110044639433
110044639442
110044639460
110044639479
110044639497
110044639503
110044639512
110044639521
110044639558
110044639567
110044639576
110044639585
110044639601
110044639610
110044639629
110044639638
110044639647
110044639656
110044639665
110044639674
110044639683
110044639692
110044639709
110044639718
110044639727
110044639745
110044639754
110044639763
110044639772
110044639790
110044639807
110044639816
110044639825
110044639834
110044639843
110044639852
110044639861
110044639870
110044639889
110044639898
110044639914
110044639923
110044639932
110044639941
110044639950
110044639969
110044639987
110044640001
110044640010
110044640029
110044640047
110044640056
110044640065
110044640074
110044640083
110044640092
110044640109
110044640118
110044640136
110044640145
110044640154
110044640163
110044640181
110044640190
110044640207
110044640216
110044640225
110044640234
110044640243
110044640252
110044640261
110044640270
110044640289
110044640298
110044640305
110044640314
110044640323
110044640332
110044640350
110044640369
110044640378
110044640387
110044640396
110044640403
110044640430
110044640458
110044640467
110044640476
110044640485
110044640494
110044640500
110044640519
110044640528
110044640537
110044640546
110044640555
110044640564
110044640573
110044640582
110044640591
110044640608
110044640617
110044640626
110044640635
110044640644
110044640653
110044640662
110044640671
110044640680
110044640699
110044640706
110044640715
110044640724
110044640733
110044640742
110044640751
110044640760
110044640779
110044640788
110044640797
110044640804
110044640813
110044640822
110044640831
110044640840
110044640859
110044640868
110044640877
110044640886
110044640895
110044640902
110044640911
110044640920
110044640939
110044640948
110044640957
110044640966
110044640975
110044640984
110044640993
110044641000
110044641019
110044641028
110044641037
110044641046
110044641055
110044641064
110044641073
110044641082
110044641091
110044641108
110044641117
110044641126
110044641135
110044641144
110044641153
110044641162
110044641171
110044641199
110044641206
110044641215
110044641224
110044641233
110044641242
110044641251
110044641260
110044641288
110044641297
110044641304
110044641322
110044641331
110044641340
110044641359
110044641386
110044641395
110044641402
110044641411
110044641420
110044641448
110044641466
110044641475
110044641484
110044641493
110044641509
110044641518
110044641527
110044641536
110044641545
110044641554
110044641563
110044641572
110044641590
110044641607
110044641616
110044641625
110044641634
110044641643
110044641652
110044641661
110044641670
110044641689
110044641698
110044641705
110044641714
110044641723
110044641732
110044641741
110044641750
110044641769
110044641778
110044641787
110044641796
110044641803
110044641812
110044641821
110044641830
110044641849
110044641858
110044641867
110044641876
110044641885
110044641894
110044641901
110044641910
110044641929
110044641938
110044641947
110044641956
110044641965
110044641974
110044641983
110044641992
110044642009
110044642018
110044642027
110044642036
110044642045
110044642054
110044642063
110044642081
110044642090
110044642107
110044642116
110044642125
110044642134
110044642143
110044642152
110044642161
110044642170
110044642189
110044642198
110044642205
110044642214
110044642223
110044642232
110044642241
110044642250
110044642269
110044642278
110044642287
110044642296
110044642303
110044642312
110044642321
110044642330
110044642349
110044642358
110044642367
110044642376
110044642385
110044642394
110044642410
110044642429
110044642438
110044642447
110044642465
110044642474
110044642492
110044642508
110044642517
110044642526
110044642535
110044642544
110044642553
110044642562
110044642571
110044642580
110044642599
110044642606
110044642615
110044642624
110044642633
110044642642
110044642651
110044642660
110044642679
110044642688
110044642697
110044642713
110044642722
110044642731
110044642740
110044642759
110044642768
110044642777
110044642786
110044642795
110044642802
110044642811
110044642820
110044642839
110044642848
110044642857
110044642866
110044642884
110044642893
110044642900
110044642919
110044642928
110044642937
110044642946
110044642955
110044642964
110044642973
110044642982
110044642991
110044643008
110044643017
110044643026
110044643035
110044643044
110044643053
110044643062
110044643071
110044643080
110044643099
110044643106
110044643115
110044643133
110044643142
110044643160
110044643179
110044643188
110044643197
110044643204
110044643213
110044643231
110044643240
110044643259
110044643268
110044643277
110044643295
110044643302
110044643311
110044643320
110044643339
110044643357
110044643366
110044643375
110044643384
110044643393
110044643419
110044643428
110044643437
110044643446
110044643464
110044643473
110044643482
110044643491
110044643507
110044643516
110044643525
110044643534
110044643543
110044643552
110044643561
110044643570
110044643589
110044643605
110044643614
110044643623
110044643632
110044643641
110044643650
110044643669
110044643678
110044643687
110044643696
110044643703
110044643712
110044643721
110044643730
110044643749
110044643758
110044643767
110044643776
110044643785
110044643794
110044643801
110044643810
110044643829
110044643847
110044643874
110044643883
110044643892
110044643909
110044643918
110044643927
110044643936
110044643945
110044643954
110044643963
110044643972
110044643981
110044643990
110044644007
110044644025
110044644034
110044644043
110044644052
110044644061
110044644070
110044644089
110044644098
110044644105
110044644123
110044644141
110044644169
110044644178
110044644187
110044644196
110044644203
110044644212
110044644221
110044644230
110044644249
110044644258
110044644276
110044644285
110044644310
110044644329
110044644347
110044644356
110044644365
110044644383
110044644409
110044644418
110044644436
110044644445
110044644454
110044644472
110044644481
110044644506
110044644515
110044644579
110044644588
110044644604
110044644613
110044644622
110044644631
110044644640
110044644659
110044644668
110044644702
110044644720
110044644748
110044644766
110044644775
110044644784
110044644793
110044644800
110044644819
110044644828
110044644837
110044644846
110044644855
110044644864
110044644873
110044644882
110044644891
110044644908
110044644917
110044644926
110044644935
110044644944
110044644953
110044644962
110044644971
110044644980
110044644999
110044645006
110044645015
110044645024
110044645042
110044645051
110044645060
110044645079
110044645088
110044645097
110044645104
110044645122
110044645131
110044645140
110044645159
110044645168
110044645177
110044645195
110044645211
110044645220
110044645239
110044645257
110044645266
110044645275
110044645284
110044645293
110044645300
110044645328
110044645346
