110044645355
110044645364
110044645373
110044645382
110044645391
110044645408
110044645417
110044645435
110044645444
110044645462
110044645471
110044645514
110044645541
110044645550
110044645569
110044645578
110044645587
110044645596
110044645603
110044645621
110044645630
110044645649
110044645658
110044645667
110044645676
110044645685
110044645694
110044645701
110044645710
110044645729
110044645738
110044645747
110044645756
110044645765
110044645774
110044645783
110044645792
110044645809
110044645818
110044645827
110044645836
110044645845
110044645854
110044645863
110044645872
110044645881
110044645890
110044645907
110044645925
110044645934
110044645943
110044645952
110044645961
110044645970
110044645989
110044645998
110044646005
110044646014
110044646023
110044646032
110044646041
110044646050
110044646069
110044646078
110044646087
110044646096
110044646103
110044646112
110044646121
110044646130
110044646149
110044646158
110044646176
110044646185
110044646194
110044646201
110044646210
110044646229
110044646238
110044646247
110044646256
110044646265
110044646274
110044646283
110044646292
110044646309
110044646318
110044646327
110044646336
110044646345
110044646354
110044646363
110044646372
110044646381
110044646390
110044646407
110044646416
110044646425
110044646452
110044646461
110044646470
110044646489
110044646498
110044646504
110044646513
110044646522
110044646531
110044646540
110044646559
110044646568
110044646577
110044646586
110044646595
110044646602
110044646611
110044646620
110044646639
110044646648
110044646666
110044646675
110044646684
110044646693
110044646700
110044646719
110044646728
110044646737
110044646755
110044646764
110044646773
110044646782
110044646808
110044646817
110044646835
110044646853
110044646862
110044646871
110044646880
110044646899
110044646906
110044646915
110044646924
110044646933
110044646942
110044646951
110044646960
110044646979
110044646988
110044646997
110044647004
110044647013
110044647022
110044647031
110044647040
110044647059
110044647068
110044647077
110044647086
110044647102
110044647111
110044647120
110044647139
110044647148
110044647157
110044647166
110044647175
110044647184
110044647193
110044647200
110044647219
110044647228
110044647237
110044647246
110044647255
110044647273
110044647282
110044647291
110044647308
110044647317
110044647326
110044647335
110044647344
110044647353
110044647362
110044647371
110044647380
110044647399
110044647406
110044647415
110044647424
110044647433
110044647442
110044647451
110044647460
110044647479
110044647488
110044647497
110044647503
110044647512
110044647521
110044647530
110044647549
110044647567
110044647576
110044647585
110044647594
110044647601
110044647610
110044647629
110044647638
110044647647
110044647656
110044647665
110044647674
110044647683
110044647709
110044647718
110044647736
110044647745
110044647763
110044647772
110044647781
110044647807
110044647816
110044647825
110044647834
110044647843
110044647852
110044647861
110044647870
110044647889
110044647898
110044647905
110044647914
110044647923
110044647932
110044647941
110044647950
110044647969
110044647978
110044647987
110044647996
110044648030
110044648049
110044648058
110044648067
110044648076
110044648094
110044648101
110044648110
110044648129
110044648138
110044648147
110044648156
110044648165
110044648174
110044648183
110044648192
110044648209
110044648218
110044648227
110044648236
110044648245
110044648254
110044648263
110044648272
110044648281
110044648290
110044648307
110044648316
110044648325
110044648343
110044648352
110044648370
110044648389
110044648398
110044648405
110044648414
110044648423
110044648441
110044648450
110044648478
110044648487
110044648496
110044648502
110044648511
110044648520
110044648539
110044648557
110044648575
110044648593
110044648600
110044648619
110044648628
110044648637
110044648646
110044648655
110044648664
110044648682
110044648708
110044648717
110044648726
110044648735
110044648744
110044648762
110044648771
110044648780
110044648799
110044648806
110044648815
110044648824
110044648833
110044648888
110044648897
110044648904
110044648913
110044648931
110044648940
110044648959
110044648968
110044648977
110044648986
110044648995
110044649002
110044649011
110044649020
110044649048
110044649066
110044649075
110044649084
110044649093
110044649100
110044649119
110044649128
110044649137
110044649146
110044649155
110044649173
110044649182
110044649191
110044649208
110044649226
110044649244
110044649253
110044649262
110044649271
110044649280
110044649299
110044649306
110044649315
110044649324
110044649333
110044649351
110044649360
110044649379
110044649388
110044649397
110044649413
110044649422
110044649431
110044649440
110044649459
110044649477
110044649486
110044649495
110044649501
110044649529
110044649538
110044649547
110044649556
110044649565
110044649574
110044649583
110044649592
110044649618
110044649627
110044649636
110044649654
110044649672
110044649681
110044649690
110044649716
110044649725
110044649734
110044649752
110044649761
110044649770
110044649789
110044649798
110044649805
110044649814
110044649832
110044649841
110044649850
110044649869
110044649887
110044649896
110044649903
110044649921
110044649930
110044649949
110044649958
110044649967
110044649976
110044649985
110044650008
110044650017
110044650026
110044650035
110044650044
110044650071
110044650099
110044650106
110044650115
110044650124
110044650142
110044650151
110044650160
110044650179
110044650188
110044650197
110044650204
110044650222
110044650231
110044650240
110044650259
110044650268
110044650286
110044650295
110044650302
110044650311
110044650348
110044650357
110044650366
110044650375
110044650393
110044650400
110044650419
110044650428
110044650437
110044650455
110044650464
110044650473
110044650525
110044650534
110044650543
110044650552
110044650561
110044650589
110044650598
110044650605
110044650623
110044650669
110044650687
110044650703
110044650721
110044650749
110044650767
110044650776
110044650785
110044650801
110044650810
110044650829
110044650838
110044650856
110044650883
110044650945
110044650954
110044650963
110044650981
110044650990
110044651007
110044651016
110044651043
110044651070
110044651089
110044651105
110044651114
110044651123
110044651132
110044651141
110044651150
110044651169
110044651187
110044651196
110044651203
110044651212
110044651221
110044651230
110044651267
110044651276
110044651285
110044651294
110044651301
110044651310
110044651338
110044651356
110044651365
110044651374
110044651383
110044651392
110044651409
110044651418
110044651427
110044651436
110044651445
110044651454
110044651463
110044651481
110044651490
110044651506
110044651515
110044651524
110044651533
110044651542
110044651560
110044651579
110044651588
110044651597
110044651604
110044651622
110044651631
110044651640
110044651659
110044651677
110044651686
110044651695
110044651702
110044651711
110044651720
110044651757
110044651819
110044651846
110044651864
110044651873
110044651882
110044651908
110044651917
110044651926
110044651935
110044651944
110044651953
110044651962
110044651971
110044651980
110044651999
110044652006
110044652015
110044652024
110044652033
110044652042
110044652051
110044652060
110044652088
110044652097
110044652104
110044652113
110044652131
110044652140
110044652159
110044652168
110044652177
110044652186
110044652195
110044652211
110044652220
110044652239
110044652248
110044652266
110044652275
110044652284
110044652300
110044652319
110044652328
110044652337
110044652346
110044652355
110044652364
110044652373
110044652382
110044652391
110044652408
110044652435
110044652444
110044652453
110044652462
110044652471
110044652480
110044652499
110044652505
110044652514
110044652523
110044652532
110044652550
110044652569
110044652578
110044652587
110044652596
110044652603
110044652612
110044652621
110044652630
110044652649
110044652676
110044652685
110044652694
110044652701
110044652710
110044652738
110044652756
110044652765
110044652783
110044652792
110044652809
110044652818
110044652827
110044652836
110044652845
110044652854
110044652863
110044652872
110044652881
110044652890
110044652916
110044652925
110044652934
110044652943
110044652952
110044652961
110044652970
110044652989
110044652998
110044653005
110044653014
110044653023
110044653032
110044653041
110044653050
110044653069
110044653078
110044653096
110044653103
110044653112
110044653121
110044653130
110044653149
110044653158
110044653167
110044653176
110044653185
110044653194
110044653201
110044653229
110044653238
110044653247
110044653256
110044653274
110044653283
110044653309
110044653318
110044653327
110044653336
110044653345
110044653354
110044653363
110044653372
110044653381
110044653407
110044653425
110044653443
110044653489
110044653498
110044653504
110044653513
110044653531
110044653540
110044653568
110044653577
110044653586
110044653602
110044653611
110044653620
110044653639
110044653666
110044653684
110044653693
110044653719
110044653737
110044653746
110044653755
110044653764
110044653773
110044653791
110044653817
110044653844
110044653862
110044653880
110044653899
110044653906
110044653915
110044653933
110044653942
110044653951
110044653979
110044653997
110044654004
110044654013
110044654022
110044654031
110044654040
110044654068
110044654077
110044654095
110044654120
110044654148
110044654157
110044654175
110044654228
110044654237
110044654255
110044654264
110044654273
110044654308
110044654326
110044654344
110044654353
110044654371
110044654406
110044654433
110044654442
110044654451
110044654460
110044654479
110044654488
110044654497
110044654503
110044654512
110044654521
110044654558
110044654567
110044654576
110044654585
110044654594
110044654610
110044654638
110044654647
110044654665
110044654674
110044654683
110044654692
110044654709
110044654718
110044654727
110044654736
110044654745
110044654754
110044654763
110044654772
110044654790
110044654807
110044654816
110044654825
110044654834
110044654843
110044654852
110044654861
110044654889
110044654898
110044654905
110044654914
110044654923
110044654932
110044654941
110044654950
110044654969
110044654987
110044654996
110044655003
110044655012
110044655021
110044655030
110044655049
110044655058
110044655076
110044655085
110044655094
110044655101
110044655129
110044655138
110044655156
110044655165
110044655174
110044655183
110044655209
110044655218
110044655227
110044655236
110044655245
110044655254
110044655263
110044655272
110044655290
110044655307
110044655316
110044655325
110044655334
110044655343
110044655352
110044655361
110044655370
110044655389
110044655398
110044655405
110044655423
110044655441
110044655450
110044655469
110044655478
110044655487
110044655496
110044655511
110044655539
110044655548
110044655557
110044655566
110044655575
110044655584
110044655600
110044655619
110044655628
110044655637
110044655655
110044655673
110044655682
110044655691
110044655708
110044655717
110044655726
110044655735
110044655753
110044655762
110044655771
110044655780
110044655799
110044655806
110044655815
110044655833
110044655842
110044655851
110044655860
110044655879
110044655888
110044655897
110044655904
110044655913
110044655922
110044655931
110044655940
110044655959
110044655968
110044655977
110044655986
110044656002
110044656011
110044656020
110044656039
110044656048
110044656057
110044656066
110044656075
110044656084
110044656093
110044656119
110044656146
110044656155
110044656164
110044656173
110044656182
110044656191
110044656217
110044656226
110044656235
110044656244
110044656253
110044656262
110044656271
110044656299
110044656306
110044656315
110044656324
110044656333
110044656351
110044656360
110044656379
110044656388
110044656404
110044656413
110044656422
110044656431
110044656440
110044656459
110044656468
110044656486
110044656495
110044656501
110044656510
110044656529
110044656538
110044656547
110044656556
110044656565
110044656574
110044656583
110044656609
110044656618
110044656627
110044656636
110044656645
110044656654
110044656672
110044656681
110044656690
110044656707
110044656716
110044656725
110044656734
110044656743
110044656752
110044656761
110044656770
110044656798
110044656805
110044656814
110044656823
110044656832
110044656841
110044656850
110044656869
110044656878
110044656887
110044656896
110044656903
110044656912
110044656921
110044656930
110044656949
110044656958
110044656967
110044656976
110044656985
110044656994
110044657001
110044657010
110044657029
110044657038
110044657047
110044657056
110044657065
110044657074
110044657083
110044657092
110044657109
110044657118
110044657127
110044657136
110044657145
110044657154
110044657163
110044657172
110044657181
110044657190
110044657207
110044657216
110044657225
110044657234
110044657252
110044657261
110044657270
110044657289
110044657298
110044657305
110044657314
110044657323
110044657332
110044657341
110044657350
110044657378
110044657387
110044657396
110044657403
110044657412
110044657421
110044657430
110044657449
110044657458
110044657467
110044657476
110044657485
110044657494
110044657500
110044657528
