110044657546
110044657555
110044657564
110044657573
110044657582
110044657591
110044657617
110044657626
110044657635
110044657644
110044657662
110044657671
110044657680
110044657715
110044657733
110044657760
110044657779
110044657788
110044657804
110044657813
110044657822
110044657840
110044657859
110044657886
110044657895
110044657920
110044657948
110044657957
110044657966
110044657975
110044657984
110044657993
110044658000
110044658019
110044658028
110044658037
110044658046
110044658055
110044658064
110044658073
110044658082
110044658091
110044658108
110044658117
110044658135
110044658144
110044658162
110044658171
110044658180
110044658199
110044658206
110044658215
110044658224
110044658233
110044658242
110044658251
110044658260
110044658279
110044658288
110044658297
110044658313
110044658322
110044658331
110044658340
110044658359
110044658368
110044658377
110044658395
110044658402
110044658411
110044658420
110044658457
110044658466
110044658484
110044658509
110044658527
110044658545
110044658563
110044658572
110044658581
110044658590
110044658607
110044658625
110044658634
110044658652
110044658661
110044658670
110044658689
110044658698
110044658705
110044658723
110044658732
110044658741
110044658750
110044658769
110044658778
110044658787
110044658796
110044658803
110044658812
110044658821
110044658849
110044658858
110044658867
110044658876
110044658901
110044658910
110044658929
110044658938
110044658947
110044658983
110044658992
110044659009
110044659018
110044659027
110044659036
110044659045
110044659054
110044659063
110044659072
110044659090
110044659107
110044659116
110044659125
110044659134
110044659152
110044659161
110044659170
110044659189
110044659205
110044659214
110044659223
110044659241
110044659250
110044659269
110044659278
110044659287
110044659296
110044659303
110044659330
110044659349
110044659358
110044659367
110044659376
110044659385
110044659394
110044659401
110044659410
110044659429
110044659447
110044659456
110044659465
110044659474
110044659483
110044659492
110044659526
110044659535
110044659544
110044659553
110044659562
110044659571
110044659580
110044659599
110044659606
110044659615
110044659633
110044659642
110044659651
110044659660
110044659679
110044659688
110044659697
110044659713
110044659759
110044659777
110044659795
110044659839
110044659866
110044659884
110044659893
110044659900
110044659919
110044659937
110044659946
110044659955
110044659973
110044659991
110044660006
110044660024
110044660033
110044660042
110044660051
110044660060
110044660079
110044660088
110044660097
110044660104
110044660113
110044660122
110044660131
110044660140
110044660159
110044660177
110044660186
110044660211
110044660220
110044660239
110044660248
110044660257
110044660275
110044660293
110044660319
110044660328
110044660337
110044660346
110044660355
110044660364
110044660382
110044660391
110044660408
110044660417
110044660426
110044660435
110044660444
110044660462
110044660471
110044660499
110044660505
110044660514
110044660541
110044660550
110044660578
110044660587
110044660596
110044660612
110044660630
110044660649
110044660658
110044660667
110044660676
110044660685
110044660694
110044660701
110044660729
110044660738
110044660747
110044660756
110044660765
110044660774
110044660783
110044660809
110044660818
110044660827
110044660836
110044660845
110044660863
110044660872
110044660881
110044660890
110044660925
110044660934
110044660943
110044660952
110044660961
110044660970
110044660989
110044661005
110044661014
110044661032
110044661041
110044661050
110044661069
110044661087
110044661096
110044661103
110044661112
110044661121
110044661130
110044661149
110044661158
110044661167
110044661185
110044661194
110044661201
110044661210
110044661229
110044661238
110044661247
110044661256
110044661265
110044661274
110044661283
110044661292
110044661309
110044661336
110044661354
110044661381
110044661390
110044661407
110044661416
110044661425
110044661434
110044661443
110044661452
110044661461
110044661470
110044661489
110044661498
110044661504
110044661513
110044661522
110044661540
110044661559
110044661568
110044661586
110044661595
110044661602
110044661611
110044661620
110044661639
110044661648
110044661657
110044661666
110044661675
110044661684
110044661693
110044661719
110044661728
110044661737
110044661746
110044661755
110044661764
110044661773
110044661782
110044661791
110044661808
110044661826
110044661835
110044661853
110044661862
110044661871
110044661880
110044661899
110044661906
110044661915
110044661924
110044661933
110044661942
110044661951
110044661960
110044661979
110044661988
110044661997
110044662004
110044662013
110044662022
110044662031
110044662040
110044662059
110044662068
110044662077
110044662095
110044662111
110044662120
110044662139
110044662148
110044662157
110044662166
110044662175
110044662184
110044662193
110044662219
110044662228
110044662237
110044662246
110044662255
110044662264
110044662273
110044662282
110044662291
110044662326
110044662335
110044662353
110044662371
110044662380
110044662399
110044662406
110044662424
110044662433
110044662442
110044662451
110044662460
110044662479
110044662497
110044662503
110044662512
110044662521
110044662530
110044662549
110044662558
110044662567
110044662576
110044662585
110044662594
110044662601
110044662610
110044662629
110044662647
110044662656
110044662665
110044662674
110044662683
110044662727
110044662736
110044662745
110044662763
110044662772
110044662790
110044662807
110044662816
110044662825
110044662834
110044662852
110044662861
110044662889
110044662898
110044662914
110044662932
110044662941
110044662950
110044662969
110044662987
110044662996
110044663003
110044663012
110044663030
110044663049
110044663058
110044663076
110044663085
110044663094
110044663101
110044663110
110044663129
110044663138
110044663156
110044663192
110044663209
110044663218
110044663227
110044663236
110044663245
110044663254
110044663272
110044663281
110044663307
110044663316
110044663325
110044663334
110044663343
110044663352
110044663361
110044663389
110044663398
110044663405
110044663414
110044663423
110044663432
110044663441
110044663450
110044663469
110044663478
110044663487
110044663496
110044663502
110044663511
110044663520
110044663539
110044663548
110044663557
110044663566
110044663584
110044663593
110044663600
110044663619
110044663628
110044663646
110044663655
110044663664
110044663682
110044663691
110044663726
110044663735
110044663744
110044663753
110044663762
110044663780
110044663806
110044663815
110044663833
110044663842
110044663851
110044663879
110044663888
110044663897
110044663904
110044663913
110044663922
110044663931
110044663940
110044663959
110044663968
110044663986
110044663995
110044664002
110044664011
110044664039
110044664048
110044664057
110044664066
110044664075
110044664093
110044664100
110044664119
110044664128
110044664137
110044664146
110044664155
110044664164
110044664173
110044664182
110044664217
110044664226
110044664235
110044664244
110044664253
110044664271
110044664280
110044664299
110044664315
110044664324
110044664333
110044664351
110044664360
110044664388
110044664397
110044664404
110044664413
110044664431
110044664459
110044664477
110044664486
110044664495
110044664510
110044664529
110044664538
110044664556
110044664565
110044664574
110044664583
110044664636
110044664645
110044664654
110044664672
110044664681
110044664690
110044664716
110044664725
110044664734
110044664743
110044664752
110044664761
110044664770
110044664789
110044664798
110044664805
110044664814
110044664823
110044664832
110044664841
110044664850
110044664869
110044664878
110044664896
110044664903
110044664912
110044664921
110044664949
110044664958
110044664967
110044664976
110044664985
110044665010
110044665029
110044665038
110044665047
110044665065
110044665083
110044665109
110044665118
110044665127
110044665145
110044665154
110044665163
110044665172
110044665181
110044665190
110044665207
110044665216
110044665225
110044665234
110044665243
110044665252
110044665270
110044665289
110044665314
110044665323
110044665332
110044665341
110044665369
110044665378
110044665387
110044665396
110044665403
110044665412
110044665421
110044665430
110044665458
110044665467
110044665494
110044665500
110044665528
110044665537
110044665546
110044665555
110044665564
110044665573
110044665582
110044665591
110044665608
110044665617
110044665626
110044665644
110044665653
110044665662
110044665671
110044665680
110044665699
110044665706
110044665715
110044665724
110044665733
110044665742
110044665751
110044665760
110044665779
110044665788
110044665797
110044665804
110044665813
110044665822
110044665831
110044665840
110044665859
110044665868
110044665877
110044665895
110044665911
110044665920
110044665939
110044665948
110044665957
110044665966
110044665975
110044665984
110044666000
110044666019
110044666028
110044666037
110044666064
110044666073
110044666082
110044666108
110044666117
110044666126
110044666135
110044666153
110044666162
110044666171
110044666180
110044666206
110044666215
110044666224
110044666233
110044666242
110044666251
110044666260
110044666279
110044666288
110044666304
110044666313
110044666331
110044666340
110044666359
110044666368
110044666377
110044666386
110044666395
110044666402
110044666411
110044666420
110044666439
110044666448
110044666466
110044666475
110044666484
110044666493
110044666509
110044666518
110044666527
110044666536
110044666554
110044666563
110044666572
110044666581
110044666590
110044666607
110044666616
110044666625
110044666634
110044666643
110044666652
110044666661
110044666670
110044666698
110044666705
110044666714
110044666723
110044666732
110044666741
110044666750
110044666769
110044666778
110044666803
110044666812
110044666821
110044666830
110044666849
110044666858
110044666867
110044666876
110044666885
110044666894
110044666901
110044666929
110044666947
110044666956
110044666965
110044666974
110044666992
110044667009
110044667018
110044667027
110044667036
110044667054
110044667063
110044667072
110044667081
110044667090
110044667116
110044667125
110044667134
110044667143
110044667152
110044667161
110044667170
110044667198
110044667205
110044667214
110044667223
110044667232
110044667241
110044667250
110044667269
110044667278
110044667287
110044667296
110044667303
110044667312
110044667321
110044667330
110044667349
110044667358
110044667367
110044667376
110044667385
110044667401
110044667410
110044667429
110044667438
110044667447
110044667456
110044667465
110044667474
110044667483
110044667492
110044667508
110044667517
110044667526
110044667535
110044667544
110044667553
110044667562
110044667571
110044667580
110044667599
110044667606
110044667615
110044667624
110044667642
110044667651
110044667660
110044667679
110044667697
110044667704
110044667713
110044667722
110044667731
110044667759
110044667768
110044667777
110044667786
110044667795
110044667802
110044667811
110044667820
110044667848
110044667857
110044667866
110044667875
110044667893
110044667919
110044667937
110044667946
110044667955
110044667964
110044667973
110044667982
110044668008
110044668035
110044668071
110044668080
110044668099
110044668106
110044668115
110044668124
110044668133
110044668151
110044668160
110044668188
110044668197
110044668204
110044668213
110044668222
110044668231
110044668240
110044668259
110044668268
110044668277
110044668286
110044668295
110044668311
110044668320
110044668339
110044668348
110044668357
110044668366
110044668375
110044668384
110044668393
110044668400
110044668419
110044668428
110044668437
110044668446
110044668455
110044668464
110044668473
110044668482
110044668491
110044668507
110044668516
110044668525
110044668534
110044668543
110044668552
110044668561
110044668570
110044668589
110044668598
110044668605
110044668614
110044668623
110044668632
110044668641
110044668669
110044668678
110044668687
110044668696
110044668703
110044668712
110044668721
110044668730
110044668749
110044668758
110044668767
110044668776
110044668785
110044668794
110044668801
110044668810
110044668829
110044668838
110044668847
110044668856
110044668865
110044668874
110044668883
110044668892
110044668909
110044668918
110044668927
110044668936
110044668945
110044668963
110044668972
110044668981
110044668990
110044669007
110044669016
110044669025
110044669043
110044669052
110044669061
110044669070
110044669089
110044669098
110044669105
110044669114
110044669123
110044669141
110044669150
110044669169
110044669178
110044669187
110044669203
110044669212
110044669221
110044669230
110044669249
110044669258
110044669267
110044669276
110044669285
110044669294
110044669310
110044669329
110044669338
110044669347
110044669356
110044669374
110044669383
110044669392
110044669418
110044669427
110044669436
110044669445
110044669463
110044669472
110044669481
110044669490
110044669506
110044669515
110044669524
110044669533
110044669551
110044669560
110044669579
110044669588
110044669622
110044669631
110044669640
110044669659
110044669668
110044669677
110044669686
110044669695
110044669702
110044669711
110044669720
