110044669739
110044669748
110044669775
110044669784
110044669793
110044669800
110044669819
110044669828
110044669837
110044669846
110044669864
110044669873
110044669882
110044669891
110044669908
110044669917
110044669926
110044669935
110044669944
110044669953
110044669962
110044669971
110044669980
110044669999
110044670004
110044670013
110044670022
110044670031
110044670040
110044670059
110044670068
110044670077
110044670086
110044670095
110044670102
110044670111
110044670120
110044670148
110044670166
110044670175
110044670184
110044670193
110044670200
110044670219
110044670228
110044670237
110044670246
110044670255
110044670264
110044670273
110044670282
110044670308
110044670317
110044670326
110044670335
110044670344
110044670353
110044670362
110044670371
110044670380
110044670399
110044670406
110044670415
110044670424
110044670433
110044670442
110044670460
110044670479
110044670488
110044670497
110044670503
110044670512
110044670521
110044670530
110044670549
110044670558
110044670567
110044670576
110044670594
110044670601
110044670610
110044670629
110044670638
110044670647
110044670665
110044670674
110044670683
110044670692
110044670709
110044670718
110044670727
110044670736
110044670745
110044670754
110044670763
110044670772
110044670807
110044670816
110044670825
110044670834
110044670852
110044670861
110044670870
110044670889
110044670898
110044670905
110044670914
110044670923
110044670932
110044670950
110044670978
110044670987
110044670996
110044671012
110044671021
110044671030
110044671049
110044671058
110044671067
110044671076
110044671085
110044671094
110044671101
110044671110
110044671147
110044671165
110044671174
110044671192
110044671218
110044671227
110044671236
110044671245
110044671254
110044671263
110044671272
110044671281
110044671290
110044671307
110044671316
110044671325
110044671334
110044671352
110044671370
110044671389
110044671398
110044671405
110044671414
110044671423
110044671432
110044671450
110044671469
110044671478
110044671487
110044671502
110044671520
110044671539
110044671548
110044671557
110044671566
110044671575
110044671584
110044671628
110044671655
110044671673
110044671691
110044671708
110044671717
110044671744
110044671753
110044671780
110044671799
110044671806
110044671824
110044671842
110044671879
110044671888
110044671922
110044671940
110044671959
110044671968
110044671977
110044671986
110044671995
110044672002
110044672011
110044672020
110044672039
110044672048
110044672057
110044672075
110044672084
110044672093
110044672100
110044672119
110044672128
110044672137
110044672146
110044672155
110044672164
110044672173
110044672182
110044672208
110044672217
110044672226
110044672235
110044672244
110044672253
110044672262
110044672280
110044672299
110044672315
110044672351
110044672360
110044672388
110044672404
110044672413
110044672422
110044672431
110044672440
110044672459
110044672468
110044672477
110044672495
110044672501
110044672510
110044672538
110044672547
110044672565
110044672583
110044672592
110044672609
110044672627
110044672645
110044672654
110044672663
110044672672
110044672681
110044672690
110044672707
110044672716
110044672725
110044672734
110044672743
110044672752
110044672761
110044672770
110044672789
110044672798
110044672814
110044672823
110044672832
110044672841
110044672850
110044672878
110044672887
110044672896
110044672903
110044672912
110044672921
110044672930
110044672967
110044672976
110044672994
110044673001
110044673010
110044673038
110044673047
110044673056
110044673065
110044673074
110044673083
110044673118
110044673127
110044673136
110044673145
110044673172
110044673181
110044673190
110044673207
110044673216
110044673225
110044673234
110044673243
110044673261
110044673270
110044673289
110044673298
110044673305
110044673314
110044673323
110044673332
110044673341
110044673350
110044673378
110044673387
110044673396
110044673403
110044673412
110044673421
110044673430
110044673449
110044673458
110044673467
110044673476
110044673485
110044673494
110044673500
110044673519
110044673528
110044673537
110044673546
110044673555
110044673564
110044673573
110044673582
110044673591
110044673608
110044673617
110044673626
110044673635
110044673644
110044673662
110044673699
110044673706
110044673724
110044673742
110044673751
110044673760
110044673779
110044673788
110044673804
110044673813
110044673822
110044673831
110044673859
110044673868
110044673886
110044673895
110044673902
110044673911
110044673920
110044673939
110044673948
110044673957
110044673966
110044673975
110044673984
110044674019
110044674028
110044674037
110044674055
110044674064
110044674073
110044674082
110044674091
110044674108
110044674117
110044674126
110044674144
110044674171
110044674180
110044674206
110044674215
110044674224
110044674233
110044674242
110044674251
110044674279
110044674288
110044674297
110044674304
110044674313
110044674322
110044674331
110044674340
110044674368
110044674377
110044674386
110044674395
110044674411
110044674420
110044674439
110044674448
110044674466
110044674484
110044674493
110044674509
110044674527
110044674536
110044674545
110044674563
110044674572
110044674590
110044674607
110044674616
110044674625
110044674634
110044674643
110044674652
110044674661
110044674670
110044674689
110044674698
110044674705
110044674714
110044674723
110044674732
110044674741
110044674769
110044674778
110044674787
110044674796
110044674803
110044674812
110044674821
110044674830
110044674849
110044674858
110044674867
110044674876
110044674885
110044674894
110044674901
110044674910
110044674938
110044674947
110044674956
110044674965
110044674974
110044674983
110044674992
110044675009
110044675018
110044675027
110044675036
110044675045
110044675054
110044675063
110044675072
110044675081
110044675090
110044675107
110044675116
110044675125
110044675134
110044675143
110044675152
110044675161
110044675170
110044675189
110044675198
110044675205
110044675214
110044675223
110044675232
110044675241
110044675250
110044675269
110044675278
110044675287
110044675296
110044675312
110044675321
110044675330
110044675358
110044675367
110044675376
110044675385
110044675394
110044675401
110044675429
110044675438
110044675447
110044675456
110044675474
110044675492
110044675508
110044675517
110044675526
110044675544
110044675553
110044675571
110044675580
110044675606
110044675615
110044675633
110044675651
110044675660
110044675688
110044675697
110044675704
110044675713
110044675722
110044675731
110044675740
110044675759
110044675768
110044675777
110044675786
110044675795
110044675811
110044675820
110044675839
110044675857
110044675866
110044675875
110044675884
110044675893
110044675900
110044675919
110044675928
110044675937
110044675955
110044675973
110044675982
110044675991
110044676008
110044676017
110044676035
110044676044
110044676053
110044676080
110044676115
110044676124
110044676142
110044676151
110044676160
110044676179
110044676188
110044676197
110044676204
110044676213
110044676222
110044676231
110044676240
110044676259
110044676268
110044676277
110044676295
110044676302
110044676339
110044676348
110044676375
110044676393
110044676400
110044676419
110044676428
110044676437
110044676446
110044676455
110044676464
110044676473
110044676482
110044676491
110044676507
110044676516
110044676525
110044676543
110044676552
110044676561
110044676589
110044676598
110044676605
110044676614
110044676632
110044676641
110044676669
110044676678
110044676687
110044676696
110044676703
110044676730
110044676749
110044676758
110044676767
110044676794
110044676801
110044676810
110044676829
110044676838
110044676847
110044676856
110044676865
110044676883
110044676892
110044676909
110044676918
110044676927
110044676936
110044676945
110044676954
110044676963
110044676972
110044676981
110044676990
110044677007
110044677016
110044677025
110044677034
110044677043
110044677052
110044677061
110044677070
110044677089
110044677105
110044677114
110044677123
110044677132
110044677141
110044677150
110044677169
110044677178
110044677187
110044677196
110044677203
110044677212
110044677221
110044677230
110044677249
110044677258
110044677267
110044677276
110044677285
110044677294
110044677301
110044677310
110044677338
110044677347
110044677356
110044677365
110044677374
110044677383
110044677392
110044677427
110044677436
110044677481
110044677490
110044677506
110044677524
110044677533
110044677542
110044677551
110044677560
110044677579
110044677588
110044677597
110044677604
110044677613
110044677622
110044677631
110044677640
110044677659
110044677668
110044677677
110044677686
110044677695
110044677702
110044677711
110044677720
110044677739
110044677766
110044677775
110044677784
110044677793
110044677800
110044677828
110044677837
110044677846
110044677864
110044677873
110044677882
110044677908
110044677917
110044677926
110044677935
110044677944
110044677953
110044677962
110044677971
110044677980
110044677999
110044678006
110044678015
110044678024
110044678033
110044678042
110044678051
110044678060
110044678079
110044678088
110044678097
110044678104
110044678113
110044678122
110044678131
110044678140
110044678159
110044678168
110044678177
110044678186
110044678195
110044678202
110044678211
110044678239
110044678248
110044678257
110044678266
110044678275
110044678284
110044678293
110044678300
110044678319
110044678328
110044678337
110044678346
110044678355
110044678364
110044678373
110044678382
110044678391
110044678408
110044678426
110044678435
110044678444
110044678453
110044678471
110044678480
110044678499
110044678505
110044678514
110044678523
110044678541
110044678550
110044678569
110044678578
110044678587
110044678603
110044678612
110044678621
110044678630
110044678649
110044678658
110044678667
110044678676
110044678685
110044678694
110044678701
110044678710
110044678729
110044678747
110044678756
110044678765
110044678774
110044678783
110044678792
110044678818
110044678827
110044678836
110044678845
110044678863
110044678881
110044678890
110044678916
110044678925
110044678934
110044678943
110044678952
110044678961
110044678989
110044678998
110044679005
110044679014
110044679023
110044679032
110044679041
110044679050
110044679069
110044679078
110044679087
110044679096
110044679103
110044679112
110044679121
110044679149
110044679158
110044679167
110044679176
110044679185
110044679194
110044679201
110044679210
110044679229
110044679238
110044679265
110044679274
110044679283
110044679292
110044679309
110044679318
110044679327
110044679336
110044679345
110044679354
110044679363
110044679372
110044679381
110044679390
110044679407
110044679425
110044679461
110044679470
110044679489
110044679498
110044679504
110044679513
110044679522
110044679531
110044679540
110044679559
110044679568
110044679577
110044679586
110044679595
110044679602
110044679611
110044679620
110044679639
110044679648
110044679657
110044679666
110044679675
110044679684
110044679693
110044679700
110044679719
110044679737
110044679746
110044679755
110044679764
110044679773
110044679782
110044679791
110044679808
110044679826
110044679835
110044679844
110044679853
110044679862
110044679871
110044679899
110044679906
110044679915
110044679924
110044679933
110044679942
110044679960
110044679979
110044679988
110044679997
110044680002
110044680011
110044680020
110044680039
110044680048
110044680057
110044680075
110044680084
110044680093
110044680100
110044680119
110044680128
110044680137
110044680146
110044680155
110044680164
110044680173
110044680182
110044680191
110044680217
110044680226
110044680235
110044680253
110044680262
110044680280
110044680299
110044680324
110044680333
110044680342
110044680351
110044680360
110044680379
110044680388
110044680397
110044680404
110044680413
110044680422
110044680440
110044680459
110044680468
110044680486
110044680495
110044680501
110044680510
110044680529
110044680538
110044680547
110044680556
110044680565
110044680574
110044680583
110044680618
110044680627
110044680636
110044680645
110044680654
110044680663
110044680681
110044680707
110044680716
110044680725
110044680734
110044680743
110044680752
110044680761
110044680770
110044680789
110044680805
110044680814
110044680823
110044680832
110044680841
110044680850
110044680869
110044680887
110044680896
110044680903
110044680912
110044680930
110044680949
110044680967
110044680976
110044680985
110044680994
110044681001
110044681010
110044681029
110044681047
110044681056
110044681065
110044681074
110044681083
110044681092
110044681109
110044681118
110044681127
110044681136
110044681145
110044681154
110044681163
110044681172
110044681181
110044681190
110044681207
110044681216
110044681225
110044681234
110044681243
110044681252
110044681261
110044681270
110044681289
110044681298
110044681305
110044681314
110044681332
110044681341
110044681350
110044681369
110044681378
110044681387
110044681403
110044681421
110044681430
110044681449
110044681458
110044681467
110044681476
110044681485
110044681494
110044681500
110044681519
110044681528
110044681537
110044681546
110044681555
110044681564
110044681573
110044681582
110044681591
110044681617
