110044681626
110044681635
110044681644
110044681653
110044681662
110044681671
110044681680
110044681699
110044681706
110044681715
110044681724
110044681733
110044681742
110044681751
110044681760
110044681779
110044681788
110044681797
110044681804
110044681813
110044681822
110044681831
110044681840
110044681859
110044681868
110044681877
110044681886
110044681895
110044681911
110044681920
110044681939
110044681948
110044681957
110044681966
110044681975
110044681984
110044681993
110044682019
110044682028
110044682037
110044682055
110044682064
110044682073
110044682082
110044682091
110044682108
110044682117
110044682135
110044682144
110044682153
110044682162
110044682171
110044682180
110044682199
110044682206
110044682215
110044682224
110044682233
110044682242
110044682251
110044682260
110044682279
110044682288
110044682297
110044682304
110044682322
110044682331
110044682340
110044682359
110044682368
110044682377
110044682386
110044682395
110044682402
110044682411
110044682420
110044682439
110044682448
110044682457
110044682466
110044682475
110044682484
110044682493
110044682509
110044682518
110044682527
110044682536
110044682554
110044682563
110044682581
110044682607
110044682616
110044682625
110044682634
110044682643
110044682652
110044682661
110044682670
110044682689
110044682698
110044682714
110044682723
110044682732
110044682741
110044682750
110044682769
110044682778
110044682787
110044682796
110044682803
110044682830
110044682849
110044682858
110044682867
110044682876
110044682885
110044682894
110044682901
110044682910
110044682929
110044682938
110044682947
110044682956
110044682965
110044682983
110044682992
110044683009
110044683018
110044683027
110044683036
110044683045
110044683054
110044683063
110044683072
110044683081
110044683090
110044683107
110044683116
110044683125
110044683134
110044683143
110044683152
110044683170
110044683189
110044683198
110044683205
110044683214
110044683232
110044683241
110044683250
110044683269
110044683287
110044683312
110044683321
110044683330
110044683358
110044683367
110044683376
110044683385
110044683394
110044683401
110044683429
110044683447
110044683465
110044683474
110044683483
110044683492
110044683508
110044683517
110044683526
110044683535
110044683544
110044683562
110044683571
110044683580
110044683599
110044683606
110044683633
110044683642
110044683660
110044683679
110044683688
110044683697
110044683704
110044683713
110044683722
110044683731
110044683740
110044683768
110044683786
110044683795
110044683802
110044683811
110044683820
110044683839
110044683848
110044683857
110044683866
110044683884
110044683893
110044683900
110044683919
110044683928
110044683937
110044683946
110044683955
110044683982
110044683991
110044684008
110044684017
110044684026
110044684035
110044684044
110044684053
110044684062
110044684071
110044684080
110044684099
110044684106
110044684115
110044684124
110044684133
110044684142
110044684160
110044684179
110044684188
110044684197
110044684204
110044684213
110044684222
110044684231
110044684240
110044684259
110044684268
110044684277
110044684295
110044684302
110044684311
110044684320
110044684339
110044684348
110044684357
110044684366
110044684375
110044684384
110044684393
110044684400
110044684419
110044684446
110044684455
110044684464
110044684473
110044684482
110044684491
110044684507
110044684516
110044684525
110044684543
110044684552
110044684561
110044684570
110044684589
110044684598
110044684605
110044684614
110044684623
110044684632
110044684641
110044684650
110044684669
110044684678
110044684687
110044684696
110044684703
110044684712
110044684730
110044684749
110044684758
110044684767
110044684776
110044684785
110044684794
110044684801
110044684810
110044684829
110044684838
110044684847
110044684856
110044684865
110044684874
110044684883
110044684892
110044684909
110044684918
110044684927
110044684936
110044684945
110044684954
110044684963
110044684972
110044684981
110044684990
110044685016
110044685025
110044685034
110044685043
110044685052
110044685061
110044685070
110044685089
110044685098
110044685105
110044685114
110044685123
110044685132
110044685141
110044685150
110044685178
110044685187
110044685196
110044685203
110044685212
110044685221
110044685230
110044685258
110044685267
110044685276
110044685285
110044685294
110044685301
110044685329
110044685347
110044685356
110044685365
110044685374
110044685383
110044685392
110044685409
110044685436
110044685445
110044685454
110044685463
110044685472
110044685506
110044685515
110044685533
110044685542
110044685551
110044685579
110044685588
110044685597
110044685604
110044685613
110044685631
110044685640
110044685668
110044685677
110044685686
110044685695
110044685702
110044685711
110044685739
110044685757
110044685766
110044685775
110044685784
110044685793
110044685800
110044685828
110044685855
110044685873
110044685908
110044685935
110044685953
110044685962
110044685971
110044686006
110044686015
110044686024
110044686042
110044686051
110044686097
110044686113
110044686131
110044686140
110044686159
110044686168
110044686177
110044686186
110044686195
110044686211
110044686220
110044686248
110044686257
110044686266
110044686275
110044686284
110044686293
110044686300
110044686328
110044686337
110044686346
110044686364
110044686373
110044686382
110044686391
110044686408
110044686426
110044686435
110044686444
110044686453
110044686462
110044686471
110044686480
110044686505
110044686514
110044686523
110044686532
110044686541
110044686550
110044686578
110044686587
110044686596
110044686612
110044686621
110044686630
110044686649
110044686658
110044686667
110044686676
110044686694
110044686710
110044686729
110044686738
110044686747
110044686756
110044686765
110044686774
110044686783
110044686809
110044686818
110044686827
110044686836
110044686845
110044686854
110044686863
110044686881
110044686890
110044686907
110044686916
110044686925
110044686943
110044686952
110044686961
110044686970
110044686989
110044686998
110044687005
110044687023
110044687041
110044687050
110044687069
110044687078
110044687087
110044687103
110044687112
110044687121
110044687130
110044687149
110044687158
110044687167
110044687176
110044687185
110044687201
110044687210
110044687229
110044687247
110044687274
110044687283
110044687292
110044687309
110044687327
110044687336
110044687345
110044687354
110044687372
110044687381
110044687390
110044687407
110044687425
110044687434
110044687443
110044687461
110044687470
110044687489
110044687504
110044687513
110044687522
110044687531
110044687540
110044687559
110044687577
110044687586
110044687602
110044687611
110044687620
110044687639
110044687648
110044687657
110044687666
110044687675
110044687684
110044687693
110044687700
110044687719
110044687728
110044687737
110044687755
110044687764
110044687773
110044687782
110044687791
110044687808
110044687817
110044687853
110044687862
110044687871
110044687880
110044687899
110044687906
110044687924
110044687933
110044687942
110044687960
110044687979
110044687988
110044688013
110044688022
110044688031
110044688059
110044688068
110044688077
110044688086
110044688095
110044688102
110044688111
110044688120
110044688139
110044688148
110044688157
110044688166
110044688175
110044688193
110044688200
110044688219
110044688228
110044688237
110044688246
110044688255
110044688264
110044688273
110044688282
110044688291
110044688308
110044688326
110044688335
110044688344
110044688362
110044688371
110044688399
110044688406
110044688424
110044688433
110044688442
110044688460
110044688479
110044688488
110044688497
110044688503
110044688512
110044688521
110044688530
110044688558
110044688567
110044688576
110044688585
110044688594
110044688601
110044688610
110044688638
110044688665
110044688674
110044688683
110044688692
110044688709
110044688718
110044688727
110044688736
110044688745
110044688754
110044688763
110044688781
110044688790
110044688807
110044688816
110044688825
110044688834
110044688843
110044688852
110044688861
110044688870
110044688889
110044688898
110044688905
110044688914
110044688923
110044688932
110044688950
110044688978
110044688987
110044688996
110044689003
110044689030
110044689076
110044689085
110044689094
110044689110
110044689129
110044689138
110044689147
110044689156
110044689165
110044689174
110044689183
110044689192
110044689209
110044689218
110044689227
110044689236
110044689245
110044689254
110044689263
110044689272
110044689281
110044689290
110044689307
110044689316
110044689325
110044689334
110044689343
110044689352
110044689361
110044689370
110044689389
110044689398
110044689405
110044689414
110044689423
110044689432
110044689450
110044689487
110044689496
110044689502
110044689520
110044689539
110044689557
110044689566
110044689584
110044689619
110044689628
110044689655
110044689664
110044689682
110044689771
110044689799
110044689806
110044689815
110044689824
110044689833
110044689851
110044689860
110044689879
110044689888
110044689897
110044689904
110044689913
110044689922
110044689940
110044689959
110044689977
110044689995
110044690000
110044690019
110044690028
110044690037
110044690064
110044690073
110044690082
110044690091
110044690117
110044690126
110044690135
110044690144
110044690162
110044690171
110044690180
110044690199
110044690206
110044690215
110044690224
110044690233
110044690242
110044690251
110044690279
110044690288
110044690297
110044690304
110044690313
110044690322
110044690331
110044690359
110044690368
110044690377
110044690395
110044690402
110044690411
110044690439
110044690448
110044690457
110044690466
110044690475
110044690484
110044690509
110044690518
110044690527
110044690536
110044690545
110044690563
110044690572
110044690590
110044690607
110044690616
110044690625
110044690634
110044690643
110044690652
110044690661
110044690689
110044690698
110044690705
110044690723
110044690732
110044690741
110044690750
110044690769
110044690796
110044690803
110044690812
110044690821
110044690858
110044690867
110044690876
110044690885
110044690894
110044690901
110044690929
110044690938
110044690947
110044690956
110044690965
110044690974
110044690983
110044690992
110044691009
110044691018
110044691027
110044691045
110044691054
110044691063
110044691072
110044691081
110044691090
110044691116
110044691125
110044691143
110044691152
110044691161
110044691170
110044691189
110044691198
110044691205
110044691214
110044691223
110044691232
110044691241
110044691250
110044691269
110044691278
110044691287
110044691312
110044691321
110044691330
110044691349
110044691367
110044691376
110044691385
110044691394
110044691401
110044691438
110044691447
110044691456
110044691465
110044691474
110044691483
110044691492
110044691508
110044691517
110044691526
110044691535
110044691544
110044691553
110044691562
110044691580
110044691606
110044691615
110044691624
110044691633
110044691642
110044691660
110044691679
110044691697
110044691704
110044691722
110044691731
110044691740
110044691759
110044691768
110044691786
110044691795
110044691811
110044691820
110044691839
110044691848
110044691857
110044691866
110044691875
110044691884
110044691893
110044691900
110044691919
110044691928
110044691937
110044691946
110044691964
110044691973
110044691982
110044692008
110044692017
110044692026
110044692035
110044692044
110044692062
110044692080
110044692099
110044692106
110044692115
110044692124
110044692133
110044692142
110044692160
110044692179
110044692188
110044692197
110044692204
110044692213
110044692222
110044692240
110044692259
110044692268
110044692277
110044692286
110044692295
110044692302
110044692311
110044692320
110044692339
110044692357
110044692366
110044692384
110044692393
110044692400
110044692419
110044692428
110044692446
110044692455
110044692464
110044692473
110044692482
110044692491
110044692507
110044692534
110044692543
110044692552
110044692561
110044692589
110044692598
110044692614
110044692623
110044692632
110044692641
110044692650
110044692669
110044692678
110044692687
110044692696
110044692703
110044692712
110044692721
110044692730
110044692749
110044692758
110044692785
110044692801
110044692810
110044692829
110044692838
110044692847
110044692856
110044692865
110044692874
110044692883
110044692892
110044692909
110044692927
110044692954
110044692963
110044692972
110044692990
110044693007
110044693016
110044693034
110044693043
110044693052
110044693061
110044693070
110044693089
110044693098
110044693105
110044693114
110044693132
110044693141
110044693150
110044693169
110044693178
110044693187
110044693196
110044693221
110044693230
110044693249
110044693258
110044693267
110044693276
110044693285
110044693294
110044693301
110044693310
110044693329
110044693338
110044693347
110044693356
110044693374
110044693383
110044693392
110044693409
110044693418
110044693427
110044693436
110044693454
110044693463
110044693472
110044693481
110044693490
110044693506
110044693524
110044693533
110044693551
110044693579
110044693588
110044693597
110044693604
110044693622
110044693631
110044693659
110044693668
110044693677
110044693686
110044693695
110044693711
110044693739
110044693748
