110044693757
110044693766
110044693775
110044693793
110044693800
110044693819
110044693828
110044693837
110044693846
110044693855
110044693864
110044693873
110044693891
110044693908
110044693917
110044693926
110044693935
110044693944
110044693953
110044693962
110044693971
110044693980
110044693999
110044694006
110044694015
110044694024
110044694033
110044694051
110044694060
110044694079
110044694088
110044694097
110044694104
110044694113
110044694131
110044694140
110044694159
110044694168
110044694177
110044694186
110044694195
110044694202
110044694211
110044694220
110044694239
110044694248
110044694266
110044694275
110044694284
110044694300
110044694319
110044694337
110044694346
110044694355
110044694364
110044694373
110044694382
110044694426
110044694435
110044694444
110044694453
110044694471
110044694480
110044694499
110044694514
110044694523
110044694532
110044694541
110044694569
110044694578
110044694587
110044694596
110044694603
110044694612
110044694621
110044694630
110044694649
110044694658
110044694667
110044694676
110044694701
110044694729
110044694747
110044694756
110044694765
110044694774
110044694783
110044694792
110044694809
110044694818
110044694827
110044694836
110044694845
110044694863
110044694872
110044694881
110044694890
110044694907
110044694916
110044694925
110044694934
110044694943
110044694952
110044694970
110044694989
110044694998
110044695005
110044695014
110044695023
110044695032
110044695041
110044695069
110044695103
110044695121
110044695149
110044695167
110044695176
110044695185
110044695201
110044695210
110044695229
110044695238
110044695247
110044695256
110044695265
110044695274
110044695283
110044695292
110044695309
110044695318
110044695327
110044695345
110044695354
110044695372
110044695381
110044695390
110044695407
110044695416
110044695434
110044695443
110044695452
110044695461
110044695498
110044695504
110044695513
110044695522
110044695531
110044695540
110044695559
110044695568
110044695577
110044695586
110044695595
110044695602
110044695611
110044695620
110044695639
110044695648
110044695675
110044695684
110044695693
110044695700
110044695719
110044695728
110044695737
110044695746
110044695764
110044695782
110044695791
110044695808
110044695817
110044695826
110044695835
110044695844
110044695862
110044695871
110044695880
110044695899
110044695915
110044695933
110044695942
110044695951
110044695960
110044695979
110044695988
110044696004
110044696013
110044696022
110044696031
110044696040
110044696059
110044696068
110044696077
110044696086
110044696095
110044696111
110044696120
110044696139
110044696148
110044696157
110044696166
110044696184
110044696193
110044696200
110044696219
110044696228
110044696237
110044696255
110044696264
110044696273
110044696282
110044696291
110044696308
110044696317
110044696326
110044696335
110044696344
110044696353
110044696362
110044696371
110044696380
110044696399
110044696406
110044696424
110044696433
110044696442
110044696451
110044696460
110044696479
110044696488
110044696497
110044696503
110044696512
110044696521
110044696549
110044696558
110044696567
110044696576
110044696585
110044696594
110044696601
110044696610
110044696638
110044696647
110044696656
110044696665
110044696674
110044696683
110044696692
110044696709
110044696718
110044696727
110044696736
110044696754
110044696763
110044696772
110044696781
110044696790
110044696807
110044696816
110044696825
110044696843
110044696852
110044696861
110044696889
110044696898
110044696905
110044696914
110044696923
110044696932
110044696941
110044696950
110044696969
110044696978
110044696987
110044696996
110044697003
110044697012
110044697021
110044697030
110044697049
110044697067
110044697076
110044697085
110044697094
110044697101
110044697110
110044697129
110044697138
110044697147
110044697156
110044697165
110044697183
110044697209
110044697218
110044697227
110044697236
110044697245
110044697281
110044697290
110044697307
110044697334
110044697343
110044697352
110044697361
110044697370
110044697389
110044697405
110044697414
110044697432
110044697450
110044697469
110044697478
110044697487
110044697502
110044697511
110044697520
110044697539
110044697548
110044697557
110044697575
110044697584
110044697593
110044697600
110044697619
110044697628
110044697637
110044697646
110044697655
110044697673
110044697682
110044697691
110044697708
110044697717
110044697726
110044697753
110044697762
110044697771
110044697799
110044697806
110044697815
110044697824
110044697842
110044697851
110044697860
110044697879
110044697888
110044697897
110044697904
110044697913
110044697922
110044697931
110044697940
110044697959
110044697968
110044697986
110044697995
110044698002
110044698011
110044698020
110044698039
110044698048
110044698057
110044698066
110044698075
110044698093
110044698100
110044698119
110044698128
110044698137
110044698146
110044698155
110044698164
110044698173
110044698182
110044698191
110044698208
110044698217
110044698226
110044698235
110044698244
110044698253
110044698262
110044698280
110044698299
110044698315
110044698333
110044698342
110044698360
110044698379
110044698388
110044698397
110044698404
110044698422
110044698431
110044698440
110044698459
110044698468
110044698477
110044698486
110044698495
110044698510
110044698538
110044698547
110044698556
110044698565
110044698574
110044698583
110044698592
110044698609
110044698618
110044698627
110044698636
110044698645
110044698654
110044698663
110044698672
110044698681
110044698707
110044698716
110044698725
110044698734
110044698743
110044698752
110044698761
110044698770
110044698789
110044698798
110044698805
110044698814
110044698823
110044698832
110044698841
110044698850
110044698869
110044698878
110044698887
110044698903
110044698912
110044698921
110044698930
110044698949
110044698958
110044698967
110044698976
110044698985
110044698994
110044699001
110044699010
110044699029
110044699038
110044699047
110044699056
110044699065
110044699074
110044699083
110044699092
110044699127
110044699136
110044699154
110044699163
110044699172
110044699181
110044699190
110044699207
110044699216
110044699225
110044699234
110044699243
110044699252
110044699261
110044699270
110044699289
110044699298
110044699305
110044699314
110044699323
110044699332
110044699341
110044699350
110044699369
110044699378
110044699387
110044699396
110044699403
110044699412
110044699421
110044699430
110044699449
110044699458
110044699467
110044699476
110044699485
110044699494
110044699500
110044699519
110044699528
110044699537
110044699546
110044699564
110044699582
110044699591
110044699608
110044699617
110044699626
110044699635
110044699644
110044699653
110044699662
110044699680
110044699699
110044699706
110044699715
110044699724
110044699733
110044699751
110044699760
110044699779
110044699788
110044699797
110044699813
110044699822
110044699831
110044699840
110044699859
110044699868
110044699877
110044699886
110044699895
110044699902
110044699911
110044699920
110044699939
110044699948
110044699957
110044699966
110044699975
110044699984
110044699993
110044700008
110044700017
110044700026
110044700035
110044700044
110044700053
110044700062
110044700080
110044700099
110044700106
110044700115
110044700124
110044700133
110044700151
110044700160
110044700179
110044700188
110044700197
110044700204
110044700213
110044700222
110044700231
110044700240
110044700259
110044700268
110044700286
110044700295
110044700302
110044700311
110044700320
110044700339
110044700348
110044700357
110044700366
110044700375
110044700393
110044700400
110044700419
110044700428
110044700437
110044700446
110044700455
110044700464
110044700473
110044700482
110044700491
110044700507
110044700516
110044700525
110044700534
110044700543
110044700552
110044700561
110044700570
110044700589
110044700598
110044700605
110044700623
110044700632
110044700641
110044700650
110044700669
110044700678
110044700687
110044700696
110044700703
110044700712
110044700721
110044700749
110044700758
110044700767
110044700776
110044700785
110044700810
110044700829
110044700838
110044700847
110044700856
110044700865
110044700874
110044700883
110044700892
110044700909
110044700927
110044700945
110044700963
110044701007
110044701016
110044701034
110044701043
110044701052
110044701061
110044701089
110044701098
110044701105
110044701114
110044701123
110044701141
110044701169
110044701178
110044701196
110044701203
110044701212
110044701221
110044701249
110044701258
110044701276
110044701301
110044701329
110044701338
110044701356
110044701365
110044701374
110044701383
110044701392
110044701418
110044701427
110044701445
110044701454
110044701463
110044701490
110044701515
110044701524
110044701533
110044701542
110044701551
110044701579
110044701588
110044701597
110044701604
110044701613
110044701640
110044701659
110044701668
110044701686
110044701695
110044701702
110044701720
110044701739
110044701748
110044701766
110044701775
110044701793
110044701800
110044701819
110044701828
110044701846
110044701855
110044701873
110044701882
110044701891
110044701908
110044701926
110044701944
110044701953
110044701962
110044701971
110044701980
110044701999
110044702006
110044702015
110044702024
110044702033
110044702042
110044702051
110044702088
110044702097
110044702104
110044702122
110044702131
110044702140
110044702159
110044702168
110044702186
110044702195
110044702211
110044702220
110044702239
110044702248
110044702257
110044702266
110044702275
110044702284
110044702293
110044702300
110044702328
110044702337
110044702355
110044702364
110044702382
110044702391
110044702408
110044702426
110044702435
110044702444
110044702453
110044702462
110044702471
110044702480
110044702499
110044702505
110044702514
110044702523
110044702532
110044702541
110044702550
110044702569
110044702578
110044702587
110044702596
110044702603
110044702612
110044702621
110044702649
110044702658
110044702667
110044702676
110044702694
110044702701
110044702710
110044702729
110044702747
110044702756
110044702765
110044702774
110044702792
110044702809
110044702818
110044702827
110044702845
110044702854
110044702863
110044702881
110044702890
110044702916
110044702925
110044702934
110044702943
110044702952
110044702970
110044702989
110044703014
110044703023
110044703032
110044703050
110044703069
110044703087
110044703103
110044703112
110044703121
110044703130
110044703158
110044703185
110044703194
110044703201
110044703210
110044703229
110044703238
110044703247
110044703256
110044703265
110044703274
110044703283
110044703292
110044703309
110044703327
110044703336
110044703354
110044703363
110044703372
110044703381
110044703390
110044703416
110044703425
110044703434
110044703443
110044703461
110044703489
110044703504
110044703522
110044703540
110044703559
110044703568
110044703577
110044703595
110044703602
110044703620
110044703639
110044703657
110044703666
110044703675
110044703693
110044703719
110044703728
110044703746
110044703755
110044703764
110044703782
110044703791
110044703808
110044703817
110044703826
110044703835
110044703844
110044703853
110044703862
110044703880
110044703906
110044703915
110044703924
110044703933
110044703942
110044703951
110044703960
110044703988
110044703997
110044704004
110044704013
110044704022
110044704031
110044704040
110044704059
110044704068
110044704095
110044704102
110044704111
110044704120
110044704139
110044704148
110044704166
110044704175
110044704184
110044704193
110044704200
110044704219
110044704228
110044704246
110044704282
110044704291
110044704308
110044704317
110044704335
110044704344
110044704353
110044704362
110044704371
110044704399
110044704406
110044704415
110044704424
110044704433
110044704442
110044704479
110044704488
110044704497
110044704512
110044704521
110044704530
110044704549
110044704558
110044704576
110044704585
110044704594
110044704601
110044704629
110044704638
110044704656
110044704683
110044704692
110044704709
110044704718
110044704727
110044704736
110044704754
110044704763
110044704772
110044704790
110044704807
110044704816
110044704834
110044704843
110044704870
110044704889
110044704905
110044704914
110044704923
110044704932
110044704941
110044704950
110044704969
110044704978
110044704987
110044704996
110044705003
110044705021
110044705030
110044705067
110044705076
110044705085
110044705094
110044705101
110044705129
110044705138
110044705165
110044705174
110044705192
110044705209
110044705218
110044705227
110044705245
110044705254
110044705272
110044705281
110044705290
110044705316
110044705334
110044705343
110044705361
110044705370
110044705389
110044705398
110044705405
110044705414
110044705423
110044705432
110044705441
110044705469
110044705478
110044705487
110044705502
110044705511
110044705520
110044705539
110044705548
110044705557
110044705566
110044705575
110044705584
110044705593
110044705619
110044705628
110044705637
110044705655
110044705673
110044705691
110044705708
110044705717
110044705726
110044705735
110044705744
110044705753
110044705762
110044705771
110044705824
110044705833
110044705842
110044705851
110044705860
110044705879
110044705888
110044705897
