110044705904
110044705922
110044705931
110044705940
110044705959
110044705968
110044705986
110044705995
110044706002
110044706011
110044706039
110044706048
110044706057
110044706066
110044706075
110044706084
110044706093
110044706100
110044706119
110044706128
110044706137
110044706146
110044706155
110044706164
110044706173
110044706182
110044706191
110044706208
110044706226
110044706235
110044706244
110044706253
110044706262
110044706271
110044706280
110044706299
110044706315
110044706324
110044706333
110044706342
110044706351
110044706360
110044706388
110044706397
110044706404
110044706413
110044706422
110044706440
110044706459
110044706468
110044706486
110044706495
110044706501
110044706510
110044706529
110044706538
110044706547
110044706565
110044706574
110044706592
110044706609
110044706618
110044706627
110044706636
110044706645
110044706654
110044706663
110044706672
110044706690
110044706707
110044706716
110044706725
110044706734
110044706743
110044706752
110044706761
110044706805
110044706814
110044706841
110044706850
110044706869
110044706878
110044706887
110044706896
110044706912
110044706921
110044706930
110044706958
110044706967
110044706994
110044707001
110044707038
110044707065
110044707074
110044707118
110044707145
110044707154
110044707172
110044707181
110044707190
110044707225
110044707234
110044707243
110044707252
110044707261
110044707270
110044707289
110044707298
110044707305
110044707314
110044707323
110044707332
110044707341
110044707378
110044707387
110044707421
110044707458
110044707467
110044707476
110044707485
110044707494
110044707546
110044707555
110044707564
110044707582
110044707626
110044707644
110044707715
110044707751
110044707760
110044707779
110044707788
110044707804
110044707813
110044707822
110044707831
110044707840
110044707859
110044707902
110044707920
110044707939
110044707975
110044707984
110044707993
110044708019
110044708028
110044708037
110044708055
110044708064
110044708091
110044708108
110044708117
110044708126
110044708135
110044708153
110044708162
110044708171
110044708180
110044708199
110044708206
110044708215
110044708224
110044708233
110044708242
110044708251
110044708260
110044708279
110044708288
110044708313
110044708322
110044708331
110044708359
110044708368
110044708377
110044708395
110044708420
110044708439
110044708466
110044708475
110044708493
110044708509
110044708518
110044708527
110044708536
110044708554
110044708563
110044708572
110044708590
110044708625
110044708652
110044708661
110044708670
110044708689
110044708698
110044708714
110044708723
110044708741
110044708769
110044708821
110044708830
110044708849
110044708858
110044708867
110044708876
110044708885
110044708894
110044708938
110044708956
110044708965
110044708983
110044708992
110044709009
110044709018
110044709027
110044709036
110044709045
110044709054
110044709063
110044709081
110044709090
110044709134
110044709170
110044709198
110044709205
110044709214
110044709223
110044709232
110044709241
110044709250
110044709269
110044709278
110044709287
110044709303
110044709312
110044709321
110044709330
110044709349
110044709358
110044709385
110044709438
110044709465
110044709483
110044709553
110044709562
110044709580
110044709599
110044709615
110044709624
110044709633
110044709642
110044709660
110044709688
110044709704
110044709713
110044709740
110044709786
110044709848
110044709866
110044709884
110044709928
110044709946
110044709964
110044709973
110044709991
110044710024
110044710033
110044710042
110044710051
110044710060
110044710079
110044710088
110044710097
110044710104
110044710140
110044710168
110044710177
110044710195
110044710239
110044710266
110044710275
110044710300
110044710328
110044710346
110044710382
110044710391
110044710408
110044710426
110044710444
110044710453
110044710471
110044710505
110044710514
110044710532
110044710541
110044710569
110044710578
110044710587
110044710603
110044710621
110044710630
110044710658
110044710667
110044710685
110044710694
110044710710
110044710738
110044710747
110044710774
110044710792
110044710818
110044710845
110044710854
110044710863
110044710872
110044710881
110044710890
110044710916
110044710952
110044710961
110044710970
110044710998
110044711005
110044711032
110044711041
110044711050
110044711078
110044711087
110044711096
110044711103
110044711112
110044711149
110044711158
110044711167
110044711176
110044711185
110044711201
110044711210
110044711229
110044711265
110044711274
110044711283
110044711292
110044711309
110044711318
110044711327
110044711336
110044711345
110044711354
110044711363
110044711372
110044711381
110044711390
110044711407
110044711416
110044711425
110044711434
110044711443
110044711452
110044711461
110044711470
110044711489
110044711498
110044711504
110044711513
110044711522
110044711531
110044711540
110044711568
110044711577
110044711586
110044711595
110044711602
110044711611
110044711620
110044711639
110044711648
110044711657
110044711666
110044711675
110044711684
110044711693
110044711700
110044711719
110044711728
110044711737
110044711746
110044711755
110044711764
110044711773
110044711782
110044711791
110044711817
110044711826
110044711844
110044711853
110044711862
110044711871
110044711880
110044711906
110044711915
110044711924
110044711933
110044711942
110044711951
110044711979
110044711997
110044712004
110044712013
110044712022
110044712031
110044712040
110044712059
110044712068
110044712086
110044712095
110044712102
110044712111
110044712120
110044712139
110044712148
110044712157
110044712166
110044712175
110044712184
110044712193
110044712200
110044712219
110044712228
110044712237
110044712246
110044712255
110044712273
110044712282
110044712291
110044712308
110044712317
110044712326
110044712335
110044712344
110044712353
110044712380
110044712406
110044712424
110044712433
110044712442
110044712451
110044712460
110044712488
110044712497
110044712503
110044712521
110044712530
110044712549
110044712558
110044712567
110044712576
110044712585
110044712601
110044712610
110044712629
110044712638
110044712647
110044712656
110044712665
110044712674
110044712683
110044712692
110044712709
110044712718
110044712727
110044712736
110044712745
110044712754
110044712763
110044712772
110044712781
110044712807
110044712816
110044712825
110044712834
110044712843
110044712852
110044712861
110044712870
110044712889
110044712898
110044712905
110044712923
110044712932
110044712941
110044712969
110044712978
110044712987
110044712996
110044713003
110044713012
110044713021
110044713030
110044713049
110044713058
110044713067
110044713076
110044713085
110044713094
110044713101
110044713110
110044713129
110044713138
110044713147
110044713156
110044713165
110044713174
110044713183
110044713192
110044713209
110044713218
110044713227
110044713236
110044713245
110044713254
110044713272
110044713281
110044713290
110044713307
110044713316
110044713325
110044713334
110044713343
110044713352
110044713361
110044713370
110044713389
110044713398
110044713405
110044713414
110044713423
110044713432
110044713441
110044713450
110044713469
110044713478
110044713487
110044713496
110044713502
110044713520
110044713539
110044713548
110044713557
110044713566
110044713575
110044713584
110044713593
110044713600
110044713619
110044713628
110044713637
110044713646
110044713655
110044713673
110044713682
110044713691
110044713708
110044713717
110044713726
110044713735
110044713744
110044713762
110044713780
110044713799
110044713815
110044713842
110044713851
110044713860
110044713888
110044713897
110044713904
110044713913
110044713922
110044713931
110044713940
110044713959
110044713968
110044713977
110044713986
110044713995
110044714002
110044714011
110044714039
110044714048
110044714057
110044714066
110044714075
110044714084
110044714093
110044714119
110044714128
110044714137
110044714146
110044714155
110044714164
110044714173
110044714182
110044714208
110044714226
110044714235
110044714244
110044714253
110044714262
110044714271
110044714280
110044714299
110044714306
110044714315
110044714324
110044714342
110044714351
110044714360
110044714379
110044714388
110044714397
110044714413
110044714422
110044714431
110044714440
110044714468
110044714477
110044714486
110044714495
110044714501
110044714529
110044714547
110044714556
110044714565
110044714574
110044714592
110044714609
110044714618
110044714627
110044714645
110044714663
110044714672
110044714681
110044714690
110044714716
110044714725
110044714734
110044714752
110044714761
110044714770
110044714789
110044714798
110044714805
110044714814
110044714823
110044714832
110044714841
110044714850
110044714869
110044714878
110044714887
110044714896
110044714912
110044714921
110044714930
110044714949
110044714958
110044714976
110044714994
110044715010
110044715029
110044715038
110044715047
110044715056
110044715074
110044715083
110044715109
110044715118
110044715127
110044715145
110044715154
110044715163
110044715172
110044715181
110044715190
110044715207
110044715225
110044715234
110044715243
110044715252
110044715261
110044715289
110044715298
110044715305
110044715323
110044715332
110044715341
110044715350
110044715369
110044715378
110044715387
110044715396
110044715403
110044715412
110044715430
110044715449
110044715458
110044715467
110044715476
110044715494
110044715500
110044715519
110044715528
110044715564
110044715573
110044715582
110044715608
110044715626
110044715635
110044715644
110044715653
110044715699
110044715706
110044715724
110044715733
110044715742
110044715751
110044715760
110044715779
110044715797
110044715804
110044715822
110044715840
110044715868
110044715877
110044715886
110044715895
110044715911
110044715920
110044715939
110044715948
110044715957
110044715966
110044715984
110044715993
110044716000
110044716019
110044716028
110044716046
110044716055
110044716073
110044716091
110044716117
110044716126
110044716135
110044716144
110044716171
110044716180
110044716199
110044716215
110044716224
110044716233
110044716242
110044716260
110044716279
110044716297
110044716322
110044716340
110044716377
110044716395
110044716402
110044716411
110044716420
110044716439
110044716457
110044716518
110044716545
110044716554
110044716581
110044716590
110044716607
110044716616
110044716634
110044716643
110044716652
110044716670
110044716698
110044716705
110044716714
110044716741
110044716769
110044716803
110044716812
110044716830
110044716867
110044716894
110044716910
110044716929
110044716947
110044716956
110044716965
110044716983
110044716992
110044717009
110044717027
110044717045
110044717054
110044717063
110044717081
110044717090
110044717107
110044717143
110044717161
110044717189
110044717205
110044717223
110044717241
110044717250
110044717269
110044717278
110044717296
110044717303
110044717312
110044717321
110044717330
110044717358
110044717376
110044717385
110044717394
110044717401
110044717429
110044717438
110044717447
110044717456
110044717465
110044717474
110044717483
110044717517
110044717526
110044717544
110044717553
110044717562
110044717571
110044717599
110044717606
110044717615
110044717633
110044717642
110044717651
110044717679
110044717688
110044717697
110044717704
110044717713
110044717731
110044717768
110044717786
110044717795
110044717802
110044717811
110044717820
110044717839
110044717866
110044717875
110044717884
110044717919
110044717955
110044717964
110044717982
110044717991
110044718008
110044718017
110044718035
110044718044
110044718053
110044718062
110044718071
110044718099
110044718106
110044718115
110044718124
110044718133
110044718142
110044718151
110044718160
110044718179
110044718188
110044718197
110044718204
110044718222
110044718231
110044718268
110044718277
110044718286
110044718295
110044718311
110044718320
110044718339
110044718348
110044718357
110044718375
110044718393
110044718419
110044718437
110044718446
110044718455
110044718482
110044718491
110044718543
110044718561
110044718570
110044718589
110044718614
110044718632
110044718669
110044718678
110044718687
110044718758
110044718767
110044718801
110044718810
110044718829
110044718847
110044718856
110044718927
110044718936
110044718945
110044718963
110044718972
110044719034
110044719123
110044719187
110044719196
110044719212
110044719221
110044719230
110044719258
110044719294
110044719301
110044719310
110044719329
110044719338
110044719347
110044719356
110044719365
110044719383
110044719436
110044719445
110044719454
110044719463
110044719490
110044719588
110044719597
110044719622
110044719720
110044719748
110044719757
110044719766
110044719775
110044719784
110044719793
110044719800
110044719819
110044719837
110044719935
110044719953
110044719971
110044720004
110044720031
110044720040
110044720068
110044720095
110044720111
110044720139
110044720166
110044720255
110044720264
110044720273
110044720344
110044720371
110044720451
110044720497
110044720503
110044720549
110044720558
110044720567
110044720576
110044720585
110044720594
110044720601
110044720610
110044720638
110044720674
110044720683
110044720709
110044720727
110044720736
110044720754
110044720763
110044720772
110044720781
