110044720807
110044720816
110044720834
110044720843
110044720852
110044720861
110044720889
110044720905
110044720923
110044720932
110044720941
110044720950
110044720969
110044720978
110044720987
110044720996
110044721003
110044721012
110044721021
110044721030
110044721058
110044721067
110044721085
110044721110
110044721129
110044721138
110044721147
110044721165
110044721174
110044721183
110044721192
110044721209
110044721218
110044721227
110044721236
110044721245
110044721254
110044721263
110044721272
110044721281
110044721290
110044721307
110044721370
110044721398
110044721432
110044721469
110044721487
110044721496
110044721520
110044721539
110044721566
110044721575
110044721584
110044721593
110044721619
110044721628
110044721646
110044721673
110044721682
110044721691
110044721708
110044721717
110044721726
110044721735
110044721744
110044721753
110044721762
110044721799
110044721806
110044721815
110044721833
110044721860
110044721879
110044721904
110044721913
110044721931
110044721940
110044721959
110044721968
110044721977
110044721986
110044721995
110044722011
110044722039
110044722057
110044722066
110044722075
110044722084
110044722093
110044722100
110044722119
110044722128
110044722146
110044722173
110044722208
110044722253
110044722299
110044722306
110044722315
110044722333
110044722342
110044722351
110044722360
110044722379
110044722388
110044722397
110044722413
110044722440
110044722459
110044722468
110044722486
110044722495
110044722501
110044722538
110044722547
110044722565
110044722574
110044722583
110044722592
110044722609
110044722618
110044722627
110044722645
110044722654
110044722672
110044722690
110044722707
110044722716
110044722725
110044722734
110044722743
110044722752
110044722789
110044722798
110044722823
110044722841
110044722850
110044722887
110044722896
110044722912
110044722921
110044722949
110044722958
110044722967
110044722976
110044722994
110044723010
110044723029
110044723047
110044723056
110044723065
110044723083
110044723092
110044723109
110044723127
110044723136
110044723145
110044723154
110044723163
110044723172
110044723181
110044723190
110044723225
110044723234
110044723243
110044723252
110044723298
110044723314
110044723332
110044723341
110044723350
110044723396
110044723403
110044723421
110044723449
110044723458
110044723467
110044723476
110044723485
110044723494
110044723500
110044723519
110044723537
110044723546
110044723555
110044723573
110044723582
110044723591
110044723608
110044723653
110044723662
110044723671
110044723699
110044723706
110044723715
110044723733
110044723742
110044723751
110044723760
110044723788
110044723797
110044723804
110044723813
110044723822
110044723831
110044723868
110044723886
110044723911
110044723948
110044723966
110044723975
110044723984
110044724055
110044724091
110044724108
110044724117
110044724135
110044724144
110044724153
110044724199
110044724215
110044724233
110044724242
110044724260
110044724279
110044724288
110044724304
110044724313
110044724322
110044724331
110044724340
110044724359
110044724368
110044724377
110044724386
110044724395
110044724402
110044724420
110044724439
110044724448
110044724457
110044724466
110044724475
110044724493
110044724527
110044724545
110044724554
110044724563
110044724572
110044724590
110044724616
110044724625
110044724634
110044724643
110044724670
110044724689
110044724698
110044724714
110044724723
110044724750
110044724769
110044724796
110044724803
110044724812
110044724910
110044724947
110044725018
110044725027
110044725045
110044725081
110044725134
110044725152
110044725161
110044725189
110044725198
110044725223
110044725232
110044725269
110044725278
110044725287
110044725296
110044725312
110044725330
110044725358
110044725394
110044725410
110044725438
110044725447
110044725492
110044725508
110044725526
110044725544
110044725553
110044725571
110044725599
110044725606
110044725624
110044725642
110044725651
110044725697
110044725722
110044725740
110044725768
110044725802
110044725820
110044725848
110044725884
110044725928
110044725946
110044725955
110044725964
110044725982
110044726017
110044726035
110044726044
110044726053
110044726062
110044726071
110044726080
110044726099
110044726106
110044726115
110044726142
110044726160
110044726179
110044726311
110044726339
110044726393
110044726400
110044726419
110044726428
110044726464
110044726525
110044726552
110044726561
110044726614
110044726678
110044726696
110044726703
110044726712
110044726730
110044726749
110044726758
110044726767
110044726785
110044726794
110044726810
110044726829
110044726856
110044726865
110044726874
110044726892
110044726909
110044726927
110044726936
110044726954
110044726963
110044726972
110044726981
110044726990
110044727007
110044727034
110044727043
110044727052
110044727070
110044727089
110044727105
110044727114
110044727123
110044727132
110044727169
110044727178
110044727203
110044727249
110044727258
110044727285
110044727294
110044727347
110044727392
110044727445
110044727463
110044727472
110044727481
110044727506
110044727515
110044727533
110044727551
110044727579
110044727613
110044727631
110044727668
110044727702
110044727766
110044727784
110044727793
110044727819
110044727828
110044727873
110044727882
110044727908
110044727917
110044727926
110044727944
110044727953
110044727962
110044727999
110044728033
110044728051
110044728097
110044728104
110044728159
110044728195
110044728202
110044728211
110044728220
110044728239
110044728257
110044728266
110044728284
110044728293
110044728300
110044728319
110044728328
110044728337
110044728417
110044728435
110044728453
110044728462
110044728471
110044728480
110044728499
110044728505
110044728514
110044728523
110044728532
110044728550
110044728569
110044728578
110044728587
110044728612
110044728621
110044728658
110044728676
110044728710
110044728827
110044728863
110044728890
110044728916
110044728925
110044728952
110044728961
110044728998
110044729014
110044729023
110044729041
110044729050
110044729069
110044729096
110044729112
110044729185
110044729327
110044729336
110044729345
110044729354
110044729372
110044729381
110044729390
110044729416
110044729425
110044729443
110044729452
110044729461
110044729470
110044729489
110044729498
110044729504
110044729513
110044729522
110044729531
110044729559
110044729568
110044729586
110044729595
110044729620
110044729639
110044729675
110044729693
110044729719
110044729728
110044729737
110044729746
110044729755
110044729764
110044729808
110044729817
110044729826
110044729835
110044729844
110044729871
110044729880
110044729899
110044729906
110044729915
110044729924
110044729933
110044729951
110044729988
110044729997
110044730002
110044730011
110044730048
110044730137
110044730155
110044730173
110044730182
110044730208
110044730253
110044730262
110044730271
110044730299
110044730306
110044730315
110044730342
110044730351
110044730360
110044730379
110044730388
110044730397
110044730404
110044730422
110044730431
110044730459
110044730468
110044730501
110044730510
110044730529
110044730538
110044730547
110044730565
110044730592
110044730636
110044730716
110044730725
110044730734
110044730743
110044730752
110044730798
110044730814
110044730823
110044730832
110044730850
110044730869
110044730878
110044730887
110044730896
110044730903
110044730912
110044730930
110044730949
110044730958
110044730967
110044730976
110044730985
110044730994
110044731001
110044731029
110044731038
110044731047
110044731056
110044731065
110044731074
110044731083
110044731092
110044731109
110044731118
110044731127
110044731136
110044731154
110044731181
110044731216
110044731252
110044731270
110044731323
110044731387
110044731396
110044731467
110044731485
110044731494
110044731500
110044731537
110044731546
110044731555
110044731564
110044731573
110044731582
110044731608
110044731724
110044731733
110044731788
110044731797
110044731813
110044731822
110044731840
110044731868
110044731877
110044731886
110044731939
110044731957
110044731966
110044731975
110044731984
110044731993
110044732000
110044732019
110044732037
110044732073
110044732082
110044732091
110044732108
110044732135
110044732144
110044732162
110044732206
110044732224
110044732233
110044732242
110044732251
110044732260
110044732279
110044732288
110044732297
110044732304
110044732313
110044732322
110044732340
110044732359
110044732368
110044732386
110044732395
110044732402
110044732411
110044732420
110044732439
110044732448
110044732457
110044732466
110044732475
110044732484
110044732493
110044732509
110044732518
110044732563
110044732572
110044732581
110044732616
110044732634
110044732643
110044732652
110044732670
110044732689
110044732698
110044732732
110044732741
110044732769
110044732787
110044732803
110044732812
110044732821
110044732830
110044732849
110044732858
110044732867
110044732876
110044732894
110044732901
110044732910
110044732929
110044732938
110044732947
110044732956
110044732965
110044732974
110044732983
110044732992
110044733009
110044733018
110044733036
110044733054
110044733063
110044733072
110044733090
110044733107
110044733116
110044733125
110044733134
110044733143
110044733152
110044733161
110044733189
110044733198
110044733205
110044733214
110044733223
110044733232
110044733241
110044733269
110044733287
110044733296
110044733303
110044733312
110044733330
110044733349
110044733394
110044733410
110044733438
110044733456
110044733465
110044733492
110044733508
110044733526
110044733535
110044733544
110044733553
110044733599
110044733624
110044733633
110044733651
110044733688
110044733697
110044733704
110044733713
110044733731
110044733740
110044733893
110044733928
110044733964
110044733973
110044733991
110044734008
110044734017
110044734026
110044734035
110044734044
110044734053
110044734062
110044734071
110044734080
110044734133
110044734142
110044734151
110044734160
110044734179
110044734188
110044734204
110044734213
110044734222
110044734231
110044734240
110044734259
110044734277
110044734286
110044734295
110044734302
110044734311
110044734320
110044734339
110044734348
110044734357
110044734375
110044734384
110044734393
110044734400
110044734419
110044734428
110044734437
110044734446
110044734455
110044734464
110044734473
110044734482
110044734491
110044734507
110044734534
110044734543
110044734589
110044734598
110044734614
110044734623
110044734641
110044734650
110044734669
110044734678
110044734730
110044734749
110044734776
110044734785
110044734801
110044734810
110044734829
110044734847
110044734892
110044734909
110044734918
110044734927
110044734945
110044734963
110044734981
110044734990
110044735016
110044735025
110044735034
110044735043
110044735052
110044735061
110044735070
110044735089
110044735098
110044735105
110044735114
110044735123
110044735132
110044735141
110044735150
110044735169
110044735178
110044735203
110044735212
110044735221
110044735230
110044735249
110044735267
110044735276
110044735285
110044735294
110044735301
110044735310
110044735338
110044735347
110044735356
110044735365
110044735374
110044735383
110044735392
110044735409
110044735418
110044735427
110044735436
110044735445
110044735463
110044735506
110044735524
110044735588
110044735597
110044735613
110044735640
110044735695
110044735702
110044735793
110044735800
110044735819
110044735828
110044735855
110044735864
110044735873
110044735882
110044735891
110044735917
110044735926
110044735935
110044735944
110044735962
110044735971
110044735980
110044735999
110044736006
110044736015
110044736024
110044736042
110044736051
110044736060
110044736131
110044736140
110044736159
110044736220
110044736248
110044736257
110044736266
110044736275
110044736284
110044736293
110044736300
110044736319
110044736328
110044736337
110044736346
110044736355
110044736373
110044736382
110044736391
110044736408
110044736426
110044736435
110044736453
110044736462
110044736471
110044736480
110044736499
110044736505
110044736514
110044736523
110044736532
110044736541
110044736550
110044736569
110044736578
110044736587
110044736596
110044736603
110044736612
110044736621
110044736630
110044736658
110044736667
110044736676
110044736685
110044736694
110044736701
110044736710
110044736729
110044736747
110044736756
110044736765
110044736774
110044736783
110044736809
110044736818
110044736827
110044736836
110044736854
110044736863
110044736872
110044736881
110044736890
110044736907
110044736916
110044736934
110044736943
110044736952
110044736961
110044736970
110044736989
110044736998
110044737005
110044737014
110044737023
110044737032
110044737041
110044737050
110044737069
110044737078
110044737087
110044737096
110044737103
110044737112
110044737121
110044737149
110044737158
110044737167
110044737176
110044737185
110044737201
110044737229
110044737238
110044737247
110044737256
110044737265
110044737274
110044737283
110044737309
110044737318
110044737327
110044737336
110044737345
110044737354
110044737425
110044737452
110044737498
110044737504
110044737522
110044737531
110044737559
110044737602
110044737611
110044737620
110044737639
110044737657
110044737700
110044737728
110044737737
110044737746
