110044737782
110044737791
110044737817
110044737844
110044737871
110044737880
110044737899
110044737942
110044737951
110044737960
110044737979
110044738004
110044738013
110044738022
110044738040
110044738059
110044738068
110044738077
110044738086
110044738095
110044738102
110044738111
110044738120
110044738139
110044738157
110044738166
110044738175
110044738184
110044738193
110044738200
110044738219
110044738228
110044738237
110044738246
110044738264
110044738273
110044738291
110044738308
110044738317
110044738326
110044738335
110044738344
110044738353
110044738362
110044738371
110044738380
110044738399
110044738406
110044738415
110044738424
110044738433
110044738442
110044738451
110044738460
110044738479
110044738488
110044738497
110044738503
110044738512
110044738521
110044738530
110044738549
110044738558
110044738567
110044738576
110044738585
110044738594
110044738601
110044738610
110044738638
110044738647
110044738656
110044738665
110044738674
110044738683
110044738692
110044738709
110044738718
110044738727
110044738736
110044738754
110044738763
110044738772
110044738781
110044738790
110044738816
110044738825
110044738834
110044738843
110044738852
110044738861
110044738870
110044738898
110044738905
110044738914
110044738923
110044738932
110044738941
110044738950
110044738969
110044738978
110044738996
110044739003
110044739012
110044739021
110044739030
110044739049
110044739058
110044739067
110044739076
110044739085
110044739094
110044739147
110044739174
110044739209
110044739227
110044739236
110044739245
110044739254
110044739263
110044739272
110044739281
110044739290
110044739325
110044739343
110044739361
110044739414
110044739478
110044739539
110044739575
110044739584
110044739593
110044739619
110044739628
110044739655
110044739682
110044739726
110044739744
110044739771
110044739815
110044739833
110044739842
110044739860
110044739888
110044739913
110044739922
110044739940
110044739977
110044740000
110044740046
110044740055
110044740064
110044740073
110044740082
110044740091
110044740117
110044740135
110044740144
110044740162
110044740180
110044740199
110044740206
110044740215
110044740224
110044740233
110044740242
110044740251
110044740260
110044740279
110044740288
110044740297
110044740304
110044740313
110044740322
110044740331
110044740340
110044740377
110044740395
110044740439
110044740448
110044740457
110044740466
110044740475
110044740484
110044740493
110044740518
110044740536
110044740563
110044740572
110044740581
110044740590
110044740607
110044740616
110044740625
110044740634
110044740643
110044740652
110044740661
110044740670
110044740698
110044740705
110044740714
110044740723
110044740732
110044740741
110044740750
110044740769
110044740778
110044740787
110044740796
110044740803
110044740812
110044740821
110044740830
110044740849
110044740858
110044740867
110044740876
110044740885
110044740956
110044741018
110044741027
110044741036
110044741054
110044741081
110044741090
110044741107
110044741116
110044741125
110044741134
110044741143
110044741161
110044741170
110044741189
110044741198
110044741205
110044741214
110044741223
110044741232
110044741241
110044741250
110044741269
110044741278
110044741287
110044741296
110044741303
110044741358
110044741367
110044741394
110044741429
110044741447
110044741456
110044741465
110044741474
110044741483
110044741508
110044741517
110044741526
110044741544
110044741553
110044741562
110044741571
110044741580
110044741599
110044741606
110044741615
110044741624
110044741651
110044741660
110044741679
110044741697
110044741704
110044741740
110044741777
110044741786
110044741811
110044741820
110044741839
110044741857
110044741875
110044741884
110044741893
110044741900
110044741919
110044741964
110044742026
110044742044
110044742053
110044742062
110044742071
110044742080
110044742099
110044742106
110044742133
110044742142
110044742151
110044742160
110044742179
110044742188
110044742197
110044742213
110044742222
110044742231
110044742240
110044742277
110044742302
110044742320
110044742366
110044742375
110044742393
110044742437
110044742446
110044742455
110044742464
110044742473
110044742482
110044742491
110044742507
110044742516
110044742534
110044742543
110044742552
110044742561
110044742589
110044742598
110044742605
110044742614
110044742623
110044742641
110044742650
110044742678
110044742687
110044742696
110044742703
110044742712
110044742721
110044742730
110044742749
110044742758
110044742767
110044742776
110044742794
110044742801
110044742810
110044742865
110044742874
110044742883
110044742892
110044742909
110044742927
110044742936
110044742972
110044742990
110044743043
110044743052
110044743061
110044743070
110044743089
110044743098
110044743105
110044743114
110044743123
110044743132
110044743141
110044743150
110044743169
110044743178
110044743187
110044743196
110044743203
110044743212
110044743221
110044743230
110044743249
110044743258
110044743267
110044743276
110044743285
110044743294
110044743301
110044743310
110044743329
110044743338
110044743347
110044743374
110044743392
110044743409
110044743463
110044743472
110044743481
110044743490
110044743506
110044743515
110044743524
110044743533
110044743542
110044743551
110044743560
110044743579
110044743597
110044743604
110044743613
110044743622
110044743631
110044743659
110044743668
110044743677
110044743686
110044743711
110044743748
110044743757
110044743766
110044743775
110044743784
110044743793
110044743800
110044743819
110044743828
110044743855
110044743882
110044743908
110044743962
110044744015
110044744024
110044744088
110044744168
110044744195
110044744202
110044744211
110044744257
110044744266
110044744275
110044744284
110044744293
110044744300
110044744319
110044744328
110044744337
110044744355
110044744364
110044744382
110044744417
110044744435
110044744453
110044744471
110044744480
110044744499
110044744523
110044744569
110044744587
110044744596
110044744603
110044744612
110044744621
110044744630
110044744658
110044744667
110044744676
110044744685
110044744694
110044744710
110044744729
110044744738
110044744747
110044744756
110044744774
110044744783
110044744792
110044744809
110044744818
110044744827
110044744836
110044744845
110044744854
110044744863
110044744872
110044744881
110044744890
110044744907
110044744916
110044744925
110044744934
110044744943
110044744961
110044744998
110044745005
110044745014
110044745023
110044745032
110044745041
110044745050
110044745069
110044745078
110044745149
110044745158
110044745167
110044745185
110044745194
110044745201
110044745210
110044745229
110044745238
110044745247
110044745256
110044745265
110044745274
110044745283
110044745292
110044745309
110044745318
110044745327
110044745336
110044745345
110044745354
110044745363
110044745372
110044745381
110044745390
110044745407
110044745416
110044745425
110044745434
110044745443
110044745452
110044745461
110044745470
110044745522
110044745531
110044745559
110044745568
110044745602
110044745620
110044745666
110044745728
110044745737
110044745746
110044745782
110044745791
110044745808
110044745817
110044745826
110044745835
110044745844
110044745880
110044745899
110044745906
110044745915
110044745924
110044745942
110044745951
110044745960
110044745997
110044746004
110044746013
110044746031
110044746040
110044746059
110044746068
110044746077
110044746086
110044746095
110044746111
110044746148
110044746157
110044746166
110044746255
110044746308
110044746317
110044746335
110044746344
110044746362
110044746371
110044746415
110044746424
110044746433
110044746442
110044746451
110044746488
110044746497
110044746503
110044746512
110044746530
110044746549
110044746567
110044746576
110044746594
110044746601
110044746629
110044746638
110044746647
110044746674
110044746692
110044746709
110044746718
110044746727
110044746745
110044746790
110044746807
110044746834
110044746843
110044746852
110044746861
110044746870
110044746889
110044746898
110044746905
110044746914
110044746923
110044746932
110044746941
110044746950
110044746969
110044746978
110044746987
110044747003
110044747012
110044747021
110044747030
110044747067
110044747085
110044747101
110044747138
110044747165
110044747174
110044747192
110044747209
110044747218
110044747227
110044747236
110044747245
110044747254
110044747263
110044747272
110044747290
110044747307
110044747316
110044747325
110044747343
110044747352
110044747361
110044747370
110044747389
110044747398
110044747405
110044747423
110044747432
110044747441
110044747450
110044747469
110044747478
110044747496
110044747502
110044747511
110044747520
110044747539
110044747548
110044747557
110044747566
110044747575
110044747600
110044747619
110044747628
110044747637
110044747646
110044747655
110044747664
110044747673
110044747682
110044747691
110044747708
110044747735
110044747744
110044747753
110044747762
110044747780
110044747799
110044747815
110044747824
110044747833
110044747842
110044747851
110044747879
110044747888
110044747897
110044747931
110044747940
110044747959
110044747986
110044748002
110044748011
110044748039
110044748048
110044748057
110044748075
110044748084
110044748093
110044748100
110044748119
110044748128
110044748137
110044748173
110044748191
110044748208
110044748217
110044748226
110044748244
110044748262
110044748299
110044748306
110044748315
110044748324
110044748333
110044748388
110044748413
110044748422
110044748459
110044748529
110044748538
110044748556
110044748609
110044748618
110044748654
110044748663
110044748672
110044748707
110044748716
110044748725
110044748743
110044748752
110044748789
110044748814
110044748823
110044748850
110044748878
110044748896
110044748912
110044748921
110044748967
110044749001
110044749010
110044749056
110044749074
110044749083
110044749109
110044749118
110044749127
110044749136
110044749145
110044749154
110044749163
110044749172
110044749234
110044749243
110044749252
110044749261
110044749270
110044749314
110044749323
110044749378
110044749387
110044749396
110044749403
110044749412
110044749500
110044749519
110044749528
110044749537
110044749546
110044749555
110044749564
110044749573
110044749591
110044749608
110044749617
110044749626
110044749635
110044749644
110044749653
110044749662
110044749671
110044749680
110044749699
110044749706
110044749715
110044749724
110044749733
110044749751
110044749760
110044749779
110044749797
110044749859
110044749868
110044749886
110044749895
110044749920
110044749939
110044749948
110044749975
110044749993
110044750016
110044750025
110044750034
110044750043
110044750052
110044750061
110044750070
110044750089
110044750098
110044750105
110044750114
110044750132
110044750141
110044750169
110044750178
110044750187
110044750196
110044750203
110044750212
110044750230
110044750249
110044750267
110044750285
110044750294
110044750463
110044750472
110044750481
110044750490
110044750515
110044750524
110044750533
110044759543
110044759945
110044759972
110044760210
110044760238
110044760283
110044760292
110044760461
110044760470
110044760489
110044760835
110044760844
110044760853
110044760862
110044760871
110044760880
110044760899
110044760906
110044760915
110044760924
110044760933
110044760942
110044760951
110044760960
110044760979
110044760988
110044761488
110044761969
110044761978
110044761987
110044762441
110044762450
110044762502
110044762717
110044762897
110044762922
110044762931
110044762986
110044762995
110044763002
110044763217
110044764172
110044764181
110044764190
110044764216
110044764804
110044764813
110044764859
110044764868
110044764895
110044764902
110044764911
110044764920
110044764939
110044765019
110044765028
110044766580
110044797253
110044797413
110044797627
110044797636
110044797654
110044797663
110044797672
110044797681
110044797690
110044798056
110044800310
110044800775
110044800784
110044800908
110044802309
110044802318
110044802327
110044802416
110044802425
110044802434
110044803674
110044803781
110044803790
110044803807
110044803825
110044803843
110044803978
110044805388
110044805654
110044805681
110044805850
110044805949
110044806145
110044806323
110044806396
110044806430
110044806573
110044806715
110044806957
110044807180
110044808232
110044808241
110044808250
110044808303
110044808312
110044808358
110044808376
110044808385
110044808401
110044808447
110044808456
110044808465
110044808517
110044808580
110044808642
110044808651
110044808697
110044808731
110044808820
110044808839
110044808973
110044821672
110044821681
110044821690
110044830939
110044831812
110044836924
110044837040
110044865731
110044865759
110044866008
110044866017
110044866099
110044866197
110044866268
110044866277
110044866311
110044866393
110044867089
110044867114
110044867123
110044867132
110044867178
110044867187
110044867276
110044867533
110044867695
110044867775
110044867784
110044867800
110044867819
110044868220
110044868694
110044869265
110044869283
110044869292
110044869318
110044869327
110044869363
110044869390
110044869407
110044869416
110044869504
110044869639
110044869648
110044870084
110044870100
110044870182
110044870226
110044870351
110044870404
110044870413
110044870440
