110044870459
110044870529
110044870707
110044870716
110044870985
110044870994
110044871001
110044871010
110044871029
110044871332
110044871449
110044871519
110044871555
110044871564
110044871582
110044871797
110044871804
110044871939
110044871984
110044871993
110044872000
110044872019
110044872037
110044872046
110044872055
110044872064
110044872153
110044872162
110044872171
110044872199
110044872215
110044872251
110044872279
110044872288
110044872297
110044872448
110044872484
110044872536
110044872643
110044872652
110044872661
110044872787
110044873027
110044873036
110044873072
110044873081
110044873125
110044873134
110044873161
110044873170
110044873189
110044873198
110044873205
110044873214
110044873296
110044873358
110044873429
110044873447
110044873508
110044873517
110044873615
110044873624
110044873642
110044873651
110044873679
110044873777
110044873946
110044874044
110044874062
110044874071
110044874099
110044874115
110044874133
110044874142
110044874179
110044874188
110044874197
110044874204
110044874222
110044874231
110044874240
110044874286
110044874455
110044874605
110044874614
110044874909
110044874918
110044874927
110044874972
110044875141
110044875230
110044875864
110044875873
110044875882
110044875891
110044875908
110044875917
110044875926
110044875935
110044875944
110044875953
110044875962
110044875971
110044875980
110044875999
110044876006
110044876015
110044876024
110044876033
110044876042
110044876051
110044876060
110044876079
110044876088
110044876097
110044876104
110044876113
110044876122
110044876131
110044876140
110044876159
110044876168
110044876195
110044876202
110044876211
110044876220
110044876239
110044876248
110044876257
110044876266
110044876275
110044876284
110044876300
110044876319
110044876328
110044876337
110044876346
110044876355
110044876364
110044876373
110044876382
110044876391
110044876408
110044876417
110044876426
110044876435
110044876444
110044876453
110044876462
110044876471
110044876480
110044876499
110044876505
110044876514
110044876523
110044876532
110044876541
110044876550
110044876569
110044876578
110044876587
110044876596
110044876603
110044876612
110044876621
110044876630
110044876649
110044876658
110044876676
110044876685
110044876694
110044876701
110044876710
110044876729
110044876738
110044876747
110044876756
110044876765
110044876774
110044876783
110044876792
110044876809
110044876818
110044876827
110044876836
110044876845
110044876854
110044876863
110044876872
110044876881
110044877130
110044877149
110044877158
110044877167
110044877176
110044877185
110044877194
110044877201
110044877210
110044877229
110044877238
110044877247
110044877256
110044877265
110044877274
110044877283
110044877292
110044877309
110044877336
110044877345
110044877354
110044877363
110044877372
110044877381
110044877390
110044877416
110044877425
110044877434
110044877443
110044877452
110044877461
110044877470
110044877489
110044877498
110044877504
110044877513
110044877522
110044877531
110044877540
110044877559
110044877568
110044877577
110044877586
110044877595
110044877602
110044877611
110044877620
110044877639
110044877657
110044877666
110044877675
110044877684
110044877693
110044877700
110044877719
110044877728
110044877746
110044877755
110044877764
110044877773
110044877782
110044877817
110044877826
110044877835
110044877844
110044877853
110044877862
110044877871
110044877880
110044877899
110044877906
110044877915
110044877933
110044877942
110044877951
110044877960
110044877979
110044877988
110044877997
110044878004
110044878013
110044878022
110044878031
110044878040
110044878059
110044878068
110044878077
110044878086
110044878095
110044878193
110044878200
110044878219
110044878228
110044878237
110044878246
110044878255
110044878264
110044878282
110044878291
110044878308
110044878317
110044878326
110044878335
110044878344
110044878353
110044878362
110044878371
110044878380
110044878399
110044878406
110044878415
110044878433
110044878442
110044878451
110044878460
110044878479
110044878488
110044878497
110044878503
110044878512
110044878521
110044878530
110044878549
110044878558
110044878567
110044878576
110044878585
110044878594
110044878601
110044878610
110044878629
110044878638
110044878647
110044878656
110044878665
110044878674
110044878683
110044878692
110044878709
110044878718
110044878745
110044878754
110044878763
110044878772
110044878781
110044878790
110044878807
110044878825
110044878834
110044878843
110044878861
110044878870
110044878889
110044878898
110044878914
110044878923
110044878932
110044878941
110044878950
110044878969
110044878987
110044878996
110044879003
110044879012
110044879021
110044879030
110044879049
110044879058
110044879067
110044879085
110044879094
110044879101
110044879110
110044879129
110044879147
110044879156
110044879165
110044879174
110044879183
110044879192
110044879209
110044879218
110044879227
110044879236
110044879254
110044879263
110044879272
110044879281
110044879290
110044879307
110044879316
110044879325
110044879334
110044879343
110044879352
110044879361
110044879370
110044879398
110044879405
110044879414
110044879423
110044879432
110044879600
110044879619
110044879628
110044879637
110044879646
110044879655
110044879664
110044879673
110044879682
110044879717
110044879726
110044879735
110044879771
110044879780
110044879799
110044879806
110044879824
110044879833
110044879842
110044879851
110044879860
110044879879
110044879888
110044879897
110044879904
110044879913
110044879922
110044879940
110044879959
110044879968
110044879977
110044879986
110044879995
110044880019
110044880028
110044880037
110044880046
110044880055
110044880064
110044880073
110044880082
110044880091
110044880108
110044880126
110044880135
110044880144
110044880153
110044880162
110044880171
110044880180
110044880199
110044880206
110044880215
110044880224
110044880233
110044880242
110044880251
110044880260
110044880279
110044880304
110044880313
110044880322
110044880331
110044880340
110044880359
110044880368
110044880377
110044880386
110044880395
110044880402
110044880466
110044880475
110044880484
110044880493
110044880509
110044880518
110044880527
110044880536
110044880545
110044880554
110044880563
110044880572
110044880581
110044880590
110044880607
110044880616
110044880625
110044880634
110044880643
110044880652
110044880661
110044880670
110044880689
110044880698
110044880705
110044880714
110044880732
110044880741
110044880750
110044880769
110044880778
110044880787
110044880796
110044880803
110044880812
110044880821
110044880830
110044880849
110044880858
110044880867
110044880876
110044880885
110044880894
110044880910
110044880929
110044880938
110044880947
110044880956
110044880965
110044880974
110044880983
110044880992
110044881063
110044881081
110044881090
110044881107
110044881116
110044881125
110044881134
110044881143
110044881152
110044881161
110044881189
110044881205
110044881214
110044881223
110044881232
110044881241
110044881250
110044881269
110044881278
110044881287
110044881296
110044881303
110044881312
110044881321
110044881330
110044881349
110044881358
110044881367
110044881376
110044881385
110044881394
110044881410
110044881429
110044881438
110044881447
110044881456
110044881465
110044881474
110044881483
110044881492
110044881508
110044881517
110044881526
110044881535
110044881544
110044881553
110044881562
110044881571
110044881580
110044881599
110044881606
110044881615
110044881624
110044881633
110044881642
110044881651
110044881660
110044881697
110044881704
110044881713
110044881768
110044881777
110044881786
110044881795
110044881802
110044881811
110044881820
110044881839
110044881848
110044881857
110044881866
110044881875
110044881884
110044881893
110044881900
110044881919
110044881928
110044881937
110044881946
110044881955
110044881964
110044882311
110044882320
110044882375
110044882384
110044882393
110044882400
110044882419
110044882428
110044882437
110044882446
110044882455
110044882464
110044882473
110044882507
110044882516
110044882525
110044882534
110044882543
110044882552
110044882570
110044882589
110044882598
110044882614
110044882623
110044882632
110044882641
110044882650
110044882669
110044882687
110044882696
110044882703
110044882712
110044882721
110044882730
110044882749
110044882758
110044882767
110044882776
110044882785
110044882794
110044882801
110044882810
110044882829
110044882838
110044882847
110044882856
110044882865
110044882883
110044882892
110044882909
110044882918
110044882927
110044882945
110044882954
110044882963
110044882972
110044882981
110044882990
110044883007
110044883016
110044883025
110044883034
110044883043
110044883052
110044883061
110044883070
110044883089
110044883098
110044883105
110044883114
110044883123
110044883132
110044883141
110044883150
110044883169
110044883178
110044883187
110044883196
110044883203
110044883221
110044883230
110044883249
110044883258
110044883267
110044883276
110044883285
110044883294
110044883301
110044883310
110044883329
110044883338
110044883347
110044883356
110044883365
110044883374
110044883383
110044883392
110044883409
110044883418
110044883427
110044883436
110044883445
110044883463
110044883472
110044883481
110044883490
110044883506
110044883515
110044883524
110044883533
110044883542
110044883551
110044883560
110044883579
110044883588
110044883597
110044883604
110044883613
110044883622
110044883631
110044883640
110044883659
110044883668
110044883677
110044883686
110044883702
110044883711
110044883720
110044883739
110044883748
110044883757
110044883766
110044883775
110044883784
110044883793
110044883800
110044883819
110044883828
110044883837
110044883846
110044883855
110044883864
110044883873
110044883882
110044883891
110044883953
110044883962
110044883971
110044883980
110044883999
110044884006
110044884015
110044884024
110044884042
110044884060
110044884079
110044884088
110044884097
110044884104
110044884113
110044884122
110044884131
110044884140
110044884159
110044884168
110044884177
110044884186
110044884195
110044884202
110044884211
110044884220
110044884239
110044884248
110044884257
110044884266
110044884275
110044884284
110044884293
110044884300
110044884319
110044884328
110044884337
110044884355
110044884364
110044884373
110044884382
110044884391
110044884408
110044884417
110044884426
110044884435
110044884444
110044884453
110044884462
110044884471
110044884480
110044884499
110044884505
110044884514
110044884523
110044884532
110044884541
110044884550
110044884569
110044884578
110044884587
110044884596
110044884603
110044884621
110044884630
110044884649
110044884658
110044884667
110044884676
110044884685
110044884694
110044884701
110044884710
110044884729
110044884738
110044884747
110044884756
110044884765
110044884774
110044884783
110044884792
110044884809
110044884827
110044884836
110044884845
110044884854
110044884863
110044884872
110044884881
110044884890
110044884925
110044884934
110044884943
110044884952
110044884961
110044884989
110044885005
110044885014
110044885023
110044885032
110044885041
110044885050
110044885069
110044885078
110044885096
110044885112
110044885121
110044885130
110044885149
110044885158
110044885167
110044885176
110044885185
110044885194
110044885210
110044885229
110044885238
110044885247
110044885256
110044885265
110044885274
110044885283
110044885292
110044885309
110044885318
110044885327
110044885336
110044885345
110044885354
110044885363
110044885390
110044885416
110044885425
110044885434
110044885443
110044885452
110044885461
110044885470
110044885489
110044885498
110044885504
110044885513
110044885522
110044885531
110044885540
110044885559
110044885577
110044885586
110044885595
110044885602
110044885611
110044885620
110044885639
110044885648
110044885657
110044885666
110044885675
110044885684
110044885693
110044885700
110044885719
110044885728
110044885737
110044885746
110044885755
110044885764
110044885773
110044885791
110044885808
110044885817
110044885826
110044885835
110044885844
110044885853
110044885862
110044885871
110044885880
110044885899
110044885906
110044885915
110044885951
110044885988
110044885997
110044886004
110044886013
110044886031
110044886040
110044886059
110044886068
110044886077
110044886086
110044886095
110044886111
110044886120
110044886139
110044886148
110044886157
110044886175
110044886184
110044886193
110044886200
110044886219
110044886228
110044886237
110044886246
110044886255
110044886264
110044886273
110044886282
110044886291
110044886308
110044886317
110044886326
110044886335
110044886344
110044886362
110044886371
110044886380
110044886399
110044886406
110044886415
110044886424
110044886433
110044886442
110044886451
110044886460
110044886479
110044886488
110044886497
110044886503
110044886512
110044886521
110044886530
110044886549
110044886567
110044886576
110044886585
110044886594
110044886601
110044886610
110044886629
110044886638
110044886647
110044886656
110044886665
110044886674
110044886683
110044886709
110044886718
110044886727
110044886932
110044886941
110044886950
110044886969
110044886978
110044886987
110044886996
110044887003
110044887012
110044887021
