110044887030
110044887049
110044887058
110044887067
110044887076
110044887094
110044887101
110044887110
110044887129
110044887138
110044887147
110044887156
110044887165
110044887174
110044887183
110044887192
110044887209
110044887218
110044887227
110044887236
110044887245
110044887307
110044887316
110044887325
110044887334
110044887343
110044887352
110044887389
110044887398
110044887432
110044887469
110044887496
110044887566
110044887575
110044887584
110044887593
110044887600
110044887619
110044887628
110044887637
110044887646
110044887664
110044887673
110044887682
110044887691
110044887708
110044887717
110044887726
110044887735
110044887744
110044887753
110044887762
110044887771
110044887799
110044887806
110044887815
110044887824
110044887833
110044887842
110044887851
110044887860
110044887879
110044887888
110044887904
110044887913
110044887940
110044887986
110044887995
110044888002
110044888011
110044888128
110044888146
110044888155
110044888164
110044888173
110044888182
110044888191
110044888208
110044888217
110044888226
110044888235
110044888244
110044888253
110044888262
110044888271
110044888280
110044888299
110044888306
110044888315
110044888324
110044888333
110044888342
110044888351
110044888360
110044888388
110044888397
110044888645
110044888654
110044888663
110044888672
110044888681
110044888690
110044888707
110044888716
110044888725
110044888743
110044888752
110044888770
110044888789
110044888798
110044888805
110044888814
110044888823
110044888832
110044888850
110044888869
110044889350
110044889369
110044889378
110044889387
110044889396
110044889403
110044889412
110044889421
110044889430
110044889449
110044889458
110044889467
110044889662
110044889671
110044889680
110044889699
110044889706
110044889715
110044889724
110044889733
110044889742
110044889760
110044889779
110044889788
110044889797
110044889804
110044889813
110044889831
110044889840
110044889859
110044889868
110044889877
110044889886
110044889895
110044889902
110044890115
110044890133
110044890197
110044890204
110044890213
110044890240
110044890268
110044890277
110044890286
110044890295
110044890302
110044890311
110044890320
110044890339
110044890348
110044890357
110044890366
110044890384
110044890393
110044890400
110044890419
110044890428
110044890437
110044890446
110044890730
110044890749
110044890758
110044890767
110044890776
110044890785
110044890794
110044890801
110044890810
110044890829
110044890838
110044890847
110044890856
110044890865
110044890874
110044890883
110044890892
110044890909
110044890918
110044891141
110044891187
110044891212
110044891551
110044891588
110044891597
110044891604
110044891613
110044891622
110044891631
110044891640
110044891659
110044891668
110044891677
110044891695
110044891702
110044891720
110044891739
110044891748
110044891757
110044891766
110044891775
110044891784
110044891793
110044891800
110044891846
110044891855
110044891864
110044891873
110044891882
110044891891
110044891908
110044891917
110044891926
110044891935
110044892051
110044892060
110044892079
110044892088
110044892097
110044892104
110044892113
110044892122
110044892131
110044892140
110044892159
110044892168
110044892177
110044892186
110044892195
110044892211
110044892220
110044892239
110044892248
110044892257
110044892266
110044892275
110044892284
110044892293
110044892300
110044892630
110044892649
110044892658
110044892667
110044892676
110044892685
110044892694
110044892710
110044892729
110044892738
110044892747
110044892765
110044892774
110044892783
110044892792
110044892809
110044892818
110044893014
110044893112
110044893121
110044893130
110044893149
110044893158
110044893265
110044893274
110044893283
110044893292
110044893309
110044893318
110044893327
110044893336
110044893345
110044893354
110044893363
110044893372
110044893381
110044893390
110044893407
110044893416
110044893425
110044893434
110044893443
110044893452
110044893568
110044893577
110044893586
110044893595
110044893602
110044893611
110044893620
110044893639
110044893648
110044893657
110044893666
110044893684
110044893693
110044893700
110044893719
110044893728
110044893737
110044893746
110044893755
110044893764
110044893773
110044893782
110044893791
110044893808
110044893817
110044893826
110044893835
110044893844
110044893951
110044893960
110044893979
110044893988
110044893997
110044894004
110044894022
110044894665
110044894674
110044894683
110044894692
110044894709
110044894718
110044894727
110044894736
110044894745
110044894754
110044894763
110044894772
110044895389
110044895398
110044895628
110044895637
110044895646
110044895655
110044895664
110044895673
110044895682
110044895691
110044895708
110044895717
110044895726
110044895735
110044895744
110044895753
110044895762
110044895771
110044895780
110044895799
110044895806
110044895815
110044895824
110044895833
110044895842
110044896805
110044896814
110044896823
110044896832
110044896841
110044896850
110044896869
110044896878
110044896887
110044896896
110044896903
110044896912
110044896921
110044896930
110044896949
110044896958
110044896967
110044897458
110044897476
110044897485
110044897494
110044897500
110044897519
110044897528
110044897537
110044897555
110044897564
110044897573
110044897582
110044897591
110044897608
110044897617
110044897626
110044897635
110044897644
110044898162
110044898171
110044898180
110044898199
110044898206
110044898215
110044898224
110044898233
110044898242
110044898251
110044898260
110044898279
110044898288
110044898297
110044898313
110044898322
110044898331
110044898340
110044898359
110044898368
110044898377
110044898386
110044898402
110044898411
110044898420
110044898439
110044898448
110044898457
110044898466
110044898475
110044898484
110044898493
110044899349
110044899358
110044899367
110044899376
110044899385
110044899394
110044899401
110044899410
110044899429
110044899438
110044899786
110044899795
110044899802
110044899811
110044899820
110044899839
110044899848
110044899982
110044899991
110044900006
110044900024
110044900033
110044900042
110044900051
110044900060
110044900079
110044900088
110044900104
110044900113
110044900122
110044900140
110044900159
110044900168
110044900177
110044900186
110044900195
110044900202
110044900211
110044900220
110044900239
110044900248
110044900257
110044900266
110044900275
110044900284
110044900293
110044900701
110044900881
110044900890
110044900907
110044900925
110044900934
110044900943
110044900952
110044900970
110044900989
110044900998
110044901005
110044901014
110044901023
110044901032
110044901041
110044901050
110044901069
110044901087
110044901096
110044901112
110044901121
110044901130
110044901149
110044901158
110044901167
110044901176
110044901185
110044901194
110044901201
110044901210
110044901229
110044901238
110044901247
110044901256
110044901513
110044901522
110044901531
110044901540
110044901559
110044901568
110044901577
110044902914
110044903129
110044903138
110044903147
110044903165
110044904146
110044904155
110044904164
110044904173
110044904191
110044904208
110044904217
110044904235
110044904253
110044904271
110044904280
110044904299
110044904306
110044904315
110044904324
110044905010
110044905029
110044905038
110044905047
110044905056
110044905662
110044916080
110044918211
110044918266
110044921047
110044921065
110044923642
110044925944
110044927906
110044927979
110044929717
110044937058
110044937325
110044938011
110044938431
110044939582
110044940277
110044940295
110044940428
110044940464
110044946896
110044947403
110044949688
110044950292
110044950443
110044950452
110044950461
110044950470
110044950489
110044950498
110044950504
110044950513
110044950522
110044950531
110044950540
110044950568
110044950577
110044950586
110044950595
110044950602
110044950611
110044950639
110044950648
110044950657
110044950808
110044950817
110044950826
110044950835
110044950844
110044950871
110044950880
110044950899
110044950906
110044950915
110044950924
110044950933
110044950942
110044950960
110044950979
110044950988
110044951175
110044951184
110044951193
110044951200
110044951219
110044951228
110044951237
110044951255
110044951264
110044951273
110044951282
110044951317
110044951362
110044951424
110044951442
110044951460
110044951479
110044951488
110044951497
110044951503
110044951512
110044951521
110044951530
110044951549
110044951567
110044951576
110044951594
110044951601
110044951610
110044951638
110044951647
110044951656
110044951665
110044951674
110044951683
110044951692
110044951709
110044951718
110044951727
110044951736
110044951745
110044951763
110044951772
110044951781
110044951790
110044951807
110044951816
110044951825
110044951834
110044951843
110044951852
110044951861
110044951870
110044951889
110044951905
110044951914
110044951932
110044951941
110044951950
110044951969
110044951978
110044951987
110044951996
110044952003
110044952012
110044952021
110044952030
110044952049
110044952058
110044952067
110044952076
110044952094
110044952110
110044952138
110044952147
110044952156
110044952165
110044952174
110044952183
110044952192
110044952209
110044952218
110044952227
110044952236
110044952245
110044952254
110044952263
110044952272
110044952281
110044952290
110044952307
110044952316
110044952398
110044952487
110044952502
110044952511
110044952520
110044952539
110044952548
110044952557
110044952575
110044952584
110044952593
110044952600
110044952646
110044952655
110044952904
110044952913
110044952922
110044952931
110044952940
110044952959
110044952968
110044952977
110044952986
110044952995
110044953137
110044953146
110044953155
110044953164
110044953173
110044953182
110044953191
110044953208
110044953217
110044953226
110044953235
110044953244
110044953253
110044953262
110044953397
110044953404
110044953413
110044953422
110044953431
110044953440
110044953459
110044953468
110044953477
110044953486
110044953495
110044953510
110044953529
110044953538
110044953547
110044953556
110044953565
110044953574
110044953583
110044953609
110044953618
110044953627
110044953636
110044953645
110044953654
110044953663
110044953672
110044953681
110044953690
110044953707
110044953716
110044953725
110044953734
110044953743
110044953752
110044953761
110044953770
110044953789
110044953798
110044953805
110044953814
110044953823
110044953832
110044953841
110044953850
110044953869
110044953878
110044953887
110044953896
110044953903
110044953912
110044953921
110044954109
110044954127
110044954136
110044954145
110044954154
110044954163
110044954172
110044954181
110044954190
110044954207
110044954216
110044954225
110044954234
110044954243
110044954252
110044954270
110044954289
110044954298
110044954305
110044954323
110044954458
110044954467
110044954476
110044954617
110044954644
110044954886
110044954984
110044954993
110044955000
110044955019
110044955028
110044955037
110044955046
110044955082
110044955091
110044955108
110044955126
110044955135
110044955144
110044955153
110044955162
110044955171
110044955180
110044955199
110044955206
110044955215
110044955224
110044955233
110044955242
110044955251
110044955260
110044955279
110044955288
110044955297
110044955304
110044955313
110044955322
110044955331
110044955340
110044955359
110044955368
110044955386
110044955395
110044955402
110044955411
110044955420
110044955439
110044955448
110044955457
110044955466
110044955475
110044955484
110044955493
110044955509
110044955518
110044955536
110044955554
110044955563
110044955572
110044955581
110044955590
110044955607
110044955616
110044955625
110044955634
110044955643
110044955652
110044955661
110044955670
110044955689
110044955698
110044955705
110044955714
110044955723
110044955732
110044955741
110044955769
110044955778
110044955787
110044955796
110044955803
110044955974
110044955983
110044955992
110044956036
110044956045
110044956054
110044956072
110044956081
110044956321
110044956330
110044956349
110044956358
110044956367
110044956376
110044956385
110044956394
110044956401
110044956410
110044956429
110044956438
110044956447
110044956456
110044956465
110044956474
110044956483
110044956492
110044956508
110044956517
110044956660
110044956679
110044956946
110044959943
110044959952
110044959970
110044959989
110044960003
110044960012
110044960021
110044960030
110044960183
110044960414
110044960450
110044960496
110044960502
110044960511
110044960520
110044960548
110044960557
110044960566
110044960575
110044960584
110044960593
110044960628
110044960646
110044960664
110044960673
110044960682
110044960691
110044960708
110044960717
110044960726
110044960735
110044960753
110044963956
110044963992
110044964045
110044964143
110044964170
110044964562
110044964900
110044964955
110044965151
110044967676
110044968504
110044968531
110044968540
110044968755
110044968782
110044968960
110044969326
110044970788
110044970948
110044971000
110044971224
110044971340
110044971670
110044971689
110044971796
110044971812
110044971821
110044971830
110044971885
110044971901
110044971938
110044978049
110044988671
110044988680
110044988742
110044988813
110044988957
110044988993
110044989144
110044992390
110044992489
110044992648
110044992773
110044992862
110044992880
