110044992924
110044992933
110044992942
110044992960
110044993200
110044993228
110044993246
110045005267
110045005579
110045005588
110045005917
110045006159
110045006480
110045006578
110045007050
110045007504
110045008139
110045008148
110045008861
110045008870
110045009496
110045009502
110045009511
110045009520
110045009566
110045009584
110045009655
110045009673
110045009717
110045009735
110045009771
110045009904
110045010000
110045010028
110045010037
110045010046
110045010055
110045010064
110045010162
110045010171
110045010206
110045010215
110045010224
110045010233
110045010821
110045010830
110045010849
110045010858
110045010867
110045010876
110045010885
110045010894
110045010901
110045010929
110045010938
110045011027
110045011036
110045011045
110045011054
110045011063
110045011072
110045011090
110045011170
110045011189
110045011777
110045012017
110045012035
110045012044
110045012053
110045012062
110045012071
110045012080
110045012099
110045012106
110045012115
110045012124
110045012133
110045012142
110045012151
110045012160
110045012179
110045012188
110045012197
110045012204
110045012384
110045012400
110045012605
110045012614
110045012623
110045012632
110045012641
110045012650
110045012669
110045012678
110045012703
110045012776
110045012838
110045012927
110045013043
110045016255
110045016987
110045017263
110045017272
110045017281
110045017290
110045017316
110045017325
110045017343
110045017352
110045017361
110045017370
110045017398
110045017405
110045017414
110045017423
110045017432
110045017441
110045017450
110045017469
110045017487
110045017496
110045017502
110045017511
110045017520
110045017539
110045017548
110045017557
110045017566
110045017575
110045017584
110045017593
110045017600
110045017619
110045017628
110045017637
110045017646
110045017655
110045017664
110045017673
110045017682
110045017691
110045017708
110045017717
110045017726
110045017735
110045017744
110045017753
110045017762
110045017771
110045017780
110045017799
110045017806
110045017815
110045017824
110045017833
110045017842
110045017851
110045017860
110045017879
110045017888
110045017897
110045017904
110045017913
110045017922
110045017931
110045017940
110045017959
110045017968
110045017977
110045017986
110045017995
110045018002
110045018011
110045018020
110045018039
110045018048
110045018057
110045018066
110045018075
110045018084
110045018093
110045018100
110045018119
110045018128
110045018137
110045018146
110045018155
110045018164
110045018173
110045018182
110045018191
110045018208
110045018217
110045018226
110045018235
110045018244
110045018253
110045018262
110045018271
110045018280
110045018299
110045018306
110045018315
110045018324
110045018333
110045018342
110045018351
110045018360
110045018379
110045018388
110045018397
110045018404
110045018413
110045018422
110045018431
110045018440
110045018459
110045018468
110045018477
110045018486
110045018495
110045018501
110045018510
110045018529
110045018538
110045018547
110045018556
110045018565
110045018574
110045018583
110045018592
110045018609
110045018618
110045018636
110045018645
110045018654
110045018663
110045018672
110045018681
110045018690
110045018707
110045018716
110045018725
110045018734
110045018743
110045018752
110045018761
110045018770
110045018789
110045018798
110045018805
110045018814
110045018823
110045018832
110045018841
110045018850
110045018869
110045018878
110045018887
110045018896
110045018903
110045018912
110045018921
110045018930
110045018949
110045018958
110045018967
110045018976
110045018985
110045019001
110045019010
110045019029
110045019038
110045019047
110045019056
110045019065
110045019074
110045019083
110045019092
110045019109
110045019118
110045019127
110045019136
110045019145
110045019154
110045019163
110045019172
110045019181
110045019190
110045019207
110045019216
110045019225
110045019234
110045019243
110045019252
110045019261
110045019270
110045019289
110045019298
110045019305
110045019314
110045019323
110045019332
110045019341
110045019350
110045019369
110045019378
110045019387
110045019396
110045019403
110045019412
110045019421
110045019430
110045019449
110045019458
110045019467
110045019476
110045019485
110045019494
110045019500
110045019519
110045019528
110045019537
110045019546
110045019555
110045019564
110045019573
110045019582
110045019591
110045019608
110045019617
110045019626
110045019635
110045019644
110045019653
110045019671
110045019680
110045019699
110045019706
110045019715
110045019724
110045019733
110045019742
110045019751
110045019760
110045019779
110045019788
110045019804
110045019813
110045019822
110045019831
110045019840
110045019859
110045019868
110045019877
110045019886
110045019895
110045019902
110045019911
110045019920
110045019939
110045019948
110045019957
110045019966
110045019975
110045019984
110045019993
110045020008
110045020017
110045020026
110045020035
110045020044
110045020053
110045020062
110045020071
110045020080
110045020099
110045020106
110045020115
110045020124
110045020133
110045020142
110045020151
110045020160
110045020179
110045020188
110045020197
110045020204
110045020213
110045020222
110045020231
110045020240
110045020259
110045020268
110045020277
110045020295
110045020302
110045020311
110045020320
110045020339
110045020348
110045020357
110045020366
110045020375
110045020384
110045020393
110045020400
110045020419
110045020428
110045020437
110045020446
110045020455
110045020473
110045020482
110045020491
110045020507
110045020516
110045020525
110045020534
110045020543
110045020552
110045020561
110045020570
110045020589
110045020598
110045020605
110045020614
110045020623
110045020632
110045020641
110045020650
110045020669
110045020678
110045020687
110045020696
110045020703
110045020712
110045020721
110045020730
110045020749
110045020767
110045020776
110045020785
110045020794
110045020801
110045020829
110045020838
110045020847
110045020856
110045020865
110045020874
110045020883
110045020892
110045020909
110045020918
110045020927
110045020936
110045020945
110045020954
110045020963
110045020972
110045020981
110045020990
110045021007
110045021016
110045021025
110045021034
110045021043
110045021052
110045021061
110045021070
110045021089
110045021098
110045021105
110045021114
110045021123
110045021141
110045021150
110045021169
110045021178
110045021187
110045021196
110045021203
110045021212
110045021221
110045021230
110045021249
110045021258
110045021267
110045021276
110045021285
110045021294
110045021301
110045021310
110045021329
110045021338
110045021347
110045021356
110045021365
110045021374
110045021383
110045021392
110045021409
110045021418
110045021427
110045021436
110045021445
110045021454
110045021463
110045021472
110045021481
110045021490
110045021506
110045021515
110045021524
110045021533
110045021542
110045021551
110045021560
110045021579
110045021588
110045021597
110045021604
110045021613
110045021622
110045021631
110045021640
110045021659
110045021668
110045021677
110045021686
110045021695
110045021702
110045021711
110045021720
110045021739
110045021748
110045021757
110045021766
110045021775
110045021784
110045021793
110045021800
110045021819
110045021837
110045021846
110045021855
110045021864
110045021873
110045021882
110045021891
110045021908
110045021917
110045021926
110045021935
110045021944
110045021962
110045021971
110045021980
110045021999
110045022015
110045022024
110045022033
110045022042
110045022051
110045022060
110045022079
110045022088
110045022097
110045022104
110045022113
110045022122
110045022131
110045022140
110045022159
110045022168
110045022177
110045022195
110045022211
110045022220
110045022239
110045022248
110045022257
110045022266
110045022275
110045022284
110045022293
110045022300
110045022328
110045022337
110045022346
110045022355
110045022364
110045022373
110045022382
110045022391
110045022408
110045022426
110045022435
110045022444
110045022462
110045022471
110045022480
110045022499
110045022505
110045022514
110045022523
110045022532
110045022541
110045022550
110045022569
110045022578
110045022587
110045022596
110045022603
110045022612
110045022621
110045022630
110045022649
110045022658
110045022667
110045022676
110045022685
110045022694
110045022701
110045022710
110045022729
110045022747
110045022756
110045022765
110045022774
110045022783
110045022792
110045022809
110045022818
110045022827
110045022836
110045022845
110045022854
110045022863
110045022872
110045022881
110045022890
110045022907
110045022916
110045022925
110045022934
110045022943
110045022952
110045022961
110045022970
110045022989
110045022998
110045023005
110045023014
110045023023
110045023032
110045023041
110045023050
110045023069
110045023078
110045023087
110045023096
110045023103
110045023112
110045023121
110045023130
110045023149
110045023158
110045023167
110045023176
110045023185
110045023194
110045023201
110045023210
110045023229
110045023238
110045023247
110045023256
110045023265
110045023274
110045023283
110045023292
110045023309
110045023318
110045023327
110045023336
110045023345
110045023354
110045023363
110045023372
110045023381
110045023390
110045023407
110045023416
110045023425
110045023452
110045023461
110045023470
110045023498
110045023504
110045023513
110045023522
110045023531
110045023540
110045023559
110045023568
110045023577
110045023586
110045023595
110045023602
110045023611
110045023620
110045023639
110045023648
110045023657
110045023666
110045023675
110045023684
110045023693
110045023700
110045023719
110045023728
110045023737
110045023746
110045023755
110045023764
110045023773
110045023808
110045023835
110045023844
110045023871
110045023899
110045023906
110045023915
110045023924
110045023933
110045023942
110045023951
110045023960
110045023979
110045023988
110045023997
110045024004
110045024013
110045024022
110045024031
110045024040
110045024059
110045024068
110045024077
110045024086
110045024095
110045024102
110045024111
110045024120
110045024139
110045024148
110045024157
110045024166
110045024175
110045024184
110045024193
110045024200
110045024219
110045024228
110045024237
110045024246
110045024255
110045024264
110045024273
110045024282
110045024291
110045024308
110045024317
110045024326
110045024335
110045024344
110045024353
110045024362
110045024371
110045024380
110045024399
110045024406
110045024415
110045024424
110045024433
110045024442
110045024451
110045024460
110045024479
110045024488
110045024497
110045024503
110045024512
110045024521
110045024530
110045024549
110045024558
110045024576
110045024585
110045024594
110045024601
110045024610
110045024638
110045024647
110045024665
110045024674
110045024683
110045024692
110045024709
110045024718
110045024727
110045024745
110045024754
110045024763
110045024772
110045024781
110045024790
110045024807
110045024816
110045024825
110045024834
110045024843
110045024852
110045024861
110045024870
110045024889
110045024914
110045024923
110045024932
110045024941
110045024969
110045024978
110045024987
110045024996
110045025003
110045025012
110045025021
110045025030
110045025049
110045025058
110045025067
110045025076
110045025085
110045025101
110045025110
110045025129
110045025138
110045025147
110045025156
110045025165
110045025174
110045025183
110045025192
110045025209
110045025218
110045025236
110045025245
110045025254
110045025263
110045025290
110045025307
110045025316
110045025334
110045025352
110045025361
110045025398
110045025405
110045025414
110045025423
110045025432
110045025441
110045025450
110045025469
110045025478
110045025487
110045025502
110045025511
110045025539
110045025557
110045025566
110045025575
110045025584
110045025593
110045025600
110045025619
110045025628
110045025637
110045025646
110045025655
110045025673
110045025682
110045025691
110045025708
110045025717
110045025726
110045025735
110045025753
110045025762
110045025771
110045025780
110045025799
110045025806
110045025815
110045025833
110045025842
110045025851
110045025860
110045025879
110045025888
110045025897
110045025904
110045025931
110045025940
110045025959
110045025968
110045025977
110045025986
110045025995
110045026002
110045026011
110045026020
110045026039
110045026048
110045026057
110045026066
110045026075
110045026084
110045026093
110045026100
110045026119
110045026128
110045026137
110045026146
110045026155
110045026164
110045026173
110045026182
110045026191
110045026208
110045026217
110045026226
110045026235
110045026244
110045026253
110045026262
110045026271
110045026280
110045026299
110045026306
110045026315
110045026324
110045026333
110045026342
110045026351
110045026360
110045026379
110045026388
110045026397
110045026404
110045026413
110045026422
110045026431
110045026440
110045026459
110045026468
110045026477
110045026486
110045026495
110045026501
110045026510
110045026529
110045026538
110045026547
110045026556
110045026565
110045026583
110045026609
110045026618
110045026627
110045026645
110045026654
110045026663
110045026672
110045026681
110045026690
110045026716
110045026725
110045026734
110045026743
110045026770
110045026789
110045026798
110045026805
110045026814
110045026823
110045026832
110045026841
110045026850
