110045026869
110045026878
110045026887
110045026896
110045026903
110045026921
110045026930
110045026949
110045026958
110045026967
110045026976
110045026985
110045026994
110045027001
110045027010
110045027029
110045027038
110045027047
110045027056
110045027065
110045027074
110045027083
110045027092
110045027109
110045027118
110045027127
110045027136
110045027145
110045027154
110045027163
110045027172
110045027181
110045027190
110045027207
110045027216
110045027225
110045027234
110045027243
110045027252
110045027261
110045027270
110045027289
110045027298
110045027305
110045027314
110045027323
110045027332
110045027341
110045027350
110045027369
110045027378
110045027387
110045027396
110045027403
110045027412
110045027430
110045027449
110045027458
110045027467
110045027485
110045027494
110045027500
110045027519
110045027528
110045027537
110045027546
110045027555
110045027564
110045027573
110045027582
110045027591
110045027608
110045027617
110045027626
110045027635
110045027644
110045027653
110045027662
110045027671
110045027680
110045027699
110045027706
110045027715
110045027724
110045027733
110045027742
110045027751
110045027760
110045027779
110045027788
110045027797
110045027804
110045027813
110045027822
110045027831
110045027840
110045027859
110045027868
110045027877
110045027886
110045027895
110045027902
110045027911
110045027920
110045027939
110045027948
110045027957
110045027966
110045027975
110045028000
110045028019
110045028028
110045028037
110045028046
110045028055
110045028064
110045028073
110045028082
110045028091
110045028108
110045028117
110045028126
110045028135
110045028144
110045028153
110045028162
110045028171
110045028180
110045028199
110045028206
110045028215
110045028233
110045028242
110045028251
110045028260
110045028279
110045028288
110045028297
110045028304
110045028313
110045028322
110045028331
110045028340
110045028359
110045028368
110045028377
110045028386
110045028395
110045028402
110045028411
110045028420
110045028439
110045028448
110045028457
110045028466
110045028475
110045028484
110045028493
110045028518
110045028527
110045028536
110045028545
110045028554
110045028563
110045028572
110045028581
110045028590
110045028607
110045028616
110045028625
110045028634
110045028643
110045028652
110045028661
110045028670
110045028689
110045028698
110045028705
110045028714
110045028723
110045028732
110045028741
110045028750
110045028769
110045028778
110045028787
110045028796
110045028803
110045028812
110045028821
110045028830
110045028849
110045028858
110045028867
110045028876
110045028885
110045028894
110045028901
110045028910
110045028929
110045028938
110045028947
110045028956
110045028965
110045028974
110045028983
110045028992
110045029009
110045029018
110045029027
110045029036
110045029045
110045029054
110045029063
110045029072
110045029081
110045029090
110045029107
110045029116
110045029125
110045029134
110045029152
110045029161
110045029170
110045029189
110045029198
110045029205
110045029214
110045029223
110045029232
110045029241
110045029250
110045029278
110045029287
110045029296
110045029303
110045029312
110045029321
110045029330
110045029349
110045029358
110045029367
110045029376
110045029385
110045029394
110045029401
110045029410
110045029429
110045029438
110045029447
110045029456
110045029465
110045029474
110045029483
110045029508
110045029517
110045029526
110045029535
110045029544
110045029553
110045029562
110045029571
110045029599
110045029606
110045029615
110045029624
110045029633
110045029642
110045029651
110045029660
110045029679
110045029688
110045029697
110045029713
110045029722
110045029731
110045029768
110045029777
110045029795
110045029802
110045029811
110045029820
110045029839
110045029848
110045029857
110045029866
110045029875
110045029884
110045029893
110045029919
110045029928
110045029937
110045029982
110045029991
110045030006
110045030015
110045030033
110045030042
110045030051
110045030060
110045030079
110045030088
110045030097
110045030104
110045030113
110045030122
110045030131
110045030140
110045030159
110045030168
110045030177
110045030186
110045030195
110045030202
110045030211
110045030220
110045030239
110045030248
110045030257
110045030266
110045030275
110045030284
110045030293
110045030300
110045030319
110045030337
110045030346
110045030355
110045030373
110045030382
110045030391
110045030417
110045030426
110045030435
110045030453
110045030462
110045030471
110045030480
110045030499
110045030505
110045030514
110045030532
110045030541
110045030550
110045030578
110045030587
110045030596
110045030603
110045030612
110045030621
110045030630
110045030649
110045030658
110045030667
110045030676
110045030685
110045030694
110045030701
110045030710
110045030729
110045030738
110045030747
110045030756
110045030765
110045030783
110045030792
110045030809
110045030818
110045030827
110045030836
110045030845
110045030854
110045030863
110045030872
110045030881
110045030890
110045030907
110045030916
110045030925
110045030934
110045030943
110045030952
110045030961
110045030970
110045030989
110045030998
110045031005
110045031014
110045031023
110045031032
110045031041
110045031050
110045031069
110045031078
110045031087
110045031096
110045031103
110045031130
110045031149
110045031158
110045031167
110045031176
110045031185
110045031201
110045031210
110045031238
110045031247
110045031256
110045031265
110045031274
110045031283
110045031292
110045031309
110045031318
110045031327
110045031336
110045031345
110045031354
110045031363
110045031372
110045031381
110045031390
110045031407
110045031416
110045031425
110045031434
110045031443
110045031452
110045031461
110045031470
110045031489
110045031498
110045031504
110045031513
110045031522
110045031531
110045031540
110045031559
110045031568
110045031577
110045031586
110045031595
110045031602
110045031611
110045031639
110045031648
110045031657
110045031666
110045031675
110045031684
110045031693
110045031700
110045031719
110045031728
110045031737
110045031746
110045031755
110045031764
110045031773
110045031782
110045031791
110045031808
110045031817
110045031826
110045031835
110045031844
110045031862
110045031871
110045031880
110045031899
110045031906
110045031915
110045031924
110045031933
110045031942
110045031951
110045031960
110045031979
110045031988
110045031997
110045032004
110045032022
110045032031
110045032040
110045032059
110045032068
110045032077
110045032086
110045032095
110045032102
110045032111
110045032120
110045032148
110045032157
110045032166
110045032175
110045032193
110045032200
110045032219
110045032228
110045032237
110045032246
110045032264
110045032273
110045032282
110045032291
110045032308
110045032317
110045032326
110045032335
110045032344
110045032353
110045032362
110045032371
110045032380
110045032399
110045032406
110045032415
110045032424
110045032433
110045032442
110045032451
110045032460
110045032479
110045032488
110045032497
110045032503
110045032512
110045032521
110045032530
110045032549
110045032558
110045032567
110045032576
110045032585
110045032601
110045032610
110045032629
110045032638
110045032647
110045032656
110045032674
110045032683
110045032692
110045032709
110045032718
110045032727
110045032736
110045032745
110045032754
110045032763
110045032772
110045032781
110045032790
110045032807
110045032816
110045032825
110045032843
110045032852
110045032861
110045032870
110045032889
110045032898
110045032905
110045032914
110045032923
110045032932
110045032941
110045032950
110045032969
110045032978
110045032987
110045032996
110045033003
110045033012
110045033021
110045033030
110045033049
110045033058
110045033067
110045033076
110045033085
110045033094
110045033101
110045033110
110045033129
110045033138
110045033147
110045033156
110045033165
110045033174
110045033183
110045033192
110045033209
110045033218
110045033227
110045033236
110045033245
110045033254
110045033263
110045033272
110045033281
110045033307
110045033316
110045033325
110045033334
110045033343
110045033352
110045033361
110045033370
110045033389
110045033398
110045033405
110045033414
110045033423
110045033432
110045033441
110045033450
110045033469
110045033478
110045033487
110045033496
110045033511
110045033520
110045033548
110045033566
110045033575
110045033584
110045033593
110045033600
110045033619
110045033628
110045033637
110045033646
110045033655
110045033664
110045033673
110045033682
110045033691
110045033708
110045033717
110045033726
110045033735
110045033762
110045033771
110045033780
110045033799
110045033806
110045033815
110045033824
110045033833
110045033842
110045033851
110045033860
110045033879
110045033888
110045033897
110045033913
110045033922
110045033940
110045033959
110045033986
110045033995
110045034011
110045034020
110045034048
110045034057
110045034066
110045034084
110045034093
110045034100
110045034119
110045034128
110045034137
110045034146
110045034155
110045034164
110045034173
110045034191
110045034208
110045034217
110045034226
110045034235
110045034244
110045034253
110045034262
110045034299
110045034306
110045034315
110045034324
110045034333
110045034342
110045034351
110045034360
110045034379
110045034388
110045034397
110045034404
110045034413
110045034422
110045034431
110045034440
110045034468
110045034477
110045034486
110045034495
110045034501
110045034529
110045034538
110045034547
110045034556
110045034565
110045034574
110045034583
110045034592
110045034609
110045034618
110045034627
110045034636
110045034645
110045034654
110045034663
110045034672
110045034681
110045034690
110045034707
110045034716
110045034725
110045034734
110045034743
110045034752
110045034770
110045034789
110045034805
110045034823
110045034832
110045034841
110045034850
110045034869
110045034878
110045034887
110045034896
110045034903
110045034912
110045034921
110045034930
110045034949
110045034958
110045034967
110045034976
110045034985
110045034994
110045035001
110045035010
110045035038
110045035047
110045035056
110045035065
110045035074
110045035083
110045035092
110045035109
110045035118
110045035127
110045035136
110045035145
110045035154
110045035163
110045035172
110045035181
110045035190
110045035207
110045035216
110045035225
110045035234
110045035243
110045035252
110045035261
110045035270
110045035289
110045035298
110045035305
110045035314
110045035332
110045035341
110045035350
110045035369
110045035378
110045035387
110045035396
110045035403
110045035412
110045035421
110045035430
110045035449
110045035458
110045035467
110045035476
110045035494
110045035500
110045035519
110045035528
110045035537
110045035546
110045035582
110045035591
110045035608
110045035635
110045035644
110045035653
110045035662
110045035671
110045035680
110045035706
110045035715
110045035724
110045035733
110045035742
110045035751
110045035760
110045035779
110045035788
110045035797
110045035804
110045035813
110045035822
110045035840
110045035859
110045035868
110045035877
110045035886
110045035895
110045035902
110045035911
110045035920
110045035939
110045035948
110045035957
110045035966
110045035975
110045035984
110045035993
110045036000
110045036019
110045036028
110045036037
110045036046
110045036055
110045036064
110045036073
110045036082
110045036091
110045036108
110045036117
110045036126
110045036135
110045036144
110045036162
110045036171
110045036180
110045036199
110045036206
110045036215
110045036224
110045036233
110045036242
110045036251
110045036260
110045036288
110045036297
110045036304
110045036313
110045036322
110045036331
110045036340
110045036359
110045036368
110045036377
110045036386
110045036395
110045036402
110045036411
110045036420
110045036439
110045036448
110045036457
110045036466
110045036475
110045036484
110045036493
110045036509
110045036518
110045036527
110045036536
110045036545
110045036554
110045036563
110045036572
110045036581
110045036590
110045036607
110045036616
110045036625
110045036634
110045036643
110045036652
110045036661
110045036670
110045036689
110045036698
110045036705
110045036714
110045036723
110045036741
110045036750
110045036778
110045036787
110045036796
110045036803
110045036812
110045036821
110045036830
110045036849
110045036858
110045036867
110045036876
110045036885
110045036894
110045036901
110045036910
110045036929
110045036938
110045036947
110045036956
110045036974
110045036983
110045036992
110045037009
110045037018
110045037027
110045037036
110045037045
110045037054
110045037063
110045037072
110045037081
110045037090
110045037107
110045037116
110045037125
110045037134
110045037152
110045037161
110045037170
110045037189
110045037198
110045037205
110045037214
110045037223
110045037232
110045037241
110045037250
110045037269
110045037278
110045037287
110045037296
110045037303
110045037312
110045037321
110045037330
110045037349
110045037367
110045037385
110045037394
110045037401
110045037410
110045037438
110045037447
110045037456
110045037465
110045037474
110045037483
110045037492
110045037508
110045037517
110045037526
110045037535
110045037544
110045037553
110045037562
110045037580
110045037599
110045037606
110045037615
110045037624
110045037633
110045037642
110045037651
110045037660
110045037679
