110045037697
110045037704
110045037713
110045037722
110045037731
110045037740
110045037759
110045037768
110045037777
110045037786
110045037795
110045037802
110045037811
110045037820
110045037839
110045037848
110045037857
110045037866
110045037875
110045037884
110045037893
110045037900
110045037919
110045037928
110045037937
110045037955
110045037964
110045037973
110045037982
110045037991
110045038008
110045038017
110045038026
110045038035
110045038044
110045038071
110045038080
110045038099
110045038106
110045038115
110045038124
110045038133
110045038142
110045038151
110045038160
110045038179
110045038188
110045038197
110045038204
110045038213
110045038222
110045038231
110045038240
110045038259
110045038277
110045038286
110045038295
110045038302
110045038311
110045038320
110045038339
110045038348
110045038357
110045038366
110045038375
110045038384
110045038393
110045038400
110045038419
110045038428
110045038437
110045038446
110045038455
110045038464
110045038473
110045038482
110045038491
110045038525
110045038543
110045038552
110045038589
110045038598
110045038605
110045038623
110045038632
110045038669
110045038678
110045038703
110045038712
110045038721
110045038749
110045038758
110045038767
110045038776
110045038794
110045038801
110045038810
110045038829
110045038838
110045038847
110045038856
110045038865
110045038874
110045038883
110045038892
110045038909
110045038918
110045038927
110045038936
110045038954
110045038963
110045038972
110045038981
110045038990
110045039007
110045039016
110045039025
110045039034
110045039043
110045039052
110045039061
110045039070
110045039089
110045039105
110045039123
110045039132
110045039141
110045039150
110045039169
110045039178
110045039187
110045039196
110045039203
110045039212
110045039221
110045039230
110045039249
110045039258
110045039267
110045039285
110045039294
110045039301
110045039310
110045039329
110045039338
110045039347
110045039356
110045039365
110045039374
110045039383
110045039392
110045039409
110045039418
110045039427
110045039436
110045039454
110045039463
110045039472
110045039481
110045039490
110045039506
110045039515
110045039524
110045039533
110045039542
110045039551
110045039560
110045039579
110045039604
110045039613
110045039622
110045039631
110045039640
110045039659
110045039668
110045039686
110045039695
110045039702
110045039711
110045039739
110045039748
110045039757
110045039766
110045039775
110045039784
110045039793
110045039800
110045039819
110045039837
110045039846
110045039855
110045039864
110045039873
110045039882
110045039891
110045039908
110045039917
110045039926
110045039935
110045039944
110045039953
110045039962
110045039971
110045039980
110045039999
110045040004
110045040013
110045040022
110045040031
110045040040
110045040077
110045040086
110045040095
110045040102
110045040120
110045040139
110045040148
110045040157
110045040166
110045040175
110045040184
110045040193
110045040219
110045040228
110045040246
110045040255
110045040264
110045040273
110045040282
110045040291
110045040308
110045040317
110045040326
110045040335
110045040344
110045040353
110045040362
110045040371
110045040380
110045040399
110045040406
110045040415
110045040424
110045040433
110045040442
110045040451
110045040479
110045040488
110045040497
110045040503
110045040512
110045040521
110045040530
110045040549
110045040558
110045040567
110045040576
110045040585
110045040594
110045040601
110045040610
110045040629
110045040638
110045040647
110045040656
110045040665
110045040674
110045040683
110045040692
110045040709
110045040718
110045040727
110045040736
110045040745
110045040754
110045040763
110045040772
110045040781
110045040790
110045040807
110045040843
110045040852
110045040861
110045040870
110045040889
110045040898
110045040905
110045040914
110045040923
110045040932
110045040941
110045040950
110045040969
110045040978
110045040987
110045040996
110045041003
110045041012
110045041021
110045041030
110045041049
110045041058
110045041067
110045041076
110045041085
110045041094
110045041101
110045041110
110045041129
110045041138
110045041147
110045041156
110045041165
110045041174
110045041183
110045041192
110045041209
110045041218
110045041227
110045041236
110045041245
110045041254
110045041263
110045041272
110045041281
110045041290
110045041307
110045041316
110045041325
110045041334
110045041343
110045041352
110045041361
110045041370
110045041389
110045041398
110045041405
110045041414
110045041423
110045041432
110045041441
110045041450
110045041469
110045041478
110045041487
110045041496
110045041502
110045041511
110045041520
110045041539
110045041548
110045041557
110045041566
110045041575
110045041584
110045041593
110045041600
110045041619
110045041628
110045041637
110045041646
110045041655
110045041664
110045041673
110045041682
110045041708
110045041717
110045041726
110045041735
110045041744
110045041753
110045041762
110045041780
110045041799
110045041806
110045041815
110045041833
110045041842
110045041851
110045041860
110045041879
110045041888
110045041897
110045041904
110045041913
110045041922
110045041931
110045041940
110045041959
110045041968
110045041977
110045041986
110045041995
110045042011
110045042039
110045042048
110045042057
110045042066
110045042075
110045042084
110045042093
110045042100
110045042119
110045042128
110045042137
110045042146
110045042155
110045042164
110045042173
110045042182
110045042191
110045042208
110045042217
110045042226
110045042235
110045042244
110045042253
110045042262
110045042271
110045042280
110045042299
110045042306
110045042315
110045042324
110045042333
110045042342
110045042351
110045042360
110045042379
110045042388
110045042397
110045042404
110045042413
110045042422
110045042431
110045042440
110045042459
110045042468
110045042477
110045042486
110045042495
110045042501
110045042510
110045042529
110045042538
110045042547
110045042565
110045042583
110045042592
110045042609
110045042618
110045042627
110045042636
110045042645
110045042654
110045042663
110045042672
110045042681
110045042690
110045042716
110045042725
110045042734
110045042743
110045042752
110045042761
110045042770
110045042789
110045042798
110045042805
110045042814
110045042823
110045042832
110045042841
110045042850
110045042869
110045042878
110045042887
110045042896
110045042903
110045042912
110045042921
110045042949
110045042958
110045042967
110045042976
110045042985
110045042994
110045043010
110045043029
110045043047
110045043056
110045043065
110045043074
110045043083
110045043092
110045043109
110045043118
110045043127
110045043136
110045043145
110045043154
110045043163
110045043172
110045043181
110045043190
110045043207
110045043216
110045043225
110045043234
110045043243
110045043252
110045043261
110045043270
110045043289
110045043298
110045043305
110045043314
110045043323
110045043332
110045043341
110045043350
110045043369
110045043378
110045043387
110045043396
110045043403
110045043412
110045043421
110045043430
110045043449
110045043458
110045043467
110045043476
110045043485
110045043494
110045043500
110045043519
110045043528
110045043537
110045043546
110045043555
110045043564
110045043573
110045043582
110045043591
110045043608
110045043617
110045043626
110045043635
110045043644
110045043653
110045043662
110045043671
110045043699
110045043706
110045043715
110045043724
110045043733
110045043742
110045043751
110045043760
110045043779
110045043788
110045043797
110045043804
110045043813
110045043822
110045043840
110045043859
110045043868
110045043877
110045043886
110045043895
110045043902
110045043911
110045043920
110045043939
110045043948
110045043957
110045043966
110045043975
110045043984
110045044000
110045044019
110045044028
110045044037
110045044046
110045044055
110045044064
110045044073
110045044082
110045044091
110045044108
110045044117
110045044126
110045044135
110045044144
110045044153
110045044162
110045044171
110045044180
110045044199
110045044206
110045044215
110045044224
110045044233
110045044242
110045044251
110045044260
110045044279
110045044288
110045044297
110045044304
110045044313
110045044322
110045044331
110045044340
110045044368
110045044377
110045044386
110045044395
110045044402
110045044420
110045044439
110045044448
110045044457
110045044466
110045044475
110045044484
110045044493
110045044509
110045044518
110045044536
110045044545
110045044554
110045044563
110045044572
110045044581
110045044590
110045044607
110045044616
110045044625
110045044634
110045044643
110045044652
110045044661
110045044670
110045044698
110045044705
110045044714
110045044723
110045044732
110045044741
110045044750
110045044769
110045044778
110045044787
110045044796
110045044803
110045044821
110045044830
110045044849
110045044858
110045044867
110045044876
110045044885
110045044894
110045044901
110045044929
110045044938
110045044947
110045044956
110045044965
110045044974
110045044983
110045044992
110045045009
110045045018
110045045027
110045045036
110045045045
110045045054
110045045063
110045045072
110045045090
110045045107
110045045116
110045045125
110045045134
110045045143
110045045152
110045045161
110045045170
110045045189
110045045198
110045045205
110045045214
110045045223
110045045232
110045045241
110045045250
110045045269
110045045278
110045045287
110045045296
110045045303
110045045358
110045045367
110045045376
110045045385
110045045394
110045045401
110045045410
110045045429
110045045438
110045045456
110045045474
110045045483
110045045492
110045045508
110045045517
110045045526
110045045535
110045045544
110045045553
110045045562
110045045571
110045045580
110045045599
110045045606
110045045615
110045045624
110045045633
110045045642
110045045651
110045045660
110045045688
110045045697
110045045704
110045045713
110045045722
110045045731
110045045740
110045045759
110045045768
110045045777
110045045786
110045045795
110045045802
110045045811
110045045820
110045045839
110045045848
110045045857
110045045866
110045045875
110045045884
110045045893
110045045900
110045045919
110045045928
110045045946
110045045955
110045045964
110045045973
110045045982
110045045991
110045046008
110045046017
110045046026
110045046035
110045046044
110045046053
110045046062
110045046071
110045046080
110045046099
110045046106
110045046115
110045046124
110045046133
110045046142
110045046160
110045046179
110045046197
110045046204
110045046213
110045046222
110045046231
110045046240
110045046259
110045046268
110045046277
110045046286
110045046295
110045046302
110045046311
110045046320
110045046339
110045046348
110045046357
110045046366
110045046375
110045046384
110045046393
110045046400
110045046419
110045046437
110045046446
110045046455
110045046464
110045046473
110045046482
110045046491
110045046507
110045046516
110045046525
110045046534
110045046543
110045046552
110045046561
110045046570
110045046589
110045046598
110045046605
110045046614
110045046623
110045046632
110045046641
110045046650
110045046669
110045046678
110045046687
110045046696
110045046703
110045046712
110045046721
110045046730
110045046749
110045046758
110045046767
110045046776
110045046785
110045046794
110045046801
110045046810
110045046829
110045046838
110045046847
110045046856
110045046865
110045046874
110045046883
110045046892
110045046909
110045046918
110045046927
110045046936
110045046945
110045046954
110045046963
110045046972
110045046981
110045046990
110045047007
110045047016
110045047025
110045047034
110045047043
110045047052
110045047061
110045047070
110045047089
110045047098
110045047105
110045047114
110045047123
110045047141
110045047150
110045047169
110045047178
110045047187
110045047196
110045047203
110045047212
110045047221
110045047230
110045047249
110045047258
110045047267
110045047285
110045047294
110045047301
110045047310
110045047329
110045047338
110045047347
110045047356
110045047365
110045047374
110045047383
110045047392
110045047409
110045047418
110045047427
110045047436
110045047445
110045047454
110045047463
110045047472
110045047481
110045047490
110045047506
110045047515
110045047524
110045047533
110045047542
110045047551
110045047579
110045047604
110045047622
110045047631
110045047640
110045047659
110045047677
110045047686
110045047695
110045047711
110045047720
110045047748
110045047757
110045047766
110045047775
110045047784
110045047793
110045047800
110045047819
110045047828
110045047837
110045047846
110045047855
110045047864
110045047873
110045047882
110045047891
110045047908
110045047917
110045047926
110045047935
110045047944
110045047953
110045047962
110045047971
110045047980
110045047999
110045048006
110045048015
110045048024
110045048033
110045048042
110045048051
110045048060
110045048079
110045048088
110045048097
110045048104
110045048113
110045048122
110045048131
110045048140
110045048168
110045048177
110045048186
110045048195
110045048202
110045048211
110045048220
110045048239
110045048248
110045048257
110045048266
110045048275
110045048284
110045048293
110045048300
110045048319
110045048328
110045048337
110045048346
110045048355
110045048364
110045048373
110045048382
110045048391
110045048408
110045048417
110045048426
110045048444
110045048453
110045048462
