110045048471
110045048480
110045048499
110045048505
110045048514
110045048523
110045048532
110045048541
110045048550
110045048569
110045048578
110045048587
110045048596
110045048603
110045048612
110045048630
110045048649
110045048658
110045048667
110045048676
110045048685
110045048694
110045048701
110045048710
110045048729
110045048738
110045048747
110045048756
110045048765
110045048774
110045048792
110045048809
110045048818
110045048827
110045048836
110045048854
110045048863
110045048872
110045048881
110045048890
110045048925
110045048943
110045048952
110045048961
110045048970
110045048989
110045049005
110045049014
110045049023
110045049032
110045049041
110045049050
110045049069
110045049078
110045049087
110045049096
110045049103
110045049121
110045049130
110045049149
110045049158
110045049167
110045049185
110045049194
110045049201
110045049210
110045049229
110045049238
110045049247
110045049256
110045049265
110045049283
110045049292
110045049309
110045049318
110045049327
110045049336
110045049345
110045049354
110045049363
110045049372
110045049381
110045049390
110045049416
110045049425
110045049452
110045049470
110045049489
110045049498
110045049504
110045049513
110045049522
110045049531
110045049540
110045049559
110045049595
110045049602
110045049611
110045049620
110045049639
110045049648
110045049657
110045049666
110045049675
110045049684
110045049693
110045049700
110045049719
110045049728
110045049737
110045049746
110045049755
110045049764
110045049782
110045049791
110045049826
110045049844
110045049862
110045049871
110045049880
110045049899
110045049906
110045049915
110045049924
110045049942
110045049951
110045049960
110045049988
110045050001
110045050010
110045050038
110045050047
110045050056
110045050065
110045050074
110045050083
110045050109
110045050118
110045050136
110045050145
110045050154
110045050163
110045050172
110045050181
110045050190
110045050207
110045050216
110045050225
110045050234
110045050243
110045050261
110045050270
110045050289
110045050298
110045050305
110045050314
110045050323
110045050332
110045050341
110045050350
110045050369
110045050378
110045050387
110045050396
110045050403
110045050412
110045050430
110045050449
110045050458
110045050467
110045050476
110045050485
110045050494
110045050519
110045050528
110045050537
110045050546
110045050555
110045050564
110045050573
110045050582
110045050591
110045050608
110045050617
110045050626
110045050635
110045050644
110045050653
110045050662
110045050671
110045050680
110045050699
110045050706
110045050715
110045050733
110045050742
110045050751
110045050760
110045050779
110045050788
110045050797
110045050804
110045050813
110045050822
110045050831
110045050840
110045050859
110045050868
110045050877
110045050886
110045050895
110045050902
110045050911
110045050920
110045050939
110045050948
110045050957
110045050966
110045050975
110045050984
110045050993
110045051000
110045051019
110045051028
110045051037
110045051046
110045051055
110045051064
110045051073
110045051082
110045051091
110045051108
110045051117
110045051126
110045051135
110045051144
110045051153
110045051162
110045051171
110045051180
110045051199
110045051206
110045051215
110045051224
110045051233
110045051251
110045051260
110045051279
110045051288
110045051297
110045051313
110045051322
110045051331
110045051340
110045051368
110045051377
110045051386
110045051395
110045051402
110045051411
110045051420
110045051439
110045051448
110045051457
110045051466
110045051475
110045051484
110045051493
110045051509
110045051518
110045051527
110045051536
110045051545
110045051554
110045051563
110045051572
110045051590
110045051607
110045051616
110045051625
110045051634
110045051643
110045051652
110045051661
110045051670
110045051689
110045051698
110045051705
110045051714
110045051723
110045051732
110045051741
110045051750
110045051769
110045051778
110045051787
110045051796
110045051803
110045051812
110045051821
110045051830
110045051849
110045051858
110045051867
110045051876
110045051885
110045051894
110045051901
110045051910
110045051938
110045051947
110045051956
110045051965
110045051974
110045051983
110045052009
110045052018
110045052027
110045052036
110045052045
110045052054
110045052063
110045052072
110045052081
110045052090
110045052107
110045052116
110045052125
110045052134
110045052143
110045052152
110045052161
110045052170
110045052189
110045052205
110045052214
110045052223
110045052232
110045052241
110045052250
110045052269
110045052278
110045052287
110045052296
110045052303
110045052312
110045052321
110045052330
110045052349
110045052358
110045052367
110045052376
110045052385
110045052394
110045052401
110045052410
110045052429
110045052438
110045052447
110045052456
110045052465
110045052474
110045052483
110045052492
110045052508
110045052517
110045052526
110045052535
110045052544
110045052553
110045052562
110045052571
110045052580
110045052599
110045052606
110045052624
110045052633
110045052642
110045052651
110045052660
110045052679
110045052688
110045052697
110045052704
110045052713
110045052722
110045052731
110045052759
110045052768
110045052777
110045052786
110045052795
110045052802
110045052811
110045052820
110045052839
110045052848
110045052857
110045052866
110045052875
110045052884
110045052893
110045052900
110045052919
110045052928
110045052946
110045052955
110045052964
110045052973
110045052982
110045052991
110045053008
110045053017
110045053026
110045053035
110045053044
110045053053
110045053062
110045053071
110045053080
110045053099
110045053106
110045053115
110045053124
110045053133
110045053142
110045053151
110045053160
110045053179
110045053188
110045053197
110045053204
110045053213
110045053222
110045053231
110045053240
110045053259
110045053286
110045053295
110045053302
110045053311
110045053320
110045053339
110045053348
110045053357
110045053366
110045053375
110045053393
110045053400
110045053419
110045053428
110045053437
110045053446
110045053464
110045053473
110045053482
110045053491
110045053516
110045053525
110045053534
110045053543
110045053552
110045053561
110045053570
110045053589
110045053598
110045053605
110045053614
110045053623
110045053632
110045053641
110045053650
110045053669
110045053678
110045053696
110045053703
110045053712
110045053721
110045053730
110045053749
110045053758
110045053776
110045053785
110045053794
110045053801
110045053810
110045053829
110045053838
110045053856
110045053874
110045053883
110045053892
110045053909
110045053927
110045053945
110045053954
110045053963
110045053972
110045053981
110045053990
110045054016
110045054025
110045054034
110045054043
110045054052
110045054070
110045054089
110045054098
110045054105
110045054114
110045054123
110045054132
110045054150
110045054169
110045054187
110045054196
110045054212
110045054221
110045054249
110045054267
110045054285
110045054294
110045054301
110045054329
110045054338
110045054347
110045054356
110045054365
110045054374
110045054392
110045054409
110045054418
110045054427
110045054436
110045054445
110045054454
110045054463
110045054472
110045054490
110045054506
110045054515
110045054524
110045054533
110045054542
110045054551
110045054579
110045054588
110045054597
110045054604
110045054613
110045054622
110045054631
110045054640
110045054659
110045054668
110045054686
110045054695
110045054702
110045054711
110045054720
110045054739
110045054748
110045054757
110045054766
110045054775
110045054784
110045054793
110045054800
110045054819
110045054828
110045054837
110045054846
110045054855
110045054864
110045054873
110045054882
110045054891
110045054908
110045054917
110045054926
110045054935
110045054953
110045054962
110045054971
110045054980
110045055006
110045055015
110045055024
110045055033
110045055042
110045055051
110045055060
110045055079
110045055097
110045055104
110045055122
110045055131
110045055140
110045055168
110045055186
110045055211
110045055220
110045055239
110045055248
110045055257
110045055266
110045055275
110045055284
110045055319
110045055328
110045055337
110045055346
110045055355
110045055373
110045055382
110045055391
110045055408
110045055417
110045055426
110045055435
110045055444
110045055453
110045055462
110045055471
110045055480
110045055499
110045055505
110045055514
110045055523
110045055532
110045055541
110045055550
110045055569
110045055578
110045055587
110045055596
110045055603
110045055612
110045055630
110045055649
110045055658
110045055667
110045055676
110045055685
110045055694
110045055701
110045055710
110045055729
110045055738
110045055747
110045055756
110045055765
110045055774
110045055783
110045055792
110045055809
110045055818
110045055827
110045055836
110045055845
110045055854
110045055863
110045055872
110045055881
110045055890
110045055907
110045055916
110045055925
110045055934
110045055943
110045055952
110045055961
110045055970
110045055989
110045055998
110045056005
110045056014
110045056023
110045056032
110045056041
110045056069
110045056078
110045056087
110045056096
110045056103
110045056112
110045056121
110045056130
110045056149
110045056158
110045056167
110045056176
110045056185
110045056194
110045056201
110045056210
110045056229
110045056238
110045056247
110045056256
110045056265
110045056274
110045056283
110045056292
110045056309
110045056318
110045056327
110045056336
110045056345
110045056354
110045056363
110045056372
110045056381
110045056407
110045056416
110045056425
110045056434
110045056443
110045056452
110045056461
110045056470
110045056489
110045056504
110045056513
110045056522
110045056531
110045056577
110045056586
110045056595
110045056602
110045056611
110045056620
110045056639
110045056648
110045056657
110045056666
110045056675
110045056684
110045056693
110045056700
110045056719
110045056728
110045056737
110045056746
110045056755
110045056764
110045056773
110045056782
110045056791
110045056808
110045056817
110045056835
110045056844
110045056853
110045056862
110045056871
110045056880
110045056899
110045056906
110045056915
110045056924
110045056933
110045056942
110045056951
110045056960
110045056979
110045056988
110045056997
110045057004
110045057013
110045057022
110045057031
110045057040
110045057059
110045057068
110045057077
110045057086
110045057095
110045057102
110045057111
110045057120
110045057139
110045057148
110045057157
110045057166
110045057175
110045057184
110045057193
110045057200
110045057219
110045057228
110045057237
110045057246
110045057255
110045057264
110045057273
110045057282
110045057291
110045057308
110045057317
110045057326
110045057335
110045057344
110045057362
110045057371
110045057380
110045057399
110045057406
110045057415
110045057424
110045057433
110045057442
110045057451
110045057460
110045057479
110045057488
110045057497
110045057503
110045057512
110045057521
110045057530
110045057549
110045057558
110045057567
110045057576
110045057585
110045057594
110045057601
110045057629
110045057638
110045057647
110045057656
110045057665
110045057674
110045057683
110045057709
110045057718
110045057736
110045057745
110045057754
110045057763
110045057772
110045057781
110045057790
110045057807
110045057816
110045057825
110045057834
110045057843
110045057852
110045057861
110045057870
110045057889
110045057898
110045057905
110045057914
110045057923
110045057932
110045057950
110045057969
110045057987
110045057996
110045058003
110045058012
110045058030
110045058049
110045058058
110045058067
110045058076
110045058085
110045058094
110045058101
110045058110
110045058129
110045058138
110045058147
110045058156
110045058165
110045058174
110045058183
110045058192
110045058209
110045058218
110045058227
110045058245
110045058254
110045058263
110045058272
110045058281
110045058290
110045058307
110045058316
110045058325
110045058334
110045058343
110045058352
110045058361
110045058370
110045058389
110045058398
110045058405
110045058414
110045058423
110045058432
110045058441
110045058450
110045058469
110045058478
110045058487
110045058496
110045058502
110045058511
110045058539
110045058548
110045058584
110045058593
110045058637
110045058646
110045058655
110045058664
110045058673
110045058682
110045058708
110045058717
110045058726
110045058735
110045058744
110045058771
110045058799
110045058815
110045058824
110045058842
110045058851
110045058888
110045058897
110045058904
110045058913
110045058922
110045058931
110045058959
110045058968
110045058977
110045058986
110045059002
110045059020
110045059039
110045059048
110045059057
110045059066
110045059075
110045059093
110045059100
110045059119
110045059137
110045059146
110045059164
110045059182
110045059191
110045059208
110045059217
110045059226
110045059244
110045059253
110045059262
110045059271
110045059280
110045059299
110045059306
110045059324
110045059333
110045059342
110045059351
110045059360
110045059379
110045059388
110045059397
110045059404
110045059413
110045059431
110045059440
110045059459
110045059468
110045059477
110045059495
110045059501
110045059510
110045059529
110045059538
110045059547
110045059556
110045059565
110045059609
110045059618
110045059627
110045059654
110045059663
110045059672
110045059681
110045059690
110045059707
