110045059716
110045059725
110045059734
110045059743
110045059752
110045059761
110045059770
110045059789
110045059798
110045059805
110045059814
110045059823
110045059832
110045059841
110045059850
110045059869
110045059878
110045059887
110045059896
110045059912
110045059921
110045059930
110045059949
110045059958
110045059967
110045059976
110045059985
110045059994
110045060009
110045060018
110045060027
110045060036
110045060045
110045060054
110045060063
110045060081
110045060090
110045060107
110045060116
110045060125
110045060134
110045060143
110045060152
110045060161
110045060170
110045060189
110045060198
110045060205
110045060214
110045060223
110045060232
110045060241
110045060250
110045060269
110045060278
110045060287
110045060296
110045060303
110045060312
110045060321
110045060330
110045060349
110045060358
110045060367
110045060376
110045060385
110045060394
110045060401
110045060410
110045060429
110045060438
110045060447
110045060474
110045060483
110045060492
110045060508
110045060517
110045060526
110045060535
110045060544
110045060553
110045060562
110045060571
110045060580
110045060599
110045060606
110045060615
110045060624
110045060633
110045060642
110045060651
110045060660
110045060679
110045060688
110045060697
110045060704
110045060713
110045060722
110045060731
110045060740
110045060759
110045060768
110045060777
110045060786
110045060795
110045060802
110045060811
110045060820
110045060839
110045060848
110045060857
110045060866
110045060875
110045060884
110045060893
110045060900
110045060919
110045060928
110045060937
110045060946
110045060964
110045060973
110045060991
110045061008
110045061017
110045061026
110045061035
110045061044
110045061053
110045061062
110045061071
110045061080
110045061106
110045061115
110045061133
110045061142
110045061151
110045061160
110045061179
110045061188
110045061197
110045061204
110045061213
110045061222
110045061231
110045061240
110045061268
110045061286
110045061302
110045061320
110045061348
110045061357
110045061366
110045061375
110045061384
110045061393
110045061400
110045061419
110045061428
110045061437
110045061446
110045061455
110045061464
110045061473
110045061482
110045061491
110045061507
110045061516
110045061525
110045061534
110045061543
110045061552
110045061561
110045061570
110045061589
110045061598
110045061605
110045061614
110045061623
110045061632
110045061641
110045061650
110045061669
110045061678
110045061687
110045061696
110045061703
110045061712
110045061721
110045061730
110045061749
110045061758
110045061767
110045061776
110045061785
110045061794
110045061801
110045061810
110045061829
110045061838
110045061847
110045061856
110045061865
110045061883
110045061892
110045061909
110045061918
110045061927
110045061936
110045061945
110045061954
110045061963
110045061972
110045061981
110045061990
110045062007
110045062016
110045062025
110045062043
110045062052
110045062061
110045062070
110045062089
110045062098
110045062114
110045062123
110045062132
110045062141
110045062150
110045062169
110045062178
110045062187
110045062196
110045062203
110045062212
110045062221
110045062230
110045062258
110045062276
110045062285
110045062294
110045062301
110045062310
110045062329
110045062338
110045062347
110045062356
110045062365
110045062383
110045062392
110045062409
110045062418
110045062427
110045062436
110045062445
110045062454
110045062463
110045062472
110045062481
110045062490
110045062506
110045062515
110045062524
110045062533
110045062542
110045062551
110045062560
110045062579
110045062588
110045062597
110045062604
110045062613
110045062622
110045062631
110045062640
110045062668
110045062677
110045062686
110045062695
110045062702
110045062711
110045062720
110045062739
110045062748
110045062757
110045062766
110045062775
110045062784
110045062793
110045062800
110045062819
110045062828
110045062837
110045062846
110045062855
110045062864
110045062873
110045062882
110045062891
110045062908
110045062917
110045062935
110045062944
110045062953
110045062962
110045062971
110045062980
110045062999
110045063015
110045063024
110045063033
110045063042
110045063051
110045063060
110045063079
110045063088
110045063104
110045063122
110045063131
110045063140
110045063159
110045063168
110045063177
110045063186
110045063195
110045063211
110045063220
110045063239
110045063248
110045063257
110045063266
110045063275
110045063284
110045063293
110045063300
110045063319
110045063328
110045063337
110045063346
110045063364
110045063382
110045063391
110045063417
110045063426
110045063435
110045063453
110045063471
110045063480
110045063499
110045063505
110045063514
110045063523
110045063532
110045063541
110045063550
110045063569
110045063578
110045063587
110045063596
110045063603
110045063621
110045063630
110045063649
110045063658
110045063667
110045063676
110045063685
110045063694
110045063701
110045063710
110045063729
110045063738
110045063747
110045063756
110045063765
110045063774
110045063792
110045063809
110045063818
110045063827
110045063836
110045063845
110045063854
110045063863
110045063872
110045063881
110045063890
110045063916
110045063934
110045063961
110045063970
110045063998
110045064005
110045064014
110045064023
110045064032
110045064041
110045064050
110045064069
110045064078
110045064087
110045064096
110045064103
110045064112
110045064130
110045064149
110045064158
110045064167
110045064176
110045064185
110045064194
110045064201
110045064210
110045064229
110045064247
110045064265
110045064274
110045064283
110045064292
110045064309
110045064318
110045064327
110045064336
110045064345
110045064363
110045064372
110045064390
110045064407
110045064416
110045064425
110045064434
110045064443
110045064452
110045064461
110045064470
110045064489
110045064498
110045064504
110045064513
110045064522
110045064540
110045064559
110045064568
110045064577
110045064586
110045064595
110045064602
110045064611
110045064620
110045064639
110045064648
110045064657
110045064666
110045064675
110045064693
110045064700
110045064719
110045064728
110045064737
110045064746
110045064755
110045064764
110045064773
110045064782
110045064791
110045064808
110045064817
110045064826
110045064835
110045064844
110045064853
110045064862
110045064871
110045064880
110045064899
110045064933
110045064942
110045064951
110045064960
110045064979
110045064988
110045065013
110045065031
110045065040
110045065059
110045065068
110045065077
110045065086
110045065095
110045065102
110045065111
110045065120
110045065139
110045065148
110045065157
110045065166
110045065175
110045065184
110045065193
110045065200
110045065219
110045065228
110045065237
110045065246
110045065255
110045065264
110045065273
110045065282
110045065291
110045065308
110045065317
110045065326
110045065335
110045065344
110045065353
110045065362
110045065371
110045065380
110045065399
110045065406
110045065415
110045065424
110045065433
110045065442
110045065451
110045065460
110045065488
110045065497
110045065503
110045065512
110045065521
110045065530
110045065549
110045065558
110045065576
110045065585
110045065594
110045065610
110045065629
110045065638
110045065647
110045065656
110045065665
110045065674
110045065683
110045065692
110045065709
110045065718
110045065727
110045065736
110045065745
110045065754
110045065763
110045065772
110045065781
110045065790
110045065807
110045065816
110045065825
110045065834
110045065843
110045065852
110045065861
110045065870
110045065889
110045065898
110045065914
110045065923
110045065932
110045065941
110045065950
110045065969
110045065978
110045065987
110045065996
110045066003
110045066012
110045066021
110045066030
110045066049
110045066067
110045066076
110045066085
110045066094
110045066101
110045066110
110045066129
110045066138
110045066147
110045066156
110045066165
110045066174
110045066183
110045066192
110045066209
110045066218
110045066227
110045066236
110045066245
110045066254
110045066272
110045066281
110045066290
110045066307
110045066316
110045066325
110045066334
110045066343
110045066352
110045066361
110045066370
110045066389
110045066398
110045066405
110045066423
110045066432
110045066441
110045066450
110045066469
110045066478
110045066487
110045066496
110045066502
110045066511
110045066520
110045066539
110045066548
110045066557
110045066575
110045066584
110045066593
110045066600
110045066619
110045066628
110045066637
110045066646
110045066655
110045066664
110045066673
110045066682
110045066691
110045066708
110045066717
110045066726
110045066735
110045066744
110045066753
110045066762
110045066771
110045066780
110045066806
110045066824
110045066842
110045066851
110045066860
110045066879
110045066888
110045066897
110045066904
110045066922
110045066931
110045066959
110045066968
110045066977
110045066986
110045066995
110045067002
110045067011
110045067020
110045067039
110045067048
110045067057
110045067066
110045067075
110045067084
110045067093
110045067100
110045067119
110045067128
110045067137
110045067146
110045067155
110045067164
110045067173
110045067182
110045067191
110045067208
110045067217
110045067226
110045067235
110045067244
110045067253
110045067262
110045067271
110045067280
110045067299
110045067306
110045067315
110045067342
110045067351
110045067379
110045067388
110045067397
110045067404
110045067413
110045067431
110045067440
110045067468
110045067477
110045067486
110045067495
110045067510
110045067547
110045067556
110045067565
110045067583
110045067592
110045067609
110045067618
110045067645
110045067654
110045067663
110045067681
110045067690
110045067707
110045067716
110045067725
110045067734
110045067743
110045067752
110045067761
110045067770
110045067789
110045067798
110045067805
110045067814
110045067823
110045067832
110045067841
110045067869
110045067878
110045067896
110045067903
110045067912
110045067930
110045067949
110045067958
110045067967
110045067985
110045067994
110045068001
110045068038
110045068056
110045068065
110045068074
110045068083
110045068092
110045068109
110045068118
110045068127
110045068136
110045068154
110045068163
110045068172
110045068181
110045068190
110045068207
110045068216
110045068225
110045068234
110045068243
110045068252
110045068270
110045068289
110045068298
110045068305
110045068314
110045068323
110045068332
110045068341
110045068350
110045068369
110045068378
110045068387
110045068396
110045068403
110045068412
110045068421
110045068449
110045068458
110045068467
110045068476
110045068485
110045068494
110045068500
110045068519
110045068537
110045068546
110045068555
110045068564
110045068573
110045068582
110045068608
110045068617
110045068626
110045068635
110045068644
110045068653
110045068662
110045068671
110045068680
110045068699
110045068715
110045068724
110045068742
110045068751
110045068760
110045068779
110045068788
110045068797
110045068813
110045068822
110045068859
110045068868
110045068895
110045068920
110045068939
110045068948
110045068984
110045068993
110045069019
110045069037
110045069046
110045069055
110045069064
110045069073
110045069082
110045069091
110045069108
110045069117
110045069126
110045069135
110045069144
110045069153
110045069162
110045069171
110045069180
110045069199
110045069206
110045069215
110045069242
110045069251
110045069260
110045069279
110045069288
110045069297
110045069304
110045069313
110045069322
110045069340
110045069395
110045069402
110045069411
110045069420
110045069439
110045069448
110045069457
110045069466
110045069475
110045069484
110045069493
110045069509
110045069518
110045069527
110045069536
110045069545
110045069554
110045069563
110045069572
110045069581
110045069590
110045069607
110045069616
110045069625
110045069634
110045069643
110045069652
110045069661
110045069670
110045069705
110045069714
110045069723
110045069732
110045069741
110045069750
110045069769
110045069778
110045069787
110045069796
110045069803
110045069812
110045069821
110045069830
110045069849
110045069858
110045069867
110045069876
110045069885
110045069894
110045069901
110045069910
110045069929
110045069938
110045069947
110045069965
110045069974
110045069983
110045070007
110045070016
110045070025
110045070043
110045070052
110045070061
110045070070
110045070089
110045070098
110045070105
110045070114
110045070123
110045070132
110045070141
110045070150
110045070169
110045070178
110045070196
110045070203
110045070212
110045070221
110045070230
110045070249
110045070258
110045070267
110045070276
110045070285
110045070294
110045070301
110045070310
110045070329
110045070338
110045070347
110045070356
110045070365
110045070374
110045070383
110045070409
110045070418
110045070427
110045070436
110045070445
110045070454
110045070463
110045070472
110045070481
110045070490
110045070515
110045070524
110045070533
110045070542
110045070551
110045070560
110045070579
110045070588
110045070597
110045070604
110045070613
110045070622
110045070631
110045070640
110045070668
110045070677
110045070686
110045070695
110045070702
110045070711
110045070720
110045070739
110045070748
110045070757
110045070775
110045070784
110045070793
110045070800
110045070819
110045070828
110045070837
110045070846
110045070855
110045070864
110045070873
110045070882
