110045070891
110045070908
110045070917
110045070926
110045070935
110045070944
110045070971
110045070980
110045070999
110045071006
110045071015
110045071024
110045071033
110045071042
110045071051
110045071060
110045071079
110045071088
110045071097
110045071104
110045071122
110045071131
110045071140
110045071159
110045071168
110045071177
110045071186
110045071211
110045071220
110045071239
110045071248
110045071257
110045071275
110045071284
110045071293
110045071300
110045071319
110045071328
110045071337
110045071346
110045071364
110045071373
110045071382
110045071391
110045071408
110045071417
110045071435
110045071444
110045071453
110045071462
110045071471
110045071480
110045071499
110045071505
110045071514
110045071523
110045071532
110045071550
110045071578
110045071596
110045071603
110045071612
110045071621
110045071630
110045071649
110045071658
110045071667
110045071676
110045071685
110045071694
110045071701
110045071710
110045071729
110045071738
110045071747
110045071756
110045071765
110045071774
110045071783
110045071792
110045071809
110045071836
110045071845
110045071863
110045071890
110045071907
110045071934
110045071943
110045071961
110045071970
110045071989
110045071998
110045072005
110045072014
110045072023
110045072032
110045072069
110045072078
110045072087
110045072103
110045072112
110045072149
110045072158
110045072167
110045072176
110045072194
110045072201
110045072210
110045072229
110045072256
110045072274
110045072283
110045072292
110045072318
110045072327
110045072336
110045072345
110045072354
110045072363
110045072372
110045072381
110045072390
110045072407
110045072416
110045072425
110045072434
110045072443
110045072452
110045072461
110045072470
110045072489
110045072498
110045072504
110045072513
110045072522
110045072531
110045072540
110045072559
110045072568
110045072577
110045072586
110045072595
110045072602
110045072611
110045072620
110045072639
110045072648
110045072657
110045072666
110045072675
110045072684
110045072693
110045072700
110045072719
110045072728
110045072755
110045072782
110045072791
110045072808
110045072817
110045072826
110045072835
110045072844
110045072862
110045072871
110045072906
110045072915
110045073013
110045073031
110045073040
110045073059
110045073068
110045073077
110045073086
110045073102
110045073111
110045073120
110045073148
110045073166
110045073175
110045073184
110045073200
110045073237
110045073255
110045073264
110045073273
110045073282
110045073291
110045073308
110045073317
110045073326
110045073335
110045073344
110045073353
110045073362
110045073371
110045073399
110045073415
110045073424
110045073433
110045073442
110045073451
110045073460
110045073479
110045073488
110045073497
110045073503
110045073530
110045073558
110045073567
110045073576
110045073585
110045073601
110045073610
110045073629
110045073638
110045073674
110045073683
110045073692
110045073709
110045073718
110045073727
110045073736
110045073745
110045073754
110045073763
110045073772
110045073781
110045073790
110045073807
110045073816
110045073825
110045073834
110045073843
110045073852
110045073861
110045073870
110045073889
110045073898
110045073905
110045073914
110045073923
110045073932
110045073950
110045073969
110045073978
110045073987
110045073996
110045074003
110045074012
110045074021
110045074030
110045074049
110045074058
110045074067
110045074076
110045074085
110045074094
110045074101
110045074110
110045074129
110045074138
110045074147
110045074156
110045074165
110045074174
110045074183
110045074192
110045074209
110045074218
110045074227
110045074236
110045074245
110045074254
110045074263
110045074272
110045074281
110045074290
110045074307
110045074316
110045074325
110045074334
110045074343
110045074352
110045074361
110045074370
110045074389
110045074398
110045074405
110045074414
110045074423
110045074441
110045074450
110045074469
110045074478
110045074487
110045074496
110045074502
110045074511
110045074520
110045074539
110045074548
110045074557
110045074566
110045074575
110045074584
110045074593
110045074600
110045074619
110045074628
110045074637
110045074646
110045074655
110045074664
110045074673
110045074682
110045074691
110045074708
110045074717
110045074726
110045074735
110045074744
110045074762
110045074771
110045074780
110045074799
110045074806
110045074815
110045074824
110045074833
110045074842
110045074851
110045074860
110045074879
110045074888
110045074897
110045074904
110045074913
110045074922
110045074931
110045074940
110045074959
110045074977
110045074986
110045074995
110045075002
110045075011
110045075020
110045075057
110045075066
110045075075
110045075084
110045075093
110045075119
110045075146
110045075155
110045075164
110045075173
110045075182
110045075191
110045075208
110045075217
110045075226
110045075235
110045075244
110045075253
110045075280
110045075299
110045075306
110045075315
110045075324
110045075333
110045075342
110045075351
110045075360
110045075379
110045075388
110045075397
110045075404
110045075413
110045075422
110045075431
110045075440
110045075459
110045075468
110045075486
110045075495
110045075501
110045075529
110045075538
110045075547
110045075556
110045075565
110045075574
110045075583
110045075592
110045075609
110045075618
110045075627
110045075636
110045075645
110045075654
110045075663
110045075672
110045075681
110045075690
110045075707
110045075716
110045075725
110045075743
110045075752
110045075761
110045075770
110045075789
110045075798
110045075805
110045075814
110045075823
110045075832
110045075841
110045075850
110045075869
110045075878
110045075887
110045075896
110045075912
110045075921
110045075930
110045075949
110045075958
110045075967
110045075976
110045075994
110045076001
110045076010
110045076029
110045076038
110045076047
110045076056
110045076065
110045076074
110045076083
110045076092
110045076109
110045076136
110045076154
110045076172
110045076181
110045076190
110045076207
110045076216
110045076225
110045076234
110045076243
110045076252
110045076261
110045076270
110045076298
110045076305
110045076314
110045076323
110045076332
110045076341
110045076350
110045076369
110045076378
110045076387
110045076396
110045076403
110045076412
110045076421
110045076430
110045076449
110045076458
110045076467
110045076476
110045076485
110045076494
110045076500
110045076519
110045076528
110045076537
110045076546
110045076555
110045076564
110045076573
110045076582
110045076591
110045076608
110045076617
110045076626
110045076635
110045076644
110045076653
110045076662
110045076671
110045076680
110045076699
110045076706
110045076715
110045076724
110045076733
110045076742
110045076751
110045076760
110045076779
110045076788
110045076797
110045076804
110045076813
110045076822
110045076831
110045076840
110045076859
110045076868
110045076877
110045076886
110045076895
110045076911
110045076920
110045076948
110045076966
110045077000
110045077019
110045077037
110045077046
110045077055
110045077064
110045077091
110045077108
110045077117
110045077144
110045077153
110045077162
110045077171
110045077180
110045077199
110045077206
110045077215
110045077224
110045077233
110045077242
110045077251
110045077260
110045077279
110045077288
110045077297
110045077304
110045077313
110045077322
110045077331
110045077340
110045077359
110045077377
110045077386
110045077395
110045077411
110045077420
110045077439
110045077448
110045077457
110045077466
110045077484
110045077493
110045077509
110045077518
110045077527
110045077536
110045077545
110045077554
110045077572
110045077607
110045077634
110045077652
110045077661
110045077670
110045077689
110045077698
110045077705
110045077741
110045077750
110045077778
110045077787
110045077796
110045077803
110045077812
110045077821
110045077830
110045077849
110045077858
110045077867
110045077876
110045077885
110045077894
110045077901
110045077910
110045077929
110045077938
110045077947
110045077965
110045077974
110045077983
110045077992
110045078009
110045078018
110045078027
110045078036
110045078045
110045078054
110045078063
110045078072
110045078081
110045078090
110045078116
110045078125
110045078134
110045078143
110045078152
110045078161
110045078170
110045078189
110045078198
110045078205
110045078214
110045078223
110045078232
110045078241
110045078250
110045078269
110045078278
110045078287
110045078296
110045078303
110045078312
110045078321
110045078330
110045078349
110045078367
110045078376
110045078385
110045078394
110045078401
110045078410
110045078429
110045078438
110045078447
110045078456
110045078465
110045078474
110045078483
110045078492
110045078508
110045078526
110045078535
110045078544
110045078553
110045078562
110045078571
110045078580
110045078606
110045078615
110045078624
110045078633
110045078642
110045078651
110045078660
110045078679
110045078697
110045078713
110045078722
110045078731
110045078740
110045078759
110045078768
110045078777
110045078786
110045078795
110045078802
110045078811
110045078820
110045078839
110045078848
110045078857
110045078866
110045078875
110045078884
110045078893
110045078900
110045078919
110045078928
110045078937
110045078946
110045078955
110045078964
110045078973
110045078982
110045078991
110045079008
110045079017
110045079026
110045079035
110045079044
110045079053
110045079071
110045079115
110045079160
110045079179
110045079188
110045079197
110045079204
110045079213
110045079222
110045079231
110045079240
110045079259
110045079268
110045079277
110045079286
110045079295
110045079302
110045079311
110045079320
110045079339
110045079348
110045079357
110045079366
110045079375
110045079393
110045079400
110045079419
110045079428
110045079437
110045079446
110045079455
110045079464
110045079473
110045079482
110045079491
110045079516
110045079525
110045079534
110045079543
110045079552
110045079561
110045079570
110045079589
110045079598
110045079605
110045079614
110045079623
110045079632
110045079641
110045079650
110045079669
110045079678
110045079687
110045079703
110045079712
110045079721
110045079730
110045079749
110045079758
110045079767
110045079776
110045079785
110045079794
110045079801
110045079810
110045079829
110045079838
110045079847
110045079856
110045079865
110045079874
110045079883
110045079892
110045079909
110045079918
110045079927
110045079936
110045079945
110045079954
110045079963
110045079972
110045079981
110045079990
110045080005
110045080014
110045080023
110045080032
110045080041
110045080050
110045080078
110045080087
110045080103
110045080112
110045080130
110045080149
110045080158
110045080167
110045080176
110045080185
110045080194
110045080201
110045080210
110045080229
110045080247
110045080256
110045080265
110045080274
110045080283
110045080292
110045080309
110045080318
110045080327
110045080336
110045080354
110045080381
110045080390
110045080407
110045080425
110045080434
110045080443
110045080452
110045080461
110045080470
110045080489
110045080498
110045080504
110045080513
110045080522
110045080540
110045080559
110045080568
110045080577
110045080586
110045080595
110045080611
110045080620
110045080639
110045080648
110045080657
110045080666
110045080675
110045080684
110045080693
110045080700
110045080719
110045080728
110045080737
110045080746
110045080755
110045080764
110045080773
110045080782
110045080808
110045080817
110045080826
110045080844
110045080853
110045080862
110045080871
110045080880
110045080899
110045080906
110045080915
110045080924
110045080933
110045080942
110045080960
110045080979
110045080988
110045080997
110045081004
110045081013
110045081022
110045081031
110045081059
110045081086
110045081095
110045081102
110045081111
110045081120
110045081139
110045081148
110045081175
110045081184
110045081193
110045081200
110045081219
110045081228
110045081237
110045081246
110045081255
110045081264
110045081273
110045081291
110045081308
110045081317
110045081326
110045081335
110045081344
110045081353
110045081362
110045081371
110045081380
110045081399
110045081406
110045081415
110045081424
110045081433
110045081442
110045081451
110045081460
110045081479
110045081488
110045081497
110045081512
110045081521
110045081530
110045081549
110045081558
110045081576
110045081585
110045081594
110045081601
110045081610
110045081629
110045081638
110045081647
110045081656
110045081665
110045081674
110045081683
110045081692
110045081709
110045081718
110045081727
110045081736
110045081745
110045081754
110045081763
110045081772
110045081781
110045081790
110045081807
110045081816
110045081825
110045081843
110045081852
110045081861
110045081870
110045081889
110045081898
110045081905
110045081914
110045081923
110045081932
110045081941
110045081950
110045081969
110045081978
110045081987
110045081996
110045082003
110045082030
110045082049
110045082067
110045082076
110045082085
110045082094
110045082101
110045082110
110045082129
110045082138
110045082147
110045082156
110045082165
110045082174
110045082183
110045082192
110045082209
110045082218
110045082227
110045082236
110045082245
110045082254
110045082263
110045082272
110045082281
110045082290
110045082307
110045082316
110045082325
110045082334
110045082343
110045082352
110045082361
110045082370
110045082389
