110045082398
110045082405
110045082414
110045082423
110045082432
110045082441
110045082450
110045082469
110045082478
110045082487
110045082496
110045082502
110045082511
110045082520
110045082539
110045082548
110045082557
110045082566
110045082575
110045082584
110045082600
110045082619
110045082628
110045082637
110045082646
110045082655
110045082664
110045082673
110045082682
110045082691
110045082708
110045082717
110045082726
110045082735
110045082744
110045082753
110045082771
110045082780
110045082799
110045082806
110045082815
110045082824
110045082842
110045082851
110045082860
110045082879
110045082888
110045082897
110045082904
110045082913
110045082922
110045082940
110045082959
110045082977
110045082986
110045082995
110045083002
110045083011
110045083020
110045083039
110045083057
110045083066
110045083075
110045083084
110045083093
110045083100
110045083119
110045083128
110045083137
110045083146
110045083155
110045083164
110045083173
110045083182
110045083191
110045083208
110045083217
110045083226
110045083235
110045083244
110045083253
110045083262
110045083271
110045083280
110045083299
110045083306
110045083315
110045083324
110045083333
110045083342
110045083351
110045083360
110045083379
110045083388
110045083397
110045083413
110045083422
110045083431
110045083440
110045083459
110045083468
110045083477
110045083486
110045083495
110045083501
110045083510
110045083529
110045083538
110045083547
110045083556
110045083565
110045083574
110045083583
110045083592
110045083609
110045083618
110045083627
110045083636
110045083645
110045083654
110045083663
110045083672
110045083681
110045083690
110045083707
110045083716
110045083725
110045083734
110045083743
110045083752
110045083761
110045083770
110045083789
110045083798
110045083805
110045083814
110045083823
110045083832
110045083841
110045083850
110045083869
110045083878
110045083887
110045083896
110045083903
110045083912
110045083930
110045083949
110045083958
110045083967
110045083976
110045083985
110045083994
110045084001
110045084010
110045084029
110045084038
110045084047
110045084056
110045084065
110045084074
110045084083
110045084109
110045084118
110045084127
110045084136
110045084145
110045084154
110045084163
110045084172
110045084181
110045084190
110045084207
110045084216
110045084225
110045084234
110045084243
110045084252
110045084261
110045084270
110045084289
110045084298
110045084305
110045084314
110045084323
110045084332
110045084341
110045084350
110045084369
110045084378
110045084387
110045084396
110045084403
110045084412
110045084421
110045084430
110045084449
110045084458
110045084467
110045084476
110045084485
110045084494
110045084500
110045084537
110045084546
110045084555
110045084564
110045084591
110045084608
110045084617
110045084626
110045084635
110045084653
110045084662
110045084671
110045084680
110045084699
110045084706
110045084715
110045084724
110045084733
110045084742
110045084751
110045084760
110045084779
110045084788
110045084797
110045084813
110045084831
110045084859
110045084868
110045084877
110045084886
110045084902
110045084911
110045084939
110045084948
110045084957
110045084966
110045084975
110045084984
110045084993
110045085000
110045085019
110045085028
110045085046
110045085055
110045085064
110045085073
110045085082
110045085091
110045085108
110045085117
110045085135
110045085144
110045085153
110045085171
110045085180
110045085199
110045085206
110045085215
110045085224
110045085233
110045085242
110045085251
110045085260
110045085279
110045085288
110045085297
110045085304
110045085322
110045085331
110045085340
110045085359
110045085368
110045085377
110045085386
110045085395
110045085402
110045085420
110045085448
110045085457
110045085475
110045085484
110045085493
110045085509
110045085527
110045085536
110045085545
110045085554
110045085563
110045085572
110045085581
110045085590
110045085607
110045085616
110045085625
110045085634
110045085643
110045085652
110045085661
110045085670
110045085689
110045085698
110045085705
110045085714
110045085723
110045085732
110045085741
110045085750
110045085769
110045085778
110045085787
110045085796
110045085803
110045085812
110045085821
110045085830
110045085849
110045085858
110045085867
110045085876
110045085885
110045085894
110045085901
110045085910
110045085929
110045085938
110045085947
110045085956
110045085965
110045085974
110045085983
110045085992
110045086009
110045086018
110045086027
110045086036
110045086045
110045086054
110045086063
110045086072
110045086081
110045086090
110045086107
110045086116
110045086125
110045086134
110045086143
110045086152
110045086161
110045086170
110045086189
110045086241
110045086269
110045086278
110045086287
110045086296
110045086303
110045086312
110045086321
110045086330
110045086349
110045086358
110045086367
110045086376
110045086385
110045086394
110045086401
110045086410
110045086429
110045086438
110045086447
110045086456
110045086465
110045086474
110045086483
110045086508
110045086517
110045086526
110045086535
110045086544
110045086553
110045086562
110045086571
110045086580
110045086599
110045086606
110045086615
110045086624
110045086633
110045086642
110045086651
110045086660
110045086679
110045086688
110045086697
110045086704
110045086713
110045086722
110045086731
110045086740
110045086759
110045086768
110045086777
110045086795
110045086802
110045086811
110045086820
110045086839
110045086848
110045086857
110045086866
110045086875
110045086884
110045086893
110045086900
110045086928
110045086937
110045086946
110045086955
110045086973
110045086982
110045086991
110045087008
110045087026
110045087044
110045087053
110045087062
110045087071
110045087080
110045087099
110045087106
110045087115
110045087124
110045087133
110045087142
110045087151
110045087160
110045087179
110045087188
110045087197
110045087204
110045087213
110045087222
110045087231
110045087240
110045087268
110045087277
110045087286
110045087295
110045087302
110045087311
110045087320
110045087339
110045087348
110045087357
110045087366
110045087375
110045087384
110045087393
110045087400
110045087419
110045087428
110045087437
110045087446
110045087455
110045087464
110045087473
110045087482
110045087491
110045087507
110045087516
110045087525
110045087534
110045087543
110045087552
110045087561
110045087570
110045087598
110045087605
110045087614
110045087623
110045087632
110045087641
110045087650
110045087669
110045087678
110045087687
110045087703
110045087712
110045087721
110045087730
110045087749
110045087758
110045087767
110045087776
110045087785
110045087794
110045087801
110045087810
110045087838
110045087847
110045087856
110045087865
110045087874
110045087883
110045087892
110045087909
110045087918
110045087927
110045087936
110045087945
110045087954
110045087963
110045087972
110045087981
110045087990
110045088007
110045088016
110045088025
110045088034
110045088043
110045088061
110045088089
110045088098
110045088114
110045088123
110045088132
110045088150
110045088169
110045088178
110045088187
110045088196
110045088212
110045088230
110045088249
110045088258
110045088267
110045088276
110045088285
110045088294
110045088301
110045088310
110045088329
110045088338
110045088347
110045088356
110045088365
110045088374
110045088383
110045088392
110045088409
110045088418
110045088427
110045088436
110045088445
110045088454
110045088463
110045088481
110045088490
110045088506
110045088515
110045088524
110045088533
110045088542
110045088551
110045088579
110045088588
110045088597
110045088604
110045088613
110045088622
110045088640
110045088659
110045088668
110045088677
110045088686
110045088695
110045088711
110045088720
110045088739
110045088748
110045088757
110045088766
110045088775
110045088784
110045088800
110045088819
110045088828
110045088837
110045088846
110045088855
110045088864
110045088873
110045088891
110045088908
110045088917
110045088926
110045088935
110045088944
110045088999
110045089024
110045089033
110045089042
110045089051
110045089060
110045089097
110045089104
110045089122
110045089131
110045089140
110045089177
110045089186
110045089195
110045089202
110045089211
110045089220
110045089239
110045089248
110045089257
110045089266
110045089275
110045089284
110045089293
110045089300
110045089319
110045089328
110045089337
110045089346
110045089355
110045089364
110045089373
110045089382
110045089391
110045089408
110045089426
110045089435
110045089444
110045089453
110045089462
110045089471
110045089480
110045089514
110045089523
110045089532
110045089541
110045089550
110045089569
110045089587
110045089596
110045089603
110045089612
110045089621
110045089630
110045089649
110045089658
110045089685
110045089694
110045089710
110045089729
110045089738
110045089747
110045089756
110045089765
110045089774
110045089783
110045089792
110045089809
110045089818
110045089827
110045089836
110045089845
110045089854
110045089863
110045089872
110045089881
110045089890
110045089907
110045089916
110045089925
110045089934
110045089943
110045089952
110045089961
110045089970
110045089989
110045089998
110045090003
110045090021
110045090030
110045090049
110045090058
110045090076
110045090085
110045090094
110045090101
110045090110
110045090129
110045090138
110045090147
110045090156
110045090165
110045090174
110045090183
110045090192
110045090209
110045090218
110045090227
110045090236
110045090245
110045090254
110045090263
110045090272
110045090281
110045090290
110045090307
110045090316
110045090325
110045090334
110045090343
110045090352
110045090361
110045090370
110045090389
110045090398
110045090405
110045090423
110045090432
110045090441
110045090450
110045090469
110045090478
110045090487
110045090496
110045090502
110045090511
110045090520
110045090548
110045090557
110045090566
110045090575
110045090584
110045090619
110045090628
110045090637
110045090646
110045090655
110045090664
110045090673
110045090682
110045090691
110045090708
110045090717
110045090735
110045090744
110045090753
110045090762
110045090771
110045090780
110045090799
110045090806
110045090815
110045090824
110045090833
110045090842
110045090851
110045090860
110045090879
110045090888
110045090897
110045090904
110045090913
110045090922
110045090931
110045090940
110045090959
110045090968
110045090977
110045090986
110045090995
110045091002
110045091011
110045091020
110045091039
110045091048
110045091084
110045091093
110045091100
110045091119
110045091128
110045091137
110045091146
110045091155
110045091173
110045091182
110045091191
110045091208
110045091217
110045091226
110045091235
110045091244
110045091253
110045091262
110045091271
110045091280
110045091299
110045091315
110045091324
110045091333
110045091342
110045091351
110045091360
110045091379
110045091388
110045091397
110045091404
110045091413
110045091422
110045091440
110045091459
110045091468
110045091477
110045091486
110045091495
110045091501
110045091510
110045091529
110045091538
110045091547
110045091556
110045091565
110045091574
110045091583
110045091592
110045091618
110045091636
110045091645
110045091654
110045091663
110045091672
110045091681
110045091690
110045091707
110045091716
110045091725
110045091734
110045091743
110045091752
110045091761
110045091789
110045091798
110045091805
110045091814
110045091823
110045091832
110045091841
110045091878
110045091896
110045091903
110045091912
110045091921
110045091930
110045091949
110045091976
110045091985
110045091994
110045092001
110045092010
110045092029
110045092038
110045092047
110045092056
110045092065
110045092074
110045092083
110045092092
110045092109
110045092118
110045092127
110045092136
110045092145
110045092154
110045092163
110045092172
110045092181
110045092190
110045092207
110045092216
110045092225
110045092234
110045092243
110045092252
110045092261
110045092270
110045092289
110045092298
110045092305
110045092314
110045092323
110045092332
110045092341
110045092350
110045092369
110045092378
110045092387
110045092396
110045092403
110045092412
110045092421
110045092430
110045092449
110045092458
110045092467
110045092476
110045092485
110045092494
110045092500
110045092519
110045092528
110045092537
110045092546
110045092555
110045092564
110045092582
110045092591
110045092608
110045092617
110045092626
110045092635
110045092644
110045092653
110045092662
110045092671
110045092699
110045092715
110045092724
110045092733
110045092742
110045092751
110045092760
110045092779
110045092788
110045092797
110045092804
110045092822
110045092840
110045092859
110045092868
110045092877
110045092895
110045092902
110045092911
110045092920
110045092948
110045092957
110045092966
110045092975
110045092984
110045092993
110045093000
110045093019
110045093028
110045093037
110045093046
110045093055
110045093064
110045093073
110045093082
110045093091
110045093108
110045093135
110045093144
110045093153
110045093162
110045093171
110045093180
110045093199
110045093206
110045093215
110045093224
110045093233
110045093242
110045093251
110045093260
110045093279
110045093288
110045093297
110045093304
110045093313
110045093331
110045093368
110045093377
110045093386
110045093395
110045093402
110045093411
110045093439
110045093448
110045093457
