110045093466
110045093475
110045093484
110045093527
110045093536
110045093554
110045093563
110045093572
110045093581
110045093590
110045093607
110045093616
110045093625
110045093634
110045093643
110045093652
110045093661
110045093670
110045093689
110045093698
110045093705
110045093723
110045093732
110045093741
110045093750
110045093769
110045093778
110045093787
110045093796
110045093803
110045093812
110045093821
110045093830
110045093849
110045093858
110045093867
110045093876
110045093885
110045093894
110045093901
110045093910
110045093929
110045093947
110045093956
110045093965
110045093974
110045093983
110045093992
110045094009
110045094018
110045094027
110045094036
110045094045
110045094054
110045094063
110045094072
110045094081
110045094107
110045094116
110045094125
110045094134
110045094152
110045094161
110045094170
110045094189
110045094198
110045094205
110045094214
110045094223
110045094241
110045094269
110045094278
110045094287
110045094296
110045094303
110045094312
110045094321
110045094330
110045094349
110045094358
110045094367
110045094376
110045094385
110045094394
110045094401
110045094410
110045094429
110045094438
110045094447
110045094456
110045094465
110045094474
110045094483
110045094492
110045094508
110045094517
110045094526
110045094535
110045094544
110045094553
110045094562
110045094571
110045094580
110045094599
110045094615
110045094624
110045094633
110045094642
110045094651
110045094660
110045094679
110045094688
110045094697
110045094713
110045094722
110045094731
110045094740
110045094759
110045094768
110045094777
110045094786
110045094795
110045094802
110045094811
110045094820
110045094839
110045094848
110045094857
110045094866
110045094875
110045094884
110045094893
110045094900
110045094919
110045094928
110045094937
110045094955
110045094964
110045094973
110045094991
110045095008
110045095017
110045095026
110045095035
110045095044
110045095062
110045095071
110045095080
110045095099
110045095106
110045095115
110045095124
110045095133
110045095142
110045095151
110045095160
110045095179
110045095188
110045095197
110045095204
110045095213
110045095222
110045095231
110045095240
110045095259
110045095268
110045095277
110045095286
110045095295
110045095302
110045095311
110045095320
110045095339
110045095348
110045095357
110045095366
110045095375
110045095384
110045095393
110045095400
110045095419
110045095428
110045095446
110045095455
110045095464
110045095473
110045095482
110045095491
110045095507
110045095516
110045095525
110045095534
110045095543
110045095552
110045095561
110045095570
110045095589
110045095598
110045095614
110045095623
110045095632
110045095641
110045095650
110045095669
110045095678
110045095687
110045095703
110045095712
110045095721
110045095730
110045095749
110045095758
110045095767
110045095776
110045095785
110045095794
110045095801
110045095810
110045095829
110045095838
110045095847
110045095856
110045095865
110045095874
110045095883
110045095892
110045095909
110045095918
110045095936
110045095945
110045095954
110045095963
110045095972
110045095981
110045095990
110045096007
110045096016
110045096025
110045096034
110045096043
110045096052
110045096061
110045096070
110045096089
110045096098
110045096105
110045096114
110045096123
110045096132
110045096141
110045096150
110045096169
110045096178
110045096187
110045096196
110045096203
110045096212
110045096221
110045096230
110045096249
110045096258
110045096267
110045096276
110045096285
110045096294
110045096301
110045096310
110045096329
110045096338
110045096347
110045096356
110045096365
110045096374
110045096383
110045096392
110045096409
110045096418
110045096427
110045096436
110045096445
110045096454
110045096463
110045096472
110045096481
110045096506
110045096524
110045096533
110045096542
110045096551
110045096560
110045096579
110045096588
110045096597
110045096604
110045096613
110045096622
110045096631
110045096659
110045096668
110045096695
110045096702
110045096711
110045096720
110045096739
110045096748
110045096757
110045096766
110045096828
110045096837
110045096846
110045096855
110045096864
110045096873
110045096882
110045096891
110045096908
110045096917
110045096926
110045096935
110045096944
110045096953
110045096971
110045096980
110045096999
110045097006
110045097015
110045097024
110045097033
110045097042
110045097051
110045097060
110045097079
110045097088
110045097097
110045097104
110045097113
110045097122
110045097131
110045097140
110045097159
110045097168
110045097177
110045097186
110045097202
110045097211
110045097220
110045097239
110045097248
110045097257
110045097266
110045097275
110045097355
110045097435
110045097444
110045097453
110045097480
110045097514
110045097523
110045097532
110045097541
110045097550
110045097596
110045097603
110045097612
110045097621
110045097630
110045097649
110045097658
110045097667
110045097676
110045097685
110045097694
110045097701
110045097710
110045097729
110045097738
110045097747
110045097756
110045097765
110045097774
110045097783
110045097792
110045097827
110045097836
110045097845
110045097854
110045097863
110045097872
110045097890
110045097907
110045097916
110045097925
110045097934
110045097943
110045097952
110045097961
110045097970
110045097989
110045097998
110045098005
110045098023
110045098032
110045098041
110045098050
110045098069
110045098087
110045098096
110045098103
110045098112
110045098121
110045098130
110045098158
110045098167
110045098185
110045098194
110045098201
110045098210
110045098229
110045098238
110045098247
110045098256
110045098265
110045098274
110045098283
110045098309
110045098318
110045098327
110045098336
110045098345
110045098354
110045098363
110045098372
110045098381
110045098390
110045098407
110045098416
110045098425
110045098434
110045098443
110045098452
110045098461
110045098470
110045098489
110045098498
110045098504
110045098513
110045098522
110045098531
110045098540
110045098559
110045098568
110045098577
110045098586
110045098595
110045098602
110045098611
110045098620
110045098639
110045098648
110045098657
110045098666
110045098675
110045098684
110045098693
110045098700
110045098719
110045098746
110045098755
110045098764
110045098773
110045098791
110045098808
110045098817
110045098826
110045098835
110045098844
110045098853
110045098862
110045098871
110045098880
110045098899
110045098906
110045098924
110045098933
110045098942
110045098951
110045098960
110045098988
110045098997
110045099004
110045099013
110045099031
110045099040
110045099059
110045099068
110045099086
110045099095
110045099102
110045099111
110045099120
110045099139
110045099148
110045099157
110045099166
110045099175
110045099184
110045099193
110045099200
110045099228
110045099237
110045099246
110045099255
110045099264
110045099273
110045099282
110045099291
110045099308
110045099317
110045099335
110045099344
110045099353
110045099371
110045099380
110045099399
110045099415
110045099424
110045099433
110045099442
110045099451
110045099460
110045099497
110045099503
110045099512
110045099521
110045099530
110045099549
110045099558
110045099567
110045099576
110045099585
110045099594
110045099601
110045099610
110045099629
110045099638
110045099647
110045099656
110045099665
110045099674
110045099709
110045099718
110045099727
110045099736
110045099745
110045099754
110045099763
110045099772
110045099781
110045099807
110045099816
110045099825
110045099843
110045099852
110045099861
110045099889
110045099898
110045099905
110045099914
110045099932
110045099941
110045099950
110045099969
110045099978
110045099987
110045099996
110045100001
110045100010
110045100029
110045100038
110045100047
110045100056
110045100074
110045100083
110045100092
110045100109
110045100118
110045100127
110045100136
110045100145
110045100154
110045100163
110045100172
110045100181
110045100190
110045100207
110045100225
110045100234
110045100243
110045100252
110045100261
110045100289
110045100298
110045100305
110045100314
110045100323
110045100332
110045100341
110045100350
110045100369
110045100378
110045100387
110045100396
110045100403
110045100412
110045100421
110045100449
110045100458
110045100476
110045100485
110045100494
110045100500
110045100519
110045100528
110045100537
110045100546
110045100555
110045100564
110045100573
110045100582
110045100591
110045100608
110045100617
110045100626
110045100635
110045100644
110045100653
110045100662
110045100671
110045100680
110045100699
110045100706
110045100715
110045100724
110045100733
110045100742
110045100751
110045100760
110045100779
110045100788
110045100797
110045100804
110045100813
110045100822
110045100831
110045100840
110045100859
110045100877
110045100886
110045100895
110045100902
110045100911
110045100939
110045100948
110045100957
110045100966
110045100975
110045100984
110045100993
110045101000
110045101028
110045101037
110045101046
110045101055
110045101064
110045101073
110045101082
110045101091
110045101117
110045101126
110045101144
110045101153
110045101162
110045101171
110045101180
110045101199
110045101206
110045101215
110045101224
110045101233
110045101242
110045101251
110045101260
110045101279
110045101288
110045101297
110045101304
110045101313
110045101322
110045101331
110045101340
110045101359
110045101368
110045101377
110045101386
110045101395
110045101402
110045101411
110045101420
110045101439
110045101448
110045101457
110045101466
110045101475
110045101484
110045101493
110045101509
110045101518
110045101527
110045101536
110045101545
110045101554
110045101563
110045101572
110045101581
110045101590
110045101607
110045101616
110045101625
110045101634
110045101643
110045101661
110045101670
110045101689
110045101698
110045101714
110045101723
110045101732
110045101741
110045101750
110045101769
110045101787
110045101796
110045101803
110045101812
110045101821
110045101830
110045101849
110045101858
110045101867
110045101876
110045101885
110045101894
110045101901
110045101910
110045101929
110045101938
110045101947
110045101956
110045101965
110045101974
110045101983
110045101992
110045102009
110045102018
110045102027
110045102036
110045102045
110045102054
110045102063
110045102072
110045102081
110045102090
110045102107
110045102116
110045102134
110045102143
110045102152
110045102161
110045102189
110045102198
110045102205
110045102214
110045102223
110045102232
110045102241
110045102250
110045102269
110045102278
110045102287
110045102296
110045102303
110045102312
110045102321
110045102330
110045102349
110045102367
110045102376
110045102385
110045102401
110045102410
110045102438
110045102447
110045102456
110045102465
110045102474
110045102483
110045102492
110045102508
110045102526
110045102535
110045102553
110045102562
110045102571
110045102580
110045102599
110045102606
110045102615
110045102624
110045102633
110045102642
110045102651
110045102660
110045102679
110045102688
110045102697
110045102704
110045102713
110045102722
110045102731
110045102759
110045102768
110045102777
110045102786
110045102795
110045102802
110045102811
110045102820
110045102839
110045102857
110045102875
110045102893
110045102900
110045102928
110045102937
110045102955
110045102973
110045102982
110045103008
110045103017
110045103026
110045103035
110045103044
110045103053
110045103062
110045103071
110045103080
110045103106
110045103124
110045103133
110045103160
110045103179
110045103197
110045103204
110045103213
110045103222
110045103231
110045103240
110045103259
110045103268
110045103286
110045103295
110045103302
110045103311
110045103320
110045103339
110045103348
110045103357
110045103366
110045103375
110045103384
110045103393
110045103400
110045103419
110045103428
110045103437
110045103446
110045103455
110045103464
110045103473
110045103482
110045103491
110045103507
110045103516
110045103525
110045103534
110045103543
110045103552
110045103561
110045103570
110045103589
110045103598
110045103605
110045103614
110045103623
110045103632
110045103641
110045103650
110045103669
110045103678
110045103687
110045103696
110045103703
110045103721
110045103730
110045103749
110045103758
110045103767
110045103776
110045103785
110045103801
110045103810
110045103829
110045103838
110045103847
110045103856
110045103865
110045103874
110045103883
110045103892
110045103909
110045103918
110045103927
110045103936
110045103945
110045103954
110045103972
110045103981
110045103990
110045104007
110045104016
110045104025
110045104034
110045104043
110045104052
110045104061
110045104070
110045104089
110045104098
110045104105
110045104114
110045104123
110045104132
110045104141
110045104150
110045104169
110045104178
110045104187
110045104196
110045104203
110045104212
110045104221
110045104230
110045104249
110045104258
110045104267
110045104276
110045104301
110045104310
110045104329
110045104338
110045104347
110045104356
110045104365
110045104374
110045104383
110045104392
110045104409
110045104418
110045104427
110045104436
110045104445
110045104454
110045104463
110045104472
110045104490
110045104506
110045104515
110045104524
110045104533
110045104542
110045104551
110045104560
110045104579
110045104588
110045104597
110045104604
110045104613
110045104622
110045104631
110045104640
