110045104659
110045104668
110045104677
110045104686
110045104695
110045104711
110045104720
110045104739
110045104748
110045104757
110045104766
110045104775
110045104800
110045104819
110045104828
110045104837
110045104846
110045104855
110045104864
110045104873
110045104882
110045104917
110045104944
110045104953
110045104971
110045104980
110045104999
110045105006
110045105015
110045105024
110045105033
110045105042
110045105051
110045105060
110045105079
110045105088
110045105097
110045105104
110045105113
110045105122
110045105131
110045105140
110045105159
110045105168
110045105177
110045105186
110045105195
110045105202
110045105211
110045105220
110045105248
110045105257
110045105266
110045105275
110045105284
110045105293
110045105319
110045105328
110045105337
110045105346
110045105355
110045105364
110045105373
110045105382
110045105391
110045105417
110045105426
110045105435
110045105444
110045105453
110045105462
110045105471
110045105480
110045105499
110045105505
110045105514
110045105523
110045105532
110045105541
110045105550
110045105569
110045105578
110045105587
110045105596
110045105603
110045105612
110045105630
110045105649
110045105658
110045105667
110045105676
110045105685
110045105694
110045105701
110045105710
110045105729
110045105738
110045105747
110045105756
110045105765
110045105774
110045105792
110045105809
110045105818
110045105827
110045105836
110045105845
110045105854
110045105863
110045105872
110045105881
110045105890
110045105907
110045105916
110045105925
110045105934
110045105943
110045105952
110045105961
110045105970
110045105989
110045105998
110045106005
110045106014
110045106023
110045106032
110045106041
110045106050
110045106069
110045106078
110045106087
110045106096
110045106103
110045106112
110045106121
110045106130
110045106149
110045106167
110045106176
110045106185
110045106194
110045106201
110045106210
110045106229
110045106238
110045106247
110045106256
110045106265
110045106274
110045106283
110045106292
110045106309
110045106318
110045106327
110045106336
110045106345
110045106354
110045106363
110045106372
110045106381
110045106390
110045106407
110045106416
110045106425
110045106434
110045106452
110045106470
110045106522
110045106531
110045106559
110045106577
110045106586
110045106595
110045106611
110045106620
110045106639
110045106657
110045106666
110045106693
110045106700
110045106737
110045106746
110045106764
110045106773
110045106782
110045106808
110045106817
110045106826
110045106835
110045106853
110045106862
110045106871
110045106880
110045106899
110045106906
110045106915
110045106924
110045106933
110045106942
110045106951
110045106960
110045106979
110045106988
110045106997
110045107004
110045107013
110045107022
110045107031
110045107040
110045107059
110045107068
110045107077
110045107086
110045107095
110045107102
110045107111
110045107139
110045107148
110045107157
110045107166
110045107175
110045107184
110045107193
110045107200
110045107219
110045107228
110045107237
110045107246
110045107255
110045107264
110045107273
110045107282
110045107291
110045107308
110045107317
110045107326
110045107335
110045107344
110045107353
110045107362
110045107371
110045107380
110045107399
110045107406
110045107415
110045107433
110045107442
110045107460
110045107479
110045107488
110045107497
110045107503
110045107512
110045107521
110045107530
110045107549
110045107558
110045107567
110045107576
110045107585
110045107594
110045107601
110045107610
110045107638
110045107647
110045107656
110045107665
110045107674
110045107683
110045107692
110045107709
110045107718
110045107727
110045107736
110045107745
110045107754
110045107763
110045107772
110045107781
110045107807
110045107816
110045107825
110045107834
110045107843
110045107852
110045107861
110045107870
110045107889
110045107898
110045107905
110045107914
110045107923
110045107932
110045107941
110045107950
110045107969
110045107978
110045107987
110045107996
110045108003
110045108012
110045108030
110045108049
110045108058
110045108067
110045108076
110045108085
110045108094
110045108101
110045108110
110045108129
110045108138
110045108147
110045108156
110045108165
110045108174
110045108183
110045108192
110045108209
110045108218
110045108227
110045108236
110045108245
110045108254
110045108263
110045108272
110045108281
110045108290
110045108325
110045108334
110045108370
110045108389
110045108405
110045108423
110045108441
110045108450
110045108469
110045108478
110045108487
110045108496
110045108511
110045108520
110045108539
110045108548
110045108557
110045108566
110045108593
110045108600
110045108646
110045108655
110045108664
110045108682
110045108691
110045108708
110045108717
110045108726
110045108735
110045108744
110045108753
110045108762
110045108771
110045108780
110045108799
110045108806
110045108815
110045108824
110045108833
110045108842
110045108851
110045108860
110045108879
110045108888
110045108897
110045108904
110045108922
110045108931
110045108940
110045108968
110045108977
110045108986
110045108995
110045109002
110045109011
110045109020
110045109039
110045109048
110045109057
110045109075
110045109084
110045109100
110045109119
110045109128
110045109137
110045109146
110045109155
110045109164
110045109182
110045109191
110045109208
110045109217
110045109226
110045109235
110045109244
110045109253
110045109262
110045109271
110045109280
110045109299
110045109306
110045109315
110045109324
110045109333
110045109342
110045109351
110045109360
110045109379
110045109388
110045109397
110045109404
110045109413
110045109422
110045109431
110045109440
110045109459
110045109468
110045109477
110045109486
110045109495
110045109501
110045109547
110045109556
110045109565
110045109574
110045109583
110045109618
110045109627
110045109636
110045109645
110045109654
110045109663
110045109672
110045109681
110045109690
110045109707
110045109716
110045109725
110045109734
110045109743
110045109752
110045109761
110045109770
110045109789
110045109798
110045109805
110045109814
110045109823
110045109832
110045109841
110045109850
110045109869
110045109878
110045109887
110045109896
110045109903
110045109912
110045109921
110045109930
110045109949
110045109958
110045109967
110045109985
110045109994
110045110009
110045110018
110045110027
110045110036
110045110045
110045110054
110045110063
110045110072
110045110081
110045110090
110045110107
110045110125
110045110134
110045110143
110045110152
110045110170
110045110198
110045110205
110045110223
110045110269
110045110278
110045110287
110045110303
110045110312
110045110321
110045110330
110045110349
110045110358
110045110367
110045110385
110045110401
110045110410
110045110429
110045110438
110045110447
110045110474
110045110483
110045110492
110045110508
110045110517
110045110526
110045110535
110045110553
110045110562
110045110571
110045110580
110045110599
110045110606
110045110615
110045110624
110045110633
110045110642
110045110651
110045110660
110045110679
110045110688
110045110697
110045110704
110045110713
110045110722
110045110731
110045110740
110045110759
110045110768
110045110777
110045110786
110045110795
110045110802
110045110811
110045110820
110045110839
110045110848
110045110857
110045110866
110045110875
110045110884
110045110893
110045110900
110045110919
110045110937
110045110946
110045110955
110045110964
110045110982
110045110991
110045111008
110045111017
110045111026
110045111035
110045111044
110045111053
110045111062
110045111071
110045111080
110045111099
110045111106
110045111115
110045111124
110045111133
110045111151
110045111160
110045111188
110045111197
110045111204
110045111213
110045111222
110045111231
110045111240
110045111259
110045111268
110045111277
110045111286
110045111295
110045111302
110045111311
110045111320
110045111339
110045111348
110045111357
110045111366
110045111375
110045111384
110045111393
110045111400
110045111419
110045111437
110045111446
110045111455
110045111464
110045111473
110045111482
110045111491
110045111507
110045111516
110045111525
110045111534
110045111543
110045111552
110045111561
110045111570
110045111589
110045111598
110045111605
110045111614
110045111623
110045111632
110045111641
110045111650
110045111669
110045111678
110045111687
110045111696
110045111703
110045111712
110045111721
110045111730
110045111749
110045111758
110045111767
110045111776
110045111785
110045111794
110045111801
110045111810
110045111829
110045111838
110045111847
110045111856
110045111874
110045111883
110045111892
110045111909
110045111918
110045111927
110045111936
110045111945
110045111954
110045111963
110045111990
110045112007
110045112016
110045112025
110045112043
110045112061
110045112070
110045112089
110045112105
110045112114
110045112123
110045112132
110045112150
110045112169
110045112178
110045112196
110045112212
110045112249
110045112258
110045112276
110045112285
110045112294
110045112310
110045112329
110045112347
110045112356
110045112374
110045112383
110045112392
110045112409
110045112418
110045112427
110045112436
110045112445
110045112454
110045112463
110045112472
110045112481
110045112490
110045112515
110045112524
110045112533
110045112542
110045112551
110045112560
110045112579
110045112588
110045112597
110045112604
110045112613
110045112622
110045112631
110045112640
110045112659
110045112668
110045112677
110045112686
110045112695
110045112702
110045112711
110045112720
110045112739
110045112748
110045112757
110045112766
110045112793
110045112800
110045112819
110045112828
110045112837
110045112846
110045112855
110045112864
110045112882
110045112891
110045112908
110045112917
110045112926
110045112935
110045112944
110045112953
110045112962
110045112971
110045112980
110045112999
110045113006
110045113015
110045113024
110045113042
110045113051
110045113060
110045113079
110045113088
110045113097
110045113104
110045113113
110045113131
110045113140
110045113159
110045113168
110045113177
110045113186
110045113195
110045113202
110045113220
110045113239
110045113248
110045113257
110045113266
110045113284
110045113300
110045113337
110045113346
110045113364
110045113373
110045113382
110045113391
110045113408
110045113417
110045113444
110045113453
110045113462
110045113471
110045113480
110045113499
110045113505
110045113514
110045113523
110045113532
110045113541
110045113550
110045113569
110045113578
110045113587
110045113596
110045113612
110045113621
110045113630
110045113649
110045113658
110045113667
110045113676
110045113685
110045113694
110045113701
110045113747
110045113756
110045113765
110045113783
110045113792
110045113809
110045113818
110045113827
110045113836
110045113845
110045113854
110045113863
110045113872
110045113881
110045113890
110045113907
110045113916
110045113925
110045113952
110045113961
110045114005
110045114023
110045114032
110045114041
110045114050
110045114069
110045114087
110045114103
110045114112
110045114130
110045114167
110045114176
110045114185
110045114194
110045114201
110045114210
110045114229
110045114238
110045114256
110045114265
110045114274
110045114283
110045114292
110045114309
110045114327
110045114336
110045114345
110045114354
110045114363
110045114372
110045114381
110045114390
110045114407
110045114416
110045114425
110045114434
110045114443
110045114452
110045114461
110045114470
110045114489
110045114498
110045114504
110045114513
110045114522
110045114531
110045114540
110045114559
110045114568
110045114577
110045114586
110045114595
110045114602
110045114611
110045114620
110045114639
110045114648
110045114657
110045114675
110045114684
110045114693
110045114700
110045114719
110045114728
110045114737
110045114746
110045114755
110045114764
110045114773
110045114791
110045114808
110045114826
110045114835
110045114844
110045114853
110045114862
110045114871
110045114880
110045114899
110045114906
110045114915
110045114924
110045114933
110045114942
110045114951
110045114960
110045114979
110045114997
110045115004
110045115013
110045115022
110045115040
110045115059
110045115086
110045115095
110045115102
110045115111
110045115120
110045115139
110045115148
110045115157
110045115166
110045115175
110045115184
110045115193
110045115200
110045115219
110045115237
110045115255
110045115264
110045115273
110045115282
110045115308
110045115317
110045115335
110045115344
110045115353
110045115362
110045115380
110045115399
110045115406
110045115424
110045115442
110045115460
110045115479
110045115488
110045115497
110045115503
110045115512
110045115521
110045115530
110045115549
110045115558
110045115576
110045115585
110045115594
110045115601
110045115629
110045115638
110045115647
110045115656
110045115665
110045115674
110045115683
110045115709
110045115718
110045115727
110045115745
110045115754
110045115781
110045115807
110045115825
110045115834
110045115843
110045115852
110045115861
110045115898
110045115905
110045115914
110045115923
110045115932
110045115941
110045115950
110045115969
110045115987
110045115996
110045116003
110045116021
110045116030
110045116049
110045116058
110045116067
110045116076
110045116085
110045116101
110045116110
110045116129
110045116138
110045116147
110045116156
110045116165
110045116174
110045116183
110045116192
110045116209
