110045116218
110045116227
110045116236
110045116245
110045116254
110045116263
110045116272
110045116281
110045116290
110045116307
110045116316
110045116325
110045116334
110045116343
110045116352
110045116361
110045116370
110045116389
110045116398
110045116405
110045116414
110045116423
110045116432
110045116441
110045116450
110045116469
110045116478
110045116487
110045116496
110045116502
110045116511
110045116520
110045116539
110045116548
110045116557
110045116566
110045116575
110045116584
110045116593
110045116600
110045116619
110045116628
110045116637
110045116646
110045116655
110045116664
110045116673
110045116682
110045116691
110045116708
110045116717
110045116726
110045116735
110045116744
110045116753
110045116762
110045116771
110045116780
110045116799
110045116815
110045116824
110045116833
110045116842
110045116851
110045116860
110045116879
110045116888
110045116897
110045116904
110045116913
110045116922
110045116931
110045116940
110045116959
110045116968
110045116977
110045116986
110045116995
110045117002
110045117011
110045117020
110045117039
110045117048
110045117057
110045117066
110045117075
110045117084
110045117093
110045117100
110045117119
110045117128
110045117137
110045117146
110045117155
110045117164
110045117173
110045117191
110045117208
110045117217
110045117226
110045117235
110045117244
110045117262
110045117271
110045117280
110045117299
110045117306
110045117324
110045117333
110045117342
110045117351
110045117360
110045117379
110045117388
110045117397
110045117404
110045117413
110045117422
110045117431
110045117440
110045117459
110045117468
110045117486
110045117495
110045117501
110045117529
110045117547
110045117556
110045117574
110045117583
110045117609
110045117618
110045117636
110045117645
110045117654
110045117663
110045117672
110045117681
110045117690
110045117707
110045117716
110045117725
110045117734
110045117761
110045117770
110045117789
110045117798
110045117805
110045117814
110045117823
110045117832
110045117841
110045117850
110045117869
110045117878
110045117887
110045117896
110045117903
110045117912
110045117921
110045117930
110045117949
110045117958
110045117967
110045117976
110045117994
110045118001
110045118010
110045118029
110045118038
110045118047
110045118056
110045118065
110045118074
110045118083
110045118092
110045118109
110045118118
110045118127
110045118136
110045118145
110045118154
110045118163
110045118172
110045118181
110045118190
110045118207
110045118216
110045118225
110045118234
110045118243
110045118252
110045118261
110045118270
110045118289
110045118298
110045118305
110045118314
110045118323
110045118332
110045118341
110045118350
110045118369
110045118378
110045118387
110045118403
110045118412
110045118421
110045118430
110045118449
110045118458
110045118467
110045118476
110045118485
110045118494
110045118500
110045118519
110045118528
110045118537
110045118546
110045118564
110045118573
110045118582
110045118591
110045118608
110045118617
110045118626
110045118635
110045118644
110045118653
110045118662
110045118671
110045118680
110045118699
110045118706
110045118715
110045118724
110045118733
110045118742
110045118751
110045118760
110045118779
110045118788
110045118797
110045118804
110045118813
110045118840
110045118859
110045118868
110045118877
110045118886
110045118895
110045118902
110045118939
110045118957
110045118966
110045118975
110045118993
110045119000
110045119028
110045119037
110045119046
110045119055
110045119073
110045119091
110045119108
110045119117
110045119126
110045119135
110045119144
110045119153
110045119162
110045119171
110045119199
110045119224
110045119233
110045119251
110045119260
110045119279
110045119288
110045119297
110045119304
110045119313
110045119331
110045119359
110045119368
110045119402
110045119439
110045119466
110045119475
110045119484
110045119493
110045119509
110045119518
110045119536
110045119545
110045119554
110045119563
110045119572
110045119581
110045119590
110045119607
110045119616
110045119643
110045119661
110045119670
110045119698
110045119705
110045119741
110045119750
110045119769
110045119778
110045119787
110045119796
110045119803
110045119812
110045119821
110045119830
110045119849
110045119858
110045119876
110045119885
110045119894
110045119901
110045119929
110045119938
110045119947
110045119956
110045119965
110045119974
110045119983
110045119992
110045120007
110045120016
110045120025
110045120034
110045120043
110045120052
110045120061
110045120070
110045120089
110045120098
110045120114
110045120123
110045120132
110045120141
110045120169
110045120178
110045120187
110045120196
110045120203
110045120212
110045120221
110045120249
110045120258
110045120267
110045120276
110045120285
110045120294
110045120301
110045120310
110045120329
110045120338
110045120347
110045120356
110045120365
110045120374
110045120383
110045120392
110045120418
110045120427
110045120436
110045120445
110045120454
110045120463
110045120472
110045120506
110045120515
110045120524
110045120533
110045120542
110045120560
110045120579
110045120588
110045120597
110045120604
110045120613
110045120622
110045120631
110045120640
110045120659
110045120668
110045120686
110045120695
110045120702
110045120711
110045120720
110045120739
110045120748
110045120757
110045120766
110045120775
110045120784
110045120793
110045120800
110045120819
110045120828
110045120837
110045120846
110045120855
110045120873
110045120882
110045120891
110045120908
110045120917
110045120926
110045120935
110045120944
110045120953
110045120962
110045120971
110045120980
110045120999
110045121006
110045121015
110045121024
110045121042
110045121051
110045121060
110045121088
110045121097
110045121104
110045121113
110045121131
110045121140
110045121168
110045121186
110045121202
110045121211
110045121220
110045121239
110045121248
110045121257
110045121266
110045121284
110045121293
110045121300
110045121328
110045121337
110045121355
110045121364
110045121373
110045121382
110045121408
110045121417
110045121435
110045121444
110045121453
110045121462
110045121471
110045121480
110045121499
110045121505
110045121514
110045121523
110045121532
110045121541
110045121550
110045121569
110045121578
110045121587
110045121596
110045121603
110045121612
110045121621
110045121630
110045121649
110045121658
110045121667
110045121676
110045121685
110045121694
110045121701
110045121710
110045121729
110045121738
110045121747
110045121756
110045121765
110045121774
110045121783
110045121792
110045121809
110045121818
110045121827
110045121836
110045121845
110045121872
110045121881
110045121890
110045121925
110045121934
110045121943
110045121961
110045121970
110045121989
110045121998
110045122005
110045122014
110045122032
110045122041
110045122050
110045122069
110045122078
110045122087
110045122096
110045122103
110045122112
110045122121
110045122130
110045122149
110045122158
110045122167
110045122176
110045122185
110045122194
110045122201
110045122210
110045122238
110045122247
110045122256
110045122265
110045122274
110045122283
110045122292
110045122309
110045122318
110045122327
110045122336
110045122345
110045122354
110045122363
110045122372
110045122381
110045122390
110045122416
110045122434
110045122443
110045122452
110045122461
110045122470
110045122489
110045122504
110045122513
110045122522
110045122531
110045122540
110045122559
110045122568
110045122577
110045122586
110045122595
110045122611
110045122620
110045122639
110045122648
110045122657
110045122666
110045122675
110045122693
110045122700
110045122719
110045122728
110045122737
110045122755
110045122764
110045122773
110045122782
110045122791
110045122808
110045122817
110045122826
110045122835
110045122844
110045122853
110045122862
110045122871
110045122880
110045122899
110045122906
110045122915
110045122924
110045122933
110045122942
110045122951
110045122960
110045122979
110045122988
110045122997
110045123004
110045123013
110045123022
110045123031
110045123040
110045123059
110045123068
110045123077
110045123086
110045123095
110045123102
110045123111
110045123120
110045123139
110045123148
110045123157
110045123166
110045123175
110045123184
110045123193
110045123200
110045123219
110045123228
110045123237
110045123246
110045123255
110045123264
110045123273
110045123282
110045123291
110045123308
110045123326
110045123335
110045123344
110045123353
110045123362
110045123371
110045123380
110045123406
110045123415
110045123424
110045123433
110045123442
110045123460
110045123479
110045123488
110045123497
110045123503
110045123512
110045123521
110045123530
110045123549
110045123558
110045123567
110045123576
110045123585
110045123594
110045123601
110045123610
110045123629
110045123638
110045123647
110045123656
110045123665
110045123674
110045123683
110045123692
110045123709
110045123718
110045123727
110045123736
110045123745
110045123754
110045123763
110045123772
110045123781
110045123790
110045123807
110045123816
110045123825
110045123834
110045123843
110045123861
110045123870
110045123889
110045123898
110045123905
110045123914
110045123923
110045123932
110045123941
110045123950
110045123969
110045123978
110045123987
110045123996
110045124003
110045124012
110045124021
110045124030
110045124049
110045124058
110045124067
110045124076
110045124085
110045124094
110045124101
110045124110
110045124129
110045124138
110045124147
110045124156
110045124165
110045124174
110045124183
110045124192
110045124209
110045124218
110045124227
110045124254
110045124263
110045124272
110045124281
110045124290
110045124307
110045124316
110045124325
110045124334
110045124343
110045124352
110045124361
110045124370
110045124389
110045124405
110045124414
110045124423
110045124432
110045124450
110045124469
110045124478
110045124487
110045124496
110045124502
110045124511
110045124520
110045124539
110045124548
110045124566
110045124584
110045124593
110045124619
110045124628
110045124637
110045124646
110045124655
110045124664
110045124673
110045124682
110045124691
110045124708
110045124717
110045124726
110045124735
110045124744
110045124753
110045124762
110045124771
110045124780
110045124806
110045124815
110045124824
110045124833
110045124842
110045124851
110045124860
110045124879
110045124888
110045124897
110045124904
110045124913
110045124922
110045124931
110045124940
110045124959
110045124968
110045124977
110045124986
110045125020
110045125048
110045125057
110045125066
110045125093
110045125128
110045125137
110045125146
110045125155
110045125164
110045125173
110045125182
110045125191
110045125208
110045125217
110045125235
110045125244
110045125253
110045125262
110045125271
110045125280
110045125299
110045125306
110045125315
110045125324
110045125333
110045125342
110045125351
110045125360
110045125379
110045125388
110045125397
110045125404
110045125413
110045125422
110045125431
110045125440
110045125468
110045125477
110045125486
110045125495
110045125501
110045125510
110045125538
110045125547
110045125556
110045125565
110045125574
110045125583
110045125592
110045125609
110045125618
110045125627
110045125636
110045125645
110045125654
110045125663
110045125672
110045125681
110045125690
110045125707
110045125716
110045125725
110045125734
110045125743
110045125752
110045125761
110045125770
110045125789
110045125798
110045125805
110045125814
110045125823
110045125832
110045125896
110045125912
110045125930
110045125949
110045125976
110045126001
110045126010
110045126029
110045126038
110045126047
110045126056
110045126083
110045126109
110045126118
110045126127
110045126136
110045126145
110045126154
110045126163
110045126172
110045126181
110045126190
110045126207
110045126216
110045126225
110045126234
110045126252
110045126261
110045126289
110045126298
110045126305
110045126314
110045126323
110045126341
110045126350
110045126369
110045126387
110045126396
110045126403
110045126412
110045126421
110045126430
110045126449
110045126458
110045126467
110045126476
110045126485
110045126494
110045126500
110045126519
110045126528
110045126537
110045126546
110045126555
110045126564
110045126573
110045126582
110045126608
110045126617
110045126626
110045126644
110045126653
110045126662
110045126680
110045126699
110045126706
110045126715
110045126724
110045126733
110045126742
110045126751
110045126760
110045126779
110045126788
110045126797
110045126813
110045126822
110045126831
110045126840
110045126859
110045126868
110045126877
110045126886
110045126895
110045126902
110045126911
110045126920
110045126939
110045126948
110045126957
110045126966
110045126975
110045126984
110045126993
110045127000
110045127019
110045127028
110045127037
110045127046
110045127055
110045127064
110045127073
110045127082
110045127091
110045127108
110045127117
110045127126
110045127135
110045127144
110045127153
110045127162
110045127171
110045127180
110045127199
110045127206
110045127215
110045127224
110045127233
110045127242
110045127251
110045127260
110045127279
110045127288
110045127304
110045127313
110045127331
110045127340
110045127359
110045127377
110045127386
110045127395
110045127402
110045127411
110045127420
110045127439
110045127448
110045127457
110045127466
110045127475
110045127484
