110045127493
110045127509
110045127527
110045127536
110045127545
110045127554
110045127563
110045127572
110045127581
110045127590
110045127607
110045127616
110045127625
110045127634
110045127643
110045127652
110045127661
110045127670
110045127689
110045127698
110045127705
110045127714
110045127723
110045127732
110045127741
110045127750
110045127769
110045127778
110045127787
110045127796
110045127803
110045127821
110045127830
110045127849
110045127858
110045127876
110045127885
110045127894
110045127901
110045127910
110045127929
110045127938
110045127947
110045127956
110045127965
110045127974
110045127983
110045127992
110045128009
110045128018
110045128027
110045128036
110045128045
110045128054
110045128063
110045128072
110045128081
110045128090
110045128107
110045128125
110045128134
110045128143
110045128152
110045128161
110045128170
110045128189
110045128198
110045128205
110045128214
110045128223
110045128232
110045128241
110045128250
110045128269
110045128278
110045128287
110045128296
110045128303
110045128312
110045128321
110045128330
110045128349
110045128358
110045128367
110045128376
110045128385
110045128394
110045128401
110045128410
110045128429
110045128438
110045128447
110045128456
110045128465
110045128474
110045128483
110045128492
110045128517
110045128526
110045128544
110045128553
110045128562
110045128571
110045128580
110045128599
110045128606
110045128615
110045128624
110045128633
110045128642
110045128651
110045128660
110045128679
110045128688
110045128704
110045128713
110045128722
110045128731
110045128740
110045128759
110045128777
110045128786
110045128795
110045128802
110045128811
110045128820
110045128839
110045128848
110045128866
110045128875
110045128884
110045128893
110045128900
110045128919
110045128928
110045128937
110045128946
110045128955
110045128964
110045128973
110045128982
110045128991
110045129017
110045129026
110045129035
110045129044
110045129053
110045129062
110045129071
110045129080
110045129099
110045129106
110045129115
110045129124
110045129133
110045129142
110045129151
110045129160
110045129179
110045129188
110045129197
110045129204
110045129213
110045129222
110045129231
110045129240
110045129259
110045129268
110045129277
110045129286
110045129295
110045129302
110045129320
110045129339
110045129348
110045129357
110045129366
110045129375
110045129384
110045129400
110045129419
110045129428
110045129437
110045129446
110045129455
110045129464
110045129473
110045129482
110045129491
110045129507
110045129516
110045129525
110045129534
110045129552
110045129561
110045129570
110045129589
110045129598
110045129605
110045129614
110045129623
110045129632
110045129641
110045129650
110045129669
110045129678
110045129696
110045129703
110045129712
110045129721
110045129730
110045129749
110045129767
110045129776
110045129785
110045129794
110045129801
110045129810
110045129829
110045129838
110045129856
110045129865
110045129874
110045129883
110045129892
110045129909
110045129918
110045129936
110045129945
110045129954
110045129963
110045129972
110045129981
110045129990
110045130005
110045130023
110045130032
110045130041
110045130050
110045130069
110045130078
110045130087
110045130103
110045130112
110045130121
110045130130
110045130149
110045130158
110045130167
110045130176
110045130185
110045130194
110045130201
110045130210
110045130229
110045130238
110045130247
110045130256
110045130265
110045130274
110045130283
110045130292
110045130309
110045130318
110045130327
110045130336
110045130345
110045130354
110045130363
110045130372
110045130381
110045130390
110045130407
110045130416
110045130425
110045130461
110045130470
110045130498
110045130504
110045130513
110045130522
110045130531
110045130540
110045130559
110045130568
110045130595
110045130602
110045130611
110045130620
110045130639
110045130648
110045130657
110045130666
110045130675
110045130693
110045130700
110045130719
110045130728
110045130737
110045130746
110045130755
110045130764
110045130773
110045130782
110045130791
110045130808
110045130817
110045130826
110045130835
110045130853
110045130862
110045130871
110045130899
110045130906
110045130915
110045130924
110045130933
110045130942
110045130951
110045130960
110045130979
110045130988
110045130997
110045131004
110045131013
110045131022
110045131031
110045131040
110045131059
110045131068
110045131077
110045131086
110045131095
110045131102
110045131111
110045131120
110045131139
110045131157
110045131166
110045131175
110045131184
110045131193
110045131219
110045131228
110045131237
110045131246
110045131255
110045131264
110045131273
110045131282
110045131291
110045131308
110045131317
110045131326
110045131335
110045131344
110045131353
110045131362
110045131371
110045131380
110045131399
110045131406
110045131415
110045131424
110045131433
110045131442
110045131451
110045131460
110045131479
110045131488
110045131497
110045131503
110045131512
110045131521
110045131530
110045131549
110045131629
110045131647
110045131656
110045131665
110045131674
110045131683
110045131692
110045131709
110045131718
110045131727
110045131736
110045131745
110045131754
110045131763
110045131772
110045131781
110045131790
110045131807
110045131816
110045131825
110045131843
110045131852
110045131861
110045131870
110045131889
110045131898
110045131905
110045131914
110045131923
110045131932
110045131941
110045131950
110045131969
110045131978
110045131987
110045131996
110045132003
110045132110
110045132405
110045132450
110045132469
110045132478
110045132487
110045132496
110045132502
110045132511
110045132520
110045132539
110045132548
110045132557
110045132566
110045132575
110045132584
110045132593
110045132619
110045132628
110045132637
110045132646
110045132655
110045132664
110045132682
110045132708
110045132717
110045132726
110045132735
110045132744
110045132753
110045132762
110045132771
110045132780
110045132799
110045132806
110045132815
110045132833
110045132842
110045132851
110045132860
110045132879
110045132888
110045132897
110045132904
110045132913
110045132922
110045132931
110045132940
110045132959
110045132968
110045132977
110045132986
110045132995
110045133002
110045133011
110045133020
110045133039
110045133048
110045133057
110045133066
110045133075
110045133084
110045133093
110045133100
110045133119
110045133137
110045133146
110045133173
110045133306
110045133468
110045133565
110045133574
110045133592
110045133609
110045133618
110045133627
110045133636
110045133645
110045133654
110045133663
110045133672
110045133681
110045133690
110045133707
110045133716
110045133725
110045133734
110045133743
110045133752
110045133761
110045133770
110045133805
110045133814
110045133823
110045133832
110045133841
110045133869
110045133878
110045133887
110045133896
110045133903
110045133921
110045133930
110045133949
110045133958
110045133967
110045133976
110045133985
110045133994
110045134001
110045134010
110045134029
110045134038
110045134047
110045134056
110045134065
110045134074
110045134083
110045134092
110045134109
110045134118
110045134136
110045134145
110045134154
110045134163
110045134172
110045134181
110045134190
110045134207
110045134216
110045134225
110045134234
110045134243
110045134252
110045134261
110045134270
110045134289
110045134298
110045134305
110045134314
110045134332
110045134449
110045134494
110045134500
110045134519
110045134537
110045134546
110045134653
110045134671
110045134680
110045134699
110045134733
110045134779
110045134797
110045134804
110045134813
110045134831
110045134840
110045134859
110045134868
110045134877
110045134886
110045134895
110045134902
110045134911
110045134939
110045134948
110045134957
110045134966
110045134975
110045134984
110045134993
110045135000
110045135019
110045135028
110045135037
110045135046
110045135055
110045135064
110045135073
110045135082
110045135091
110045135108
110045135117
110045135126
110045135135
110045135144
110045135153
110045135162
110045135171
110045135180
110045135199
110045135206
110045135215
110045135224
110045135233
110045135242
110045135260
110045135279
110045135288
110045135297
110045135304
110045135313
110045135322
110045135331
110045135340
110045135359
110045135368
110045135377
110045135386
110045135395
110045135402
110045135411
110045135439
110045135448
110045135466
110045135484
110045135493
110045135509
110045135518
110045135536
110045135545
110045135554
110045135563
110045135572
110045135581
110045135590
110045135607
110045135616
110045135625
110045135634
110045135643
110045135652
110045135661
110045135670
110045135689
110045135698
110045135705
110045135714
110045135732
110045135741
110045135750
110045135769
110045135778
110045135787
110045135796
110045135803
110045135812
110045135821
110045135849
110045135858
110045135867
110045135876
110045135885
110045135894
110045135910
110045135929
110045135938
110045135947
110045135956
110045135974
110045135983
110045135992
110045136009
110045136018
110045136027
110045136036
110045136045
110045136054
110045136063
110045136072
110045136081
110045136090
110045136116
110045136125
110045136134
110045136143
110045136161
110045136170
110045136189
110045136198
110045136205
110045136214
110045136223
110045136232
110045136241
110045136250
110045136269
110045136278
110045136287
110045136296
110045136303
110045136312
110045136321
110045136330
110045136349
110045136358
110045136367
110045136376
110045136385
110045136394
110045136401
110045136410
110045136429
110045136438
110045136447
110045136456
110045136465
110045136474
110045136483
110045136492
110045136508
110045136517
110045136526
110045136535
110045136544
110045136553
110045136562
110045136571
110045136580
110045136606
110045136679
110045136704
110045136713
110045136722
110045136740
110045136786
110045136795
110045136802
110045136811
110045136820
110045136848
110045136928
110045136946
110045136955
110045137026
110045137035
110045137044
110045137053
110045137062
110045137071
110045137080
110045137099
110045137106
110045137124
110045137133
110045137142
110045137151
110045137160
110045137179
110045137188
110045137197
110045137204
110045137213
110045137222
110045137231
110045137240
110045137259
110045137277
110045137286
110045137302
110045137311
110045137339
110045137348
110045137357
110045137366
110045137375
110045137384
110045137393
110045137400
110045137419
110045137428
110045137437
110045137446
110045137455
110045137464
110045137473
110045137482
110045137491
110045137507
110045137516
110045137525
110045137534
110045137543
110045137561
110045137598
110045137605
110045137614
110045137623
110045137632
110045137641
110045137650
110045137669
110045137678
110045137687
110045137696
110045137703
110045137712
110045137721
110045137730
110045137749
110045137758
110045137767
110045137776
110045137785
110045137794
110045137801
110045137810
110045137838
110045137856
110045137883
110045137909
110045137918
110045137927
110045137936
110045137945
110045137954
110045137963
110045137972
110045137981
110045137990
110045138007
110045138016
110045138025
110045138034
110045138043
110045138052
110045138061
110045138070
110045138089
110045138105
110045138114
110045138123
110045138132
110045138141
110045138150
110045138169
110045138187
110045138196
110045138203
110045138212
110045138221
110045138230
110045138249
110045138258
110045138267
110045138276
110045138285
110045138294
110045138301
110045138310
110045138329
110045138338
110045138347
110045138356
110045138365
110045138374
110045138383
110045138392
110045138409
110045138418
110045138436
110045138445
110045138454
110045138463
110045138472
110045138481
110045138490
110045138506
110045138515
110045138524
110045138533
110045138542
110045138551
110045138560
110045138579
110045138588
110045138597
110045138604
110045138613
110045138622
110045138631
110045138640
110045138659
110045138668
110045138677
110045138695
110045138711
110045138720
110045138739
110045138748
110045138757
110045138766
110045138775
110045138784
110045138793
110045138800
110045138819
110045138828
110045138837
110045138846
110045138864
110045138873
110045138882
110045138908
110045138917
110045138926
110045138935
110045138944
110045138953
110045138962
110045138980
110045138999
110045139006
110045139015
110045139024
110045139033
110045139042
110045139060
110045139079
110045139088
110045139097
110045139104
110045139113
110045139122
110045139131
110045139140
110045139159
110045139168
110045139177
110045139186
110045139195
110045139202
110045139211
110045139220
110045139239
110045139248
110045139257
110045139266
110045139275
110045139284
110045139293
110045139319
110045139328
110045139337
110045139346
110045139355
110045139364
110045139373
110045139382
110045139391
110045139408
110045139417
110045139426
110045139435
110045139444
110045139453
110045139462
110045139471
110045139480
110045139499
110045139505
110045139514
110045139532
110045139541
110045139550
110045139569
110045139578
110045139587
110045139596
110045139603
110045139612
110045139621
110045139630
110045139649
110045139658
110045139667
110045139676
110045139685
110045139694
110045139701
110045139710
110045139729
110045139738
110045139747
110045139756
110045139765
