110045139774
110045139783
110045139792
110045139809
110045139818
110045139827
110045139836
110045139845
110045139854
110045139863
110045139872
110045139881
110045139890
110045139907
110045139916
110045139925
110045139934
110045139943
110045139952
110045139961
110045139989
110045139998
110045140003
110045140012
110045140021
110045140030
110045140049
110045140058
110045140067
110045140076
110045140085
110045140094
110045140101
110045140110
110045140129
110045140138
110045140147
110045140156
110045140165
110045140174
110045140183
110045140192
110045140209
110045140218
110045140236
110045140245
110045140254
110045140263
110045140272
110045140290
110045140307
110045140316
110045140325
110045140343
110045140352
110045140361
110045140370
110045140389
110045140398
110045140405
110045140414
110045140423
110045140432
110045140441
110045140450
110045140478
110045140487
110045140496
110045140502
110045140511
110045140520
110045140548
110045140557
110045140566
110045140575
110045140584
110045140593
110045140600
110045140619
110045140628
110045140637
110045140646
110045140655
110045140673
110045140682
110045140691
110045140708
110045140717
110045140726
110045140735
110045140744
110045140753
110045140762
110045140771
110045140780
110045140799
110045140806
110045140815
110045140824
110045140833
110045140842
110045140851
110045140860
110045140879
110045140888
110045140897
110045140904
110045140913
110045140931
110045140940
110045140959
110045140968
110045140977
110045140986
110045140995
110045141011
110045141020
110045141039
110045141048
110045141057
110045141066
110045141075
110045141084
110045141093
110045141100
110045141119
110045141128
110045141137
110045141146
110045141155
110045141164
110045141173
110045141182
110045141191
110045141208
110045141217
110045141226
110045141235
110045141244
110045141253
110045141262
110045141280
110045141306
110045141315
110045141324
110045141333
110045141342
110045141351
110045141360
110045141379
110045141388
110045141397
110045141404
110045141413
110045141422
110045141431
110045141440
110045141459
110045141468
110045141477
110045141486
110045141495
110045141501
110045141510
110045141529
110045141538
110045141547
110045141556
110045141565
110045141574
110045141609
110045141627
110045141636
110045141645
110045141654
110045141672
110045141743
110045141752
110045141761
110045141770
110045141789
110045141798
110045141805
110045141814
110045141823
110045141832
110045141841
110045141850
110045141869
110045141878
110045141887
110045141896
110045141903
110045141912
110045141921
110045142145
110045142163
110045142172
110045142181
110045142190
110045142207
110045142216
110045142298
110045142369
110045142430
110045142449
110045142458
110045142467
110045142476
110045142485
110045142494
110045142500
110045142519
110045142537
110045142546
110045142564
110045142573
110045142582
110045142653
110045142671
110045142699
110045142724
110045142788
110045142804
110045142813
110045142822
110045142831
110045142840
110045142859
110045142868
110045142877
110045142886
110045142957
110045142966
110045142975
110045142984
110045142993
110045143000
110045143019
110045143028
110045143073
110045143215
110045143224
110045143233
110045143242
110045143386
110045143439
110045143493
110045143509
110045143518
110045143527
110045143536
110045143545
110045143554
110045143563
110045143581
110045143590
110045143607
110045143616
110045143625
110045143634
110045143643
110045143661
110045143698
110045143705
110045143714
110045143732
110045143741
110045143750
110045143769
110045143778
110045143787
110045143796
110045143803
110045143812
110045143821
110045143830
110045143849
110045143867
110045143876
110045143885
110045143894
110045143901
110045143910
110045144116
110045144125
110045144214
110045144232
110045144241
110045144250
110045144367
110045144376
110045144385
110045144429
110045144492
110045144535
110045144553
110045144571
110045144580
110045144599
110045144606
110045144731
110045144768
110045144777
110045144786
110045144802
110045144811
110045144820
110045144839
110045144848
110045144857
110045144900
110045144919
110045144928
110045144937
110045144946
110045144955
110045144964
110045144973
110045144982
110045144991
110045145008
110045145017
110045145035
110045145044
110045145062
110045145071
110045145080
110045145099
110045145106
110045145115
110045145124
110045145133
110045145151
110045145179
110045145188
110045145204
110045145213
110045145222
110045145240
110045145259
110045145277
110045145286
110045145295
110045145302
110045145311
110045145320
110045145339
110045145348
110045145357
110045145366
110045145375
110045145384
110045145393
110045145419
110045145428
110045145437
110045145446
110045145455
110045145464
110045145473
110045145482
110045145491
110045145507
110045145516
110045145525
110045145534
110045145543
110045145552
110045145561
110045145570
110045145589
110045145598
110045145605
110045145614
110045145623
110045145632
110045145641
110045145650
110045145669
110045145678
110045145687
110045145696
110045145703
110045145712
110045145721
110045145730
110045145758
110045145767
110045145776
110045145785
110045145794
110045145801
110045145810
110045145838
110045145847
110045145856
110045145865
110045145874
110045145883
110045145892
110045145909
110045145918
110045145927
110045145936
110045145945
110045145954
110045145963
110045145972
110045145981
110045145990
110045146007
110045146016
110045146025
110045146034
110045146043
110045146052
110045146061
110045146070
110045146089
110045146098
110045146105
110045146114
110045146123
110045146132
110045146141
110045146150
110045146169
110045146178
110045146187
110045146196
110045146203
110045146212
110045146258
110045146338
110045146427
110045146524
110045146613
110045146622
110045146631
110045146640
110045146659
110045146668
110045146695
110045146711
110045146739
110045146748
110045146757
110045146766
110045146800
110045146819
110045146828
110045146846
110045146855
110045146873
110045146891
110045146926
110045146944
110045146980
110045147006
110045147015
110045147024
110045147471
110045147541
110045147658
110045147729
110045147818
110045147863
110045147872
110045147881
110045147890
110045147916
110045147925
110045147961
110045147970
110045147989
110045147998
110045148005
110045148014
110045148023
110045148032
110045148041
110045148050
110045148069
110045148078
110045148087
110045148096
110045148103
110045148256
110045148265
110045148274
110045148283
110045148292
110045148309
110045148318
110045148327
110045148336
110045148345
110045148354
110045148363
110045148372
110045148381
110045148390
110045148461
110045148470
110045148498
110045148513
110045148540
110045148559
110045148568
110045148577
110045148586
110045148595
110045148602
110045148611
110045148684
110045148719
110045148737
110045148871
110045148933
110045148942
110045148951
110045148960
110045148988
110045148997
110045149004
110045149022
110045149031
110045149040
110045149059
110045149068
110045149077
110045149095
110045149102
110045149111
110045149120
110045149139
110045149157
110045149166
110045149175
110045149184
110045149193
110045149200
110045149219
110045149228
110045149237
110045149246
110045149255
110045149264
110045149273
110045149282
110045149291
110045149308
110045149317
110045149326
110045149344
110045149353
110045149362
110045149371
110045149380
110045149399
110045149406
110045149415
110045149424
110045149433
110045149442
110045149451
110045149460
110045149479
110045149488
110045149497
110045149503
110045149512
110045149521
110045149530
110045149549
110045149558
110045149567
110045149576
110045149585
110045149594
110045149601
110045149610
110045149629
110045149638
110045149647
110045149656
110045149665
110045149683
110045149692
110045149709
110045149718
110045149727
110045149736
110045149745
110045149754
110045149763
110045149781
110045149790
110045149807
110045149816
110045149825
110045149834
110045149843
110045149852
110045149861
110045149870
110045149889
110045149898
110045149905
110045149914
110045149923
110045149932
110045149941
110045149950
110045149969
110045149978
110045149987
110045149996
110045150000
110045150019
110045150037
110045150046
110045150055
110045150064
110045150073
110045150082
110045150091
110045150108
110045150117
110045150126
110045150135
110045150144
110045150153
110045150162
110045150171
110045150180
110045150199
110045150206
110045150215
110045150224
110045150233
110045150242
110045150251
110045150260
110045150279
110045150288
110045150304
110045150313
110045150322
110045150331
110045150340
110045150359
110045150368
110045150377
110045150386
110045150395
110045150402
110045150411
110045150420
110045150439
110045150448
110045150457
110045150466
110045150475
110045150484
110045150493
110045150509
110045150518
110045150527
110045150536
110045150545
110045150554
110045150563
110045150572
110045150581
110045150590
110045150607
110045150616
110045150625
110045150634
110045150643
110045150652
110045150661
110045150670
110045150689
110045150698
110045150705
110045150714
110045150723
110045150732
110045150741
110045150750
110045150769
110045150787
110045150796
110045150812
110045150821
110045150830
110045150849
110045150858
110045150867
110045150876
110045150885
110045150894
110045150901
110045150910
110045150929
110045150938
110045150947
110045150956
110045150965
110045150974
110045150983
110045151009
110045151018
110045151027
110045151036
110045151045
110045151054
110045151063
110045151072
110045151081
110045151090
110045151107
110045151116
110045151125
110045151134
110045151143
110045151152
110045151161
110045151170
110045151189
110045151198
110045151269
110045151278
110045151287
110045151296
110045151303
110045151358
110045151385
110045151401
110045151410
110045151447
110045151526
110045151535
110045151571
110045151580
110045151642
110045151651
110045151660
110045151697
110045151704
110045151722
110045151740
110045151759
110045151768
110045151777
110045151786
110045151802
110045151811
110045151839
110045151848
110045151857
110045151875
110045151884
110045151937
110045151955
110045151973
110045152008
110045152035
110045152044
110045152062
110045152080
110045152099
110045152106
110045152124
110045152133
110045152151
110045152160
110045152179
110045152204
110045152213
110045152222
110045152240
110045152259
110045152268
110045152277
110045152286
110045152295
110045152302
110045152393
110045152428
110045152437
110045152446
110045152455
110045152464
110045152473
110045152482
110045152491
110045152525
110045152570
110045152669
110045152678
110045152687
110045152696
110045152703
110045152712
110045152721
110045152730
110045152749
110045152758
110045152776
110045152785
110045152794
110045152829
110045152838
110045152847
110045152856
110045152865
110045152874
110045152883
110045152892
110045152909
110045152918
110045152927
110045152936
110045152945
110045152954
110045152963
110045152981
110045152990
110045153007
110045153016
110045153025
110045153052
110045153089
110045153098
110045153114
110045153141
110045153169
110045153178
110045153187
110045153196
110045153203
110045153212
110045153221
110045153230
110045153249
110045153258
110045153267
110045153276
110045153285
110045153294
110045153301
110045153310
110045153329
110045153338
110045153347
110045153356
110045153365
110045153374
110045153383
110045153409
110045153418
110045153427
110045153436
110045153445
110045153454
110045153463
110045153472
110045153481
110045153490
110045153506
110045153515
110045153524
110045153533
110045153542
110045153551
110045153560
110045153579
110045153588
110045153597
110045153604
110045153613
110045153622
110045153631
110045153640
110045153659
110045153668
110045153677
110045153686
110045153695
110045153702
110045153711
110045153720
110045153739
110045153748
110045153757
110045153766
110045153775
110045153784
110045153793
110045153800
110045153819
110045153828
110045153837
110045153846
110045153855
110045153864
110045153891
110045153908
110045153917
110045153926
110045153935
110045153944
110045153953
110045153962
110045153971
110045153980
110045153999
110045154006
110045154015
110045154024
110045154033
110045154042
110045154051
110045154079
110045154088
110045154097
110045154104
110045154113
110045154122
110045154131
110045154140
110045154159
110045154168
110045154177
110045154186
110045154195
110045154202
110045154211
110045154220
110045154239
110045154248
110045154257
110045154266
110045154275
110045154284
110045154293
110045154300
110045154319
110045154328
110045154337
110045154346
110045154355
110045154364
110045154373
110045154382
110045154391
110045154408
110045154417
110045154426
110045154435
110045154444
110045154453
110045154471
110045154480
110045154499
110045154505
110045154514
110045154523
110045154532
110045154541
110045154550
110045154569
110045154578
110045154596
110045154603
110045154612
110045154621
110045154630
110045154649
110045154658
110045154667
110045154676
110045154685
110045154694
110045154701
110045154710
110045154729
110045154738
110045154747
110045154756
110045154765
110045154774
110045154783
110045154792
110045154809
110045154818
