110045154827
110045154836
110045154845
110045154854
110045154863
110045154872
110045154881
110045154890
110045154907
110045154916
110045154925
110045154934
110045154943
110045154952
110045154961
110045154970
110045154989
110045154998
110045155005
110045155014
110045155023
110045155032
110045155041
110045155050
110045155069
110045155078
110045155087
110045155096
110045155103
110045155112
110045155121
110045155130
110045155149
110045155167
110045155176
110045155185
110045155194
110045155201
110045155210
110045155229
110045155238
110045155256
110045155265
110045155274
110045155283
110045155292
110045155309
110045155318
110045155327
110045155336
110045155345
110045155354
110045155363
110045155390
110045155470
110045155504
110045155513
110045155568
110045155577
110045155611
110045155648
110045155684
110045155755
110045155817
110045155826
110045155853
110045155862
110045155871
110045155899
110045155906
110045155933
110045155960
110045155979
110045155988
110045156013
110045156022
110045156031
110045156040
110045156068
110045156086
110045156120
110045156558
110045156736
110045156834
110045157012
110045157110
110045157496
110045157539
110045157655
110045157664
110045157673
110045157691
110045157708
110045157717
110045157726
110045157735
110045157744
110045157771
110045157799
110045157806
110045157815
110045157824
110045157833
110045157842
110045157851
110045157860
110045158039
110045158048
110045158093
110045158100
110045158182
110045158271
110045158280
110045158299
110045158306
110045158315
110045158333
110045158351
110045158360
110045158379
110045158388
110045158397
110045158404
110045158413
110045158422
110045158431
110045158440
110045158459
110045158468
110045158477
110045158486
110045158495
110045158501
110045158510
110045158529
110045158538
110045158547
110045158556
110045158565
110045158583
110045158592
110045158609
110045158618
110045158627
110045158636
110045158645
110045158654
110045158663
110045158681
110045158690
110045158707
110045158716
110045158725
110045158734
110045158752
110045158761
110045158770
110045158789
110045158798
110045158805
110045158814
110045158823
110045158832
110045158841
110045158850
110045158869
110045158878
110045158896
110045158903
110045158912
110045158921
110045158930
110045158949
110045158958
110045158967
110045158976
110045158985
110045158994
110045159001
110045159010
110045159029
110045159038
110045159047
110045159056
110045159065
110045159074
110045159083
110045159092
110045159109
110045159118
110045159127
110045159136
110045159145
110045159154
110045159163
110045159172
110045159190
110045159207
110045159216
110045159225
110045159234
110045159243
110045159252
110045159261
110045159270
110045159289
110045159298
110045159305
110045159314
110045159323
110045159332
110045159341
110045159350
110045159369
110045159378
110045159387
110045159396
110045159403
110045159412
110045159421
110045159430
110045159449
110045159458
110045159467
110045159476
110045159494
110045159500
110045159519
110045159546
110045159555
110045159564
110045159573
110045159582
110045159591
110045159608
110045159617
110045159635
110045159653
110045159662
110045159671
110045159680
110045159699
110045159706
110045159715
110045159724
110045159733
110045159742
110045159751
110045159760
110045159779
110045159788
110045159797
110045159804
110045159813
110045159822
110045159831
110045159840
110045159859
110045159868
110045159877
110045159886
110045159895
110045159902
110045159911
110045159920
110045159939
110045159948
110045159957
110045159966
110045159984
110045159993
110045160008
110045160017
110045160026
110045160035
110045160044
110045160053
110045160062
110045160071
110045160080
110045160099
110045160106
110045160115
110045160133
110045160142
110045160160
110045160179
110045160188
110045160197
110045160204
110045160213
110045160222
110045160231
110045160240
110045160259
110045160268
110045160277
110045160286
110045160295
110045160311
110045160339
110045160348
110045160357
110045160366
110045160375
110045160384
110045160393
110045160400
110045160419
110045160428
110045160437
110045160446
110045160455
110045160464
110045160473
110045160482
110045160491
110045160507
110045160516
110045160525
110045160534
110045160543
110045160552
110045160561
110045160570
110045160589
110045160598
110045160605
110045160614
110045160623
110045160632
110045160641
110045160650
110045160669
110045160678
110045160730
110045160776
110045160829
110045160838
110045160874
110045160909
110045160918
110045160936
110045160981
110045161025
110045161034
110045161043
110045161052
110045161070
110045161123
110045161150
110045161187
110045161436
110045161524
110045161542
110045161560
110045161622
110045161711
110045161784
110045161917
110045162006
110045162088
110045162159
110045162168
110045162177
110045162211
110045162391
110045162408
110045162471
110045162630
110045162694
110045162701
110045162756
110045162907
110045162989
110045162998
110045163014
110045163023
110045163032
110045163041
110045163050
110045163069
110045163078
110045163087
110045163096
110045163103
110045163112
110045163121
110045163130
110045163149
110045163158
110045163167
110045163185
110045163238
110045163247
110045163256
110045163265
110045163274
110045163283
110045163292
110045163309
110045163327
110045163354
110045163363
110045163372
110045163381
110045163390
110045163407
110045163416
110045163425
110045163434
110045163443
110045163452
110045163461
110045163470
110045163489
110045163498
110045163504
110045163513
110045163522
110045163531
110045163540
110045163559
110045163568
110045163577
110045163586
110045163595
110045163602
110045163611
110045163620
110045163639
110045163648
110045163657
110045163666
110045163675
110045163684
110045163693
110045163700
110045163719
110045163728
110045163737
110045163746
110045163755
110045163764
110045163773
110045163808
110045163817
110045163826
110045163835
110045163844
110045163853
110045163862
110045163871
110045163880
110045163899
110045163906
110045163915
110045163924
110045163933
110045163942
110045163951
110045163960
110045163979
110045163988
110045163997
110045164004
110045164013
110045164022
110045164031
110045164040
110045164059
110045164068
110045164077
110045164086
110045164095
110045164102
110045164111
110045164120
110045164139
110045164148
110045164157
110045164175
110045164184
110045164193
110045164200
110045164219
110045164228
110045164237
110045164246
110045164255
110045164264
110045164273
110045164282
110045164291
110045164308
110045164317
110045164326
110045164335
110045164344
110045164353
110045164362
110045164371
110045164380
110045164399
110045164406
110045164415
110045164424
110045164433
110045164442
110045164451
110045164460
110045164479
110045164488
110045164503
110045164512
110045164521
110045164530
110045164549
110045164558
110045164567
110045164576
110045164585
110045164594
110045164601
110045164610
110045164629
110045164638
110045164647
110045164656
110045164665
110045164683
110045164692
110045164709
110045164718
110045164727
110045164736
110045164745
110045164754
110045164763
110045164772
110045164781
110045164790
110045164816
110045164825
110045164834
110045164843
110045164852
110045164861
110045164870
110045164889
110045164898
110045164905
110045164923
110045164932
110045164950
110045164978
110045164987
110045164996
110045165003
110045165012
110045165021
110045165030
110045165049
110045165058
110045165067
110045165076
110045165085
110045165094
110045165101
110045165110
110045165129
110045165138
110045165147
110045165156
110045165165
110045165174
110045165183
110045165192
110045165209
110045165218
110045165227
110045165236
110045165245
110045165254
110045165263
110045165281
110045165307
110045165316
110045165325
110045165334
110045165343
110045165352
110045165361
110045165370
110045165389
110045165398
110045165405
110045165414
110045165423
110045165441
110045165450
110045165469
110045165478
110045165487
110045165496
110045165502
110045165511
110045165520
110045165539
110045165548
110045165557
110045165566
110045165575
110045165584
110045165593
110045165600
110045165619
110045165628
110045165637
110045165646
110045165655
110045165664
110045165673
110045165682
110045165691
110045165708
110045165717
110045165726
110045165762
110045165824
110045165842
110045165851
110045165860
110045165879
110045165888
110045165922
110045165940
110045165968
110045165977
110045166039
110045166048
110045166066
110045166262
110045166379
110045166468
110045166618
110045166814
110045166896
110045167038
110045167056
110045167127
110045167216
110045167314
110045167332
110045167396
110045167403
110045167412
110045167421
110045167500
110045167537
110045167555
110045167582
110045167591
110045167608
110045167617
110045167626
110045167635
110045167671
110045167680
110045167706
110045167715
110045167742
110045167751
110045167804
110045167939
110045167984
110045168028
110045168037
110045168180
110045168215
110045168224
110045168233
110045168297
110045168304
110045168340
110045168359
110045168368
110045168377
110045168386
110045168395
110045168402
110045168411
110045168420
110045168439
110045168484
110045168518
110045168607
110045168616
110045168634
110045168643
110045168652
110045168661
110045168670
110045168705
110045168714
110045168723
110045168741
110045168750
110045168769
110045168778
110045168787
110045168796
110045168803
110045168812
110045168821
110045168830
110045168849
110045168867
110045168876
110045168885
110045168901
110045168910
110045168929
110045168938
110045168947
110045168956
110045168965
110045168974
110045168983
110045168992
110045169009
110045169018
110045169027
110045169036
110045169045
110045169054
110045169063
110045169072
110045169081
110045169107
110045169116
110045169125
110045169134
110045169143
110045169152
110045169161
110045169170
110045169189
110045169198
110045169205
110045169214
110045169223
110045169232
110045169241
110045169250
110045169269
110045169278
110045169287
110045169296
110045169303
110045169312
110045169321
110045169330
110045169349
110045169358
110045169367
110045169376
110045169385
110045169394
110045169401
110045169410
110045169429
110045169438
110045169447
110045169456
110045169465
110045169474
110045169483
110045169517
110045169535
110045169633
110045169660
110045169713
110045169759
110045169768
110045169777
110045169786
110045169795
110045169811
110045169820
110045169839
110045169848
110045169857
110045169866
110045169875
110045169884
110045169893
110045169900
110045169919
110045169928
110045169937
110045169946
110045169955
110045169964
110045169973
110045169982
110045169991
110045170006
110045170015
110045170024
110045170033
110045170042
110045170051
110045170060
110045170079
110045170088
110045170097
110045170104
110045170122
110045170131
110045170140
110045170159
110045170168
110045170177
110045170186
110045170195
110045170202
110045170211
110045170220
110045170239
110045170248
110045170257
110045170266
110045170275
110045170284
110045170293
110045170300
110045170319
110045170328
110045170337
110045170346
110045170355
110045170364
110045170373
110045170382
110045170391
110045170408
110045170417
110045170426
110045170435
110045170444
110045170453
110045170462
110045170471
110045170480
110045170499
110045170505
110045170514
110045170523
110045170532
110045170541
110045170550
110045170569
110045170578
110045170587
110045170596
110045170603
110045170612
110045170621
110045170649
110045170667
110045170676
110045170685
110045170701
110045170710
110045170729
110045170738
110045170747
110045170756
110045170765
110045170774
110045170783
110045170792
110045170818
110045170827
110045170836
110045170845
110045170854
110045170863
110045170881
110045170890
110045170907
110045170916
110045170925
110045170934
110045170943
110045170952
110045170961
110045170970
110045170989
110045170998
110045171005
110045171014
110045171023
110045171032
110045171041
110045171050
110045171069
110045171078
110045171087
110045171096
110045171103
110045171112
110045171121
110045171130
110045171149
110045171158
110045171167
110045171176
110045171185
110045171194
110045171201
110045171229
110045171247
110045171292
110045171309
110045171318
110045171327
110045171354
110045171443
110045171461
110045171522
110045171586
110045171666
110045171755
110045171960
110045172040
110045172086
110045172282
110045172362
110045172521
110045172558
110045172576
110045172665
110045172692
110045172736
110045172745
110045172763
110045172772
110045172807
110045172843
110045172870
110045172889
110045172978
110045173067
110045173076
110045173085
110045173094
110045173147
110045173174
110045173281
110045173637
110045173673
110045173682
110045173691
110045173708
110045173744
110045173806
110045173815
110045173842
110045173851
110045173879
110045173968
110045173977
110045173986
110045173995
110045174002
110045174011
110045174093
110045174100
110045174119
110045174128
110045174137
110045174155
110045174164
110045174173
110045174182
110045174191
110045174208
110045174217
110045174226
110045174235
110045174244
110045174253
110045174262
110045174271
110045174280
110045174299
110045174306
110045174315
