110045174324
110045174333
110045174342
110045174351
110045174360
110045174379
110045174388
110045174397
110045174404
110045174413
110045174422
110045174431
110045174440
110045174459
110045174468
110045174477
110045174486
110045174495
110045174501
110045174510
110045174529
110045174538
110045174547
110045174556
110045174565
110045174574
110045174583
110045174592
110045174609
110045174618
110045174627
110045174636
110045174645
110045174654
110045174663
110045174672
110045174690
110045174707
110045174716
110045174725
110045174734
110045174743
110045174752
110045174761
110045174770
110045174789
110045174798
110045174814
110045174823
110045174832
110045174841
110045174850
110045174869
110045174878
110045174887
110045174903
110045174912
110045174921
110045174930
110045174958
110045174994
110045175038
110045175065
110045175145
110045175154
110045175163
110045175172
110045175181
110045175190
110045175207
110045175216
110045175225
110045175234
110045175243
110045175252
110045175261
110045175270
110045175289
110045175298
110045175305
110045175314
110045175323
110045175332
110045175341
110045175350
110045175369
110045175378
110045175387
110045175396
110045175403
110045175412
110045175421
110045175430
110045175449
110045175458
110045175467
110045175476
110045175485
110045175494
110045175500
110045175519
110045175528
110045175537
110045175546
110045175555
110045175564
110045175573
110045175582
110045175591
110045175608
110045175617
110045175635
110045175644
110045175653
110045175662
110045175680
110045175699
110045175706
110045175715
110045175724
110045175733
110045175742
110045175751
110045175760
110045175779
110045175797
110045175804
110045175813
110045175822
110045175831
110045175840
110045175859
110045175868
110045175877
110045175886
110045175895
110045175902
110045175920
110045175939
110045175948
110045175957
110045175966
110045175975
110045175984
110045175993
110045176000
110045176019
110045176028
110045176037
110045176046
110045176055
110045176064
110045176082
110045176091
110045176108
110045176117
110045176126
110045176144
110045176153
110045176162
110045176171
110045176180
110045176206
110045176215
110045176224
110045176233
110045176242
110045176251
110045176260
110045176279
110045176288
110045176297
110045176304
110045176313
110045176322
110045176331
110045176340
110045176359
110045176368
110045176377
110045176386
110045176395
110045176402
110045176411
110045176420
110045176439
110045176448
110045176457
110045176466
110045176475
110045176484
110045176493
110045176509
110045176518
110045176527
110045176590
110045176607
110045176689
110045176698
110045176705
110045176796
110045176894
110045176910
110045177134
110045177152
110045177170
110045177189
110045177241
110045177250
110045177269
110045177287
110045177296
110045177330
110045177394
110045177660
110045177759
110045177768
110045177866
110045177982
110045178044
110045178099
110045178106
110045178124
110045178133
110045178142
110045178213
110045178231
110045178339
110045178357
110045178437
110045178446
110045178482
110045178507
110045178614
110045178721
110045178909
110045178954
110045178963
110045178972
110045178981
110045178990
110045179007
110045179025
110045179034
110045179043
110045179052
110045179070
110045179098
110045179114
110045179123
110045179132
110045179141
110045179150
110045179169
110045179178
110045179187
110045179196
110045179203
110045179212
110045179221
110045179230
110045179249
110045179258
110045179267
110045179276
110045179285
110045179294
110045179301
110045179310
110045179329
110045179338
110045179347
110045179365
110045179374
110045179383
110045179392
110045179409
110045179418
110045179463
110045179472
110045179481
110045179490
110045179506
110045179515
110045179524
110045179533
110045179542
110045179551
110045179560
110045179579
110045179677
110045179711
110045179720
110045179757
110045179766
110045179775
110045179784
110045179793
110045179846
110045179864
110045179873
110045179944
110045179971
110045179980
110045179999
110045180004
110045180013
110045180022
110045180031
110045180040
110045180059
110045180068
110045180077
110045180086
110045180095
110045180102
110045180157
110045180166
110045180175
110045180184
110045180193
110045180200
110045180219
110045180228
110045180237
110045180246
110045180255
110045180264
110045180273
110045180282
110045180291
110045180317
110045180326
110045180335
110045180344
110045180353
110045180362
110045180371
110045180380
110045180399
110045180406
110045180415
110045180424
110045180433
110045180442
110045180451
110045180460
110045180479
110045180488
110045180497
110045180503
110045180512
110045180521
110045180530
110045180549
110045180558
110045180567
110045180576
110045180585
110045180594
110045180601
110045180610
110045180629
110045180638
110045180647
110045180656
110045180665
110045180674
110045180683
110045180692
110045180709
110045180718
110045180727
110045180736
110045180745
110045180754
110045180763
110045180772
110045180781
110045180790
110045180807
110045180816
110045180825
110045180834
110045180843
110045180852
110045180861
110045180870
110045180889
110045180898
110045180905
110045180914
110045180923
110045180932
110045180941
110045180950
110045180969
110045180978
110045180987
110045180996
110045181003
110045181012
110045181030
110045181049
110045181058
110045181067
110045181076
110045181085
110045181094
110045181101
110045181129
110045181138
110045181147
110045181156
110045181165
110045181174
110045181183
110045181192
110045181218
110045181227
110045181236
110045181245
110045181254
110045181263
110045181272
110045181281
110045181290
110045181307
110045181316
110045181325
110045181334
110045181343
110045181352
110045181361
110045181370
110045181414
110045181432
110045181487
110045181496
110045181566
110045181593
110045181628
110045181655
110045181664
110045181691
110045181708
110045181717
110045181726
110045181780
110045181806
110045181860
110045181897
110045181904
110045181913
110045181922
110045181931
110045181940
110045181959
110045182011
110045182039
110045182066
110045182075
110045182084
110045182093
110045182119
110045182146
110045182164
110045182208
110045182360
110045182397
110045182440
110045182495
110045182538
110045182583
110045182592
110045182618
110045182627
110045182645
110045182654
110045182672
110045182681
110045182690
110045182734
110045182770
110045182798
110045182832
110045182841
110045182850
110045182896
110045182967
110045183083
110045183092
110045183163
110045183181
110045183190
110045183225
110045183270
110045183298
110045183332
110045183341
110045183350
110045183369
110045183378
110045183387
110045183396
110045183403
110045183412
110045183421
110045183430
110045183449
110045183458
110045183467
110045183476
110045183485
110045183494
110045183519
110045183528
110045183537
110045183555
110045183564
110045183573
110045183582
110045183591
110045183617
110045183644
110045183706
110045183733
110045183742
110045183751
110045183760
110045183779
110045183788
110045183797
110045183804
110045183813
110045183822
110045183831
110045183840
110045183859
110045183877
110045183886
110045183895
110045183902
110045183911
110045183920
110045183939
110045183948
110045183957
110045183966
110045183975
110045183984
110045184000
110045184019
110045184028
110045184046
110045184055
110045184064
110045184073
110045184091
110045184108
110045184117
110045184126
110045184135
110045184144
110045184153
110045184162
110045184171
110045184180
110045184199
110045184206
110045184215
110045184224
110045184233
110045184242
110045184251
110045184260
110045184279
110045184288
110045184297
110045184304
110045184313
110045184322
110045184331
110045184340
110045184359
110045184368
110045184377
110045184386
110045184395
110045184402
110045184448
110045184457
110045184466
110045184493
110045184509
110045184527
110045184536
110045184590
110045184607
110045184616
110045184625
110045184643
110045184652
110045184661
110045184705
110045184741
110045184769
110045184778
110045184787
110045184796
110045184803
110045184812
110045184821
110045184830
110045184858
110045184867
110045184876
110045184885
110045184894
110045184901
110045184910
110045184929
110045184938
110045184947
110045184956
110045184965
110045184974
110045184983
110045184992
110045185009
110045185018
110045185027
110045185036
110045185045
110045185054
110045185063
110045185081
110045185090
110045185107
110045185116
110045185125
110045185143
110045185152
110045185161
110045185170
110045185189
110045185198
110045185205
110045185214
110045185223
110045185232
110045185241
110045185250
110045185269
110045185278
110045185287
110045185296
110045185303
110045185312
110045185321
110045185330
110045185349
110045185358
110045185367
110045185376
110045185385
110045185394
110045185401
110045185410
110045185429
110045185438
110045185456
110045185465
110045185474
110045185483
110045185492
110045185508
110045185517
110045185526
110045185535
110045185544
110045185553
110045185562
110045185571
110045185580
110045185599
110045185606
110045185615
110045185624
110045185633
110045185642
110045185651
110045185660
110045185679
110045185688
110045185697
110045185704
110045185713
110045185722
110045185731
110045185740
110045185759
110045185768
110045185777
110045185786
110045185802
110045185811
110045185820
110045185839
110045185848
110045185857
110045185866
110045185875
110045185884
110045185893
110045185900
110045185919
110045185928
110045185937
110045185946
110045185955
110045185964
110045185973
110045185982
110045185991
110045186008
110045186017
110045186026
110045186035
110045186044
110045186053
110045186062
110045186071
110045186080
110045186099
110045186106
110045186115
110045186124
110045186133
110045186142
110045186151
110045186160
110045186179
110045186188
110045186197
110045186231
110045186277
110045186311
110045186320
110045186339
110045186437
110045186525
110045186801
110045186838
110045186847
110045186874
110045186883
110045186892
110045186927
110045186936
110045186954
110045187132
110045187187
110045187383
110045187560
110045187659
110045187748
110045187757
110045187766
110045187800
110045187819
110045187828
110045187846
110045187855
110045187864
110045187873
110045187891
110045187917
110045187926
110045187944
110045187953
110045187962
110045187971
110045187980
110045187999
110045188006
110045188015
110045188024
110045188042
110045188051
110045188060
110045188079
110045188168
110045188177
110045188186
110045188195
110045188202
110045188211
110045188220
110045188239
110045188248
110045188257
110045188266
110045188275
110045188284
110045188293
110045188300
110045188319
110045188328
110045188337
110045188355
110045188364
110045188373
110045188382
110045188391
110045188417
110045188435
110045188444
110045188453
110045188462
110045188471
110045188480
110045188499
110045188505
110045188514
110045188523
110045188532
110045188541
110045188550
110045188569
110045188578
110045188587
110045188596
110045188603
110045188612
110045188621
110045188630
110045188649
110045188658
110045188667
110045188676
110045188685
110045188694
110045188701
110045188710
110045188729
110045188738
110045188756
110045188765
110045188774
110045188792
110045188809
110045188818
110045188827
110045188836
110045188845
110045188854
110045188863
110045188872
110045188890
110045188916
110045188943
110045188998
110045189014
110045189023
110045189032
110045189041
110045189050
110045189069
110045189078
110045189087
110045189096
110045189103
110045189112
110045189121
110045189130
110045189149
110045189158
110045189167
110045189194
110045189210
110045189229
110045189238
110045189247
110045189256
110045189265
110045189274
110045189283
110045189292
110045189309
110045189318
110045189327
110045189336
110045189345
110045189354
110045189363
110045189372
110045189381
110045189390
110045189407
110045189416
110045189425
110045189434
110045189443
110045189452
110045189461
110045189470
110045189489
110045189498
110045189504
110045189513
110045189522
110045189540
110045189559
110045189568
110045189577
110045189586
110045189595
110045189602
110045189620
110045189639
110045189648
110045189657
110045189675
110045189684
110045189693
110045189700
110045189719
110045189728
110045189746
110045189755
110045189764
110045189773
110045189782
110045189791
110045189808
110045189817
110045189835
110045189853
110045189862
110045189871
110045189880
110045189899
110045189906
110045189915
110045189924
110045189933
110045189942
110045189951
110045189960
110045189979
110045189988
110045189997
110045190011
110045190020
110045190039
110045190048
110045190057
110045190066
110045190084
110045190093
110045190100
110045190119
110045190128
110045190137
110045190146
110045190155
110045190164
110045190173
110045190182
110045190191
110045190208
110045190217
110045190226
110045190235
110045190244
110045190253
110045190262
110045190271
110045190280
110045190299
110045190306
110045190315
110045190324
110045190333
110045190342
110045190351
110045190360
110045190379
110045190388
110045190397
110045190404
110045190413
110045190422
110045190431
110045190440
110045190459
110045190468
110045190477
110045190486
