110045190495
110045190501
110045190510
110045190529
110045190538
110045190547
110045190556
110045190565
110045190583
110045190592
110045190609
110045190618
110045190627
110045190636
110045190645
110045190654
110045190663
110045190672
110045190681
110045190690
110045190707
110045190716
110045190725
110045190734
110045190743
110045190770
110045190887
110045191190
110045191207
110045191225
110045191261
110045191298
110045191305
110045191378
110045191430
110045191449
110045191458
110045191467
110045191476
110045191485
110045191494
110045191500
110045191528
110045191537
110045191546
110045191555
110045191573
110045191617
110045191626
110045191706
110045191760
110045191788
110045191822
110045191886
110045192073
110045192162
110045192331
110045192340
110045192359
110045192368
110045192377
110045192386
110045192395
110045192402
110045192411
110045192420
110045192439
110045192448
110045192457
110045192466
110045192475
110045192484
110045192493
110045192509
110045192518
110045192527
110045192536
110045192545
110045192554
110045192563
110045192572
110045192581
110045192590
110045192607
110045192616
110045192625
110045192643
110045192652
110045192661
110045192670
110045192689
110045192698
110045192705
110045192714
110045192723
110045192732
110045192741
110045192750
110045192769
110045192778
110045192787
110045192796
110045192803
110045192812
110045192821
110045192830
110045192849
110045192858
110045192867
110045192876
110045192885
110045192894
110045192901
110045192910
110045192929
110045192938
110045192947
110045192956
110045192965
110045192974
110045192983
110045192992
110045193009
110045193018
110045193027
110045193036
110045193045
110045193054
110045193063
110045193072
110045193081
110045193090
110045193134
110045193170
110045193296
110045193303
110045193312
110045193321
110045193330
110045193349
110045193401
110045193465
110045193474
110045193483
110045193492
110045193508
110045193517
110045193526
110045193535
110045193544
110045193553
110045193562
110045193571
110045193580
110045193599
110045193606
110045193615
110045193624
110045193633
110045193642
110045193651
110045193660
110045193679
110045193688
110045193697
110045193704
110045193713
110045193722
110045193731
110045193740
110045193759
110045193768
110045193777
110045193786
110045193795
110045193811
110045193820
110045193839
110045193848
110045193857
110045193866
110045193875
110045193884
110045193893
110045193900
110045193919
110045193928
110045193937
110045193946
110045193955
110045193964
110045193973
110045193982
110045193991
110045194008
110045194026
110045194035
110045194044
110045194053
110045194062
110045194071
110045194080
110045194099
110045194106
110045194115
110045194124
110045194133
110045194142
110045194151
110045194160
110045194179
110045194188
110045194197
110045194204
110045194213
110045194231
110045194240
110045194259
110045194268
110045194277
110045194286
110045194295
110045194302
110045194311
110045194320
110045194339
110045194348
110045194357
110045194366
110045194375
110045194384
110045194393
110045194400
110045194419
110045194428
110045194446
110045194455
110045194464
110045194473
110045194482
110045194491
110045194507
110045194516
110045194525
110045194534
110045194543
110045194552
110045194561
110045194570
110045194589
110045194598
110045194605
110045194614
110045194623
110045194632
110045194641
110045194650
110045194669
110045194678
110045194687
110045194696
110045194703
110045194712
110045194721
110045194730
110045194749
110045194758
110045194776
110045194785
110045194794
110045194801
110045194810
110045194829
110045194838
110045194856
110045194865
110045194874
110045194883
110045194892
110045194909
110045194918
110045194927
110045194936
110045194945
110045195025
110045195123
110045195301
110045195329
110045195392
110045195418
110045195436
110045195454
110045195463
110045195490
110045195515
110045195533
110045195542
110045195551
110045195560
110045195579
110045195631
110045195659
110045195668
110045195702
110045195908
110045195917
110045195971
110045196042
110045196104
110045196382
110045196417
110045196435
110045196444
110045196471
110045196499
110045196505
110045196523
110045196532
110045196541
110045196550
110045196569
110045196578
110045196587
110045196596
110045196603
110045196612
110045196621
110045196630
110045196649
110045196658
110045196667
110045196676
110045196685
110045196694
110045196710
110045196729
110045196738
110045196747
110045196756
110045196765
110045196774
110045196783
110045196792
110045196809
110045196818
110045196827
110045196836
110045196845
110045196854
110045196863
110045196872
110045196881
110045196890
110045196907
110045196916
110045196925
110045196934
110045196943
110045196952
110045196961
110045196970
110045196998
110045197005
110045197014
110045197023
110045197032
110045197041
110045197050
110045197078
110045197087
110045197096
110045197103
110045197112
110045197121
110045197130
110045197149
110045197158
110045197167
110045197185
110045197194
110045197201
110045197210
110045197229
110045197247
110045197256
110045197265
110045197274
110045197283
110045197327
110045197363
110045197452
110045197504
110045197513
110045197522
110045197531
110045197540
110045197559
110045197568
110045197577
110045197586
110045197595
110045197602
110045197620
110045197639
110045197648
110045197657
110045197666
110045197675
110045197684
110045197693
110045197700
110045197719
110045197728
110045197737
110045197746
110045197755
110045197764
110045197773
110045197782
110045197791
110045197808
110045197817
110045197826
110045197835
110045197844
110045197853
110045197862
110045197871
110045197880
110045197899
110045197906
110045197915
110045197924
110045197933
110045197942
110045197951
110045197960
110045197979
110045197988
110045197997
110045198004
110045198013
110045198022
110045198031
110045198040
110045198059
110045198068
110045198077
110045198086
110045198095
110045198102
110045198111
110045198120
110045198139
110045198148
110045198157
110045198166
110045198175
110045198200
110045198219
110045198228
110045198237
110045198255
110045198264
110045198282
110045198308
110045198317
110045198326
110045198335
110045198344
110045198353
110045198362
110045198371
110045198380
110045198399
110045198406
110045198415
110045198451
110045198479
110045198488
110045198497
110045198512
110045198521
110045198530
110045198549
110045198558
110045198567
110045198576
110045198585
110045198594
110045198601
110045198610
110045198629
110045198638
110045198647
110045198656
110045198665
110045198674
110045198683
110045198692
110045198709
110045198718
110045198727
110045198736
110045198745
110045198754
110045198763
110045198772
110045198781
110045198790
110045198807
110045198825
110045198834
110045198843
110045198852
110045198861
110045198870
110045198889
110045198898
110045198905
110045198914
110045198923
110045198932
110045198941
110045198950
110045198969
110045198978
110045198987
110045198996
110045199012
110045199021
110045199030
110045199049
110045199067
110045199085
110045199094
110045199101
110045199156
110045199254
110045199325
110045199334
110045199432
110045199441
110045199478
110045199637
110045199664
110045199708
110045199771
110045199799
110045199833
110045199851
110045199860
110045199904
110045199959
110045200082
110045200126
110045200171
110045200199
110045200215
110045200233
110045200331
110045200386
110045200493
110045200509
110045200536
110045200590
110045200705
110045200947
110045200974
110045200983
110045201009
110045201036
110045201045
110045201072
110045201107
110045201125
110045201152
110045201189
110045201214
110045201232
110045201250
110045201269
110045201296
110045201303
110045201321
110045201349
110045201367
110045201385
110045201410
110045201429
110045201456
110045201465
110045201483
110045201517
110045201526
110045201553
110045201571
110045201580
110045201606
110045201624
110045201651
110045201679
110045201697
110045201704
110045201731
110045201740
110045201768
110045201786
110045201802
110045201839
110045201848
110045201866
110045201893
110045201900
110045201937
110045201946
110045201964
110045201982
110045202017
110045202035
110045202044
110045202071
110045202099
110045202106
110045202133
110045202142
110045202179
110045202188
110045202204
110045202231
110045202240
110045202277
110045202286
110045202302
110045202339
110045202357
110045202384
110045202400
110045202428
110045202446
110045202464
110045202482
110045202516
110045202525
110045202543
110045202570
110045202589
110045202614
110045202623
110045202650
110045202678
110045202687
110045202703
110045202730
110045202749
110045202785
110045202810
110045202829
110045202856
110045202874
110045202883
110045202909
110045202936
110045202954
110045202963
110045202981
110045203007
110045203025
110045203043
110045203070
110045203089
110045203114
110045203178
110045203187
110045203212
110045203230
110045203258
110045203276
110045203294
110045203301
110045203329
110045203347
110045203365
110045203392
110045203409
110045203427
110045203445
110045203463
110045203490
110045203515
110045203533
110045203551
110045203579
110045203588
110045203604
110045203622
110045203640
110045203668
110045203686
110045203702
110045203757
110045203766
110045203784
110045203819
110045203837
110045203846
110045203873
110045203891
110045203917
110045203935
110045203944
110045203962
110045203999
110045204006
110045204024
110045204051
110045204060
110045204088
110045204104
110045204131
110045204159
110045204177
110045204195
110045204211
110045204248
110045204266
110045204293
110045204319
110045204346
110045204373
110045204382
110045204417
110045204426
110045204444
110045204462
110045204480
110045204505
110045204523
110045204569
110045204587
110045204612
110045204630
110045204676
110045204685
110045204701
110045204729
110045204747
110045204765
110045204792
110045204809
110045204836
110045204845
110045204872
110045204890
110045204907
110045204925
110045204943
110045204970
110045204989
110045205014
110045205032
110045205041
110045205069
110045205096
110045205103
110045205149
110045205176
110045205185
110045205201
110045205229
110045205247
110045205265
110045205283
110045205318
110045205327
110045205354
110045205372
110045205390
110045205407
110045205443
110045205461
110045205498
110045205504
110045205522
110045205540
110045205568
110045205586
110045205602
110045205639
110045205648
110045205675
110045205693
110045205719
110045205737
110045205764
110045205782
110045205817
110045205960
110045206068
110045206111
110045206157
110045206166
110045206193
110045206200
110045206228
110045206237
110045206246
110045206344
110045206353
110045206362
110045206442
110045206549
110045206647
110045206736
110045206825
110045206898
110045207003
110045207085
110045207094
110045207101
110045207110
110045207129
110045207138
110045207147
110045207156
110045207165
110045207174
110045207183
110045207192
110045207209
110045207218
110045207227
110045207236
110045207245
110045207254
110045207263
110045207272
110045207281
110045207290
110045207307
110045207316
110045207325
110045207334
110045207343
110045207352
110045207361
110045207370
110045207389
110045207398
110045207405
110045207414
110045207423
110045207432
110045207441
110045207450
110045207469
110045207478
110045207487
110045207496
110045207502
110045207511
110045207539
110045207548
110045207566
110045207575
110045207584
110045207593
110045207600
110045207619
110045207628
110045207637
110045207646
110045207655
110045207664
110045207673
110045207682
110045207691
110045207708
110045207717
110045207726
110045207735
110045207744
110045207753
110045207762
110045207771
110045207780
110045207799
110045207806
110045207815
110045207824
110045207833
110045207842
110045207851
110045207860
110045207879
110045207888
110045207897
110045207904
110045207913
110045207922
110045207931
110045207940
110045207959
110045207977
110045207986
110045207995
110045208002
110045208011
110045208020
110045208039
110045208048
110045208057
110045208066
110045208075
110045208084
110045208093
110045208100
110045208119
110045208128
110045208146
110045208155
110045208164
110045208173
110045208182
110045208191
110045208208
110045208217
110045208226
110045208235
110045208244
110045208253
110045208262
110045208271
110045208280
110045208299
110045208306
110045208315
110045208324
110045208333
110045208342
110045208351
110045208360
110045208379
110045208388
110045208397
110045208404
110045208413
110045208422
110045208431
110045208440
110045208459
110045208468
110045208495
110045208501
110045208510
110045208529
110045208538
110045208547
110045208556
110045208565
110045208574
110045208583
110045208592
110045208609
110045208618
110045208627
110045208636
110045208654
110045208663
110045208672
110045208681
110045208690
110045208707
110045208716
110045208725
110045208734
110045208743
110045208752
110045208761
110045208770
110045208789
110045208798
110045208805
110045208814
110045208823
110045208832
110045208841
110045208850
110045208869
110045208878
110045208887
110045208896
110045208903
110045208912
110045208921
110045208930
110045208958
110045208967
110045208976
110045208985
