110045208994
110045209001
110045209029
110045209038
110045209047
110045209056
110045209065
110045209074
110045209083
110045209092
110045209109
110045209118
110045209127
110045209136
110045209154
110045209163
110045209181
110045209190
110045209207
110045209216
110045209225
110045209234
110045209243
110045209252
110045209261
110045209270
110045209289
110045209298
110045209305
110045209314
110045209323
110045209332
110045209350
110045209369
110045209378
110045209387
110045209396
110045209403
110045209412
110045209421
110045209430
110045209449
110045209458
110045209467
110045209476
110045209485
110045209494
110045209500
110045209519
110045209528
110045209537
110045209546
110045209555
110045209564
110045209573
110045209582
110045209591
110045209608
110045209617
110045209626
110045209635
110045209644
110045209653
110045209662
110045209671
110045209680
110045209699
110045209715
110045209724
110045209733
110045209742
110045209751
110045209760
110045209779
110045209788
110045209797
110045209804
110045209813
110045209822
110045209831
110045209840
110045209859
110045209868
110045209877
110045209886
110045209895
110045209911
110045209920
110045209939
110045209948
110045209957
110045209966
110045209975
110045209984
110045209993
110045210008
110045210017
110045210026
110045210035
110045210044
110045210053
110045210062
110045210071
110045210080
110045210099
110045210106
110045210115
110045210124
110045210133
110045210142
110045210151
110045210160
110045210197
110045210295
110045210384
110045210482
110045210687
110045210785
110045211203
110045211212
110045211221
110045211230
110045211249
110045211258
110045211267
110045211276
110045211285
110045211294
110045211301
110045211329
110045211347
110045211409
110045211418
110045211472
110045211481
110045211490
110045211515
110045211524
110045211533
110045211542
110045211579
110045211588
110045211631
110045211640
110045211659
110045211668
110045211702
110045211720
110045211739
110045211757
110045211775
110045211784
110045211793
110045211800
110045211819
110045211828
110045211837
110045211846
110045211855
110045211864
110045211891
110045211944
110045211953
110045211999
110045212015
110045212024
110045212042
110045212051
110045212060
110045212079
110045212088
110045212097
110045212104
110045212113
110045212122
110045212131
110045212140
110045212159
110045212168
110045212177
110045212186
110045212195
110045212248
110045212257
110045212266
110045212275
110045212284
110045212293
110045212300
110045212319
110045212328
110045212337
110045212346
110045212355
110045212373
110045212382
110045212391
110045212408
110045212417
110045212426
110045212435
110045212444
110045212453
110045212462
110045212471
110045212480
110045212499
110045212505
110045212514
110045212523
110045212532
110045212550
110045212569
110045212578
110045212587
110045212596
110045212603
110045212612
110045212621
110045212649
110045212658
110045212667
110045212676
110045212685
110045212694
110045212701
110045212710
110045212729
110045212747
110045212756
110045212765
110045212774
110045212783
110045212792
110045212809
110045212818
110045212827
110045212836
110045212845
110045212854
110045212863
110045212872
110045212890
110045212916
110045212925
110045212934
110045212943
110045212952
110045212961
110045212970
110045212989
110045212998
110045213005
110045213014
110045213023
110045213032
110045213041
110045213050
110045213069
110045213078
110045213087
110045213096
110045213103
110045213112
110045213121
110045213130
110045213149
110045213167
110045213176
110045213185
110045213194
110045213201
110045213210
110045213229
110045213238
110045213247
110045213256
110045213265
110045213274
110045213283
110045213309
110045213318
110045213327
110045213336
110045213345
110045213354
110045213363
110045213372
110045213381
110045213390
110045213416
110045213425
110045213434
110045213443
110045213452
110045213470
110045213489
110045213498
110045213504
110045213513
110045213522
110045213559
110045213568
110045213577
110045213586
110045213595
110045213602
110045213611
110045213620
110045213639
110045213648
110045213666
110045213675
110045213684
110045213693
110045213700
110045213719
110045213728
110045213737
110045213746
110045213755
110045213764
110045213773
110045213782
110045213791
110045213808
110045213817
110045213826
110045213853
110045213862
110045213871
110045213880
110045213899
110045213906
110045213915
110045213924
110045213933
110045213942
110045213951
110045213960
110045213979
110045213988
110045213997
110045214004
110045214013
110045214022
110045214031
110045214040
110045214059
110045214068
110045214077
110045214086
110045214095
110045214102
110045214111
110045214120
110045214139
110045214148
110045214157
110045214166
110045214175
110045214184
110045214193
110045214200
110045214219
110045214228
110045214237
110045214246
110045214255
110045214264
110045214273
110045214282
110045214291
110045214308
110045214317
110045214326
110045214335
110045214344
110045214353
110045214362
110045214371
110045214380
110045214399
110045214406
110045214415
110045214433
110045214442
110045214451
110045214460
110045214479
110045214488
110045214497
110045214503
110045214512
110045214521
110045214530
110045214549
110045214558
110045214567
110045214576
110045214594
110045214601
110045214610
110045214629
110045214638
110045214647
110045214656
110045214665
110045214674
110045214683
110045214692
110045214709
110045214718
110045214727
110045214736
110045214745
110045214754
110045214763
110045214772
110045214781
110045214825
110045214950
110045214969
110045215030
110045215067
110045215218
110045215227
110045215272
110045215325
110045215343
110045215398
110045215575
110045215646
110045215726
110045215842
110045215940
110045216075
110045216084
110045216093
110045216119
110045216128
110045216137
110045216146
110045216155
110045216164
110045216173
110045216182
110045216191
110045216208
110045216217
110045216226
110045216235
110045216244
110045216253
110045216262
110045216271
110045216280
110045216299
110045216306
110045216315
110045216324
110045216342
110045216351
110045216388
110045216422
110045216431
110045216440
110045216459
110045216468
110045216477
110045216486
110045216495
110045216501
110045216510
110045216529
110045216538
110045216547
110045216556
110045216565
110045216574
110045216583
110045216592
110045216609
110045216618
110045216627
110045216636
110045216645
110045216654
110045216663
110045216672
110045216681
110045216690
110045216707
110045216716
110045216725
110045216734
110045216743
110045216752
110045216761
110045216770
110045216789
110045216798
110045216805
110045216814
110045216823
110045216832
110045216841
110045216850
110045216869
110045216878
110045216903
110045216912
110045216921
110045216930
110045216949
110045216958
110045216967
110045216976
110045216985
110045216994
110045217001
110045217010
110045217056
110045217065
110045217074
110045217083
110045217092
110045217109
110045217118
110045217127
110045217136
110045217145
110045217154
110045217163
110045217172
110045217181
110045217190
110045217207
110045217216
110045217225
110045217234
110045217243
110045217252
110045217261
110045217270
110045217289
110045217298
110045217305
110045217314
110045217323
110045217332
110045217341
110045217350
110045217378
110045217387
110045217396
110045217403
110045217412
110045217421
110045217430
110045217449
110045217458
110045217467
110045217476
110045217494
110045217500
110045217519
110045217528
110045217537
110045217546
110045217555
110045217564
110045217573
110045217582
110045217591
110045217608
110045217617
110045217626
110045217635
110045217644
110045217653
110045217662
110045217671
110045217680
110045217699
110045217706
110045217715
110045217724
110045217733
110045217742
110045217751
110045217760
110045217779
110045217788
110045217797
110045217804
110045217813
110045217822
110045217831
110045217840
110045217859
110045217868
110045217877
110045217886
110045217895
110045217902
110045217911
110045217920
110045217939
110045217948
110045217957
110045217966
110045217975
110045217984
110045217993
110045218000
110045218019
110045218028
110045218037
110045218046
110045218055
110045218064
110045218073
110045218082
110045218091
110045218108
110045218117
110045218126
110045218135
110045218144
110045218153
110045218162
110045218171
110045218180
110045218199
110045218215
110045218224
110045218233
110045218242
110045218251
110045218279
110045218288
110045218297
110045218304
110045218313
110045218322
110045218331
110045218340
110045218359
110045218368
110045218377
110045218386
110045218395
110045218402
110045218411
110045218420
110045218439
110045218448
110045218457
110045218466
110045218475
110045218484
110045218493
110045218509
110045218518
110045218527
110045218536
110045218545
110045218563
110045218572
110045218581
110045218590
110045218607
110045218616
110045218625
110045218634
110045218643
110045218661
110045218670
110045218689
110045218698
110045218705
110045218714
110045218723
110045218732
110045218741
110045218750
110045218769
110045218778
110045218787
110045218796
110045218803
110045218812
110045218821
110045218830
110045218858
110045218867
110045218876
110045218885
110045218894
110045218901
110045218910
110045218929
110045218938
110045218947
110045218956
110045218974
110045218983
110045218992
110045219009
110045219018
110045219027
110045219036
110045219045
110045219054
110045219063
110045219072
110045219081
110045219090
110045219107
110045219116
110045219125
110045219134
110045219143
110045219161
110045219170
110045219189
110045219198
110045219205
110045219214
110045219223
110045219232
110045219241
110045219250
110045219278
110045219287
110045219296
110045219303
110045219312
110045219321
110045219330
110045219349
110045219358
110045219367
110045219376
110045219394
110045219456
110045219492
110045219517
110045219544
110045219571
110045219580
110045219615
110045219642
110045219697
110045219704
110045219795
110045219802
110045219811
110045219839
110045219848
110045219875
110045219919
110045219955
110045219991
110045220051
110045220140
110045220346
110045220514
110045220701
110045220765
110045220783
110045220818
110045220827
110045220836
110045220845
110045220854
110045220863
110045220881
110045220907
110045220916
110045220934
110045220943
110045220952
110045220961
110045220970
110045220989
110045220998
110045221005
110045221014
110045221032
110045221050
110045221069
110045221078
110045221087
110045221096
110045221194
110045221407
110045221416
110045221425
110045221434
110045221443
110045221452
110045221461
110045221470
110045221489
110045221498
110045221620
110045221639
110045221648
110045221693
110045221764
110045221844
110045221853
110045221862
110045221871
110045221880
110045221906
110045221915
110045221924
110045221933
110045221942
110045221951
110045221979
110045221988
110045221997
110045222004
110045222013
110045222022
110045222031
110045222040
110045222059
110045222068
110045222077
110045222086
110045222095
110045222102
110045222111
110045222120
110045222139
110045222157
110045222166
110045222175
110045222184
110045222193
110045222200
110045222219
110045222228
110045222237
110045222246
110045222255
110045222264
110045222282
110045222291
110045222308
110045222317
110045222326
110045222335
110045222344
110045222353
110045222362
110045222371
110045222380
110045222399
110045222406
110045222415
110045222424
110045222433
110045222442
110045222451
110045222460
110045222479
110045222488
110045222497
110045222503
110045222512
110045222521
110045222530
110045222549
110045222558
110045222576
110045222585
110045222594
110045222601
110045222610
110045222629
110045222638
110045222647
110045222656
110045222665
110045222674
110045222683
110045222692
110045222709
110045222718
110045222727
110045222736
110045222745
110045222754
110045222763
110045222772
110045222781
110045222790
110045222807
110045222816
110045222825
110045222834
110045222843
110045222852
110045222861
110045222870
110045222889
110045222898
110045222905
110045222914
110045222923
110045222932
110045222941
110045222950
110045222969
110045223030
110045223076
110045223183
110045223263
110045223281
110045223290
110045223307
110045223316
110045223352
110045223405
110045223487
110045223496
110045223520
110045223539
110045223557
110045223566
110045223584
110045223646
110045223655
110045223682
110045223708
110045223717
110045223726
110045223771
110045223780
110045223842
110045223879
110045223913
110045223922
110045223959
110045223968
110045224048
110045224084
110045224100
110045224137
110045224146
110045224173
110045224208
110045224431
110045224574
110045224583
110045224681
110045224725
110045224798
110045224903
110045225001
110045225029
110045225047
110045225074
110045225083
110045225092
110045225127
110045225136
110045225216
110045225298
110045225314
110045225323
110045225341
110045225350
110045225369
110045225378
110045225403
110045225412
110045225430
110045225449
110045225500
110045225537
110045225591
110045225635
110045225644
110045225706
110045225715
110045225724
110045225733
110045225751
110045225797
110045225804
110045225877
110045225975
110045226064
