110045226073
110045226082
110045226091
110045226108
110045226126
110045226144
110045226233
110045226331
110045226386
110045226411
110045226475
110045226484
110045226527
110045226652
110045226803
110045227009
110045227018
110045227027
110045227063
110045227072
110045227116
110045227152
110045227214
110045227278
110045227303
110045227312
110045227321
110045227330
110045227349
110045227358
110045227394
110045227401
110045227438
110045227447
110045227456
110045227465
110045227474
110045227483
110045227517
110045227535
110045227599
110045227633
110045227651
110045227697
110045227857
110045227893
110045228008
110045228026
110045228035
110045228071
110045228106
110045228213
110045228222
110045228231
110045228240
110045228259
110045228277
110045228419
110045228507
110045228543
110045228598
110045228605
110045228614
110045228641
110045228696
110045228810
110045228829
110045228865
110045228874
110045228918
110045228927
110045228936
110045228945
110045228954
110045228963
110045228972
110045229007
110045229016
110045229025
110045229052
110045229061
110045229070
110045229089
110045229098
110045229105
110045229114
110045229123
110045229132
110045229178
110045229187
110045229196
110045229212
110045229221
110045229249
110045229276
110045229329
110045229338
110045229392
110045229427
110045229436
110045229481
110045229490
110045229506
110045229542
110045229588
110045229597
110045229613
110045229622
110045229640
110045229659
110045229668
110045229686
110045229739
110045229748
110045229891
110045230004
110045230237
110045230246
110045230255
110045230264
110045230273
110045230326
110045230335
110045230344
110045230353
110045230415
110045230424
110045230442
110045230460
110045230497
110045230521
110045230549
110045230558
110045230567
110045230576
110045230594
110045230665
110045230683
110045230718
110045230745
110045230816
110045230843
110045230861
110045230870
110045230889
110045230950
110045230969
110045230996
110045231058
110045231085
110045231094
110045231183
110045231272
110045231352
110045231361
110045231405
110045231423
110045231432
110045231450
110045231487
110045231502
110045231539
110045231566
110045231593
110045231619
110045231637
110045231664
110045231691
110045231726
110045231735
110045231851
110045231940
110045232057
110045232182
110045232217
110045232262
110045232280
110045232351
110045232360
110045232486
110045232538
110045232556
110045232592
110045232618
110045232627
110045232636
110045232645
110045232690
110045232725
110045232752
110045232841
110045232958
110045232994
110045233047
110045233145
110045233207
110045233216
110045233252
110045233270
110045233323
110045233350
110045233396
110045233412
110045233421
110045233449
110045233458
110045233476
110045233485
110045233494
110045233500
110045233519
110045233528
110045233537
110045233546
110045233555
110045233573
110045233591
110045233608
110045233626
110045233635
110045233680
110045233699
110045233706
110045233715
110045233724
110045233788
110045233797
110045233813
110045233822
110045233840
110045233868
110045233886
110045233902
110045233911
110045233957
110045233966
110045233975
110045234028
110045234037
110045234055
110045234064
110045234117
110045234144
110045234162
110045234180
110045234199
110045234260
110045234279
110045234304
110045234313
110045234322
110045234331
110045234402
110045234448
110045234484
110045234509
110045234518
110045234607
110045234821
110045234929
110045234965
110045234992
110045235116
110045235134
110045235143
110045235152
110045235170
110045235198
110045235205
110045235214
110045235223
110045235250
110045235296
110045235312
110045235321
110045235349
110045235367
110045235385
110045235394
110045235410
110045235429
110045235438
110045235474
110045235483
110045235517
110045235535
110045235544
110045235553
110045235562
110045235580
110045235624
110045235633
110045235642
110045235679
110045235697
110045235704
110045235722
110045235777
110045235811
110045235820
110045235839
110045235848
110045235857
110045235875
110045235884
110045235946
110045236008
110045236035
110045236080
110045236188
110045236197
110045236259
110045236295
110045236302
110045236384
110045236400
110045236428
110045236455
110045236507
110045236516
110045236525
110045236589
110045236614
110045236632
110045236712
110045236785
110045236794
110045236856
110045236954
110045237016
110045237034
110045237043
110045237052
110045237061
110045237070
110045237141
110045237178
110045237230
110045237249
110045237267
110045237276
110045237301
110045237338
110045237356
110045237365
110045237374
110045237383
110045237392
110045237409
110045237454
110045237472
110045237481
110045237490
110045237506
110045237533
110045237542
110045237579
110045237588
110045237597
110045237631
110045237677
110045237702
110045237766
110045237784
110045237819
110045237828
110045237882
110045237891
110045237908
110045237917
110045237944
110045237971
110045238051
110045238079
110045238159
110045238168
110045238220
110045238239
110045238319
110045238364
110045238373
110045238391
110045238408
110045238462
110045238514
110045238541
110045238596
110045238667
110045238676
110045238685
110045238756
110045238872
110045238881
110045238907
110045238916
110045238934
110045238943
110045238952
110045238961
110045238970
110045238989
110045238998
110045239014
110045239023
110045239069
110045239087
110045239096
110045239112
110045239149
110045239229
110045239238
110045239247
110045239292
110045239318
110045239327
110045239336
110045239390
110045239416
110045239452
110045239540
110045239595
110045239620
110045239666
110045239675
110045239684
110045239693
110045239700
110045239737
110045239746
110045239755
110045239773
110045239808
110045239835
110045239906
110045239924
110045240002
110045240020
110045240039
110045240048
110045240128
110045240137
110045240173
110045240217
110045240262
110045240280
110045240299
110045240324
110045240333
110045240342
110045240388
110045240422
110045240431
110045240440
110045240459
110045240609
110045240627
110045240716
110045240823
110045240985
110045241029
110045241047
110045241065
110045241092
110045241109
110045241207
110045241216
110045241252
110045241350
110045241403
110045241430
110045241485
110045241494
110045241546
110045241573
110045241591
110045241626
110045241706
110045241751
110045241822
110045242019
110045242180
110045242215
110045242233
110045242260
110045242395
110045242402
110045242475
110045242689
110045242894
110045242974
110045242983
110045243018
110045243036
110045243107
110045243125
110045243170
110045243198
110045243205
110045243223
110045243232
110045243241
110045243269
110045243278
110045243321
110045243330
110045243376
110045243456
110045243465
110045243483
110045243492
110045243508
110045243526
110045243535
110045243553
110045243599
110045243660
110045243768
110045243777
110045243786
110045243811
110045243820
110045243839
110045243875
110045243884
110045243900
110045243919
110045243946
110045243982
110045244017
110045244106
110045244151
110045244259
110045244366
110045244473
110045244570
110045244730
110045244749
110045244829
110045244883
110045244892
110045244909
110045244927
110045244936
110045244972
110045245025
110045245034
110045245132
110045245141
110045245150
110045245196
110045245230
110045245249
110045245258
110045245267
110045245276
110045245285
110045245301
110045245356
110045245365
110045245409
110045245427
110045245445
110045245454
110045245463
110045245506
110045245533
110045245542
110045245551
110045245588
110045246079
110045246104
110045246168
110045246266
110045246284
110045246453
110045246462
110045246471
110045246480
110045246505
110045246685
110045246747
110045246774
110045246827
110045246845
110045246863
110045246872
110045246881
110045246890
110045246934
110045246943
110045246970
110045246989
110045246998
110045247014
110045247041
110045247096
110045247112
110045247121
110045247130
110045247158
110045247167
110045247256
110045247265
110045247274
110045247336
110045247354
110045247381
110045247700
110045247719
110045247817
110045247871
110045247880
110045247899
110045247915
110045247924
110045247933
110045248031
110045248120
110045248139
110045248193
110045248255
110045248282
110045248308
110045248335
110045248399
110045248415
110045248497
110045248503
110045248530
110045248549
110045248601
110045248610
110045248638
110045248674
110045248683
110045248709
110045248718
110045248754
110045248772
110045248781
110045248816
110045248905
110045249067
110045249165
110045249209
110045249281
110045249352
110045249405
110045249414
110045249423
110045249450
110045249487
110045249502
110045249520
110045249600
110045249628
110045249646
110045249655
110045249664
110045249682
110045249691
110045249708
110045249717
110045249726
110045249744
110045249753
110045249799
110045249806
110045249842
110045249851
110045249879
110045249897
110045249904
110045249922
110045250054
110045250063
110045250081
110045250116
110045250125
110045250134
110045250205
110045250241
110045250269
110045250358
110045250367
110045250376
110045250385
110045250410
110045250438
110045250465
110045250740
110045250839
110045250875
110045250893
110045250919
110045250955
110045250964
110045250973
110045251008
110045251053
110045251062
110045251071
110045251106
110045251124
110045251133
110045251197
110045251277
110045251286
110045251295
110045251302
110045251311
110045251320
110045251339
110045251348
110045251357
110045251366
110045251375
110045251384
110045251393
110045251400
110045251419
110045251428
110045251437
110045251446
110045251455
110045251464
110045251473
110045251482
110045251491
110045251507
110045251516
110045251525
110045251534
110045251552
110045251561
110045251570
110045251589
110045251598
110045251605
110045251614
110045251623
110045251632
110045251650
110045251669
110045251678
110045251687
110045251696
110045251703
110045251712
110045251721
110045251730
110045251749
110045251758
110045251767
110045251776
110045251785
110045251794
110045251801
110045251829
110045251838
110045251847
110045251856
110045251865
110045251874
110045251883
110045251892
110045251909
110045251918
110045251927
110045251936
110045251945
110045251954
110045251963
110045251972
110045251981
110045251990
110045252007
110045252016
110045252025
110045252043
110045252052
110045252061
110045252089
110045252098
110045252276
110045252310
110045252329
110045252338
110045252347
110045252356
110045252365
110045252374
110045252383
110045252392
110045252409
110045252436
110045252454
110045252463
110045252472
110045252481
110045252490
110045252524
110045252551
110045252668
110045252828
110045252882
110045252891
110045252908
110045252953
110045252971
110045252999
110045253015
110045253033
110045253122
110045253177
110045253186
110045253391
110045253408
110045253453
110045253596
110045253658
110045253676
110045253738
110045253756
110045253783
110045253836
110045253863
110045253872
110045253907
110045254069
110045254078
110045254103
110045254238
110045254256
110045254283
110045254318
110045254327
110045254336
110045254345
110045254434
110045254443
110045254461
110045254568
110045254586
110045254611
110045254648
110045254657
110045254666
110045254675
110045254684
110045254719
110045254728
110045254737
110045254746
110045254755
110045254764
110045254773
110045254782
110045254791
110045254808
110045254817
110045254826
110045254835
110045254844
110045254853
110045254862
110045254871
110045254880
110045254899
110045254906
110045254915
110045254924
110045254933
110045254951
110045254960
110045254979
110045254988
110045254997
110045255013
110045255022
110045255031
110045255040
110045255059
110045255068
110045255077
110045255086
110045255102
110045255111
110045255120
110045255139
110045255148
110045255157
110045255166
110045255175
110045255184
110045255193
110045255200
110045255219
110045255228
110045255237
110045255246
110045255255
110045255264
110045255273
110045255282
110045255291
110045255308
110045255317
110045255326
110045255335
110045255344
110045255353
110045255362
110045255371
110045255380
110045255399
110045255406
110045255415
110045255424
110045255433
110045255451
110045255479
110045255512
110045255521
110045255530
110045255549
110045255567
110045255576
110045255610
110045255718
110045255727
110045255754
110045255781
110045255790
110045255807
110045255834
110045255843
110045255852
110045255870
110045255898
110045255905
110045255923
110045255932
110045255941
110045255950
110045255978
110045256003
110045256030
110045256058
110045256290
110045256370
110045256450
110045256487
110045256539
110045256593
110045256600
110045256619
110045256637
110045256664
110045256726
110045256753
110045256780
110045256799
110045256806
110045256833
110045256860
110045256897
110045256913
110045256931
110045256977
110045257048
110045257057
110045257066
110045257075
110045257084
110045257093
110045257100
110045257128
110045257137
110045257146
110045257217
110045257226
110045257351
110045257379
110045257413
110045257556
110045257752
110045257770
110045257921
110045257949
110045257958
110045257967
110045257976
110045257985
110045258001
110045258010
110045258074
110045258083
110045258118
110045258127
