110045258136
110045258145
110045258154
110045258163
110045258172
110045258181
110045258252
110045258298
110045258305
110045258314
110045258323
110045258332
110045258341
110045258369
110045258378
110045258387
110045258396
110045258403
110045258412
110045258421
110045258430
110045258449
110045258458
110045258467
110045258476
110045258485
110045258494
110045258500
110045258519
110045258528
110045258537
110045258546
110045258555
110045258564
110045258573
110045258582
110045258591
110045258608
110045258617
110045258626
110045258635
110045258644
110045258653
110045258662
110045258671
110045258680
110045258699
110045258706
110045258715
110045258724
110045258733
110045258742
110045258751
110045258760
110045258779
110045258797
110045258804
110045258813
110045258822
110045258831
110045258840
110045258859
110045258868
110045258877
110045258886
110045258895
110045258902
110045258911
110045258920
110045258939
110045258948
110045258957
110045258966
110045258975
110045258984
110045258993
110045259000
110045259019
110045259028
110045259037
110045259046
110045259055
110045259064
110045259073
110045259108
110045259117
110045259126
110045259135
110045259144
110045259153
110045259199
110045259224
110045259233
110045259242
110045259395
110045259439
110045259616
110045259778
110045259929
110045260016
110045260089
110045260169
110045260178
110045260196
110045260285
110045260294
110045260310
110045260329
110045260338
110045260347
110045260365
110045260374
110045260383
110045260392
110045260427
110045260445
110045260793
110045260837
110045260864
110045260873
110045260962
110045260971
110045260999
110045261006
110045261015
110045261024
110045261033
110045261079
110045261097
110045261480
110045261499
110045261523
110045261578
110045261603
110045261612
110045261621
110045261676
110045261694
110045261701
110045261747
110045261765
110045261774
110045261783
110045261792
110045261809
110045261818
110045261827
110045261854
110045261863
110045261916
110045261925
110045261934
110045261943
110045261952
110045261961
110045261970
110045261989
110045261998
110045262005
110045262014
110045262023
110045262032
110045262041
110045262050
110045262069
110045262078
110045262087
110045262096
110045262103
110045262112
110045262121
110045262130
110045262149
110045262158
110045262167
110045262176
110045262185
110045262194
110045262201
110045262210
110045262229
110045262247
110045262265
110045262283
110045262292
110045262309
110045262318
110045262452
110045262522
110045262602
110045262639
110045262657
110045262666
110045262755
110045262773
110045262826
110045262880
110045262933
110045263013
110045263022
110045263040
110045263059
110045263255
110045263282
110045263362
110045263610
110045263816
110045263905
110045264058
110045264101
110045264236
110045264263
110045264548
110045264619
110045264771
110045264780
110045264799
110045264806
110045264815
110045264833
110045264851
110045264860
110045264879
110045264888
110045264904
110045264913
110045264940
110045264968
110045264977
110045265011
110045265020
110045265039
110045265075
110045265084
110045265093
110045265100
110045265137
110045265146
110045265155
110045265173
110045265191
110045265208
110045265217
110045265226
110045265235
110045265244
110045265253
110045265262
110045265271
110045265280
110045265299
110045265306
110045265315
110045265324
110045265333
110045265342
110045265351
110045265360
110045265379
110045265388
110045265397
110045265404
110045265413
110045265422
110045265431
110045265440
110045265459
110045265468
110045265477
110045265486
110045265495
110045265501
110045265510
110045265529
110045265538
110045265547
110045265556
110045265565
110045265636
110045265690
110045265832
110045265896
110045265949
110045265958
110045265985
110045265994
110045266083
110045266109
110045266181
110045266449
110045266476
110045266485
110045266626
110045266635
110045266840
110045267073
110045267082
110045267162
110045267260
110045267304
110045267411
110045267493
110045267518
110045267590
110045267750
110045267803
110045267858
110045267901
110045267947
110045267992
110045268018
110045268027
110045268161
110045268170
110045268214
110045268223
110045268232
110045268241
110045268250
110045268269
110045268287
110045268303
110045268321
110045268349
110045268615
110045268624
110045268633
110045268642
110045268651
110045268660
110045268679
110045268688
110045268697
110045268704
110045268713
110045268722
110045268731
110045268740
110045268759
110045268768
110045268777
110045268786
110045268795
110045268802
110045268811
110045268820
110045268839
110045268848
110045268857
110045268866
110045268875
110045268884
110045268893
110045268900
110045268919
110045268928
110045268937
110045268946
110045268955
110045268964
110045268973
110045268982
110045268991
110045269008
110045269017
110045269026
110045269035
110045269053
110045269062
110045269071
110045269080
110045269099
110045269106
110045269115
110045269124
110045269133
110045269142
110045269151
110045269160
110045269179
110045269188
110045269197
110045269204
110045269213
110045269222
110045269231
110045269240
110045269259
110045269268
110045269277
110045269286
110045269295
110045269302
110045269311
110045269320
110045269339
110045269348
110045269357
110045269366
110045269375
110045269384
110045269393
110045269400
110045269419
110045269428
110045269437
110045269446
110045269455
110045269473
110045269491
110045269507
110045269516
110045269534
110045269696
110045269794
110045269856
110045269936
110045270050
110045270130
110045270345
110045270363
110045270513
110045270531
110045271157
110045271488
110045271512
110045271521
110045271530
110045271549
110045271567
110045271585
110045271594
110045271692
110045271718
110045271727
110045271745
110045271763
110045271816
110045271870
110045271889
110045271905
110045272325
110045272343
110045272352
110045272361
110045272370
110045272389
110045272398
110045272405
110045272414
110045272423
110045272432
110045272441
110045272450
110045272469
110045272478
110045272487
110045272496
110045272502
110045272511
110045272520
110045272539
110045272548
110045272557
110045272566
110045272575
110045272584
110045272593
110045272600
110045272619
110045272628
110045272637
110045272646
110045272655
110045272664
110045272673
110045272682
110045272691
110045272708
110045272717
110045272726
110045272735
110045272744
110045272753
110045272762
110045272771
110045272780
110045272799
110045272806
110045272815
110045272824
110045272833
110045272842
110045272851
110045272860
110045272879
110045272888
110045272897
110045272904
110045272913
110045272922
110045272931
110045272959
110045272968
110045272977
110045272986
110045272995
110045273002
110045273011
110045273020
110045273039
110045273048
110045273057
110045273066
110045273075
110045273084
110045273093
110045273100
110045273119
110045273128
110045273137
110045273155
110045273208
110045273262
110045273299
110045273315
110045273324
110045273333
110045273342
110045273360
110045273431
110045273486
110045273501
110045273547
110045273716
110045274181
110045274190
110045274207
110045274270
110045274298
110045274421
110045274886
110045274895
110045274984
110045275073
110045275199
110045275260
110045275279
110045275297
110045275304
110045275313
110045275322
110045275331
110045275340
110045275359
110045275395
110045275411
110045275420
110045275448
110045275457
110045275661
110045275714
110045275723
110045275732
110045275741
110045275750
110045275787
110045275796
110045275812
110045275821
110045275849
110045275867
110045275876
110045275894
110045275901
110045275910
110045275929
110045275965
110045275974
110045275983
110045276018
110045276054
110045276072
110045276081
110045276125
110045276134
110045276143
110045276152
110045276170
110045276189
110045276198
110045276205
110045276214
110045276223
110045276232
110045276241
110045276250
110045276269
110045276278
110045276287
110045276296
110045276303
110045276312
110045276321
110045276330
110045276349
110045276358
110045276367
110045276376
110045276385
110045276394
110045276401
110045276410
110045276429
110045276438
110045276447
110045276456
110045276465
110045276474
110045276492
110045276508
110045276535
110045276544
110045276553
110045276562
110045276571
110045276580
110045276599
110045276606
110045276615
110045276624
110045276633
110045276642
110045276651
110045276660
110045276679
110045276688
110045276697
110045276704
110045276713
110045276722
110045276731
110045276740
110045276759
110045276768
110045276777
110045276786
110045276795
110045276802
110045276811
110045276820
110045276839
110045276848
110045276857
110045276866
110045276875
110045276884
110045276893
110045276900
110045276919
110045276928
110045276946
110045276955
110045277008
110045277295
110045277570
110045277589
110045277598
110045277838
110045277909
110045278052
110045278141
110045278310
110045278356
110045278374
110045278524
110045278579
110045278588
110045278597
110045278604
110045278702
110045278784
110045278793
110045278846
110045278891
110045278908
110045279024
110045279051
110045279104
110045279113
110045279122
110045279131
110045279159
110045279168
110045279177
110045279186
110045279195
110045279202
110045279211
110045279220
110045279239
110045279284
110045279293
110045279300
110045279328
110045279337
110045279346
110045279355
110045279364
110045279373
110045279382
110045279391
110045279408
110045279417
110045279426
110045279435
110045279444
110045279453
110045279462
110045279471
110045279499
110045279505
110045279514
110045279523
110045279532
110045279578
110045279587
110045279596
110045279603
110045279612
110045279621
110045279630
110045279649
110045279658
110045279667
110045279676
110045279685
110045279694
110045279701
110045279710
110045279729
110045279738
110045279747
110045279765
110045279774
110045279783
110045279792
110045279809
110045279818
110045279827
110045279836
110045279872
110045279881
110045279890
110045279907
110045279916
110045279925
110045279934
110045279943
110045279952
110045279961
110045279970
110045279989
110045279998
110045280003
110045280012
110045280227
110045280236
110045280325
110045280441
110045280511
110045280566
110045280682
110045280762
110045280780
110045280799
110045280806
110045280815
110045280824
110045280833
110045280842
110045280851
110045280860
110045280904
110045280913
110045280968
110045280977
110045280986
110045280995
110045281002
110045281011
110045281057
110045281093
110045281146
110045281244
110045281360
110045281397
110045281574
110045281592
110045281609
110045281618
110045281627
110045281841
110045281896
110045281903
110045281921
110045281930
110045281949
110045281958
110045282038
110045282047
110045282074
110045282083
110045282136
110045282243
110045282252
110045282261
110045282270
110045282289
110045282332
110045282341
110045282350
110045282369
110045282396
110045282403
110045282412
110045282467
110045282519
110045282564
110045282573
110045282608
110045282617
110045282626
110045282635
110045282680
110045282715
110045282733
110045282751
110045282779
110045282804
110045282813
110045283073
110045283144
110045283153
110045283331
110045283395
110045283527
110045283563
110045283581
110045283590
110045283670
110045283714
110045283732
110045283741
110045283769
110045283849
110045283867
110045283901
110045284107
110045284161
110045284205
110045284321
110045284349
110045284642
110045284660
110045284768
110045285106
110045285151
110045285204
110045285222
110045285240
110045285277
110045285311
110045285357
110045285366
110045285384
110045285400
110045285437
110045285446
110045285464
110045285482
110045285516
110045285525
110045285543
110045285570
110045285598
110045285605
110045285623
110045285650
110045285669
110045285687
110045285703
110045285721
110045285776
110045285785
110045285801
110045285838
110045285856
110045285874
110045285892
110045285936
110045285945
110045285972
110045285990
110045286016
110045286034
110045286043
110045286061
110045286098
110045286114
110045286123
110045286150
110045286169
110045286187
110045286203
110045286221
110045286258
110045286294
110045286310
110045286338
110045286347
110045286365
110045286383
110045286409
110045286454
110045286472
110045286481
110045286506
110045286524
110045286551
110045286560
110045286579
110045286604
110045286622
110045286631
110045286668
110045286686
110045286702
110045286711
110045286739
110045286766
110045286775
110045286800
110045286828
110045286837
110045286864
110045286873
110045286917
110045286935
110045287159
110045287248
110045287266
110045287275
110045287284
110045287293
110045287328
110045287337
110045287499
110045287569
110045287596
110045287710
110045287756
110045287792
110045287818
110045287827
110045287836
110045287952
110045287989
110045288014
110045288283
110045288318
110045288452
110045288764
110045288773
110045288808
110045288871
110045288915
110045288924
110045289013
110045289059
110045289077
110045289184
110045289291
110045289308
110045289326
110045289371
110045289950
110045289969
110045289978
110045289987
110045290029
110045290074
110045290083
110045290118
110045290181
110045290190
110045290270
110045290528
110045290573
110045290582
