110045290591
110045290653
110045290939
110045291055
110045291064
110045291233
110045291242
110045291251
110045291288
110045291297
110045291304
110045291313
110045291322
110045291331
110045291340
110045291359
110045291368
110045291377
110045291386
110045291395
110045291402
110045291411
110045291420
110045291439
110045291457
110045291466
110045291484
110045291493
110045291518
110045291527
110045291536
110045291581
110045291590
110045291607
110045291616
110045291625
110045291634
110045291643
110045291689
110045291698
110045291714
110045291723
110045291732
110045291741
110045291769
110045291778
110045291787
110045291796
110045291803
110045291812
110045291821
110045291867
110045291876
110045291885
110045291894
110045291901
110045291910
110045291965
110045291974
110045291983
110045292009
110045292018
110045292027
110045292036
110045292045
110045292054
110045292063
110045292072
110045292081
110045292090
110045292107
110045292116
110045292125
110045292134
110045292143
110045292152
110045292161
110045292170
110045292189
110045292198
110045292205
110045292214
110045292223
110045292232
110045292269
110045292312
110045292447
110045292535
110045292768
110045292866
110045292900
110045292919
110045292955
110045293026
110045293115
110045293124
110045293179
110045293204
110045293213
110045293268
110045293277
110045293357
110045293366
110045293972
110045294025
110045294579
110045294588
110045294613
110045294640
110045294659
110045294668
110045294686
110045294695
110045294711
110045294720
110045294739
110045294748
110045294757
110045294766
110045294775
110045294784
110045294793
110045294800
110045294819
110045294828
110045294837
110045294846
110045294855
110045294864
110045294873
110045294882
110045294891
110045294917
110045294962
110045294971
110045294980
110045294999
110045295006
110045295015
110045295024
110045295033
110045295051
110045295060
110045295079
110045295088
110045295104
110045295122
110045295131
110045295140
110045295159
110045295168
110045295177
110045295186
110045295195
110045295220
110045295239
110045295248
110045295257
110045295266
110045295275
110045295284
110045295293
110045295300
110045295319
110045295328
110045295346
110045295355
110045295364
110045295382
110045295391
110045295408
110045295417
110045295426
110045295435
110045295444
110045295453
110045295462
110045295480
110045295499
110045295505
110045295514
110045295523
110045295532
110045295612
110045295621
110045295667
110045295854
110045295863
110045295881
110045296041
110045296050
110045296069
110045296078
110045296087
110045296096
110045296103
110045296176
110045296327
110045296345
110045296354
110045296372
110045296443
110045296452
110045296489
110045296498
110045296504
110045296577
110045296595
110045296817
110045296826
110045296924
110045296933
110045296988
110045296997
110045297004
110045297059
110045297086
110045297095
110045297139
110045297193
110045297219
110045297326
110045297335
110045297380
110045297424
110045297479
110045297497
110045297503
110045297549
110045297558
110045297601
110045297629
110045297638
110045297861
110045297870
110045297889
110045297914
110045297950
110045297969
110045297978
110045298003
110045298012
110045298021
110045298156
110045298192
110045298209
110045298218
110045298227
110045298236
110045298316
110045298389
110045298398
110045298450
110045298469
110045298478
110045298502
110045298511
110045298520
110045298557
110045298566
110045298584
110045298619
110045298655
110045298664
110045298682
110045298691
110045298744
110045298815
110045298824
110045298959
110045299048
110045299066
110045299191
110045299208
110045299217
110045299262
110045299280
110045299360
110045299422
110045299431
110045299477
110045299486
110045299495
110045299501
110045299565
110045299574
110045299583
110045299627
110045299645
110045299761
110045299805
110045299823
110045299841
110045299878
110045299921
110045299967
110045300045
110045300063
110045300081
110045300107
110045300116
110045300189
110045300241
110045300250
110045300269
110045300296
110045300312
110045300330
110045300358
110045300367
110045300376
110045300385
110045300492
110045300553
110045300580
110045300599
110045300651
110045300679
110045300722
110045300740
110045300848
110045301106
110045301115
110045301124
110045301133
110045301151
110045301204
110045301213
110045301222
110045301231
110045301240
110045301259
110045301268
110045301286
110045301295
110045301302
110045301311
110045301320
110045301339
110045301348
110045301357
110045301366
110045301375
110045301384
110045301393
110045301400
110045301419
110045301428
110045301437
110045301446
110045301455
110045301464
110045301473
110045301482
110045301491
110045301507
110045301516
110045301525
110045301534
110045301543
110045301552
110045301561
110045301570
110045301589
110045301598
110045301605
110045301614
110045301623
110045301632
110045301641
110045301650
110045301669
110045301678
110045301687
110045301696
110045301703
110045301712
110045301721
110045301730
110045301749
110045301758
110045301767
110045301776
110045301785
110045301794
110045301829
110045301838
110045301847
110045301856
110045301865
110045301874
110045301883
110045301909
110045301918
110045301927
110045301936
110045301945
110045301954
110045301963
110045301972
110045301990
110045302007
110045302016
110045302025
110045302034
110045302043
110045302052
110045302061
110045302070
110045302089
110045302098
110045302105
110045302114
110045302123
110045302132
110045302141
110045302169
110045302178
110045302187
110045302212
110045302221
110045302285
110045302294
110045302481
110045302490
110045302506
110045302515
110045302579
110045302588
110045302597
110045302604
110045302613
110045302695
110045302702
110045302757
110045302793
110045302800
110045302819
110045302828
110045302837
110045302846
110045302873
110045302882
110045302917
110045302926
110045303042
110045303060
110045303104
110045303159
110045303186
110045303248
110045303257
110045303266
110045303275
110045303284
110045303293
110045303328
110045303514
110045303523
110045303550
110045303596
110045303612
110045303621
110045303809
110045303863
110045303952
110045303961
110045304014
110045304032
110045304069
110045304078
110045304096
110045304149
110045304167
110045304185
110045304201
110045304247
110045304274
110045304318
110045304363
110045304407
110045304434
110045304443
110045304470
110045304489
110045304568
110045304675
110045304700
110045304746
110045304764
110045304773
110045304791
110045304835
110045304844
110045304853
110045304862
110045304899
110045304942
110045304979
110045305086
110045305095
110045305102
110045305111
110045305120
110045305139
110045305184
110045305380
110045305433
110045305451
110045305567
110045305576
110045305709
110045305718
110045305727
110045305736
110045305745
110045305754
110045305763
110045305772
110045305781
110045305790
110045305807
110045305816
110045305825
110045305834
110045305843
110045305861
110045305870
110045305905
110045305914
110045305932
110045305950
110045305969
110045305978
110045305987
110045305996
110045306003
110045306012
110045306021
110045306030
110045306049
110045306058
110045306067
110045306076
110045306085
110045306094
110045306101
110045306110
110045306129
110045306138
110045306147
110045306192
110045306209
110045306218
110045306227
110045306236
110045306245
110045306254
110045306263
110045306272
110045306281
110045306290
110045306325
110045306334
110045306343
110045306352
110045306361
110045306370
110045306389
110045306398
110045306405
110045306414
110045306423
110045306432
110045306441
110045306450
110045306469
110045306487
110045306496
110045306502
110045306511
110045306520
110045306548
110045306557
110045306566
110045306575
110045306584
110045306593
110045306600
110045306628
110045306637
110045306646
110045306655
110045306664
110045306691
110045306708
110045306717
110045306726
110045306744
110045306753
110045306762
110045306771
110045306780
110045306799
110045306806
110045306815
110045306824
110045306833
110045306842
110045306851
110045306879
110045306888
110045306897
110045306904
110045306922
110045306931
110045306940
110045306959
110045306968
110045306995
110045307002
110045307039
110045307084
110045307093
110045307100
110045307182
110045307217
110045307431
110045307486
110045307618
110045307627
110045307707
110045307725
110045307832
110045307949
110045307967
110045307985
110045308118
110045308127
110045308136
110045308145
110045308154
110045308163
110045308172
110045308181
110045308190
110045308207
110045308216
110045308225
110045308234
110045308243
110045308252
110045308261
110045308289
110045308298
110045308305
110045308323
110045308332
110045308369
110045308378
110045308387
110045308403
110045308412
110045308421
110045308430
110045308458
110045308467
110045308485
110045308494
110045308500
110045308519
110045308528
110045308537
110045308546
110045308555
110045308564
110045308573
110045308582
110045308591
110045308608
110045308617
110045308626
110045308635
110045308644
110045308653
110045308662
110045308671
110045308680
110045308699
110045308706
110045308715
110045308724
110045308751
110045308760
110045308779
110045308788
110045308797
110045308822
110045308840
110045308859
110045308877
110045308886
110045308895
110045308902
110045308911
110045308920
110045308939
110045308948
110045308957
110045308966
110045308975
110045308984
110045308993
110045309000
110045309019
110045309028
110045309037
110045309046
110045309055
110045309064
110045309108
110045309117
110045309144
110045309180
110045309215
110045309224
110045309251
110045309297
110045309509
110045309545
110045309670
110045309689
110045309698
110045309705
110045309723
110045309732
110045309741
110045309750
110045309769
110045309778
110045309787
110045309796
110045309803
110045309812
110045309821
110045309830
110045309849
110045309858
110045309867
110045309876
110045309885
110045309894
110045309901
110045309910
110045309929
110045309938
110045309974
110045309983
110045309992
110045310007
110045310016
110045310025
110045310034
110045310043
110045310052
110045310061
110045310070
110045310089
110045310098
110045310105
110045310114
110045310123
110045310132
110045310141
110045310150
110045310169
110045310178
110045310187
110045310196
110045310203
110045310212
110045310221
110045310230
110045310249
110045310294
110045310301
110045310310
110045310329
110045310338
110045310347
110045310356
110045310365
110045310374
110045310383
110045310392
110045310409
110045310418
110045310427
110045310436
110045310445
110045310454
110045310463
110045310472
110045310481
110045310490
110045310506
110045310560
110045310579
110045310604
110045310659
110045310695
110045310720
110045310819
110045310828
110045310846
110045310855
110045310891
110045310908
110045310917
110045310962
110045310999
110045311015
110045311051
110045311088
110045311140
110045311159
110045311168
110045311202
110045311220
110045311239
110045311275
110045311319
110045311328
110045311337
110045311346
110045311355
110045311364
110045311373
110045311382
110045311391
110045311408
110045311426
110045311435
110045311444
110045311453
110045311499
110045311523
110045311532
110045311685
110045311710
110045311836
110045311881
110045311890
110045311907
110045311916
110045311925
110045311934
110045311943
110045311961
110045311989
110045312005
110045312023
110045312069
110045312112
110045312130
110045312176
110045312210
110045312229
110045312265
110045312283
110045312318
110045312336
110045312372
110045312452
110045312513
110045312586
110045312611
110045312700
110045312773
110045312808
110045312826
110045312844
110045312862
110045312871
110045312915
110045312924
110045312933
110045312942
110045312988
110045312997
110045313068
110045313111
110045313184
110045313193
110045313219
110045313264
110045313273
110045313326
110045313406
110045313424
110045313497
110045313521
110045313558
110045313585
110045313594
110045313638
110045313692
110045313807
110045313852
110045313861
110045313914
110045313923
110045313932
110045313996
110045314094
110045314101
110045314110
110045314147
110045314156
110045314165
110045314174
110045314183
110045314209
110045314218
110045314272
110045314343
110045314352
110045314398
110045314405
110045314487
110045314520
110045314548
110045314664
110045314860
110045320693
110045320773
110045352462
110045352471
110045352480
110045352499
110045352505
110045352523
110045352532
110045352541
110045352550
110045352569
110045352578
110045352587
110045352596
110045352603
110045352612
110045352621
110045352630
110045352658
110045352667
110045352676
110045352685
110045352694
110045352701
110045352710
110045352729
110045352738
110045352747
110045352756
110045352765
110045352774
110045352783
110045352792
110045352809
110045352818
110045352827
110045352836
110045352845
110045352854
110045352863
110045352872
110045352881
110045352890
110045352907
110045352916
110045352925
110045352934
110045352943
110045352952
110045352961
110045352970
110045352989
110045352998
110045353005
110045353014
110045353023
110045353032
110045353041
110045353050
110045353069
110045353078
110045353087
110045353096
110045353103
110045353112
