110045353121
110045353130
110045353149
110045353158
110045353167
110045353176
110045353185
110045353194
110045353201
110045353210
110045353229
110045353238
110045353247
110045353256
110045353265
110045353274
110045353283
110045353292
110045353309
110045353318
110045353327
110045353336
110045353345
110045353354
110045353363
110045353372
110045353381
110045353390
110045353407
110045353416
110045353425
110045353443
110045353452
110045395489
110045400516
110045400767
110045400810
110045400954
110045401043
110045401114
110045401187
110045401196
110045401221
110045401230
110045401329
110045401338
110045401347
110045401356
110045404077
110045404102
110045404111
110045404120
110045404175
110045404424
110045404433
110045404442
110045404451
110045404460
110045404488
110045404558
110045404585
110045404594
110045404656
110045404683
110045404692
110045406477
110045406896
110045407485
110045410872
110045411489
110045411871
110045411997
110045413389
110045413398
110045413469
110045413502
110045413511
110045413520
110045433438
110045433508
110045433740
110045433811
110045433866
110045433893
110045433946
110045434026
110045434062
110045434071
110045434106
110045434133
110045434151
110045434197
110045434204
110045434259
110045434295
110045434339
110045434357
110045434366
110045434428
110045434437
110045434473
110045435695
110045435739
110045436015
110045436024
110045436113
110045437256
110045437808
110045437817
110045437826
110045437871
110045438040
110045438647
110045438656
110045438674
110045438683
110045439094
110045439138
110045439147
110045439637
110045439913
110045439922
110045441214
110045441223
110045441410
110045441429
110045441447
110045442543
110045442552
110045442561
110045442570
110045442589
110045442598
110045442605
110045442687
110045442703
110045443212
110045444006
110045444747
110045444854
110045444863
110045445461
110045445611
110045445853
110045445862
110045445871
110045445880
110045446022
110045446059
110045446371
110045447423
110045447469
110045448805
110045448850
110045449564
110045449591
110045451827
110045451916
110045451925
110045451934
110045451943
110045451952
110045451961
110045452568
110045452700
110045452728
110045452755
110045452773
110045452782
110045453335
110045453344
110045453353
110045453362
110045453371
110045453380
110045453406
110045453656
110045453665
110045453674
110045453692
110045453914
110045453923
110045453932
110045453941
110045454272
110045454281
110045455244
110045455333
110045455609
110045455832
110045455921
110045455930
110045456083
110045456314
110045456430
110045456458
110045456476
110045456485
110045456494
110045457224
110045457233
110045457670
110045457689
110045457698
110045457705
110045457714
110045457723
110045457732
110045457741
110045457750
110045457769
110045457778
110045457787
110045457796
110045457803
110045457812
110045457821
110045457830
110045457849
110045457858
110045457867
110045457876
110045457885
110045457894
110045457901
110045457910
110045457929
110045457938
110045457947
110045457956
110045457965
110045457974
110045457983
110045457992
110045458009
110045458018
110045458027
110045458036
110045458045
110045458072
110045458081
110045458090
110045458107
110045458116
110045458125
110045458134
110045458143
110045458152
110045458161
110045458189
110045458198
110045458205
110045458223
110045458232
110045458241
110045458250
110045458269
110045458278
110045458287
110045458296
110045458303
110045458312
110045458321
110045458330
110045458349
110045458385
110045458394
110045458401
110045458410
110045458429
110045458438
110045458447
110045458456
110045458465
110045459008
110045459017
110045459026
110045459062
110045459115
110045459124
110045459133
110045459142
110045459151
110045459446
110045459455
110045459464
110045459473
110045459482
110045459767
110045459909
110045460363
110045460764
110045460835
110045460942
110045461335
110045461512
110045461772
110045462030
110045462076
110045462094
110045462405
110045462414
110045462423
110045462432
110045462441
110045462450
110045462469
110045462478
110045462487
110045462496
110045462502
110045462511
110045462520
110045462539
110045462548
110045462557
110045462566
110045462575
110045462584
110045462593
110045462600
110045462619
110045462628
110045462637
110045462646
110045462655
110045462691
110045462708
110045462717
110045462726
110045462735
110045462744
110045462753
110045462762
110045462771
110045462780
110045462799
110045462806
110045462815
110045462824
110045462833
110045462842
110045462851
110045462860
110045462879
110045462888
110045462897
110045462904
110045462913
110045462922
110045462931
110045462940
110045462959
110045462968
110045462977
110045462986
110045462995
110045463002
110045463039
110045463048
110045463057
110045463066
110045463217
110045463226
110045463235
110045463244
110045463253
110045463262
110045463271
110045463280
110045463299
110045463306
110045463315
110045463324
110045463333
110045463342
110045463351
110045463486
110045463495
110045463501
110045463618
110045463627
110045463636
110045463645
110045463654
110045463663
110045463672
110045463734
110045463823
110045463832
110045463841
110045463850
110045463869
110045463903
110045463912
110045463921
110045463949
110045463994
110045464074
110045464083
110045464092
110045464109
110045464396
110045464449
110045464467
110045464779
110045464788
110045465091
110045465386
110045465536
110045465796
110045465876
110045465956
110045465965
110045465983
110045466009
110045466045
110045466054
110045466072
110045466811
110045466937
110045466946
110045466955
110045466964
110045466973
110045466982
110045466991
110045467008
110045467017
110045467026
110045467044
110045467053
110045467062
110045467071
110045467080
110045467099
110045467106
110045467115
110045467124
110045467133
110045467142
110045467151
110045467160
110045467179
110045467188
110045467197
110045467204
110045467213
110045467222
110045467231
110045467240
110045467259
110045467268
110045467277
110045467286
110045467295
110045467302
110045467311
110045467320
110045467339
110045467348
110045467357
110045467366
110045467375
110045467384
110045467393
110045467400
110045467419
110045467428
110045467437
110045467446
110045467455
110045467464
110045467473
110045467482
110045467491
110045467507
110045467516
110045467525
110045467534
110045467543
110045467552
110045467561
110045467570
110045467589
110045467598
110045467605
110045467730
110045468356
110045468365
110045468374
110045468383
110045468392
110045468409
110045468418
110045468506
110045468631
110045468640
110045468659
110045468668
110045468677
110045468935
110045469186
110045469195
110045469202
110045469284
110045469293
110045469300
110045469319
110045469346
110045469426
110045469444
110045469471
110045469612
110045469738
110045469747
110045469783
110045469792
110045469845
110045470067
110045470165
110045470183
110045470192
110045470218
110045470236
110045470245
110045470833
110045470842
110045470851
110045471226
110045471583
110045471627
110045471636
110045471645
110045471663
110045471672
110045472528
110045472537
110045472546
110045472555
110045472564
110045472573
110045472582
110045472591
110045472608
110045472617
110045472626
110045472635
110045472644
110045472653
110045472662
110045472671
110045472680
110045472699
110045472706
110045472715
110045472724
110045472733
110045472742
110045472751
110045472760
110045472779
110045472788
110045472797
110045472804
110045472813
110045472822
110045472831
110045472840
110045472859
110045472895
110045472902
110045472911
110045472920
110045472939
110045472948
110045472957
110045472966
110045472975
110045472984
110045472993
110045473000
110045473019
110045473028
110045473037
110045473046
110045473055
110045473064
110045473073
110045473082
110045473091
110045473117
110045473126
110045473135
110045473144
110045473153
110045473162
110045473171
110045473180
110045473395
110045473448
110045473457
110045473466
110045473475
110045473484
110045473493
110045473518
110045473527
110045473876
110045473929
110045474161
110045474269
110045474278
110045474287
110045474296
110045474303
110045474312
110045474321
110045474349
110045474358
110045474367
110045474376
110045474385
110045474410
110045474429
110045474438
110045474447
110045474456
110045474465
110045474474
110045474483
110045474492
110045474508
110045474517
110045474535
110045474544
110045474553
110045474562
110045474571
110045474580
110045474599
110045474606
110045474615
110045474624
110045474633
110045474642
110045474651
110045474660
110045474679
110045474688
110045474697
110045474704
110045474713
110045474722
110045474759
110045474777
110045474786
110045474795
110045474811
110045474820
110045474839
110045475222
110045475231
110045475240
110045475259
110045475268
110045475277
110045475286
110045475295
110045475302
110045475311
110045475348
110045475357
110045475366
110045475375
110045475384
110045475393
110045475400
110045475419
110045475428
110045475437
110045475446
110045475455
110045475464
110045475482
110045475491
110045475507
110045475516
110045475525
110045475534
110045475543
110045475552
110045475561
110045475570
110045475589
110045475598
110045475605
110045475614
110045475623
110045475632
110045475641
110045475650
110045475669
110045475678
110045475687
110045475703
110045475712
110045475730
110045475749
110045475758
110045475767
110045475776
110045475785
110045475794
110045475801
110045475810
110045475829
110045475838
110045475847
110045475856
110045475865
110045476258
110045476267
110045476276
110045476285
110045476294
110045476301
110045476310
110045476329
110045476338
110045476356
110045476365
110045476374
110045476383
110045476392
110045476409
110045476418
110045476427
110045476436
110045476445
110045476454
110045476463
110045476472
110045476481
110045476515
110045476533
110045476542
110045476551
110045476560
110045476579
110045476588
110045476597
110045476604
110045476613
110045476622
110045476631
110045476640
110045476659
110045476668
110045476677
110045476686
110045476695
110045476702
110045476711
110045476720
110045476739
110045476748
110045476757
110045476766
110045476775
110045476784
110045476793
110045476800
110045476926
110045476935
110045476944
110045476953
110045476962
110045476971
110045476980
110045476999
110045477006
110045477300
110045477328
110045477337
110045477346
110045477355
110045477364
110045477391
110045477408
110045477435
110045477444
110045477453
110045477462
110045477471
110045477480
110045477499
110045477505
110045477514
110045477523
110045477532
110045477541
110045477550
110045477569
110045477578
110045477587
110045477596
110045477603
110045477612
110045477783
110045477792
110045477809
110045477818
110045477827
110045477836
110045478194
110045478201
110045478210
110045478229
110045478238
110045478247
110045478256
110045478265
110045478274
110045478283
110045478292
110045478309
110045478318
110045478327
110045478336
110045478345
110045478354
110045478363
110045478381
110045478390
110045478407
110045478416
110045478425
110045478434
110045478443
110045478452
110045478461
110045478470
110045478489
110045478498
110045478504
110045478513
110045478522
110045478540
110045478559
110045478568
110045478577
110045478586
110045478595
110045478602
110045478611
110045478620
110045478639
110045478648
110045478666
110045478675
110045478684
110045478693
110045478700
110045478728
110045478746
110045478755
110045478764
110045478773
110045478782
110045478791
110045478808
110045478817
110045478826
110045478835
110045478844
110045478853
110045478862
110045478871
110045478880
110045478899
110045478906
110045478915
110045478924
110045478933
110045478942
110045478951
110045478960
110045478979
110045478988
110045478997
110045479004
110045479013
110045479022
110045479031
110045479059
110045479068
110045479077
110045479086
110045479095
110045479102
110045479111
110045479120
110045479139
110045479148
110045479157
110045479166
110045479175
110045479184
110045479193
110045479200
110045479219
110045479228
110045479237
110045479246
110045479255
110045479264
110045479273
110045479282
110045479291
110045479308
110045479317
110045479326
110045479335
110045479344
110045479353
110045479362
110045479371
110045479380
110045479399
110045479406
110045479415
110045479424
110045479433
110045479442
110045479451
110045479460
110045479479
110045479488
110045479497
110045479503
110045479512
110045479521
110045479530
110045479549
110045479558
110045479941
110045479950
110045479969
110045479978
110045479987
110045479996
110045480029
110045480038
110045480047
110045480056
110045480065
110045480074
110045480083
110045480092
110045480109
110045480118
110045480127
110045480136
110045480154
110045480163
110045480172
110045480181
110045480190
110045480207
110045480216
110045480225
110045480234
110045480243
110045480252
110045480261
110045480289
110045480298
110045480305
110045480314
110045480323
110045480332
110045480341
110045480350
110045480369
110045480378
110045480387
110045480396
110045480403
110045480412
110045480421
110045480458
110045480467
110045480476
110045480485
110045480494
110045480500
110045480519
110045480528
110045480537
