110045480546
110045480555
110045480564
110045480573
110045480582
110045480591
110045480608
110045480617
110045480626
110045480635
110045480644
110045480653
110045480662
110045480680
110045480699
110045480706
110045480715
110045480724
110045480733
110045480742
110045480751
110045480760
110045480788
110045480804
110045480813
110045480822
110045480831
110045480840
110045480859
110045480868
110045480877
110045480886
110045480895
110045480911
110045480920
110045480939
110045480948
110045480957
110045480966
110045480975
110045480993
110045481019
110045481028
110045481037
110045481046
110045481055
110045481064
110045481073
110045481091
110045481108
110045481117
110045481126
110045481135
110045481144
110045481153
110045481162
110045481171
110045481180
110045481199
110045481206
110045481215
110045481224
110045481233
110045481242
110045481279
110045481288
110045481297
110045481304
110045481313
110045481322
110045481331
110045481359
110045481368
110045481377
110045481590
110045481607
110045481616
110045481625
110045481634
110045481643
110045481652
110045481661
110045481689
110045481698
110045481705
110045481714
110045481723
110045481732
110045481741
110045481750
110045481769
110045481778
110045481787
110045481796
110045481803
110045481812
110045481821
110045481830
110045481849
110045481858
110045481867
110045481876
110045481885
110045481894
110045481910
110045481929
110045481938
110045481956
110045481965
110045481974
110045481983
110045481992
110045482009
110045482018
110045482027
110045482036
110045482045
110045482054
110045482072
110045482081
110045482090
110045482107
110045482116
110045482125
110045482134
110045482143
110045482152
110045482161
110045482170
110045482189
110045482198
110045482205
110045482214
110045482223
110045482232
110045482241
110045482250
110045482269
110045482278
110045482287
110045482296
110045482303
110045482312
110045482321
110045482330
110045482349
110045482358
110045482367
110045482376
110045482385
110045482394
110045482401
110045482429
110045482438
110045482447
110045482535
110045482544
110045482562
110045482991
110045483008
110045483017
110045483044
110045483053
110045483080
110045483099
110045483106
110045483115
110045483124
110045483204
110045483213
110045483222
110045483231
110045483259
110045483348
110045483357
110045483375
110045483384
110045483419
110045483464
110045483525
110045483543
110045483552
110045483561
110045483570
110045483598
110045483632
110045483641
110045483650
110045483669
110045483712
110045483810
110045483892
110045483909
110045483918
110045483963
110045483972
110045483981
110045484043
110045484052
110045484061
110045484070
110045484150
110045484221
110045484230
110045484267
110045484276
110045484301
110045484356
110045484463
110045484472
110045484515
110045484524
110045484533
110045484542
110045484551
110045484579
110045484588
110045484597
110045484613
110045484622
110045484631
110045484640
110045484668
110045484677
110045484686
110045484695
110045484702
110045484720
110045484757
110045484828
110045484873
110045484908
110045484926
110045484935
110045484944
110045484953
110045484999
110045485006
110045485024
110045485079
110045485088
110045485104
110045485122
110045485140
110045485159
110045485168
110045485177
110045485186
110045485202
110045485220
110045485239
110045485248
110045485257
110045485266
110045485275
110045485284
110045485319
110045485328
110045485471
110045485578
110045485603
110045485701
110045485710
110045485827
110045485836
110045485854
110045485863
110045485881
110045485890
110045485934
110045485943
110045486149
110045486158
110045486167
110045486194
110045486201
110045486229
110045486238
110045486247
110045486256
110045486489
110045486568
110045486620
110045486639
110045486648
110045486666
110045486675
110045486684
110045486728
110045486746
110045486899
110045486915
110045486933
110045486942
110045486951
110045486960
110045486979
110045486988
110045486997
110045487004
110045487013
110045487022
110045487031
110045487040
110045487068
110045487077
110045487086
110045487095
110045487102
110045487111
110045487120
110045487148
110045487157
110045487166
110045487175
110045487184
110045487193
110045487200
110045487219
110045487246
110045487282
110045487326
110045487362
110045487442
110045487451
110045487460
110045487479
110045487488
110045487497
110045487503
110045487558
110045487567
110045487576
110045487585
110045487601
110045487727
110045487772
110045487807
110045487825
110045487852
110045487861
110045487870
110045487889
110045487898
110045487914
110045487923
110045487978
110045488030
110045488058
110045488094
110045488192
110045488227
110045488236
110045488245
110045488254
110045488263
110045488272
110045488316
110045488325
110045488343
110045488361
110045488414
110045488423
110045488441
110045488593
110045488600
110045488655
110045488664
110045488691
110045488717
110045488744
110045488771
110045488780
110045488806
110045488931
110045488995
110045489093
110045489119
110045489128
110045489235
110045489244
110045489280
110045489299
110045489306
110045489315
110045489360
110045489379
110045489388
110045489397
110045489495
110045489501
110045489609
110045489618
110045489627
110045489743
110045489761
110045489798
110045489805
110045489814
110045489850
110045489912
110045489949
110045489985
110045489994
110045490009
110045490018
110045490054
110045490063
110045490072
110045490090
110045490107
110045490125
110045490134
110045490349
110045490358
110045490367
110045490376
110045490385
110045490394
110045490401
110045490410
110045490429
110045490438
110045490447
110045490456
110045490465
110045490474
110045490483
110045490492
110045490517
110045490526
110045490535
110045490544
110045490553
110045490562
110045490580
110045490599
110045490606
110045490615
110045490624
110045490633
110045490651
110045490697
110045490704
110045490713
110045490722
110045490731
110045490740
110045490759
110045490768
110045490777
110045490811
110045490866
110045490884
110045490919
110045490964
110045490991
110045491035
110045491142
110045491151
110045491204
110045491213
110045491240
110045491277
110045491366
110045491400
110045491428
110045491455
110045491464
110045491473
110045491482
110045491507
110045491516
110045491525
110045491534
110045491543
110045491552
110045491561
110045491570
110045491589
110045491598
110045491605
110045491614
110045491623
110045491641
110045492169
110045492294
110045492301
110045492310
110045492338
110045492356
110045492542
110045492775
110045492855
110045492864
110045492917
110045492999
110045493015
110045493024
110045493033
110045493042
110045493051
110045493060
110045493079
110045493088
110045493097
110045493104
110045493113
110045493122
110045493131
110045493140
110045493159
110045493168
110045493177
110045493186
110045493195
110045493202
110045493211
110045493220
110045493239
110045493248
110045493257
110045493266
110045493275
110045493284
110045493293
110045493300
110045493319
110045493328
110045493337
110045493346
110045493355
110045493364
110045493373
110045493382
110045493391
110045493408
110045493417
110045493426
110045493435
110045493444
110045493499
110045493505
110045493523
110045493532
110045493541
110045493550
110045493569
110045493578
110045493587
110045493596
110045493603
110045493612
110045493621
110045493630
110045493649
110045493658
110045493667
110045493676
110045493694
110045493710
110045493729
110045493738
110045493747
110045493756
110045493774
110045493792
110045493809
110045493818
110045493827
110045493836
110045493845
110045493854
110045493863
110045493872
110045493881
110045493890
110045493907
110045493916
110045493925
110045493934
110045493943
110045493952
110045493961
110045493970
110045493989
110045493998
110045494005
110045494014
110045494023
110045494032
110045494041
110045494050
110045494069
110045494078
110045494087
110045494096
110045494103
110045494112
110045494121
110045494130
110045494149
110045494158
110045494167
110045494176
110045494185
110045494194
110045494201
110045494247
110045494265
110045494283
110045494318
110045494327
110045494336
110045494443
110045494452
110045494461
110045494470
110045494489
110045494498
110045494513
110045494522
110045494531
110045494540
110045495200
110045495237
110045495255
110045495807
110045495950
110045496307
110045496316
110045497146
110045497501
110045498190
110045498225
110045498234
110045498243
110045498270
110045498788
110045498797
110045498804
110045498868
110045498877
110045498886
110045498895
110045498902
110045499377
110045499395
110045499402
110045499992
110045500310
110045500356
110045500766
110045500775
110045501373
110045501453
110045501649
110045501694
110045501863
110045502354
110045503166
110045503530
110045503601
110045503683
110045503754
110045503763
110045503772
110045503790
110045503816
110045503825
110045503834
110045503870
110045503905
110045503987
110045504003
110045504076
110045504254
110045504520
110045504539
110045504557
110045505020
110045505128
110045505164
110045505244
110045505253
110045505271
110045505280
110045505324
110045505333
110045505342
110045505379
110045505388
110045505440
110045505468
110045505495
110045505538
110045505565
110045505583
110045505618
110045505645
110045505654
110045505681
110045505707
110045505734
110045505761
110045505789
110045505832
110045506369
110045506573
110045506626
110045506671
110045507162
110045507206
110045507224
110045507251
110045507288
110045507304
110045507313
110045507420
110045507475
110045507484
110045507509
110045507518
110045507563
110045507607
110045507634
110045507652
110045507769
110045507849
110045507858
110045507885
110045507894
110045507901
110045508081
110045508660
110045508704
110045508731
110045508759
110045508786
110045508795
110045509044
110045509133
110045509268
110045509302
110045509393
110045509892
110045509909
110045509927
110045509963
110045510461
110045510684
110045510719
110045510728
110045510737
110045510746
110045510871
110045510880
110045510899
110045510906
110045510915
110045510924
110045510933
110045510942
110045510951
110045510960
110045510979
110045510988
110045510997
110045511004
110045511013
110045511031
110045511059
110045511068
110045511077
110045511086
110045511095
110045511102
110045511111
110045511120
110045511139
110045511148
110045511157
110045511166
110045511175
110045511184
110045511193
110045511200
110045511219
110045511228
110045511237
110045511246
110045511255
110045511264
110045511282
110045511291
110045511308
110045511317
110045511326
110045511335
110045511353
110045511362
110045511371
110045511380
110045511399
110045511406
110045511415
110045511424
110045511433
110045511442
110045511451
110045511460
110045511479
110045511497
110045511503
110045511512
110045511521
110045511530
110045511549
110045511567
110045511576
110045511585
110045511594
110045511610
110045511629
110045511638
110045511647
110045511656
110045511665
110045511674
110045511683
110045511692
110045511709
110045511718
110045511727
110045511736
110045511745
110045511754
110045511772
110045511781
110045511790
110045511807
110045511816
110045511825
110045511834
110045511843
110045511852
110045511861
110045511870
110045511889
110045511898
110045511932
110045511941
110045511950
110045511969
110045511978
110045511987
110045511996
110045512003
110045512012
110045512021
110045512030
110045512049
110045512058
110045512067
110045512076
110045512085
110045512101
110045512165
110045512183
110045512192
110045512209
110045512762
110045512771
110045512806
110045512815
110045512824
110045512833
110045512842
110045512851
110045512860
110045512879
110045512888
110045512897
110045512904
110045512913
110045512922
110045512931
110045512940
110045512959
110045512968
110045512977
110045512986
110045512995
110045513002
110045513011
110045513020
110045513039
110045513048
110045513057
110045513066
110045513075
110045513084
110045513100
110045513119
110045513690
110045513707
110045513921
110045513930
110045514038
110045514047
110045514056
110045514074
110045514083
110045514092
110045514109
110045514118
110045514127
110045514136
110045514145
110045514154
110045514163
110045514172
110045514181
110045514190
110045514207
110045514216
110045514225
110045514234
110045514243
110045514252
110045514261
110045514270
110045514298
110045514305
110045514323
110045514341
110045514564
110045514573
110045514582
110045514591
110045514617
110045514635
110045514644
110045514653
110045514662
110045514671
110045514680
110045514699
110045514706
110045514715
110045514724
110045514733
110045514742
110045514751
110045514760
110045514779
110045514788
110045514797
110045514804
110045514813
110045514822
110045514831
110045514840
110045514859
110045514868
110045514877
110045514911
110045514920
110045514939
110045515135
110045515144
110045515153
110045515162
110045515331
110045515340
110045515359
110045515368
110045515377
110045515395
110045515402
110045515411
110045515420
110045515439
110045515448
110045515457
110045515466
110045515484
110045515493
110045515509
110045515527
110045515536
110045515545
110045515554
110045515563
110045515572
110045515581
110045515590
110045515607
110045515616
110045515625
