110045515634
110045515643
110045515652
110045515661
110045515689
110045515705
110045515714
110045515723
110045515741
110045515750
110045515769
110045515778
110045515787
110045515796
110045515803
110045515858
110045515867
110045515876
110045515885
110045515894
110045515901
110045515910
110045515929
110045515938
110045515947
110045515956
110045515965
110045515974
110045515983
110045515992
110045516009
110045516018
110045516027
110045516036
110045516045
110045516054
110045516063
110045516072
110045516081
110045516090
110045516116
110045516125
110045516134
110045516143
110045516152
110045516161
110045516170
110045516189
110045516198
110045516205
110045516214
110045516223
110045516232
110045516438
110045516447
110045516456
110045516465
110045516474
110045516483
110045516492
110045516508
110045516517
110045516526
110045516535
110045516544
110045516553
110045516562
110045516571
110045516580
110045516599
110045516606
110045516615
110045516624
110045516633
110045516651
110045516660
110045516679
110045516688
110045516697
110045516704
110045516713
110045516722
110045516740
110045516759
110045516768
110045516777
110045516786
110045516795
110045516802
110045516820
110045516839
110045516848
110045516857
110045516875
110045516884
110045516893
110045516900
110045516919
110045516928
110045516937
110045516946
110045516955
110045516964
110045516973
110045516982
110045516991
110045517008
110045517017
110045517026
110045517035
110045517053
110045517062
110045517071
110045517080
110045517099
110045517106
110045517115
110045517133
110045517142
110045517151
110045517160
110045517179
110045517188
110045517197
110045517204
110045517213
110045517222
110045517231
110045517240
110045517259
110045517268
110045517277
110045517286
110045518917
110045518944
110045518953
110045518962
110045518971
110045519738
110045519747
110045521066
110045521075
110045521128
110045521137
110045521164
110045521351
110045521707
110045521896
110045521903
110045521912
110045521921
110045521930
110045521958
110045521985
110045533311
110045533348
110045533357
110045534855
110045535140
110045535159
110045535266
110045535382
110045535391
110045535444
110045535541
110045535872
110045535925
110045535934
110045535998
110045536005
110045536014
110045536023
110045536032
110045536050
110045536069
110045536078
110045536087
110045536112
110045536121
110045536130
110045536149
110045536158
110045536167
110045536176
110045536229
110045536265
110045536274
110045536283
110045536292
110045536327
110045536835
110045536844
110045536853
110045536862
110045536871
110045536899
110045536906
110045536915
110045536924
110045536933
110045536942
110045536951
110045536960
110045536988
110045536997
110045537004
110045537013
110045537022
110045537031
110045537040
110045537059
110045537068
110045537077
110045537086
110045537095
110045537102
110045537111
110045537120
110045537139
110045537148
110045537157
110045537200
110045537219
110045537237
110045537246
110045537255
110045537264
110045537282
110045537291
110045537308
110045537317
110045537647
110045537656
110045538058
110045538502
110045538511
110045538520
110045538539
110045538548
110045538557
110045538566
110045538575
110045538584
110045538593
110045538600
110045538619
110045538628
110045538637
110045538646
110045538655
110045538664
110045538673
110045538682
110045538691
110045539093
110045539100
110045539404
110045540063
110045543710
110045559695
110045559873
110045560184
110045560317
110045562253
110045562280
110045562422
110045562431
110045562440
110045562459
110045562468
110045562529
110045562547
110045571733
110045583409
110045583481
110045583490
110045583784
110045583793
110045583800
110045583828
110045583891
110045584033
110045585096
110045585112
110045585318
110045590197
110045590749
110045590874
110045591169
110045591178
110045591203
110045591212
110045591221
110045591258
110045591356
110045591891
110045592952
110045592961
110045593005
110045593103
110045593737
110045593871
110045593899
110045594736
110045594843
110045594987
110045597555
110045597617
110045597626
110045597635
110045598689
110045598938
110045599081
110045599107
110045599125
110045599134
110045599161
110045599170
110045599198
110045599296
110045599447
110045599553
110045599562
110045599571
110045599606
110045599679
110045599722
110045600195
110045600257
110045600293
110045600300
110045600417
110045600435
110045600998
110045601005
110045601050
110045601069
110045601078
110045601176
110045601568
110045601728
110045601791
110045601817
110045601835
110045601844
110045601862
110045602255
110045605617
110045605635
110045606894
110045606901
110045606965
110045607820
110045607848
110045607866
110045607875
110045607884
110045607955
110045609365
110045610479
110045610781
110045610807
110045610843
110045610905
110045610914
110045610932
110045610941
110045610969
110045610996
110045611021
110045611469
110045611478
110045611487
110045611496
110045611584
110045611593
110045611600
110045611619
110045611673
110045611682
110045611726
110045611753
110045611771
110045611799
110045611860
110045611879
110045611888
110045611897
110045611904
110045611913
110045611977
110045612002
110045612146
110045612208
110045613822
110045613831
110045616044
110045616053
110045616106
110045616446
110045616525
110045617043
110045618140
110045618186
110045618211
110045618729
110045618792
110045619675
110045619737
110045619808
110045619862
110045620333
110045620360
110045621537
110045621555
110045621671
110045621822
110045621868
110045627229
110045628004
110045628488
110045628503
110045628521
110045628601
110045629361
110045629744
110045629753
110045629762
110045629771
110045629780
110045629806
110045629815
110045629842
110045629851
110045629860
110045629879
110045629888
110045629904
110045629913
110045629931
110045631090
110045631232
110045631269
110045631278
110045632516
110045632525
110045632589
110045632614
110045632730
110045633917
110045634122
110045634140
110045634168
110045634202
110045634211
110045634220
110045634239
110045634266
110045634658
110045636816
110045636870
110045636905
110045636914
110045637263
110045637343
110045637398
110045637469
110045637487
110045637860
110045637879
110045637888
110045637897
110045637913
110045637940
110045637959
110045637968
110045637977
110045637995
110045638002
110045638048
110045638066
110045638431
110045638486
110045638510
110045638538
110045638556
110045638627
110045639582
110045640179
110045640268
110045640428
110045640525
110045640794
110045641070
110045641132
110045641169
110045641515
110045641524
110045641542
110045641588
110045646146
110045646164
110045646182
110045646217
110045646226
110045646235
110045646244
110045646253
110045647430
110045647449
110045647458
110045647467
110045647476
110045647564
110045647573
110045647822
110045649081
110045649152
110045649250
110045649492
110045650238
110045650247
110045650354
110045650381
110045651978
110045652049
110045652058
110045653397
110045653404
110045653413
110045653431
110045653486
110045653501
110045653510
110045653538
110045653556
110045653789
110045654234
110045654332
110045654369
110045654378
110045654396
110045654403
110045654449
110045654458
110045654500
110045656116
110045656134
110045656269
110045656321
110045656330
110045656385
110045656438
110045656483
110045657669
110045658016
110045658043
110045658061
110045658427
110045658490
110045658837
110045658846
110045658864
110045658917
110045658926
110045658953
110045658980
110045659006
110045659015
110045660487
110045660502
110045660511
110045660771
110045660815
110045660860
110045660879
110045660888
110045660922
110045660968
110045661011
110045661100
110045662528
110045663947
110045664697
110045665008
110045666677
110045666686
110045666695
110045666702
110045666711
110045667015
110045667024
110045667863
110045667881
110045667925
110045667943
110045668014
110045669406
110045671377
110045671439
110045671527
110045671974
110045672152
110045672394
110045675355
110045675417
110045675854
110045675952
110045675998
110045676381
110045676577
110045676586
110045676595
110045676602
110045676620
110045678575
110045678584
110045679440
110045679814
110045679878
110045680688
110045680722
110045680740
110045680802
110045680811
110045680848
110045680866
110045687743
110045687912
110045689484
110045690043
110045690212
110045692087
110045692149
110045692201
110045692210
110045693326
110045693692
110045694414
110045694637
110045695306
110045695477
110045695486
110045695501
110045695556
110045695574
110045695734
110045695752
110045695798
110045695878
110045695994
110045696010
110045696047
110045696127
110045696216
110045696252
110045699437
110045699455
110045700899
110045702272
110045702281
110045702290
110045702478
110045702637
110045702771
110045702799
110045703146
110045703217
110045703299
110045703672
110045704243
110045704485
110045704662
110045704671
110045706090
110045706170
110045706198
110045706296
110045706376
110045706447
110045706456
110045706474
110045706562
110045706964
110045707302
110045707464
110045708515
110045708524
110045709015
110045709408
110045709612
110045709792
110045709809
110045710012
110045711011
110045711020
110045711100
110045711119
110045711306
110045711315
110045711510
110045711529
110045711565
110045711574
110045711592
110045712083
110045712154
110045943681
110045943716
110045943841
110045944038
110045944993
110045945000
110045945019
110045945750
110045946161
110045946571
110045947749
110045947776
110045948098
110045948490
110045949300
110045950002
110045950075
110045950468
110045950477
110045950486
110045952206
110045952233
110045952705
110045953125
110045953358
110045954703
110045960518
110045960563
110045960572
110045960590
110045961688
110045961697
110045961704
110045963579
110045963622
110045963668
110045966184
110045966656
110045966754
110045968271
110045968280
110045968556
110045969261
110045969323
110045969582
110045969671
110045970080
110045970605
110045971025
110045971034
110045971150
110045974834
110045974843
110045974889
110045980783
110045980792
110045980818
110045980854
110045980872
110045980881
110045986965
110045989098
110045992020
110046085641
110046086249
110046087541
110046090190
110046091554
110046100553
110046100795
110046101268
110046101366
110046101375
110046101393
110046101400
110046101419
110046101428
110046101455
110046101473
110046101482
110046101650
110046101669
110046101678
110046101687
110046101712
110046101721
110046102374
110046102757
110046102784
110046102855
110046103300
110046103319
110046104489
110046118660
110046120087
110046120265
110046123459
110046123477
110046123486
110046123529
110046123707
110046123761
110046123805
110046123823
110046125992
110046126018
110046126045
110046126063
110046126571
110046127259
110046127268
110046127277
110046127302
110046127311
110046127605
110046127614
110046127623
110046132181
110046134599
110046137195
110046228480
110046228532
110046229489
110046230896
110046231975
110046232910
110046233517
110046233553
110046234026
110046234035
110046234053
110046234062
110046234142
110046246344
110046246488
110046257199
110046261291
110046261987
110046262600
110046262682
110046262842
110046263084
110046263244
110046263547
110046264029
110046265563
110046265625
110046265723
110046269827
110046272831
110046272859
110046272868
110046273251
110046273304
110046273359
110046273402
110046273439
110046273572
110046273714
110046273938
110046273965
110046279004
110046279031
110046279102
110046279120
110046279139
110046279219
110046285667
110046285685
110046285701
110046285836
110046285845
110046285863
110046285872
110046285907
110046285916
110046285934
110046285943
110046285961
110046286014
110046286032
110046286050
110046286069
110046286078
110046286087
110046286096
110046286112
110046286176
110046286194
110046286210
110046286247
110046286256
110046286265
110046286274
110046286292
110046286318
110046286336
110046286354
110046286363
110046286372
110046286390
110046286407
110046286416
110046286434
110046286443
110046286461
110046286577
110046286586
110046286602
110046286620
110046286639
110046286648
110046286657
110046286666
110046286675
110046286684
110046286693
110046286700
110046286719
110046286728
110046286737
110046286755
110046286773
110046286817
110046286853
110046286871
110046286880
110046286899
110046286906
110046286915
110046286933
110046286942
110046286951
110046286960
110046286997
110046287040
110046287282
110046287335
110046287362
110046287380
110046287460
110046287479
110046287497
110046287521
110046287549
110046287558
110046287576
110046287638
110046287665
110046287692
110046287727
110046287781
110046287825
110046287852
110046288030
110046288254
110046288263
110046288343
110046288352
110046288361
110046288744
110046288753
110046289299
110046289333
110046289805
110046289903
110046289921
110046289976
110046289994
110046290045
110046290063
110046290072
110046290081
110046290090
110046290134
110046290143
110046290170
110046290214
110046290223
110046290394
110046290410
110046290438
110046290465
110046290562
110046290731
110046290740
110046290777
110046290786
110046290802
110046290839
110046290884
110046290928
110046290937
