110046290955
110046290973
110046290982
110046290991
110046291053
110046291062
110046291071
110046291080
110046291099
110046291115
110046291124
110046291133
110046291197
110046291213
110046291277
110046291286
110046291302
110046291339
110046291357
110046291525
110046291552
110046291589
110046291598
110046291605
110046291614
110046291632
110046291641
110046291678
110046291687
110046291703
110046291712
110046291721
110046291730
110046291749
110046291758
110046291767
110046291776
110046291785
110046291794
110046291801
110046291829
110046291838
110046291847
110046291865
110046291874
110046291883
110046291892
110046291909
110046291936
110046291954
110046292016
110046292034
110046292061
110046292070
110046292105
110046292114
110046292123
110046292132
110046292141
110046292150
110046292249
110046292258
110046292267
110046292356
110046292409
110046292427
110046292454
110046292463
110046292472
110046292481
110046292490
110046292515
110046292533
110046292551
110046292560
110046292640
110046292695
110046292702
110046292757
110046292793
110046292800
110046293195
110046293211
110046293248
110046293257
110046293284
110046293408
110046293417
110046293462
110046293471
110046293480
110046293596
110046293630
110046293685
110046293774
110046293827
110046293836
110046293854
110046293863
110046293881
110046293890
110046293907
110046293916
110046293934
110046293952
110046293970
110046293989
110046293998
110046294005
110046294096
110046294112
110046294121
110046294149
110046294158
110046294176
110046294185
110046294194
110046294201
110046294345
110046294354
110046294363
110046294390
110046294461
110046294489
110046294504
110046294522
110046294540
110046294577
110046294602
110046294611
110046294620
110046294639
110046294648
110046294657
110046294666
110046294684
110046294693
110046294719
110046294746
110046294791
110046294835
110046294862
110046295246
110046295451
110046295834
110046295870
110046295923
110046295987
110046296058
110046296076
110046296085
110046296094
110046296101
110046296129
110046296147
110046296245
110046296254
110046296334
110046296343
110046296352
110046296370
110046296389
110046296405
110046296414
110046296423
110046296432
110046296450
110046296469
110046296487
110046296502
110046296511
110046296539
110046296548
110046296557
110046296575
110046296584
110046296593
110046296600
110046296619
110046296628
110046296646
110046296664
110046296673
110046296682
110046296744
110046296762
110046296799
110046296815
110046296824
110046296931
110046296959
110046296977
110046296986
110046296995
110046297011
110046297039
110046297048
110046297084
110046297100
110046297146
110046297155
110046297173
110046297191
110046297208
110046297253
110046297486
110046297574
110046297627
110046297672
110046297832
110046297985
110046298047
110046298163
110046298172
110046298341
110046298412
110046298430
110046298458
110046298467
110046298476
110046298485
110046298519
110046298528
110046298546
110046298555
110046298564
110046298582
110046298591
110046298608
110046298617
110046298635
110046298644
110046298653
110046298742
110046298751
110046298779
110046299171
110046299233
110046299242
110046299251
110046299448
110046299457
110046299554
110046299563
110046299572
110046299741
110046299750
110046299778
110046299803
110046299858
110046299929
110046300061
110046300089
110046300132
110046300212
110046300221
110046300285
110046300301
110046300329
110046300356
110046300365
110046300392
110046300409
110046300418
110046300463
110046300613
110046300640
110046300659
110046300668
110046300677
110046300695
110046300702
110046300711
110046300720
110046300748
110046300757
110046300766
110046300775
110046300784
110046300800
110046300819
110046300828
110046300837
110046300908
110046300935
110046301006
110046301042
110046301051
110046301060
110046301079
110046301088
110046301097
110046301104
110046301113
110046301122
110046301140
110046301168
110046301177
110046301257
110046301266
110046301275
110046301300
110046301319
110046301328
110046301596
110046301612
110046301630
110046301676
110046301694
110046301774
110046301783
110046301809
110046301890
110046301970
110046302149
110046302229
110046302283
110046302372
110046302407
110046302425
110046302443
110046302513
110046302531
110046302540
110046302942
110046302988
110046303040
110046303095
110046303246
110046303308
110046303344
110046303362
110046303585
110046303638
110046303825
110046303834
110046303843
110046303852
110046303861
110046303870
110046303905
110046304030
110046304058
110046304165
110046304174
110046304183
110046304281
110046304361
110046304370
110046304575
110046304584
110046304762
110046304860
110046304879
110046304922
110046304931
110046304940
110046304959
110046304977
110046304986
110046304995
110046305011
110046305020
110046305039
110046305048
110046305066
110046305075
110046305093
110046305100
110046305173
110046305182
110046305191
110046305226
110046305253
110046305262
110046305271
110046305280
110046305299
110046305306
110046305333
110046305342
110046305379
110046305388
110046305404
110046305495
110046305510
110046305574
110046305583
110046305609
110046305627
110046305672
110046305690
110046305725
110046305734
110046305761
110046305770
110046305850
110046305869
110046305887
110046305896
110046305903
110046305912
110046305921
110046305949
110046305958
110046305967
110046305985
110046306001
110046306010
110046306038
110046306056
110046306074
110046306092
110046306154
110046306421
110046306430
110046306500
110046306519
110046306546
110046306555
110046306564
110046306591
110046306617
110046306671
110046306680
110046306699
110046306706
110046306742
110046306760
110046306822
110046306939
110046306966
110046306993
110046307000
110046307144
110046307153
110046307171
110046307215
110046307260
110046307297
110046307420
110046307466
110046307484
110046307493
110046307509
110046307518
110046307527
110046307536
110046307554
110046307563
110046307572
110046307581
110046307590
110046307607
110046307625
110046307821
110046307876
110046307885
110046307894
110046307901
110046307929
110046307974
110046308063
110046308072
110046308081
110046308107
110046308134
110046308170
110046308189
110046308205
110046308214
110046308223
110046308232
110046308250
110046308296
110046308303
110046308367
110046308385
110046308394
110046308492
110046308508
110046308535
110046308544
110046308553
110046308633
110046308660
110046308688
110046308697
110046308704
110046308713
110046308759
110046308768
110046308820
110046308839
110046308857
110046308884
110046308893
110046308919
110046308937
110046308964
110046309062
110046309106
110046309115
110046309197
110046309259
110046309286
110046309295
110046309311
110046309320
110046309464
110046309473
110046309605
110046309623
110046309767
110046309776
110046309785
110046309794
110046309892
110046309972
110046310130
110046310372
110046310390
110046310443
110046310504
110046310522
110046310531
110046310540
110046310559
110046310568
110046310666
110046310693
110046310700
110046310755
110046310764
110046310782
110046310997
110046311031
110046311040
110046311059
110046311068
110046311077
110046311086
110046311095
110046311102
110046311111
110046311139
110046311157
110046311166
110046311175
110046311273
110046311326
110046311335
110046311353
110046311371
110046311442
110046311488
110046311497
110046311503
110046311512
110046311521
110046311530
110046311576
110046311610
110046311629
110046311638
110046311647
110046311674
110046311692
110046311932
110046311978
110046312147
110046312236
110046312245
110046312450
110046312469
110046312478
110046312487
110046312496
110046312511
110046312520
110046312539
110046312548
110046312557
110046312691
110046313413
110046313468
110046313627
110046313645
110046313887
110046314001
110046314047
110046314056
110046314083
110046314109
110046314270
110046314369
110046314412
110046314467
110046314494
110046314546
110046314555
110046314573
110046314582
110046314591
110046314617
110046314662
110046314671
110046314699
110046314724
110046314733
110046314760
110046314813
110046314840
110046314868
110046314886
110046314966
110046315000
110046315019
110046315037
110046315064
110046315206
110046315242
110046315260
110046315288
110046315304
110046315322
110046315340
110046315359
110046315420
110046315448
110046315457
110046315466
110046315475
110046315493
110046315509
110046315527
110046315536
110046315554
110046315563
110046315581
110046315732
110046315769
110046315830
110046315858
110046315885
110046315992
110046316045
110046316198
110046316232
110046316241
110046316250
110046316269
110046317053
110046317080
110046317419
110046317437
110046317446
110046317464
110046317482
110046317491
110046317543
110046317598
110046318249
110046318285
110046318338
110046318356
110046318374
110046318383
110046318427
110046318445
110046318463
110046318597
110046318613
110046318640
110046318846
110046318926
110046318962
110046318971
110046318980
110046319024
110046319051
110046319060
110046319079
110046319159
110046319186
110046319211
110046319293
110046319355
110046319364
110046319373
110046319391
110046319408
110046319417
110046319426
110046319435
110046319444
110046319453
110046319569
110046319587
110046319596
110046319603
110046319658
110046319701
110046319729
110046319738
110046319774
110046319836
110046320003
110046320030
110046320058
110046320076
110046320085
110046320094
110046320101
110046320227
110046320236
110046320245
110046320254
110046320263
110046320272
110046320290
110046320316
110046320325
110046320334
110046320343
110046320352
110046320370
110046320389
110046320398
110046320414
110046320432
110046320441
110046320450
110046320469
110046320478
110046320487
110046320496
110046320502
110046320511
110046320520
110046320539
110046320548
110046320557
110046320566
110046320575
110046320584
110046320593
110046320600
110046320619
110046320637
110046320655
110046320664
110046320673
110046320682
110046320691
110046320708
110046320717
110046320726
110046320735
110046320744
110046320753
110046320762
110046320771
110046320806
110046320815
110046320824
110046320842
110046320851
110046320860
110046320879
110046320888
110046320931
110046321119
110046321128
110046321137
110046321146
110046321155
110046321164
110046321173
110046321182
110046321191
110046321208
110046321217
110046321226
110046321235
110046321244
110046321253
110046321262
110046321271
110046321280
110046321299
110046321306
110046321315
110046321324
110046321333
110046321342
110046321351
110046321360
110046321379
110046321388
110046321397
110046321404
110046321413
110046321422
110046321431
110046321440
110046321459
110046321468
110046321477
110046321486
110046321495
110046321501
110046321529
110046321538
110046321547
110046321556
110046321565
110046321574
110046321583
110046321592
110046321609
110046321618
110046321627
110046321636
110046321663
110046321716
110046321734
110046321743
110046321752
110046321770
110046321789
110046321798
110046321805
110046321814
110046321823
110046321832
110046321841
110046321896
110046321903
110046321912
110046321930
110046321949
110046321958
110046321967
110046321976
110046321985
110046321994
110046322001
110046322010
110046322038
110046322047
110046322056
110046322065
110046322074
110046322083
110046322092
110046322136
110046322145
110046322190
110046322225
110046322234
110046322243
110046322252
110046322261
110046322270
110046322305
110046322314
110046322323
110046322528
110046322537
110046322546
110046322555
110046322573
110046322582
110046322591
110046322608
110046322617
110046322626
110046322644
110046322662
110046322671
110046322680
110046322699
110046322706
110046322742
110046322751
110046322760
110046322788
110046322797
110046322804
110046322831
110046322840
110046322859
110046322868
110046322877
110046322886
110046322895
110046322902
110046322911
110046323144
110046323340
110046323359
110046323420
110046323439
110046323821
110046323858
110046323910
110046323938
110046323947
110046323965
110046324072
110046324107
110046324125
110046324134
110046324143
110046324152
110046324161
110046324401
110046324429
110046324438
110046324456
110046324660
110046324795
110046325035
110046325053
110046325062
110046325080
110046325099
110046325106
110046325124
110046325133
110046325231
110046325240
110046325311
110046325320
110046325348
110046325357
110046325437
110046325446
110046325455
110046325482
110046325491
110046325552
110046325561
110046325570
110046325589
110046325598
110046325687
110046325721
110046325730
110046325749
110046325758
110046325767
110046325776
110046325785
110046325794
110046325945
110046325954
110046326016
110046326034
110046326043
110046326052
110046326061
110046326070
110046326089
110046326098
110046326105
110046326114
110046326123
110046326132
110046326141
110046326150
110046326169
110046326178
110046326187
110046326196
110046326203
110046326329
110046326953
110046326962
110046327131
110046327159
110046327168
110046327211
110046327248
110046327266
110046327275
110046327328
110046327444
110046327462
110046327471
110046327480
110046327499
110046327514
110046327523
110046327532
110046327649
110046327710
110046327836
110046327854
