110046327863
110046327872
110046327890
110046327916
110046327925
110046327934
110046327943
110046327961
110046328014
110046328023
110046328050
110046328069
110046328103
110046328112
110046328149
110046328167
110046328176
110046328185
110046328194
110046328247
110046328256
110046328265
110046328274
110046328292
110046328309
110046328318
110046328336
110046328354
110046328372
110046328381
110046328390
110046328407
110046328416
110046328434
110046328443
110046328504
110046328513
110046328568
110046328595
110046328657
110046328666
110046328693
110046328700
110046328755
110046328764
110046328782
110046328791
110046328808
110046328826
110046328862
110046328960
110046328988
110046328997
110046329013
110046329022
110046329040
110046329068
110046329157
110046329166
110046329175
110046329362
110046329406
110046329442
110046329451
110046329488
110046329497
110046329512
110046329521
110046329558
110046329576
110046329585
110046329594
110046329601
110046329610
110046329629
110046329674
110046329790
110046329834
110046329870
110046329889
110046329905
110046329914
110046329932
110046329950
110046330001
110046330065
110046330136
110046330341
110046330350
110046330369
110046330378
110046330387
110046330421
110046330494
110046330591
110046330617
110046330635
110046330671
110046330699
110046330715
110046330751
110046330797
110046330804
110046330822
110046330831
110046330840
110046330859
110046330877
110046330886
110046330895
110046331028
110046331046
110046331055
110046331073
110046331091
110046331108
110046331117
110046331126
110046331135
110046331144
110046331162
110046331180
110046331199
110046331215
110046331224
110046331233
110046331242
110046331251
110046331260
110046331279
110046331288
110046331297
110046331304
110046331313
110046331322
110046331331
110046331340
110046331359
110046331368
110046331377
110046331386
110046331395
110046331411
110046331420
110046331448
110046331466
110046331484
110046331493
110046331527
110046331536
110046331545
110046331554
110046331572
110046331590
110046331607
110046331616
110046331625
110046331634
110046331643
110046331652
110046331661
110046331670
110046331689
110046331698
110046331705
110046331714
110046331723
110046331732
110046331741
110046331750
110046331830
110046331849
110046331867
110046331965
110046332009
110046332090
110046332170
110046332189
110046332205
110046332349
110046332401
110046332465
110046332492
110046332526
110046332553
110046332651
110046332660
110046332679
110046332688
110046332697
110046332866
110046332893
110046332928
110046332937
110046332964
110046332973
110046332982
110046332991
110046333106
110046333295
110046333302
110046333311
110046333320
110046333339
110046333348
110046333357
110046333366
110046333375
110046333384
110046333393
110046333400
110046333419
110046333428
110046333437
110046333446
110046333455
110046333464
110046333473
110046333482
110046333491
110046333507
110046333525
110046333534
110046333543
110046333552
110046333561
110046333570
110046333589
110046333598
110046333605
110046333614
110046333623
110046333632
110046333641
110046333650
110046333669
110046333678
110046333687
110046333703
110046333712
110046333721
110046333730
110046333749
110046333758
110046333767
110046333776
110046333785
110046333794
110046333801
110046333810
110046333829
110046333838
110046333847
110046333856
110046333865
110046333874
110046333990
110046334025
110046334034
110046334043
110046334052
110046334061
110046334070
110046334089
110046334098
110046334105
110046334114
110046334123
110046334132
110046334141
110046334150
110046334169
110046334178
110046334187
110046334196
110046334212
110046336238
110046336283
110046336336
110046336568
110046336602
110046336791
110046336871
110046336933
110046336960
110046337219
110046337237
110046337371
110046337549
110046337576
110046337585
110046337601
110046337665
110046337736
110046337843
110046337987
110046337996
110046338094
110046338110
110046338156
110046338192
110046338254
110046338263
110046338290
110046338432
110046338441
110046338502
110046338520
110046338539
110046338557
110046338566
110046338575
110046338664
110046338833
110046339002
110046339011
110046339217
110046339324
110046339333
110046339360
110046339379
110046339397
110046339413
110046339486
110046339495
110046339501
110046339510
110046339529
110046339538
110046339547
110046339556
110046339565
110046339574
110046339583
110046339654
110046339725
110046339761
110046340492
110046340517
110046340535
110046366936
110046366945
110046366981
110046366990
110046367007
110046367025
110046367034
110046367043
110046367052
110046367061
110046367276
110046367285
110046368015
110046368024
110046368676
110046368694
110046368701
110046368827
110046369041
110046369121
110046369130
110046369354
110046369808
110046369817
110046370440
110046370468
110046370556
110046370565
110046370832
110046370841
110046370850
110046370869
110046370878
110046370887
110046370903
110046370912
110046370921
110046383631
110046383640
110046383695
110046383971
110046383999
110046384006
110046384015
110046384337
110046384355
110046384408
110046385201
110046385318
110046385513
110046385826
110046386068
110046386148
110046386157
110046386406
110046386415
110046386433
110046386442
110046387049
110046387058
110046387110
110046387851
110046390810
110046391784
110046391846
110046391873
110046392364
110046392532
110046392783
110046397476
110046397671
110046397779
110046397804
110046397822
110046403281
110046405635
110046424464
110046424491
110046424507
110046424516
110046424794
110046425187
110046425454
110046425533
110046425622
110046425631
110046425640
110046425659
110046425668
110046425686
110046425739
110046425793
110046425800
110046425837
110046426943
110046427498
110046427504
110046427513
110046427531
110046427540
110046427693
110046427719
110046427737
110046438315
110046448297
110046461128
110046461137
110046461556
110046461645
110046461690
110046461832
110046462573
110046462582
110046462591
110046462608
110046462699
110046462706
110046464544
110046466944
110046466971
110046466980
110046466999
110046467015
110046467033
110046468069
110046491845
110046492032
110046492041
110046523570
110046523829
110046531552
110046537253
110046537592
110046538047
110046540837
110046549703
110046549721
110046549767
110046549776
110046549801
110046550086
110046550102
110046550111
110046550157
110046550166
110046550175
110046550184
110046550200
110046550228
110046550255
110046550282
110046550308
110046550317
110046550326
110046550335
110046550344
110046550362
110046550371
110046550424
110046550451
110046550460
110046550479
110046550488
110046550497
110046550503
110046550530
110046550549
110046550585
110046550594
110046550610
110046550638
110046550665
110046550674
110046550683
110046550709
110046550718
110046550727
110046550763
110046550781
110046550807
110046550843
110046550852
110046550932
110046550950
110046550969
110046550978
110046550987
110046551012
110046551030
110046551049
110046551441
110046551450
110046551502
110046551520
110046551539
110046551548
110046551557
110046551566
110046551584
110046551600
110046551637
110046551646
110046551664
110046551673
110046551691
110046551717
110046551744
110046551771
110046551799
110046551815
110046551824
110046551833
110046551888
110046551904
110046551913
110046551940
110046551959
110046551968
110046551977
110046551986
110046551995
110046552002
110046552020
110046552039
110046552057
110046552066
110046552075
110046552093
110046552100
110046552119
110046552128
110046552164
110046552173
110046552182
110046552217
110046552226
110046552235
110046552244
110046552262
110046552271
110046552280
110046552315
110046552333
110046552342
110046552379
110046552388
110046552422
110046552468
110046552501
110046552556
110046552592
110046552681
110046552707
110046552725
110046552734
110046552743
110046552752
110046552789
110046552798
110046552805
110046552814
110046552823
110046552841
110046552869
110046552887
110046553001
110046553010
110046553038
110046553065
110046553092
110046553136
110046553145
110046553154
110046553163
110046553207
110046553225
110046553234
110046553314
110046553323
110046553341
110046553350
110046553378
110046553476
110046553494
110046553500
110046553564
110046553573
110046553591
110046553626
110046553635
110046553644
110046553662
110046553671
110046553699
110046553706
110046553715
110046553742
110046553859
110046553895
110046553920
110046553939
110046553948
110046553957
110046553966
110046553975
110046553984
110046553993
110046554000
110046554019
110046554028
110046554046
110046554055
110046554064
110046554091
110046554108
110046554117
110046554126
110046554153
110046554180
110046554215
110046554224
110046554242
110046554279
110046554304
110046554322
110046554377
110046554475
110046554509
110046554518
110046554545
110046554563
110046554590
110046554607
110046554643
110046554689
110046554698
110046554723
110046554741
110046554769
110046554787
110046554849
110046554858
110046554894
110046554929
110046554947
110046554965
110046554974
110046554983
110046555072
110046555116
110046555143
110046555152
110046555161
110046555170
110046555205
110046555214
110046555223
110046555241
110046555269
110046555296
110046555394
110046555401
110046555410
110046555438
110046555483
110046555526
110046555544
110046555553
110046555562
110046555599
110046555624
110046555679
110046555688
110046555713
110046555740
110046555759
110046555811
110046555820
110046555839
110046555848
110046555866
110046555875
110046555893
110046555991
110046556008
110046556017
110046556080
110046556106
110046556115
110046556124
110046556188
110046556240
110046556259
110046556277
110046556295
110046556302
110046556320
110046556348
110046556357
110046556375
110046556419
110046556428
110046556437
110046556446
110046556455
110046556464
110046556473
110046556482
110046556507
110046556525
110046556543
110046556552
110046556570
110046556589
110046556605
110046556623
110046556641
110046556678
110046556703
110046556730
110046556758
110046556794
110046556801
110046556810
110046556829
110046556838
110046556874
110046556918
110046556927
110046556936
110046556945
110046556972
110046556981
110046557007
110046557016
110046557025
110046557061
110046557123
110046557203
110046557212
110046557221
110046557267
110046557276
110046557285
110046557301
110046557374
110046557383
110046557392
110046557427
110046557463
110046557506
110046557524
110046557542
110046557748
110046557766
110046557784
110046557793
110046557855
110046557873
110046557891
110046557917
110046557935
110046557953
110046558024
110046558033
110046558042
110046558051
110046558079
110046558168
110046558186
110046558202
110046558211
110046558248
110046558257
110046558266
110046558284
110046558319
110046558471
110046558480
110046558499
110046558505
110046558514
110046558532
110046558550
110046558569
110046558578
110046558596
110046558612
110046558630
110046558658
110046558667
110046558676
110046558685
110046558694
110046558710
110046558774
110046558783
110046558792
110046558809
110046558818
110046558845
110046558854
110046558863
110046558881
110046558890
110046558907
110046558916
110046558934
110046558943
110046558952
110046558961
110046558970
110046558998
110046559014
110046559032
110046559050
110046559078
110046559087
110046559096
110046559112
110046559130
110046559158
110046559176
110046559185
110046559201
110046559247
110046559256
110046559265
110046559283
110046559309
110046559318
110046559336
110046559345
110046559416
110046559425
110046559434
110046559452
110046559540
110046559568
110046559577
110046559620
110046559639
110046559648
110046559657
110046559666
110046559675
110046559684
110046559719
110046559755
110046559844
110046559942
110046559951
110046559979
110046559988
110046559997
110046560002
110046560011
110046560119
110046560146
110046560164
110046560235
110046560324
110046560333
110046560342
110046560360
110046560379
110046560422
110046560440
110046560486
110046560510
110046560538
110046560556
110046560690
110046560805
110046560814
110046560841
110046560869
110046560878
110046560903
110046560921
110046560930
110046560994
110046561001
110046561029
110046561038
110046561047
110046561056
110046561065
110046561083
110046561092
110046561145
110046561154
110046561163
110046561172
110046561181
110046561190
110046561207
110046561225
110046561234
110046561243
110046561252
110046561270
110046561298
110046561305
110046561332
110046561341
110046561350
110046561369
110046561387
110046561421
110046561430
110046561485
110046561494
110046561519
110046561555
110046561617
110046561644
110046561653
110046561662
110046561671
110046561680
110046561699
110046561706
110046561715
110046561724
110046561751
110046561779
110046561895
110046561939
110046561975
110046561984
110046562000
110046562028
110046562055
110046562082
110046562117
110046562144
110046562162
110046562171
110046562199
110046562206
110046562313
110046562331
110046562359
110046562420
110046562448
110046562475
110046562484
110046562787
110046562812
110046562876
110046562901
110046562947
110046563152
110046563241
110046563269
110046563278
110046563303
110046563321
110046563394
