110046563410
110046563456
110046563474
110046563624
110046563651
110046563679
110046563697
110046563713
110046563722
110046563731
110046563768
110046563777
110046563811
110046563839
110046563848
110046563866
110046563884
110046563900
110046563919
110046563937
110046563955
110046563964
110046563982
110046564008
110046564062
110046564071
110046564160
110046564339
110046564393
110046564419
110046564428
110046564437
110046564446
110046564464
110046564473
110046564482
110046564507
110046564516
110046564534
110046564561
110046564570
110046564589
110046564598
110046564605
110046564614
110046564623
110046564641
110046564669
110046564678
110046564687
110046564696
110046564703
110046564721
110046564730
110046564758
110046564767
110046564776
110046564785
110046564801
110046564810
110046564865
110046564936
110046564972
110046564981
110046565007
110046565016
110046565025
110046565034
110046565089
110046565114
110046565132
110046565169
110046565178
110046565196
110046565212
110046565221
110046565267
110046565276
110046565285
110046565294
110046565454
110046565463
110046565472
110046565481
110046565524
110046565533
110046565542
110046565560
110046565579
110046565588
110046565597
110046565604
110046565622
110046565659
110046565668
110046565677
110046565686
110046565711
110046565720
110046565739
110046565757
110046565766
110046565784
110046565800
110046565819
110046565846
110046565873
110046565891
110046565917
110046565935
110046565953
110046565962
110046566024
110046566042
110046566051
110046566060
110046566104
110046566113
110046566122
110046566159
110046566177
110046566195
110046566202
110046566211
110046566239
110046566248
110046566257
110046566266
110046566275
110046566293
110046566319
110046566337
110046566346
110046566364
110046566382
110046566408
110046566417
110046566426
110046566435
110046566444
110046566462
110046566471
110046566499
110046566505
110046566514
110046566523
110046566569
110046566578
110046566587
110046566596
110046566603
110046566612
110046566667
110046566676
110046566685
110046566729
110046566756
110046566774
110046566783
110046566792
110046566818
110046566827
110046566836
110046566854
110046567078
110046567087
110046567103
110046567130
110046567149
110046567158
110046567167
110046567194
110046567201
110046567210
110046567283
110046567309
110046567318
110046567327
110046567336
110046567345
110046567498
110046567522
110046567531
110046567559
110046567568
110046567595
110046567602
110046567611
110046567693
110046567719
110046567746
110046567755
110046567764
110046567773
110046567808
110046567871
110046567880
110046567933
110046567951
110046567960
110046567997
110046568095
110046568308
110046568415
110046568512
110046568521
110046568558
110046568727
110046568745
110046568754
110046568772
110046568790
110046568843
110046568889
110046568898
110046568905
110046568914
110046568941
110046568996
110046569049
110046569067
110046569076
110046569147
110046569174
110046569209
110046569290
110046569307
110046569352
110046569511
110046569520
110046569539
110046569557
110046569600
110046569628
110046569646
110046569673
110046569682
110046569691
110046569708
110046569726
110046569735
110046569753
110046569762
110046569771
110046569780
110046569851
110046569860
110046569879
110046569888
110046569913
110046569922
110046569931
110046569986
110046570028
110046570037
110046570091
110046570108
110046570144
110046570162
110046570171
110046570180
110046570206
110046570224
110046570260
110046570304
110046570359
110046570377
110046570402
110046570420
110046570457
110046570466
110046570475
110046570509
110046570527
110046570536
110046570590
110046570607
110046570670
110046570723
110046570741
110046570750
110046570778
110046570876
110046570885
110046570901
110046570910
110046571152
110046571214
110046571232
110046571241
110046571330
110046571394
110046571410
110046571429
110046571447
110046571456
110046571465
110046571483
110046571553
110046571580
110046571606
110046571633
110046571642
110046571651
110046571660
110046571688
110046571697
110046571713
110046571759
110046571786
110046571811
110046571820
110046571839
110046571866
110046571875
110046571884
110046571955
110046571982
110046572026
110046572053
110046572062
110046572071
110046572080
110046572320
110046572348
110046572393
110046572473
110046572570
110046572589
110046572598
110046572632
110046572650
110046572696
110046572730
110046572749
110046572758
110046572776
110046572794
110046572801
110046572829
110046572847
110046572865
110046572874
110046572892
110046572909
110046572918
110046572927
110046572954
110046572963
110046572972
110046573052
110046573061
110046573070
110046573123
110046573141
110046573150
110046573178
110046573187
110046573203
110046573212
110046573221
110046573249
110046573267
110046573276
110046573294
110046573329
110046573338
110046573365
110046573374
110046573383
110046573392
110046573427
110046573445
110046573490
110046573506
110046573515
110046573524
110046573560
110046573613
110046573640
110046573659
110046573668
110046573695
110046573702
110046573720
110046573739
110046573757
110046573766
110046573775
110046573935
110046573953
110046573962
110046573971
110046573999
110046574088
110046574113
110046574131
110046574168
110046574177
110046574202
110046574248
110046574257
110046574266
110046574275
110046574284
110046574293
110046574337
110046574355
110046574364
110046574373
110046574435
110046574453
110046574480
110046574505
110046574532
110046574541
110046574587
110046574612
110046574621
110046574701
110046574710
110046574765
110046574783
110046574836
110046574845
110046574854
110046574881
110046574907
110046574925
110046574952
110046574961
110046574970
110046574989
110046575005
110046575041
110046575069
110046575087
110046575121
110046575176
110046575194
110046575201
110046575210
110046575309
110046575318
110046575345
110046575354
110046575363
110046575470
110046575498
110046575504
110046575586
110046575595
110046575602
110046575611
110046575639
110046575648
110046575657
110046575666
110046575675
110046575684
110046575719
110046575728
110046575746
110046575755
110046575764
110046575782
110046575817
110046575826
110046575871
110046575899
110046575906
110046575924
110046575933
110046575951
110046575960
110046576004
110046576013
110046576031
110046576040
110046576175
110046576193
110046576228
110046576246
110046576264
110046576273
110046576282
110046576344
110046576406
110046576415
110046576424
110046576451
110046576460
110046576497
110046576521
110046576549
110046576558
110046576594
110046576610
110046576638
110046576647
110046576656
110046576665
110046576674
110046576692
110046576727
110046576745
110046576754
110046576763
110046576781
110046576816
110046576825
110046576834
110046576923
110046576941
110046576950
110046576987
110046576996
110046577003
110046577012
110046577021
110046577049
110046577085
110046577156
110046577174
110046577192
110046577245
110046577290
110046577307
110046577316
110046577325
110046577334
110046577343
110046577352
110046577370
110046577389
110046577450
110046577478
110046577496
110046577520
110046577637
110046577664
110046577673
110046577682
110046577708
110046577762
110046577780
110046577799
110046577833
110046577842
110046577851
110046577860
110046577879
110046577888
110046577922
110046577986
110046577995
110046578002
110046578048
110046578057
110046578075
110046578093
110046578119
110046578173
110046578226
110046578244
110046578253
110046578280
110046578324
110046578333
110046578397
110046578404
110046578413
110046578422
110046578440
110046578468
110046578477
110046578495
110046578501
110046578510
110046578529
110046578538
110046578547
110046578583
110046578645
110046578654
110046578663
110046578672
110046578681
110046578707
110046578716
110046578734
110046578798
110046578805
110046578814
110046578850
110046578878
110046578903
110046578912
110046578921
110046578949
110046578967
110046578994
110046579001
110046579010
110046579038
110046579047
110046579056
110046579065
110046579074
110046579083
110046579092
110046579109
110046579118
110046579127
110046579136
110046579154
110046579172
110046579190
110046579243
110046579261
110046579298
110046579314
110046579332
110046579421
110046579430
110046579449
110046579458
110046579500
110046579519
110046579528
110046579555
110046579573
110046579582
110046579608
110046579635
110046579644
110046579706
110046579733
110046579742
110046579760
110046579779
110046579797
110046579804
110046579813
110046579822
110046579831
110046579840
110046579868
110046579877
110046579886
110046579895
110046579911
110046579920
110046579939
110046579948
110046579984
110046579993
110046580008
110046580026
110046580035
110046580044
110046580053
110046580062
110046580071
110046580080
110046580099
110046580151
110046580213
110046580231
110046580240
110046580259
110046580268
110046580286
110046580295
110046580311
110046580320
110046580339
110046580348
110046580357
110046580366
110046580375
110046580384
110046580400
110046580446
110046580464
110046580482
110046580507
110046580570
110046580605
110046580623
110046580641
110046580650
110046580678
110046580687
110046580696
110046580703
110046580721
110046580730
110046580749
110046580758
110046580776
110046580785
110046580794
110046580801
110046580810
110046580829
110046580838
110046580892
110046580927
110046581025
110046581089
110046581105
110046581123
110046581347
110046581356
110046581365
110046581374
110046581409
110046581551
110046581579
110046581597
110046581613
110046581622
110046581631
110046581640
110046581659
110046581668
110046581677
110046581686
110046581695
110046581711
110046581720
110046581739
110046581748
110046581757
110046581766
110046581775
110046581784
110046581800
110046581819
110046581828
110046581837
110046581855
110046581864
110046581882
110046581908
110046581917
110046581935
110046581944
110046581953
110046581971
110046581980
110046582015
110046582051
110046582079
110046582088
110046582097
110046582104
110046582122
110046582159
110046582186
110046582195
110046582220
110046582248
110046582266
110046582300
110046582319
110046582328
110046582337
110046582346
110046582355
110046582364
110046582373
110046582382
110046582391
110046582417
110046582426
110046582435
110046582453
110046582462
110046582499
110046582505
110046582514
110046582523
110046582541
110046582550
110046582569
110046582578
110046582596
110046582603
110046582630
110046582649
110046582667
110046582676
110046582685
110046582694
110046582701
110046582710
110046582738
110046582747
110046582756
110046582765
110046582774
110046582818
110046582836
110046582845
110046582863
110046582881
110046582907
110046582943
110046583069
110046583078
110046583096
110046583103
110046583112
110046583229
110046583238
110046583247
110046583256
110046583292
110046583336
110046583381
110046583434
110046583452
110046583470
110046583489
110046583504
110046583522
110046583559
110046583648
110046583657
110046583684
110046583728
110046583737
110046583755
110046583773
110046583808
110046583817
110046583844
110046583853
110046583871
110046583880
110046583899
110046583906
110046583979
110046583988
110046584004
110046584013
110046584086
110046584102
110046584246
110046584264
110046584273
110046584282
110046584291
110046584317
110046584335
110046584344
110046584371
110046584399
110046584406
110046584521
110046584558
110046584567
110046584576
110046584585
110046584594
110046584601
110046584610
110046584647
110046584656
110046584674
110046584683
110046584718
110046584745
110046584754
110046584772
110046584781
110046584790
110046584807
110046584816
110046584825
110046584834
110046584870
110046584898
110046584932
110046585030
110046585058
110046585183
110046585209
110046585218
110046585236
110046585325
110046585398
110046585405
110046585414
110046585423
110046585432
110046585450
110046585469
110046585487
110046585496
110046585511
110046585520
110046585548
110046585557
110046585575
110046585584
110046585593
110046585600
110046585619
110046585637
110046585664
110046585673
110046585682
110046585708
110046585717
110046585726
110046585735
110046585744
110046585753
110046585771
110046585995
110046586002
110046586011
110046586020
110046586048
110046586057
110046586066
110046586075
110046586084
110046586093
110046586100
110046586128
110046586182
110046586208
110046586217
110046586244
110046586280
110046586495
110046586538
110046586565
110046586636
110046586654
110046586663
110046586690
110046586761
110046586770
110046586798
110046586832
110046586841
110046586850
110046586912
110046586921
110046586930
110046586949
110046586976
110046587038
110046587047
110046587056
110046587065
110046587083
110046587092
110046587118
110046587136
110046587172
110046587181
110046587190
110046587261
110046587314
110046587341
110046587350
110046587387
110046587403
110046587412
110046587449
110046587458
110046587467
110046587485
110046587528
110046587555
110046587573
110046587582
110046587608
110046587617
110046587644
110046587671
110046587699
110046587804
110046587822
110046587877
110046587920
110046587993
110046588082
110046588108
110046588117
110046588126
110046588135
110046588144
110046588153
