110046588162
110046588171
110046588180
110046588199
110046588206
110046588215
110046588224
110046588233
110046588242
110046588251
110046588466
110046588475
110046588527
110046588536
110046588590
110046588643
110046588661
110046588670
110046588723
110046588769
110046588778
110046588803
110046588830
110046588849
110046588858
110046588885
110046588894
110046588929
110046588965
110046588974
110046589027
110046589081
110046589107
110046589134
110046589143
110046589152
110046589198
110046589214
110046589278
110046589321
110046589349
110046589376
110046589438
110046589456
110046589483
110046589508
110046589697
110046589704
110046589731
110046589795
110046589839
110046589857
110046589866
110046589875
110046589937
110046589973
110046590006
110046590015
110046590024
110046590033
110046590051
110046590060
110046590088
110046590097
110046590104
110046590248
110046590417
110046590453
110046590462
110046590471
110046590480
110046590499
110046590596
110046590612
110046590676
110046590685
110046590694
110046590701
110046590710
110046590818
110046590827
110046590863
110046590872
110046590881
110046590907
110046590916
110046590934
110046590970
110046590989
110046590998
110046591005
110046591023
110046591078
110046591096
110046591112
110046591345
110046592148
110046592219
110046592335
110046592399
110046592406
110046592424
110046592442
110046592647
110046592736
110046593405
110046593414
110046593879
110046593888
110046593897
110046593904
110046593913
110046593922
110046593931
110046593977
110046594020
110046594636
110046594654
110046594663
110046595485
110046595494
110046595617
110046595626
110046595635
110046595966
110046595975
110046596322
110046597474
110046597777
110046598981
110046599007
110046599016
110046599025
110046599034
110046599043
110046599061
110046599098
110046599114
110046599132
110046599141
110046599150
110046599178
110046599285
110046599711
110046599720
110046599828
110046602002
110047080403
110047387356
110047387536
110047726015
110048027924
110048029245
110048136101
110048288820
110048289268
110048289437
110048290078
110048718214
110048838442
110048959221
110049043132
110049054157
110049125435
110049258767
110049648725
110049652069
110049652531
110049667555
110049667865
110049668817
110049786184
110049793896
110049953724
110050065102
110050092038
110050259474
110050270041
110050282695
110050297535
110050297536
110050297695
110050518043
110050543177
110050547404
110050575356
110050658846
110050813946
110050926147
110051320566
110051586283
110051959578
110052036960
110052056617
110052072421
110052151345
110052151372
110052168284
110052173919
110052216197
110052222359
110052706540
110052755381
110052811338
110052816896
110052832583
110053609065
110053609190
110053611775
110053617582
110053632645
110053639817
110053653140
110053708779
110053732449
110053749128
110053752337
110053754219
110053755815
110053769070
110053789030
110053789076
110053789138
110053801276
110053825866
110053825946
110053830280
110053830299
110053839094
110053843882
110053849083
110053854557
110053854566
110053865000
110053868613
110053871191
110053885845
110053886005
110053889066
110053900613
110053904815
110053904824
110053904833
110053904851
110053912325
110053912450
110053914163
110053914172
110053914181
110053914403
110053934212
110053934301
110053935319
110053936595
110053941516
110053967427
110053967515
110053969960
110053974687
110053982268
110053988967
110053999054
110054004803
110054005027
110054069887
110054069896
110054069949
110054069967
110054069976
110054069985
110054069994
110054070027
110054070107
110054070526
110054071375
110054071678
110054071687
110054071696
110054071703
110054071712
110054071721
110054071749
110054071758
110054071767
110054071829
110054071838
110054071847
110054071874
110054072114
110054072230
110054072249
110054072258
110054072267
110054072276
110054072285
110054072294
110054072301
110054072329
110054072347
110054072436
110054072445
110054072454
110054072463
110054072481
110054072980
110054073319
110054073612
110054073907
110054073934
110054073952
110054073961
110054073970
110054074032
110054074041
110054074069
110054074078
110054074336
110054074611
110054074808
110054074880
110054075004
110054075246
110054075255
110054075291
110054075335
110054075380
110054075399
110054075406
110054075415
110054075530
110054075978
110054075987
110054075996
110054076003
110054076012
110054076370
110054076389
110054076398
110054076405
110054076414
110054076423
110054077146
110054077155
110054077164
110054077182
110054077191
110054077217
110054077226
110054077235
110054077743
110054077850
110054077878
110054077896
110054077912
110054077921
110054078118
110054078127
110054078396
110054078485
110054078519
110054078528
110054078537
110054078546
110054078555
110054078564
110054078573
110054078582
110054078591
110054078608
110054078635
110054078644
110054078653
110054078699
110054078706
110054078724
110054078742
110054079073
110054080150
110054080178
110054080329
110054080819
110054080864
110054080873
110054080882
110054080891
110054080908
110054080917
110054080926
110054080935
110054080944
110054081131
110054081426
110054081435
110054081444
110054081453
110054081462
110054081471
110054081499
110054081505
110054081621
110054081630
110054081685
110054081710
110054081756
110054081765
110054081774
110054081783
110054081792
110054081809
110054081881
110054081925
110054082586
110054082602
110054082611
110054082719
110054082737
110054083264
110054083282
110054083291
110054083308
110054083317
110054083326
110054083335
110054083344
110054083353
110054083362
110054083399
110054083406
110054083424
110054083433
110054083460
110054083479
110054084325
110054084806
110054084815
110054085333
110054085388
110054085397
110054085510
110054085592
110054086065
110054086305
110054086323
110054087144
110054087714
110054087894
110054087901
110054087974
110054088009
110054088018
110054088027
110054088385
110054088401
110054088410
110054088429
110054088438
110054088447
110054088456
110054088465
110054088474
110054088483
110054088492
110054088517
110054088535
110054088553
110054088562
110054088571
110054088802
110054088875
110054088884
110054088955
110054089259
110054089268
110054089277
110054089482
110054089491
110054089507
110054090461
110054090684
110054090693
110054091139
110054091219
110054092076
110054092236
110054092593
110054092628
110054092655
110054092664
110054092691
110054092744
110054092753
110054092762
110054092771
110054092806
110054092879
110054093182
110054093495
110054093501
110054093538
110054094519
110054094911
110054094975
110054095386
110054095554
110054096063
110054096857
110054097008
110054097017
110054097026
110054097357
110054099131
110054099186
110054099239
110054099505
110054099514
110054099523
110054099532
110054099550
110054099569
110054099578
110054099587
110054099596
110054099612
110054099630
110054099649
110054099658
110054099667
110054099676
110054099685
110054099694
110054099701
110054099710
110054099738
110054099747
110054099765
110054099774
110054099783
110054099792
110054099809
110054099890
110054099907
110054099916
110054099934
110054099989
110054100012
110054100325
110054100370
110054100389
110054100548
110054100575
110054100584
110054100600
110054100619
110054100628
110054100637
110054100646
110054100655
110054100664
110054100673
110054100682
110054100691
110054100708
110054100726
110054100735
110054100744
110054100753
110054100762
110054100771
110054100780
110054100799
110054100815
110054100824
110054100833
110054100842
110054100851
110054100860
110054100879
110054100888
110054100897
110054100904
110054100922
110054100931
110054100940
110054100959
110054100968
110054100977
110054100986
110054100995
110054101002
110054101011
110054101020
110054101039
110054101048
110054101057
110054101066
110054101075
110054101084
110054101093
110054101100
110054101119
110054101128
110054101137
110054101146
110054101155
110054101173
110054101182
110054101191
110054101208
110054101217
110054101226
110054101235
110054101253
110054101262
110054101271
110054101280
110054101299
110054101306
110054101351
110054101397
110054101574
110054101636
110054101761
110054101770
110054101789
110054101798
110054101805
110054101814
110054101823
110054101832
110054101841
110054101850
110054101869
110054101878
110054101887
110054101896
110054101903
110054101912
110054101921
110054101930
110054101949
110054101967
110054101976
110054101994
110054102001
110054102010
110054102038
110054102047
110054102056
110054102065
110054102074
110054102083
110054102092
110054102109
110054102298
110054102305
110054102314
110054102412
110054102421
110054102742
110054103055
110054103233
110054103242
110054103288
110054103297
110054103304
110054103322
110054103331
110054103340
110054103359
110054103368
110054103377
110054103386
110054103395
110054103402
110054103411
110054103420
110054103439
110054103448
110054103457
110054103466
110054103475
110054103484
110054103493
110054103509
110054103518
110054103527
110054103545
110054103563
110054103572
110054103581
110054103590
110054103607
110054103616
110054103625
110054103634
110054103643
110054103652
110054103661
110054103670
110054103698
110054103705
110054103714
110054103723
110054103732
110054103750
110054103769
110054103778
110054103787
110054103796
110054103803
110054103812
110054103821
110054103830
110054103849
110054103858
110054103867
110054103876
110054103885
110054103894
110054103901
110054103929
110054103938
110054103947
110054103965
110054104054
110054104090
110054104134
110054104269
110054104287
110054104303
110054104312
110054104321
110054104330
110054104349
110054104358
110054104367
110054104376
110054104385
110054104394
110054104401
110054104492
110054104517
110054104526
110054104535
110054104544
110054104553
110054104562
110054104580
110054104599
110054104606
110054104615
110054104624
110054104633
110054104642
110054104651
110054104660
110054104679
110054104688
110054104697
110054104704
110054104713
110054104722
110054104731
110054104740
110054104759
110054104777
110054104786
110054104802
110054104820
110054104839
110054104857
110054104866
110054104875
110054104884
110054104900
110054104919
110054104928
110054104937
110054104946
110054104955
110054104964
110054104973
110054104982
110054104991
110054105008
110054105017
110054105026
110054105035
110054105053
110054105062
110054105071
110054105197
110054105623
110054105963
110054105981
110054105990
110054106043
110054106203
110054106212
110054106221
110054106230
110054106249
110054106258
110054106267
110054106276
110054106285
110054106301
110054106310
110054106329
110054106338
110054106347
110054106356
110054106365
110054106374
110054106383
110054106392
110054106409
110054106418
110054106427
110054106436
110054106445
110054106454
110054106463
110054106472
110054106481
110054106490
110054106506
110054106515
110054106524
110054106533
110054106542
110054106551
110054106560
110054106579
110054106588
110054106597
110054106604
110054106613
110054106622
110054106631
110054106640
110054106659
110054106668
110054106686
110054106695
110054106720
110054106757
110054106775
110054106784
110054106800
110054106846
110054106855
110054106864
110054106873
110054106882
110054106891
110054106953
110054107113
110054107444
110054108069
110054108112
110054108121
110054108130
110054108149
110054108158
110054108167
110054108176
110054108185
110054108194
110054108201
110054108210
110054108229
110054108238
110054108247
110054108256
110054108265
110054108274
110054108283
110054108309
110054108318
110054108327
110054108336
110054108345
110054108354
110054108363
110054108372
110054108381
110054108425
110054108443
110054108452
110054108498
110054108504
110054108531
110054108568
110054108586
110054108595
110054108602
110054108611
110054109040
110054109059
110054109068
110054109086
110054109102
110054109111
110054109139
110054109157
110054109166
110054109175
110054109184
110054109219
110054109237
110054109264
110054109273
110054109291
110054109308
110054109317
110054109335
110054109353
110054109399
110054109415
110054109433
110054109442
110054109451
110054109479
110054109488
110054109497
110054109503
110054109512
110054109987
110054109996
110054110001
110054110010
110054110029
110054110038
110054110047
110054110056
110054110083
110054110092
110054110109
110054110118
110054110127
110054110136
110054110145
110054110154
110054110163
110054110172
110054110181
110054110190
110054110207
110054110216
110054110225
110054110234
110054110243
110054110252
110054110261
110054110270
110054110289
110054110298
110054110305
110054110314
110054110323
110054110341
110054110350
110054110378
110054110403
110054110412
110054110430
110054110458
110054110476
110054110706
110054110788
110054110797
110054110804
110054110813
110054110831
110054110859
110054110877
110054110895
110054110902
110054110911
110054110939
110054110957
110054110966
110054110975
110054110984
110054110993
110054111000
110054111019
110054111028
110054111037
110054111046
110054111055
110054111064
110054111073
110054111082
110054111091
110054111108
110054111117
110054111126
110054111135
