110054111144
110054111153
110054111162
110054111171
110054111180
110054111199
110054111206
110054111215
110054111224
110054111233
110054111242
110054111359
110054111386
110054111395
110054111402
110054111448
110054111466
110054111484
110054111509
110054111518
110054111527
110054111536
110054111750
110054112214
110054112223
110054112232
110054112241
110054112250
110054113179
110054113197
110054113204
110054113222
110054113231
110054113240
110054113259
110054113268
110054113277
110054113295
110054113302
110054113311
110054113320
110054113339
110054113348
110054113375
110054113384
110054113400
110054113428
110054113437
110054113455
110054113464
110054113473
110054113491
110054113507
110054113525
110054113534
110054113543
110054113561
110054113570
110054113589
110054113598
110054113605
110054113614
110054113632
110054113641
110054113669
110054113678
110054113767
110054113776
110054113785
110054113794
110054113801
110054113810
110054113829
110054113847
110054113856
110054113865
110054113874
110054113892
110054113909
110054113918
110054113927
110054113936
110054113945
110054113963
110054113972
110054113981
110054113990
110054114007
110054114025
110054114034
110054114043
110054114052
110054114070
110054114105
110054114132
110054114141
110054114784
110054114793
110054114800
110054114828
110054114837
110054114846
110054114855
110054114864
110054114873
110054114882
110054114891
110054114908
110054114917
110054114926
110054114935
110054114944
110054115177
110054115186
110054115195
110054115202
110054115211
110054115220
110054115239
110054115248
110054115275
110054115284
110054115293
110054115300
110054115319
110054115328
110054115337
110054115346
110054115355
110054115364
110054115373
110054115426
110054115435
110054115444
110054115453
110054115471
110054115480
110054115499
110054115505
110054115523
110054115532
110054115541
110054115569
110054115738
110054115747
110054115756
110054115765
110054115774
110054115783
110054115792
110054115809
110054115818
110054115827
110054115836
110054115845
110054115854
110054115863
110054115872
110054115881
110054115890
110054115907
110054115916
110054115925
110054115934
110054115943
110054115952
110054115961
110054115970
110054115989
110054115998
110054116005
110054116014
110054116023
110054116032
110054116041
110054116050
110054116069
110054116078
110054116087
110054116096
110054116103
110054116112
110054116121
110054116130
110054116149
110054116158
110054116167
110054116176
110054116265
110054116292
110054116309
110054116354
110054116489
110054116498
110054116531
110054116540
110054116586
110054116595
110054116611
110054116639
110054116648
110054116657
110054116666
110054116817
110054117004
110054117193
110054117585
110054117629
110054117745
110054117754
110054117763
110054117772
110054117781
110054117790
110054117807
110054117816
110054117825
110054117834
110054117843
110054117852
110054117861
110054117889
110054117898
110054117905
110054117914
110054117932
110054117941
110054117950
110054117969
110054117978
110054117987
110054117996
110054118012
110054118021
110054118049
110054118067
110054118076
110054118085
110054118094
110054118101
110054118110
110054118129
110054118138
110054118147
110054118156
110054118165
110054118174
110054118183
110054118192
110054118209
110054118218
110054118227
110054118236
110054118245
110054118254
110054118263
110054118272
110054118281
110054118290
110054118307
110054118316
110054118325
110054118334
110054118343
110054118361
110054118370
110054118398
110054118432
110054118557
110054118566
110054118584
110054118593
110054118600
110054118619
110054118628
110054118637
110054118646
110054118655
110054118664
110054118673
110054118682
110054118691
110054118708
110054118726
110054118735
110054118744
110054118753
110054118762
110054118780
110054118806
110054118833
110054118842
110054118897
110054118977
110054118986
110054119002
110054119011
110054119020
110054119039
110054119048
110054119057
110054119066
110054119075
110054119084
110054119093
110054119100
110054119119
110054119128
110054119137
110054119155
110054119164
110054119173
110054119182
110054119191
110054119208
110054119217
110054119226
110054119235
110054119244
110054119253
110054119262
110054119440
110054119459
110054119468
110054119529
110054119565
110054119850
110054119869
110054119896
110054120303
110054120312
110054120376
110054120385
110054120394
110054120508
110054120517
110054120526
110054120535
110054120544
110054120553
110054120562
110054120571
110054120580
110054120599
110054120606
110054120615
110054120624
110054120633
110054120651
110054120660
110054120679
110054120688
110054120697
110054120704
110054120713
110054120722
110054120731
110054120740
110054120759
110054120777
110054120786
110054120795
110054120802
110054120820
110054120839
110054120848
110054120884
110054120893
110054120900
110054120919
110054120928
110054120937
110054120946
110054120955
110054120964
110054120973
110054120982
110054120991
110054121008
110054121017
110054121026
110054121035
110054121044
110054121053
110054121062
110054121071
110054121099
110054121106
110054121115
110054121133
110054121142
110054121151
110054121160
110054121179
110054121188
110054121197
110054121204
110054121213
110054121222
110054121231
110054121240
110054121259
110054121268
110054121277
110054121286
110054121295
110054121302
110054121311
110054121320
110054121339
110054121348
110054121357
110054121366
110054121516
110054121525
110054121534
110054121543
110054121552
110054121570
110054121589
110054121696
110054121758
110054121767
110054121776
110054121785
110054121794
110054121810
110054121829
110054121838
110054121847
110054121856
110054121865
110054121874
110054121883
110054121892
110054122347
110054122365
110054122374
110054122383
110054122392
110054122409
110054122418
110054122427
110054122436
110054122445
110054122472
110054122631
110054122784
110054122793
110054122944
110054123042
110054123051
110054123060
110054123079
110054123088
110054123104
110054123113
110054123122
110054123131
110054123140
110054123159
110054123177
110054123186
110054123195
110054123202
110054123211
110054123239
110054123532
110054123541
110054123621
110054123630
110054123649
110054123658
110054123667
110054123676
110054123685
110054123694
110054123701
110054123710
110054123729
110054123738
110054123747
110054123756
110054123765
110054123774
110054123783
110054123792
110054123809
110054123818
110054123827
110054123836
110054123845
110054123854
110054123863
110054123872
110054123881
110054123890
110054123907
110054123916
110054123934
110054123970
110054123989
110054124096
110054124176
110054124194
110054124238
110054124247
110054124559
110054124568
110054124577
110054124586
110054124602
110054124611
110054124782
110054124906
110054125086
110054125246
110054125282
110054125291
110054125497
110054125503
110054125512
110054125521
110054125530
110054125549
110054125558
110054125567
110054125576
110054125585
110054125594
110054125601
110054125610
110054125629
110054125638
110054125647
110054125656
110054125665
110054125674
110054125692
110054125709
110054125718
110054125727
110054125736
110054125745
110054125781
110054125790
110054125807
110054125816
110054125825
110054125834
110054125843
110054125861
110054125870
110054125889
110054125905
110054125914
110054125923
110054125932
110054125941
110054125950
110054125969
110054125978
110054125987
110054125996
110054126012
110054126030
110054126049
110054126058
110054126101
110054126138
110054126147
110054126325
110054126334
110054126343
110054126352
110054126361
110054126389
110054126398
110054126405
110054126414
110054126423
110054126432
110054126441
110054126450
110054126469
110054126478
110054126487
110054126496
110054126502
110054126511
110054126520
110054126539
110054126548
110054126557
110054126566
110054126575
110054126584
110054126593
110054126600
110054126619
110054126628
110054126637
110054126646
110054126655
110054126664
110054126673
110054126682
110054126691
110054126708
110054126726
110054126735
110054126977
110054126995
110054127066
110054127262
110054127271
110054127280
110054127299
110054127306
110054127315
110054127324
110054127333
110054127342
110054127351
110054127360
110054127379
110054127388
110054127397
110054127404
110054127413
110054127422
110054127431
110054127440
110054127459
110054127468
110054127477
110054127486
110054127495
110054127501
110054127510
110054127529
110054127547
110054127645
110054128056
110054128181
110054128190
110054128207
110054128216
110054128225
110054128234
110054128314
110054128378
110054128387
110054128396
110054128403
110054128412
110054128421
110054128430
110054128449
110054128458
110054128467
110054128476
110054128485
110054128494
110054128519
110054128528
110054128537
110054128546
110054128555
110054128564
110054128573
110054128582
110054128591
110054128608
110054128617
110054128626
110054128635
110054128644
110054128653
110054128662
110054128671
110054128680
110054128699
110054128706
110054128715
110054128724
110054128733
110054128751
110054128760
110054128779
110054128788
110054128797
110054128804
110054128822
110054128831
110054128840
110054128859
110054128868
110054128877
110054128886
110054128895
110054128902
110054128911
110054128920
110054128939
110054128948
110054128957
110054128966
110054128975
110054128984
110054128993
110054129000
110054129019
110054129028
110054129046
110054129073
110054129180
110054129199
110054129206
110054129215
110054129224
110054129233
110054129251
110054129260
110054129279
110054129288
110054129297
110054129304
110054129313
110054129340
110054129359
110054129368
110054129377
110054129386
110054129395
110054129402
110054129411
110054129420
110054129439
110054129448
110054129457
110054129466
110054129475
110054129484
110054129509
110054129518
110054129527
110054129545
110054129554
110054129563
110054129572
110054129581
110054129607
110054129634
110054129643
110054129812
110054129821
110054129885
110054129894
110054129901
110054129956
110054130025
110054130141
110054130150
110054130169
110054130178
110054130203
110054130212
110054130221
110054130230
110054130258
110054130301
110054130347
110054130356
110054130365
110054130374
110054130409
110054130418
110054130427
110054131417
110054131426
110054131435
110054131444
110054131462
110054131471
110054131480
110054131499
110054131505
110054131514
110054131523
110054131729
110054131738
110054131747
110054131756
110054131765
110054131774
110054131998
110054132014
110054132023
110054132032
110054132041
110054132050
110054132069
110054132078
110054132087
110054132096
110054132103
110054132112
110054132121
110054132130
110054132149
110054132158
110054132176
110054132194
110054132210
110054132229
110054132238
110054132247
110054132256
110054132265
110054132292
110054132345
110054132452
110054132461
110054132620
110054132648
110054132675
110054132684
110054132693
110054132700
110054132719
110054132728
110054132737
110054132746
110054132764
110054132773
110054132782
110054132791
110054132808
110054132817
110054132826
110054132835
110054132844
110054132853
110054132862
110054132871
110054132880
110054132899
110054132906
110054132915
110054132924
110054132933
110054132942
110054132951
110054132960
110054132979
110054132988
110054132997
110054133013
110054133031
110054133077
110054133086
110054133095
110054133111
110054133139
110054133148
110054133157
110054133166
110054133184
110054133219
110054133228
110054133237
110054133264
110054133433
110054133442
110054133451
110054133512
110054133521
110054133530
110054133549
110054133558
110054133567
110054133576
110054133585
110054133594
110054133601
110054133610
110054133629
110054133638
110054133647
110054133656
110054133665
110054133674
110054133683
110054133692
110054133709
110054133718
110054133754
110054133790
110054133816
110054133825
110054133834
110054133852
110054133861
110054133870
110054133889
110054133898
110054133905
110054133914
110054133923
110054133932
110054133941
110054133996
110054134067
110054134272
110054134281
110054134290
110054134307
110054134316
110054134325
110054134334
110054134343
110054134361
110054134389
110054134398
110054134405
110054134414
110054134423
110054134432
110054134441
110054134450
110054134469
110054134478
110054134496
110054134502
110054134511
110054134520
110054134539
110054134548
110054134557
110054134566
110054134584
110054134593
110054134628
110054134637
110054134673
110054134744
110054134913
110054134922
110054134931
110054134940
110054134959
110054134968
110054134977
110054134995
110054135226
110054135547
110054135565
110054136038
110054136056
110054136074
110054136092
110054136109
110054136118
110054136145
110054136163
110054136181
110054136190
110054136216
110054136234
110054136252
110054136261
110054136270
110054136289
110054136298
110054136305
110054136314
110054136323
110054136332
110054136341
110054136369
110054136378
110054136387
110054136742
110054136751
110054136760
110054136779
110054136788
110054136797
110054136804
110054136813
110054136831
110054136939
110054136948
110054137019
110054137297
110054137377
110054137386
110054137395
110054137411
