110054137420
110054137439
110054137448
110054137466
110054137475
110054137493
110054137625
110054137634
110054137643
110054137652
110054137661
110054137670
110054137698
110054137705
110054137714
110054137723
110054137732
110054137741
110054137750
110054137769
110054137778
110054137787
110054137796
110054137803
110054137812
110054137830
110054137849
110054137885
110054137894
110054137901
110054137910
110054137929
110054137938
110054137947
110054137956
110054137965
110054137974
110054137983
110054137992
110054138018
110054138027
110054138036
110054138045
110054138054
110054138063
110054138072
110054138081
110054138090
110054138107
110054138116
110054138125
110054138134
110054138143
110054138161
110054138170
110054138189
110054138198
110054138205
110054138223
110054138232
110054138241
110054138278
110054138296
110054138303
110054138312
110054138321
110054138330
110054138349
110054138358
110054138367
110054138376
110054138385
110054138394
110054138401
110054138410
110054138429
110054138438
110054138447
110054138456
110054138465
110054138474
110054138483
110054138492
110054138508
110054138517
110054138526
110054138535
110054138544
110054138553
110054138562
110054138571
110054138580
110054138599
110054138606
110054138615
110054138624
110054138633
110054138642
110054138651
110054138660
110054138679
110054138688
110054138697
110054138704
110054138713
110054138722
110054138731
110054138740
110054138759
110054138768
110054138884
110054138893
110054138900
110054138919
110054138928
110054138946
110054138991
110054139008
110054139035
110054139053
110054139071
110054139080
110054139099
110054139106
110054139115
110054139124
110054139133
110054139142
110054139151
110054139160
110054139179
110054139188
110054139197
110054139204
110054139213
110054139222
110054139231
110054139240
110054139259
110054139268
110054139277
110054139295
110054139302
110054139311
110054139320
110054139339
110054139348
110054139384
110054139400
110054139419
110054139455
110054139641
110054139650
110054139669
110054139678
110054139687
110054139696
110054139703
110054139712
110054139721
110054139730
110054139749
110054139758
110054139767
110054139776
110054139785
110054139794
110054139801
110054139810
110054139829
110054139936
110054139945
110054139954
110054139963
110054139972
110054139990
110054140005
110054140014
110054140023
110054140032
110054140041
110054140050
110054140069
110054140078
110054140087
110054140737
110054140746
110054142110
110054145215
110054145368
110054145377
110054145386
110054145661
110054145741
110054145750
110054145769
110054146143
110054146269
110054146278
110054146303
110054146456
110054146465
110054146474
110054146633
110054146866
110054146937
110054147311
110054147320
110054147400
110054147419
110054147473
110054147507
110054147525
110054147650
110054147669
110054147749
110054147936
110054147945
110054147954
110054147963
110054148739
110054148748
110054148757
110054148766
110054148793
110054148800
110054148873
110054148882
110054148935
110054160689
110054184075
110054195544
110054198364
110054201029
110054201145
110054201467
110054205445
110054208521
110054209334
110054209575
110054219975
110054235591
110054235662
110054235680
110054235699
110054236000
110054236297
110054238213
110054239409
110054239454
110054240914
110054241067
110054241361
110054242020
110054242128
110054242707
110054242734
110054243528
110054243984
110054243993
110054244019
110054244037
110054244046
110054246302
110054246525
110054246883
110054248211
110054248257
110054248266
110054249997
110054251288
110054251625
110054256078
110054256764
110054256782
110054256997
110054257077
110054257237
110054257638
110054257683
110054258076
110054259315
110054259958
110054261231
110054261847
110054261883
110054262748
110054262793
110054263774
110054264274
110054264684
110054264700
110054264737
110054264960
110054265353
110054265567
110054266405
110054269135
110054269162
110054269304
110054272158
110054273086
110054273193
110054274575
110054275743
110054275823
110054276181
110054279124
110054280309
110054284109
110054284225
110054284270
110054286134
110054288123
110054290343
110054290557
110054290708
110054291887
110054292314
110054295197
110054302615
110054302624
110054308030
110054309422
110054313854
110054318314
110054342092
110054342127
110054359305
110054363764
110054364763
110054364772
110054364781
110054364790
110054364807
110054364816
110054364825
110054364834
110054364843
110054364852
110054364861
110054364870
110054364889
110054364898
110054364905
110054364914
110054364923
110054364932
110054364941
110054364950
110054364969
110054364978
110054364987
110054364996
110054365003
110054365012
110054365021
110054365030
110054365218
110054365227
110054365236
110054365496
110054365593
110054365762
110054365771
110054365780
110054365799
110054365806
110054365851
110054365860
110054594060
110054594079
110054594088
110054594097
110054594104
110054594113
110054594122
110054594131
110054594140
110054594159
110054594168
110054594177
110054594186
110054594195
110054594202
110054594211
110054594220
110054594239
110054594248
110054594257
110054594266
110054594275
110054594284
110054594293
110054594300
110054594319
110054594328
110054594337
110054594355
110054594364
110054594373
110054594382
110054594391
110054594408
110054594417
110054594426
110054594435
110054594444
110054594453
110054594462
110054594471
110054594499
110054594505
110054594514
110054594523
110054594532
110054594541
110054594550
110054594569
110054594578
110054594587
110054594596
110054594603
110054594612
110054594621
110054594630
110054594649
110054594658
110054594676
110054594685
110054594694
110054594701
110054594710
110054594729
110054594738
110054594747
110054594756
110054594765
110054594774
110054594783
110054594792
110054594809
110054594818
110054594827
110054594836
110054594845
110054594854
110054594863
110054594872
110054596978
110054601551
110054601793
110054603014
110054603149
110054603247
110054603256
110054603283
110054603452
110054603461
110054603611
110054611942
110054614431
110054614930
110054624956
110054624965
110054625009
110054625107
110054625508
110054625651
110054625660
110054625679
110054625795
110054625811
110054625820
110054625839
110054625848
110054625884
110054625900
110054625991
110054626008
110054626017
110054626026
110054626035
110054626044
110054626231
110054626286
110054626295
110054626302
110054626311
110054626348
110054626357
110054626375
110054626384
110054626650
110054626669
110054626776
110054626838
110054626874
110054627141
110054627150
110054627178
110054627285
110054627301
110054627310
110054627329
110054627338
110054627347
110054627356
110054627365
110054627374
110054627533
110054627784
110054627793
110054627800
110054627819
110054627837
110054627846
110054627864
110054627882
110054627891
110054627908
110054627917
110054627926
110054627935
110054627999
110054628881
110054812976
110054813163
110054813190
110054813207
110054813216
110054813252
110054813378
110054814108
110054815429
110054815438
110054815447
110054815483
110054815553
110054815866
110054816482
110054816507
110054816516
110054816749
110054816785
110054816954
110054817766
110054818710
110054818845
110054819078
110054819425
110054819728
110054819826
110054827292
110054827746
110054828512
110054829094
110054829334
110054829334
110054829806
110054830028
110054830260
110054830661
110054831045
110054831410
110054831526
110054832348
110054835746
110054845593
110054845628
110054855322
110054855572
110054857259
110054862528
110054862715
110054863000
110054863322
110054863331
110054863386
110054863395
110054863466
110054863527
110054879789
110054879887
110054879903
110054879994
110054880090
110054880116
110054880125
110054880189
110054880287
110054880562
110054880580
110054880624
110054880713
110054880740
110054880768
110054880919
110054881008
110054881017
110054881026
110054881053
110054881099
110054881124
110054881133
110054881311
110054881320
110054881339
110054881348
110054881400
110054881614
110054881678
110054882230
110054882828
110054882846
110054882855
110054882864
110054882873
110054883444
110054883471
110054883961
110054883998
110054884005
110054884247
110054884844
110054884899
110054884933
110054884942
110054885692
110054885709
110054885718
110054885727
110054885736
110054885870
110054885889
110054885969
110054886502
110054886833
110054887048
110054887146
110054887164
110054887173
110054887182
110054887191
110054887208
110054887217
110054887244
110054887253
110054887280
110054887315
110054887333
110054887404
110054887413
110054887422
110054887556
110054887743
110054887761
110054887770
110054888136
110054888145
110054888154
110054888163
110054888706
110054888715
110054889643
110054889652
110054889992
110054890276
110054890285
110054890374
110054890659
110054890677
110054890686
110054890748
110054891131
110054891284
110054891435
110054891444
110054891462
110054891480
110054891523
110054891541
110054891569
110054891587
110054891603
110054891630
110054892416
110054893406
110054894263
110054894316
110054894334
110054894389
110054894423
110054894478
110054894496
110054894511
110054894539
110054894959
110054895814
110054895823
110054896010
110054896029
110054896038
110054896403
110054896635
110054896644
110054896653
110054896662
110054896671
110054896680
110054897420
110054897563
110054897581
110054897590
110054897625
110054897652
110054897689
110054897705
110054897714
110054897732
110054897750
110054897769
110054897812
110054897849
110054897867
110054897885
110054897894
110054897901
110054897929
110054897947
110054897965
110054897983
110054898009
110054898018
110054898027
110054898036
110054898090
110054898107
110054898116
110054898143
110054898152
110054898161
110054898170
110054898198
110054898205
110054898214
110054898223
110054898232
110054898456
110054898517
110054898704
110054898722
110054898731
110054898786
110054898857
110054898893
110054899008
110054899035
110054899115
110054899268
110054899277
110054899945
110054899963
110054899972
110054899990
110054900032
110054900041
110054900069
110054900078
110054900103
110054900112
110054900149
110054900229
110054900238
110054900292
110054900327
110054900336
110054900345
110054900354
110054900363
110054900407
110054900434
110054900452
110054900489
110054900513
110054900522
110054900737
110054900746
110054900755
110054900764
110054900791
110054901237
110054901264
110054901399
110054901406
110054901415
110054901442
110054901451
110054901479
110054901488
110054901497
110054901512
110054901549
110054901558
110054901567
110054901601
110054901610
110054901638
110054901647
110054901656
110054901674
110054901709
110054901718
110054901754
110054901772
110054901807
110054901816
110054901834
110054901861
110054901914
110054901932
110054901941
110054902030
110054902067
110054902076
110054902085
110054902094
110054902101
110054902110
110054902129
110054902138
110054902147
110054902156
110054902165
110054902174
110054902192
110054902227
110054902325
110054902414
110054902469
110054902815
110054902833
110054902879
110054902888
110054902897
110054902904
110054902922
110054902940
110054902959
110054903459
110054903495
110054904332
110054904341
110054904350
110054904369
110054904449
110054904467
110054904476
110054904751
110054905091
110054905135
110054905144
110054905153
110054905162
110054905171
110054905199
110054905233
110054905251
110054905279
110054905304
110054905475
110054905484
110054905493
110054905509
110054905518
110054905527
110054905536
110054905545
110054905554
110054905572
110054905590
110054905625
110054905634
110054905643
110054905652
110054905661
110054905670
110054905698
110054905714
110054905741
110054905750
110054905769
110054905858
110054905867
110054905876
110054905894
110054905901
110054905910
110054905929
110054905938
110054905947
110054905956
110054905965
110054905974
110054905983
110054905992
110054906009
110054906018
110054906036
110054906045
110054906054
110054906063
110054906072
110054906090
110054906107
110054906116
110054906125
110054906134
110054906152
110054906170
110054906189
110054906198
110054906205
110054906214
110054906250
110054906287
110054906303
110054906312
110054906330
110054906349
110054906358
110054906367
110054906385
110054906394
110054906401
110054906438
110054906447
110054906465
110054906474
110054906483
110054906492
110054906508
110054906517
110054906526
110054906553
110054906571
110054906580
110054906599
110054906615
110054906624
110054906633
110054906642
110054906660
110054906679
110054906697
110054906713
110054906722
110054906731
110054906740
110054906759
110054906768
110054906777
110054906786
110054906795
110054906802
110054906820
110054906839
110054906857
110054906866
110054906875
110054906893
110054906982
110054907017
110054907026
110054907035
110054907062
110054907071
110054907080
110054907099
110054907106
110054907124
110054907133
110054907142
110054907197
110054907213
110054907222
110054907231
110054907240
110054907268
110054907311
110054907320
110054907339
110054907375
110054907393
110054907419
110054907678
110054907703
110054907721
110054907730
110054907749
