110054907758
110054907767
110054907785
110054907794
110054907810
110054907829
110054907838
110054907847
110054907856
110054907865
110054907874
110054907892
110054907909
110054907918
110054907936
110054907945
110054907954
110054907981
110054908016
110054908034
110054908043
110054908061
110054908105
110054908123
110054908132
110054908178
110054908196
110054908203
110054908212
110054908249
110054908258
110054908267
110054908329
110054908338
110054908347
110054908356
110054908365
110054908374
110054908383
110054908409
110054908418
110054908445
110054908579
110054908677
110054908695
110054908702
110054908784
110054908819
110054908828
110054908891
110054908908
110054908926
110054908935
110054908953
110054908962
110054908980
110054909015
110054909079
110054909097
110054909113
110054909122
110054909131
110054909140
110054909159
110054909168
110054909177
110054909186
110054909202
110054909220
110054909239
110054909248
110054909257
110054909275
110054909293
110054909300
110054909328
110054909337
110054909355
110054909364
110054909373
110054909382
110054909391
110054909408
110054909417
110054909426
110054909435
110054909462
110054909471
110054909480
110054909499
110054909505
110054909514
110054909523
110054909541
110054909550
110054909578
110054909596
110054909603
110054909612
110054909630
110054909667
110054909701
110054909710
110054909729
110054909738
110054909756
110054909783
110054909818
110054909827
110054909845
110054909863
110054909881
110054909934
110054909970
110054910101
110054910129
110054910138
110054910147
110054910165
110054910192
110054910209
110054910218
110054910263
110054910307
110054910343
110054910352
110054910361
110054910370
110054910389
110054910414
110054910423
110054910441
110054910450
110054910469
110054910478
110054910511
110054910539
110054910548
110054910557
110054910584
110054910600
110054910628
110054910637
110054910655
110054910664
110054910691
110054910708
110054911066
110054911075
110054911084
110054911100
110054911128
110054911137
110054911146
110054911155
110054911164
110054911191
110054911208
110054911226
110054911235
110054911244
110054911280
110054911324
110054911342
110054911388
110054911397
110054911413
110054911431
110054911440
110054911459
110054911468
110054911486
110054911501
110054911538
110054911556
110054911609
110054911850
110054911869
110054911878
110054911887
110054911896
110054911903
110054911912
110054911921
110054911958
110054911985
110054911994
110054912010
110054912029
110054912038
110054912056
110054912065
110054912074
110054912083
110054912092
110054912109
110054912118
110054912127
110054912136
110054912145
110054912154
110054912163
110054912172
110054912190
110054912207
110054912216
110054912225
110054912252
110054912261
110054912270
110054912289
110054912298
110054912305
110054912323
110054912341
110054912350
110054912378
110054912396
110054912403
110054912412
110054912421
110054912430
110054912608
110054912742
110054912760
110054912779
110054912804
110054912822
110054912840
110054912859
110054912868
110054912911
110054912966
110054912984
110054913368
110054913420
110054913518
110054913634
110054913867
110054913947
110054914367
110054914447
110054914456
110054914465
110054914492
110054914544
110054914553
110054914562
110054914580
110054914599
110054914615
110054914651
110054914688
110054914697
110054914731
110054915222
110054915268
110054915277
110054915428
110054915543
110054915874
110054915892
110054916187
110054916196
110054916203
110054916221
110054916230
110054916249
110054916463
110054916917
110054917275
110054917391
110054917435
110054917444
110054917471
110054917694
110054917701
110054917854
110054917872
110054917881
110054917907
110054917925
110054917943
110054917952
110054917961
110054917989
110054918014
110054918032
110054918069
110054918103
110054918112
110054918283
110054918853
110054918862
110054918942
110054919031
110054919068
110054919077
110054919086
110054919120
110054919273
110054919460
110054919479
110054919488
110054919497
110054919709
110054919834
110054919870
110054920109
110054920216
110054920403
110054920582
110054920742
110054920895
110054920902
110054920920
110054920939
110054920948
110054920957
110054920975
110054921233
110054922036
110054922072
110054922116
110054922535
110054923133
110054923231
110054923259
110054923268
110054923277
110054923286
110054923482
110054923598
110054923605
110054924212
110054924365
110054924579
110054924597
110054924748
110054924971
110054924980
110054925060
110054925284
110054925293
110054925391
110054925649
110054925658
110054925916
110054925943
110054926247
110054927175
110054927184
110054927255
110054927807
110054927816
110054927843
110054928129
110054928227
110054928236
110054928245
110054928414
110054928423
110054928432
110054928762
110054928780
110054928815
110054929128
110054929342
110054929404
110054929413
110054929501
110054929681
110054929707
110054929770
110054929805
110054929814
110054930170
110054930241
110054930278
110054930615
110054930651
110054930679
110054930688
110054931008
110054931017
110054931357
110054931730
110054932347
110054932356
110054932374
110054932962
110054932971
110054933550
110054934158
110054934737
110054935102
110054935111
110054935120
110054935424
110054935433
110054935834
110054936496
110054936922
110054937253
110054937743
110054938403
110054938671
110054938804
110054938831
110054938895
110054938948
110054938966
110054939493
110054939698
110054940310
110054940347
110054940356
110054941186
110054941220
110054942283
110054942434
110054942595
110054942611
110054942620
110054942997
110054943326
110054943479
110054943488
110054943647
110054943709
110054943898
110054943978
110054944352
110054944959
110054945422
110054945912
110054946396
110054946555
110054947037
110054947509
110054947518
110054947705
110054948170
110054948189
110054948553
110054948893
110054948919
110054949320
110054949419
110054949972
110054949981
110054950004
110054950022
110054950264
110054950585
110054951003
110054951307
110054951708
110054952164
110054952574
110054953047
110054953056
110054953065
110054953724
110054954144
110054954206
110054954279
110054954288
110054954297
110054954304
110054954634
110054954661
110054954821
110054954830
110054955321
110054955599
110054955802
110054956035
110054956115
110054956295
110054956525
110054956561
110054956598
110054956909
110054957882
110054958131
110054958140
110054958159
110054958168
110054958444
110054958453
110054958603
110054958765
110054958989
110054959381
110054959808
110054960146
110054960315
110054960333
110054961065
110054961083
110054966186
110054972259
110054972776
110054972785
110054972794
110054974257
110054974266
110054977904
110054978084
110054979742
110054981356
110054981828
110054986333
110054987699
110054987751
110054993600
110054993959
110054993977
110054993995
110054994226
110054995001
110054995804
110054996322
110054996769
110054996910
110054996956
110054997143
110054997170
110054997189
110054997296
110054997303
110054997456
110054997704
110054997731
110054997777
110054998099
110054998286
110054998883
110054999132
110054999150
110054999418
110054999775
110055000369
110055000396
110055001509
110055008398
110055010580
110055010599
110055010606
110055010615
110055010624
110055015040
110055020356
110055020515
110055020695
110055020800
110055020864
110055020873
110055020908
110055020917
110055020980
110055021024
110055021113
110055021159
110055021168
110055021195
110055021202
110055021211
110055021408
110055021426
110055021444
110055021603
110055021612
110055021998
110055022005
110055022023
110055022540
110055022568
110055022586
110055022595
110055022602
110055022611
110055022620
110055022639
110055022648
110055022657
110055022666
110055022675
110055022684
110055022700
110055022719
110055022728
110055022737
110055022746
110055022755
110055022764
110055022773
110055022791
110055023004
110055023059
110055023077
110055023102
110055023111
110055023139
110055023148
110055023175
110055023184
110055023255
110055023273
110055023282
110055023291
110055023308
110055023317
110055023326
110055023344
110055023353
110055023362
110055023371
110055023530
110055023549
110055023558
110055023567
110055023576
110055023610
110055023763
110055023790
110055023807
110055023816
110055023825
110055023834
110055023852
110055023861
110055023870
110055023923
110055023932
110055023950
110055023969
110055023978
110055023987
110055023996
110055024003
110055024012
110055024021
110055024030
110055024049
110055024058
110055024174
110055024183
110055024209
110055024227
110055024316
110055024325
110055024343
110055024352
110055024450
110055024469
110055024478
110055024487
110055024496
110055024520
110055024539
110055024548
110055024557
110055024566
110055024691
110055024744
110055025057
110055025066
110055025119
110055025128
110055025137
110055025155
110055025164
110055025173
110055025191
110055025271
110055025306
110055025324
110055025333
110055025342
110055025351
110055025360
110055025379
110055025388
110055025413
110055025422
110055025440
110055025468
110055025477
110055025495
110055025501
110055025510
110055025529
110055025547
110055025574
110055025583
110055025636
110055025663
110055026029
110055026207
110055026216
110055026234
110055026458
110055026582
110055026608
110055026724
110055026733
110055026742
110055026760
110055026993
110055027108
110055027368
110055027420
110055027448
110055027457
110055027554
110055027563
110055027581
110055027590
110055027607
110055027616
110055028054
110055028072
110055028170
110055028189
110055028198
110055028205
110055028232
110055028321
110055028385
110055028704
110055028722
110055028964
110055029008
110055029026
110055029035
110055029062
110055029071
110055029080
110055029099
110055029106
110055029115
110055029204
110055029213
110055029222
110055029231
110055029268
110055029295
110055029302
110055029320
110055029339
110055029348
110055029357
110055029678
110055029856
110055029865
110055029874
110055029909
110055029972
110055029981
110055030005
110055030014
110055030023
110055030032
110055030087
110055030130
110055030318
110055030470
110055030504
110055030531
110055030595
110055030611
110055030639
110055030657
110055030693
110055030719
110055030755
110055030764
110055030979
110055031095
110055031175
110055031282
110055031326
110055031353
110055031497
110055031512
110055031549
110055031558
110055031576
110055031601
110055031870
110055031914
110055031923
110055031932
110055031941
110055031969
110055031996
110055032067
110055032085
110055032094
110055032110
110055032129
110055032138
110055032254
110055032290
110055032307
110055032389
110055032405
110055032432
110055032450
110055032557
110055032575
110055032584
110055032744
110055032753
110055032762
110055032771
110055032780
110055032799
110055032806
110055032922
110055032931
110055033048
110055033066
110055033100
110055033191
110055033645
110055033707
110055033725
110055033743
110055033789
110055033798
110055033805
110055033814
110055033823
110055033832
110055033841
110055034430
110055035091
110055035108
110055035117
110055035135
110055035144
110055035162
110055035215
110055035224
110055035233
110055035242
110055035251
110055035260
110055035279
110055035288
110055035297
110055035304
110055035322
110055035420
110055035448
110055035457
110055035536
110055035545
110055035643
110055035741
110055035750
110055036205
110055036250
110055036269
110055036278
110055036296
110055036303
110055036312
110055036349
110055036358
110055036367
110055036376
110055036385
110055036394
110055036679
110055036697
110055036893
110055036900
110055036919
110055036928
110055036937
110055036946
110055036955
110055037026
110055037035
110055037053
110055037213
110055037222
110055037231
110055037259
110055037375
110055037384
110055037393
110055037419
110055037507
110055037516
110055037525
110055037543
110055037696
110055037703
110055037721
110055037892
110055037909
110055037927
110055037936
110055038016
110055038043
110055038098
110055038105
110055038114
110055038123
110055038132
110055038276
110055038294
110055038392
110055039042
110055039248
110055039266
110055039275
110055039284
110055039293
110055039300
110055039319
110055039328
110055039355
110055039373
110055039391
110055039408
110055039417
110055039444
110055039453
110055039462
110055039471
110055039480
110055039499
110055039756
110055039765
110055039845
110055039854
110055039881
110055039890
110055039907
110055039916
110055039970
110055040085
110055040156
110055040209
110055040218
110055040227
110055040236
110055040245
110055040254
110055040307
110055040414
110055040511
110055040557
110055040593
110055040600
110055040619
110055040628
110055040637
110055040646
110055040655
110055040664
110055040682
110055040691
110055040708
110055040717
110055040762
110055040771
110055040940
110055041119
110055041146
110055041155
110055041164
110055041173
110055041182
110055041191
110055041226
110055041235
110055041538
110055041547
110055041556
110055041565
110055041574
110055041583
110055041592
110055041609
110055041618
110055041627
110055041636
110055041645
110055041654
110055041663
110055041672
110055041681
110055041707
