110055041725
110055041734
110055041743
110055041752
110055041761
110055041770
110055042742
110055042877
110055042886
110055042895
110055042939
110055042948
110055042975
110055042984
110055042993
110055043000
110055043019
110055043028
110055043037
110055043705
110055052927
110055053016
110055053043
110055053114
110055053383
110055053748
110055056460
110055056488
110055056683
110055056914
110055057628
110055058592
110055061169
110055064362
110055065851
110055075868
110055083038
110055083911
110055083939
110055083948
110055084028
110055084108
110055084206
110055084251
110055084288
110055084439
110055084554
110055084947
110055085107
110055085278
110055085296
110055085321
110055085330
110055085349
110055085508
110055085517
110055085526
110055085624
110055092108
110055092117
110055092135
110055092144
110055092153
110055092162
110055092180
110055092199
110055092206
110055092215
110055092224
110055092233
110055092242
110055092251
110055092260
110055092279
110055092297
110055092304
110055092313
110055092322
110055092331
110055092340
110055092359
110055092368
110055092377
110055092386
110055092395
110055092402
110055092411
110055092439
110055092448
110055092457
110055092493
110055092509
110055092527
110055092536
110055092545
110055092698
110055092705
110055092714
110055092723
110055092732
110055092741
110055092750
110055092769
110055092778
110055093250
110055093269
110055093278
110055093287
110055093296
110055093303
110055093312
110055093321
110055093330
110055093349
110055093358
110055093367
110055093376
110055093385
110055093394
110055093401
110055093410
110055093429
110055093438
110055093447
110055093456
110055093465
110055093474
110055093483
110055093492
110055093508
110055093517
110055093526
110055093535
110055093544
110055093553
110055093562
110055093571
110055093580
110055093599
110055093606
110055093615
110055093624
110055093633
110055093642
110055093660
110055093679
110055093688
110055093697
110055093704
110055093713
110055093722
110055093731
110055093740
110055093759
110055093768
110055093777
110055093786
110055093795
110055093802
110055093811
110055093820
110055093839
110055093848
110055094348
110055094357
110055094366
110055094375
110055094384
110055094393
110055094400
110055094419
110055094428
110055094437
110055094464
110055094473
110055094482
110055094491
110055094507
110055094516
110055094525
110055094534
110055094543
110055094552
110055094561
110055094570
110055094589
110055094598
110055094605
110055094614
110055094623
110055094632
110055094641
110055094650
110055094669
110055094678
110055094687
110055094696
110055094712
110055094721
110055094730
110055094749
110055094758
110055094767
110055095123
110055095132
110055095392
110055095409
110055095418
110055095436
110055095454
110055095463
110055095472
110055095481
110055095490
110055095506
110055095515
110055095542
110055095551
110055095560
110055095579
110055095588
110055095597
110055095604
110055095613
110055095622
110055095631
110055095640
110055095659
110055095668
110055095677
110055095686
110055095695
110055095702
110055095711
110055095720
110055095739
110055095748
110055095757
110055095766
110055095775
110055095784
110055095793
110055095800
110055095819
110055095828
110055095837
110055095846
110055095855
110055095864
110055095873
110055095882
110055095891
110055095908
110055095917
110055095926
110055096211
110055096220
110055096239
110055096248
110055096257
110055096266
110055096275
110055096284
110055096293
110055096453
110055096462
110055096480
110055096499
110055096505
110055096514
110055096523
110055096532
110055096541
110055096550
110055096569
110055096578
110055096587
110055096596
110055096603
110055096934
110055096943
110055097096
110055097103
110055097112
110055097121
110055097130
110055097149
110055097158
110055097167
110055097176
110055097185
110055097194
110055097201
110055097210
110055097229
110055097238
110055097247
110055097256
110055097265
110055097274
110055097283
110055097292
110055097309
110055097318
110055097327
110055097336
110055097345
110055097354
110055097372
110055097381
110055097390
110055097407
110055097416
110055097425
110055097434
110055097443
110055097452
110055097461
110055097470
110055097489
110055097498
110055097504
110055097513
110055097522
110055097540
110055097559
110055097568
110055097577
110055097586
110055097595
110055097620
110055097639
110055097648
110055097657
110055097666
110055097684
110055097693
110055097728
110055098068
110055098077
110055098656
110055099487
110055099496
110055099502
110055099511
110055099539
110055099557
110055099566
110055100153
110055100162
110055100171
110055100180
110055100199
110055100224
110055100304
110055100313
110055100322
110055100331
110055100340
110055100359
110055100386
110055100395
110055100402
110055100411
110055100439
110055100448
110055100457
110055100581
110055101081
110055101107
110055101116
110055101134
110055101170
110055101189
110055101198
110055101205
110055101214
110055101232
110055101250
110055101269
110055101278
110055101287
110055101303
110055101312
110055101321
110055101330
110055101349
110055101358
110055101367
110055101385
110055101394
110055101401
110055101410
110055101429
110055101447
110055101571
110055101580
110055101599
110055101606
110055101615
110055102151
110055102160
110055102179
110055102188
110055102197
110055102339
110055102348
110055102357
110055102366
110055102375
110055102384
110055102393
110055102400
110055102419
110055102437
110055102464
110055102473
110055102482
110055102491
110055102507
110055102516
110055102525
110055102534
110055102543
110055102552
110055102561
110055102570
110055102589
110055102598
110055102605
110055103070
110055103098
110055103105
110055103114
110055103150
110055103178
110055103187
110055103196
110055103203
110055103212
110055103230
110055103249
110055103258
110055103267
110055103276
110055103301
110055103310
110055103329
110055103338
110055103347
110055103356
110055103365
110055103374
110055103383
110055103855
110055103864
110055103873
110055103882
110055103891
110055103908
110055103917
110055103926
110055103935
110055103944
110055103953
110055103962
110055103971
110055103980
110055103999
110055104006
110055104015
110055104024
110055104033
110055104042
110055104122
110055104131
110055104140
110055104159
110055104168
110055104177
110055104186
110055104195
110055104202
110055104211
110055104220
110055104239
110055104257
110055104275
110055104284
110055104293
110055104300
110055104328
110055104337
110055104346
110055104373
110055104382
110055104391
110055104408
110055104417
110055104426
110055104444
110055104453
110055104471
110055104480
110055104499
110055104505
110055104514
110055104532
110055104541
110055104550
110055104569
110055104578
110055104587
110055104596
110055104603
110055104612
110055104630
110055104658
110055104676
110055104765
110055104774
110055104783
110055104792
110055104809
110055104818
110055104827
110055104836
110055104854
110055104863
110055104872
110055105283
110055105292
110055105309
110055105318
110055105327
110055105336
110055105345
110055105354
110055105363
110055105372
110055105381
110055105390
110055105425
110055105434
110055105452
110055105461
110055105470
110055105489
110055105498
110055105504
110055105513
110055105522
110055105531
110055105540
110055105559
110055105568
110055105577
110055105586
110055105595
110055105602
110055105611
110055105648
110055105657
110055105666
110055105675
110055105684
110055105693
110055105862
110055105871
110055105880
110055105899
110055105906
110055105915
110055105924
110055105933
110055105942
110055105951
110055105960
110055105979
110055105988
110055105997
110055106004
110055106013
110055106022
110055106353
110055106362
110055106371
110055106380
110055106399
110055106406
110055106415
110055106424
110055106433
110055106442
110055106451
110055106460
110055106479
110055106488
110055106497
110055106503
110055106512
110055106521
110055106530
110055106549
110055106558
110055106567
110055106576
110055106585
110055106601
110055106610
110055106629
110055106638
110055106647
110055106656
110055106745
110055106754
110055106763
110055106772
110055106781
110055106790
110055106807
110055106816
110055106825
110055106834
110055107913
110055107931
110055108903
110055109145
110055109396
110055109403
110055109421
110055109546
110055109555
110055109582
110055109733
110055109822
110055110080
110055110188
110055110268
110055110286
110055110482
110055110491
110055110865
110055111187
110055111347
110055111445
110055111524
110055112033
110055112319
110055112435
110055112453
110055112462
110055112729
110055112916
110055112925
110055113880
110055113906
110055129169
110055129178
110055129365
110055129454
110055129588
110055129757
110055129819
110055129837
110055129873
110055129882
110055129891
110055129935
110055129944
110055130193
110055163594
110055163727
110055163843
110055164003
110055164156
110055164307
110055164405
110055164478
110055164520
110055164646
110055164708
110055164780
110055164860
110055164913
110055164968
110055165413
110055165431
110055165459
110055165477
110055165495
110055165501
110055166083
110055166109
110055166323
110055166528
110055166546
110055166617
110055166635
110055166680
110055166699
110055166715
110055166742
110055166760
110055167126
110055167135
110055167171
110055167206
110055167224
110055167242
110055167251
110055167260
110055167288
110055167607
110055167652
110055167670
110055167698
110055167705
110055167732
110055167741
110055167769
110055167778
110055167787
110055167812
110055167830
110055167849
110055167876
110055167885
110055167901
110055167929
110055167947
110055167965
110055168009
110055168054
110055168134
110055168143
110055168312
110055168526
110055169669
110055169721
110055169767
110055169776
110055170014
110055170087
110055170158
110055170201
110055170256
110055170309
110055170416
110055170470
110055170577
110055170657
110055170675
110055170693
110055171246
110055171255
110055171460
110055171530
110055171558
110055171585
110055171610
110055171629
110055171638
110055171709
110055171718
110055171727
110055171736
110055171763
110055171772
110055171781
110055171807
110055171816
110055171825
110055171861
110055171941
110055171969
110055171987
110055171996
110055172021
110055172049
110055172067
110055172085
110055172094
110055172101
110055172129
110055172272
110055172281
110055172307
110055172325
110055172343
110055172352
110055172361
110055172370
110055172398
110055172405
110055172414
110055172432
110055172487
110055172511
110055172539
110055172548
110055172566
110055172637
110055172664
110055172673
110055172682
110055172717
110055172735
110055172744
110055172753
110055172762
110055172806
110055172824
110055172833
110055172842
110055172851
110055172860
110055172879
110055172888
110055172897
110055172904
110055172913
110055172922
110055172931
110055172959
110055173048
110055173057
110055173066
110055173075
110055173084
110055173100
110055173119
110055173146
110055173155
110055173226
110055174163
110055174430
110055174519
110055174840
110055175000
110055175439
110055176553
110055176624
110055177044
110055177071
110055177106
110055177133
110055177142
110055177632
110055177767
110055178025
110055178356
110055178588
110055178622
110055178640
110055178668
110055178686
110055178695
110055178702
110055178711
110055178739
110055178748
110055178757
110055178766
110055178775
110055178784
110055178828
110055178837
110055178855
110055178864
110055178882
110055178908
110055178917
110055178935
110055179006
110055179015
110055179033
110055179060
110055179113
110055179131
110055179140
110055179159
110055179186
110055179275
110055179300
110055179319
110055179328
110055179337
110055179346
110055179364
110055179373
110055179391
110055179417
110055179426
110055179435
110055179444
110055179453
110055179471
110055179499
110055179514
110055179550
110055179667
110055180058
110055180067
110055180165
110055180174
110055180183
110055180691
110055180931
110055180986
110055181002
110055181048
110055181066
110055181529
110055181878
110055181896
110055184232
110055184483
110055185151
110055185516
110055185525
110055186392
110055186472
110055186551
110055186579
110055186597
110055186604
110055186711
110055186739
110055186793
110055187701
110055187710
110055187729
110055187738
110055187756
110055187765
110055187792
110055187818
110055187827
110055187845
110055187863
110055187872
110055187881
110055187890
110055187916
110055187925
110055187934
110055187943
110055187952
110055187970
110055187989
110055187998
110055188023
110055188032
110055188112
110055188149
110055188167
110055188176
110055188185
110055188194
110055188201
110055188210
110055188229
110055188238
110055188247
110055188256
110055188265
110055188274
110055188283
110055188292
110055188309
110055188318
110055188327
110055188345
110055188354
110055188489
110055188602
110055188611
110055188620
110055188657
110055188719
110055188960
110055188979
110055189004
110055189040
110055189077
110055189175
110055189200
110055189228
110055189291
110055189317
110055189335
110055189371
110055189380
110055189399
110055189424
110055192376
110055192385
110055192438
110055192447
