110055192456
110055192465
110055192474
110055192483
110055192492
110055192508
110055192517
110055192526
110055192544
110055192553
110055192562
110055192571
110055192580
110055192599
110055192606
110055192615
110055192624
110055192633
110055192642
110055192651
110055192660
110055192679
110055192688
110055192713
110055193222
110055193231
110055193240
110055193348
110055193384
110055193400
110055193614
110055193767
110055193794
110055193801
110055193936
110055193954
110055193963
110055194105
110055194114
110055194249
110055194267
110055194418
110055194542
110055194766
110055194775
110055194784
110055194908
110055195168
110055195186
110055195293
110055195444
110055195453
110055195462
110055195514
110055195603
110055195612
110055195621
110055195630
110055195649
110055195658
110055195667
110055195676
110055195685
110055195694
110055195701
110055195710
110055195729
110055195738
110055195747
110055195756
110055195765
110055195774
110055195783
110055195792
110055195809
110055195818
110055195827
110055195998
110055196167
110055196345
110055196372
110055196540
110055196835
110055196951
110055197148
110055197479
110055197594
110055197763
110055197889
110055198619
110055198628
110055198637
110055198771
110055198888
110055198897
110055199002
110055199011
110055199020
110055199048
110055199155
110055199280
110055199306
110055199342
110055199351
110055199360
110055199379
110055199422
110055199431
110055199547
110055199556
110055199574
110055199681
110055199823
110055199949
110055199958
110055199976
110055199985
110055199994
110055200009
110055200125
110055200134
110055200161
110055200170
110055200189
110055200312
110055200429
110055200438
110055200447
110055200456
110055200492
110055200517
110055202034
110055202043
110055202052
110055202061
110055202070
110055202089
110055202114
110055202123
110055202150
110055202169
110055202178
110055202203
110055202212
110055202230
110055202249
110055202258
110055202267
110055202276
110055202285
110055202301
110055202418
110055202515
110055202524
110055202604
110055202622
110055202640
110055202659
110055202668
110055202695
110055202711
110055202748
110055202819
110055202828
110055202935
110055202944
110055203033
110055203097
110055203104
110055203113
110055203122
110055203131
110055203140
110055203159
110055203168
110055203177
110055203186
110055203195
110055203202
110055203220
110055203248
110055203373
110055203391
110055203426
110055203453
110055203523
110055203710
110055203943
110055203952
110055204069
110055204167
110055204309
110055204407
110055204639
110055204737
110055204808
110055204817
110055204862
110055204924
110055204933
110055205004
110055205102
110055206147
110055206156
110055206165
110055206183
110055206192
110055206209
110055206218
110055206245
110055206272
110055206290
110055206316
110055206325
110055206334
110055206343
110055206352
110055206370
110055206389
110055206398
110055206405
110055206414
110055206423
110055206432
110055206441
110055206450
110055206469
110055206478
110055206487
110055206496
110055206502
110055206511
110055206520
110055206539
110055206548
110055206566
110055206584
110055206593
110055206682
110055206771
110055206780
110055206799
110055206888
110055206986
110055207066
110055207075
110055207164
110055207253
110055207342
110055207431
110055207440
110055207529
110055207609
110055207663
110055207672
110055207690
110055207789
110055207869
110055207967
110055207994
110055208001
110055208029
110055208038
110055208207
110055208225
110055208467
110055208476
110055208591
110055208617
110055208662
110055208680
110055208699
110055208706
110055208804
110055208813
110055208831
110055208993
110055209000
110055209073
110055209153
110055209233
110055209242
110055209331
110055209395
110055209420
110055209439
110055209448
110055209457
110055209475
110055209484
110055209518
110055209527
110055210917
110055211480
110055211499
110055211505
110055211514
110055211587
110055211596
110055211621
110055211649
110055211658
110055211694
110055211729
110055211738
110055211747
110055211756
110055211765
110055211774
110055211783
110055212167
110055212327
110055212336
110055212345
110055212354
110055212363
110055212372
110055212381
110055212390
110055212407
110055212416
110055212425
110055212434
110055212443
110055212452
110055212461
110055212470
110055212489
110055212504
110055212522
110055212559
110055212568
110055212577
110055212586
110055212595
110055212602
110055212611
110055212657
110055212684
110055212693
110055212700
110055212719
110055213148
110055213157
110055213166
110055213175
110055213184
110055213193
110055213200
110055213219
110055213228
110055213237
110055213246
110055213255
110055213264
110055213282
110055213291
110055213308
110055213335
110055213344
110055213353
110055213362
110055213415
110055213424
110055213433
110055213442
110055213451
110055213479
110055213488
110055213497
110055213503
110055213512
110055213521
110055213530
110055213549
110055213558
110055213567
110055213576
110055213585
110055213594
110055213601
110055213610
110055213754
110055213763
110055213772
110055213816
110055213923
110055213932
110055213941
110055213950
110055213969
110055213978
110055213987
110055213996
110055214003
110055214012
110055214021
110055214058
110055214076
110055214085
110055214094
110055214101
110055214110
110055214129
110055214138
110055214147
110055214156
110055214227
110055214236
110055214245
110055214254
110055214263
110055214272
110055214281
110055214290
110055214307
110055214316
110055214325
110055214343
110055214389
110055214398
110055214405
110055214414
110055214423
110055214432
110055214441
110055214450
110055214469
110055214478
110055214487
110055214496
110055214502
110055214619
110055214628
110055214637
110055214646
110055214655
110055214664
110055214673
110055214682
110055214691
110055214708
110055214717
110055214726
110055214735
110055214753
110055214762
110055214771
110055214780
110055214799
110055214815
110055214833
110055214968
110055214977
110055214986
110055214995
110055215002
110055215011
110055215020
110055215048
110055215057
110055215066
110055215075
110055215084
110055215119
110055215137
110055215146
110055215173
110055215191
110055215244
110055215253
110055215262
110055215271
110055215280
110055215315
110055215324
110055215333
110055215342
110055215351
110055215360
110055215379
110055215388
110055215404
110055215413
110055215431
110055215459
110055215468
110055215477
110055215486
110055215495
110055215501
110055215510
110055215529
110055215538
110055215547
110055215556
110055215574
110055215583
110055215592
110055215609
110055215618
110055215627
110055215636
110055215645
110055215654
110055215663
110055215672
110055215681
110055215690
110055215707
110055215716
110055215725
110055215734
110055215743
110055215752
110055215761
110055215770
110055215789
110055215798
110055215814
110055215823
110055215841
110055215850
110055215869
110055215878
110055215887
110055215896
110055215903
110055215912
110055215921
110055215930
110055215949
110055215958
110055215967
110055215976
110055215985
110055215994
110055216001
110055216010
110055216029
110055216038
110055216056
110055216065
110055216074
110055216083
110055216092
110055216109
110055216118
110055216136
110055216154
110055216163
110055216172
110055216181
110055216225
110055216243
110055216261
110055216270
110055216289
110055216298
110055216305
110055216323
110055216332
110055216341
110055216350
110055216369
110055216378
110055216387
110055216396
110055216403
110055216412
110055216421
110055216430
110055216467
110055216476
110055216494
110055216537
110055216546
110055216564
110055216608
110055216617
110055216626
110055216635
110055216644
110055216653
110055216662
110055216671
110055216680
110055216699
110055216715
110055216724
110055216733
110055216742
110055216751
110055216760
110055216779
110055216804
110055216813
110055216822
110055216831
110055216840
110055216859
110055216877
110055216886
110055216895
110055216920
110055216939
110055216957
110055216966
110055216975
110055216984
110055216993
110055217000
110055217019
110055217046
110055217055
110055217064
110055217073
110055217082
110055217091
110055217108
110055217117
110055217126
110055217135
110055217144
110055217153
110055217162
110055217171
110055217180
110055217199
110055217206
110055217215
110055217224
110055217233
110055217242
110055217251
110055217260
110055217279
110055217288
110055217297
110055217304
110055217313
110055217322
110055217331
110055217359
110055217368
110055217377
110055217386
110055217395
110055217411
110055217420
110055217466
110055217475
110055217484
110055217493
110055217509
110055217518
110055217527
110055217536
110055217545
110055217554
110055217563
110055217572
110055217581
110055217590
110055217723
110055217741
110055217750
110055217769
110055217778
110055217787
110055217796
110055217849
110055217858
110055217867
110055218045
110055218063
110055218429
110055218483
110055218492
110055218517
110055218526
110055218535
110055218544
110055218553
110055218571
110055218599
110055218606
110055218633
110055219259
110055219268
110055219277
110055219286
110055219393
110055219419
110055219428
110055219437
110055219446
110055219455
110055219464
110055219473
110055219482
110055219491
110055219507
110055220032
110055220050
110055220078
110055220087
110055220096
110055220103
110055220112
110055220121
110055220130
110055220149
110055220158
110055220354
110055220782
110055220791
110055220808
110055220817
110055220826
110055220871
110055220880
110055220899
110055220906
110055220915
110055220924
110055220933
110055220942
110055220951
110055220960
110055220979
110055220988
110055220997
110055221004
110055221077
110055221095
110055221157
110055221166
110055221184
110055221200
110055221219
110055221228
110055221237
110055221246
110055221264
110055221273
110055221567
110055221718
110055221861
110055221870
110055221889
110055221898
110055221905
110055221923
110055221932
110055221941
110055221950
110055221969
110055222012
110055222352
110055222423
110055222575
110055222655
110055222664
110055222673
110055222691
110055222744
110055222762
110055222824
110055222860
110055222888
110055222897
110055223306
110055223379
110055224190
110055224207
110055224216
110055224225
110055224261
110055224859
110055224948
110055224957
110055224975
110055225439
110055225448
110055225457
110055225475
110055225484
110055225493
110055225509
110055225518
110055225527
110055225536
110055225545
110055225554
110055225563
110055225572
110055225590
110055225607
110055225689
110055226143
110055226189
110055226241
110055226624
110055226642
110055226704
110055226713
110055226759
110055226777
110055226786
110055226875
110055226884
110055226893
110055226900
110055227008
110055227115
110055227124
110055227151
110055227482
110055227491
110055227865
110055227874
110055227892
110055227909
110055227936
110055227963
110055227972
110055228034
110055228043
110055228052
110055228604
110055228775
110055228784
110055228926
110055228935
110055228944
110055228953
110055228962
110055228971
110055228980
110055229355
110055229809
110055229818
110055229827
110055229836
110055229845
110055229854
110055229863
110055229872
110055229881
110055229890
110055229916
110055229925
110055229934
110055229943
110055229952
110055229961
110055230450
110055230487
110055230708
110055230717
110055230726
110055230851
110055231182
110055231217
110055231226
110055231235
110055231244
110055231253
110055231262
110055231583
110055231592
110055231609
110055231627
110055231636
110055231761
110055231770
110055231823
110055231832
110055231869
110055231967
110055231985
110055231994
110055232163
110055232252
110055232261
110055232270
110055232289
110055232298
110055232305
110055232314
110055232323
110055232332
110055232341
110055232350
110055232564
110055233983
110055233992
110055234018
110055234027
110055234036
110055234045
110055234054
110055234063
110055234241
110055234287
110055234312
110055234321
110055234376
110055234385
110055234394
110055234429
110055234438
110055234447
110055234456
110055234492
110055234508
110055234517
110055234553
110055234562
110055234571
110055234606
110055234624
110055234697
110055234740
110055234759
110055234768
110055234777
110055234786
110055234795
110055234802
110055234811
110055234820
110055234848
110055234946
110055235393
110055235419
110055235428
110055235437
110055235446
110055235534
110055235721
110055235730
110055235749
110055235758
110055235767
110055235785
110055235794
110055235990
110055236007
110055236016
110055236025
110055236043
110055236052
110055236061
110055236070
110055236089
110055236098
110055236105
110055236114
110055236123
110055236230
110055236249
110055236258
110055236310
110055236329
110055236338
110055236347
110055236356
110055236365
110055236374
110055236383
110055236392
110055236409
110055236418
110055236436
110055236445
110055236481
110055236506
110055237220
110055237970
110055238069
110055238087
110055238096
110055238103
110055238112
110055238149
110055238158
110055238167
110055238210
110055238229
110055238247
110055238265
110055238283
110055238309
110055238327
110055238336
110055238345
110055238354
110055238363
