110055238372
110055238381
110055238416
110055238425
110055238461
110055238470
110055238498
110055238522
110055238531
110055238559
110055238577
110055238700
110055238746
110055238755
110055238782
110055238791
110055238817
110055238826
110055238835
110055238844
110055238853
110055238862
110055238915
110055238924
110055238933
110055238942
110055238951
110055238960
110055238979
110055238988
110055238997
110055240136
110055240145
110055240154
110055240181
110055240190
110055240207
110055240243
110055240252
110055240261
110055240494
110055240500
110055240608
110055241322
110055241331
110055241386
110055241395
110055241402
110055241420
110055241439
110055241448
110055241466
110055241475
110055241484
110055241493
110055241509
110055241518
110055241527
110055241652
110055241670
110055241830
110055241894
110055241929
110055241938
110055241992
110055242018
110055242027
110055242036
110055242045
110055242063
110055242072
110055242116
110055242125
110055242134
110055242143
110055242152
110055242198
110055242367
110055242429
110055242438
110055242492
110055242508
110055242517
110055243115
110055243142
110055243204
110055243213
110055243222
110055243231
110055243240
110055243259
110055243268
110055243277
110055243286
110055244677
110055244819
110055244828
110055244837
110055245060
110055245088
110055245097
110055245104
110055245113
110055245131
110055245195
110055245202
110055245211
110055245220
110055245239
110055245248
110055245266
110055245471
110055245587
110055245596
110055245621
110055245630
110055245747
110055245827
110055245845
110055246611
110055246620
110055246639
110055246648
110055246675
110055246700
110055246728
110055246737
110055246773
110055246791
110055246808
110055246826
110055246844
110055246853
110055246862
110055246871
110055246880
110055246933
110055246942
110055246951
110055246960
110055246979
110055246988
110055247004
110055247031
110055247040
110055247059
110055247077
110055247193
110055247200
110055247219
110055248147
110055248165
110055248183
110055248192
110055248209
110055248218
110055248227
110055248236
110055248254
110055248281
110055248290
110055248325
110055248343
110055248352
110055248361
110055248389
110055248398
110055248405
110055248414
110055248423
110055248593
110055248628
110055248646
110055248655
110055248664
110055248673
110055248682
110055248762
110055248771
110055248780
110055248799
110055248806
110055248815
110055248824
110055248922
110055248931
110055249324
110055249486
110055250231
110055250268
110055250286
110055250302
110055250311
110055250348
110055250393
110055250400
110055250419
110055250428
110055250437
110055250455
110055250464
110055250473
110055250491
110055250534
110055250543
110055250552
110055250561
110055250570
110055250589
110055250605
110055250614
110055250623
110055250632
110055250678
110055250712
110055250892
110055251472
110055251481
110055251515
110055251524
110055251533
110055251542
110055251551
110055251560
110055251579
110055251588
110055251597
110055251604
110055251631
110055251640
110055251659
110055251668
110055251677
110055251686
110055251695
110055251702
110055251711
110055251720
110055251739
110055251748
110055251917
110055251935
110055251971
110055255218
110055255245
110055256725
110055256761
110055256805
110055256832
110055256930
110055257314
110055257341
110055257350
110055257369
110055257403
110055257412
110055257421
110055257449
110055257458
110055257467
110055257476
110055257485
110055257699
110055257751
110055257779
110055257797
110055257804
110055257813
110055257859
110055257868
110055257886
110055257902
110055257920
110055257939
110055257948
110055257957
110055257975
110055257984
110055258518
110055258554
110055258563
110055258581
110055259081
110055259090
110055259125
110055259143
110055259189
110055259205
110055259214
110055259232
110055259241
110055259287
110055259303
110055259330
110055259349
110055259358
110055259376
110055259394
110055259429
110055259447
110055260248
110055260907
110055260916
110055261087
110055261210
110055261416
110055261513
110055261835
110055261853
110055261862
110055261871
110055261880
110055261960
110055261988
110055262004
110055262013
110055262022
110055262077
110055262095
110055262102
110055262399
110055262415
110055262424
110055262503
110055262512
110055262521
110055262549
110055262567
110055262950
110055262969
110055263450
110055263496
110055263913
110055263931
110055263940
110055263959
110055264084
110055264119
110055264333
110055264413
110055264431
110055264486
110055359561
110055359570
110055359589
110055359598
110055359605
110055359614
110055359623
110055359632
110055359641
110055359669
110055359678
110055359696
110055359703
110055359712
110055359749
110055359758
110055359776
110055359785
110055359794
110055359801
110055359810
110055359829
110055359838
110055359847
110055359865
110055359874
110055359892
110055359927
110055359945
110055359954
110055359963
110055359972
110055359981
110055359990
110055360005
110055360014
110055360023
110055360032
110055360041
110055360050
110055360069
110055360078
110055360087
110055360096
110055360103
110055360112
110055360130
110055360149
110055360158
110055360167
110055360176
110055360185
110055360194
110055360201
110055360210
110055360229
110055360238
110055360247
110055360256
110055360265
110055360274
110055360283
110055360292
110055360309
110055360318
110055360327
110055360336
110055360354
110055360363
110055360372
110055360381
110055360390
110055360407
110055360416
110055360425
110055360434
110055360443
110055360452
110055360461
110055360470
110055360489
110055360498
110055360504
110055360513
110055360522
110055360531
110055360540
110055360559
110055360568
110055360577
110055360586
110055360595
110055360602
110055360611
110055360620
110055360639
110055360648
110055360657
110055360666
110055360675
110055360684
110055360693
110055360700
110055360719
110055360728
110055360737
110055360746
110055360755
110055360764
110055360782
110055360808
110055360817
110055360826
110055360835
110055360844
110055360853
110055360862
110055360871
110055360880
110055360899
110055360906
110055360915
110055360924
110055360933
110055360942
110055360951
110055360960
110055360979
110055360988
110055360997
110055361004
110055361013
110055361022
110055361031
110055361040
110055361068
110055361077
110055361086
110055361095
110055361102
110055361111
110055361120
110055361139
110055361148
110055361157
110055361166
110055361175
110055361184
110055361193
110055361200
110055361228
110055361246
110055361255
110055361264
110055361273
110055361282
110055361291
110055361308
110055361317
110055361326
110055361335
110055361344
110055361353
110055361362
110055361371
110055361380
110055361399
110055361406
110055361415
110055361424
110055361433
110055361442
110055361451
110055361460
110055361479
110055361488
110055361497
110055361503
110055361512
110055361521
110055361530
110055361549
110055361558
110055361567
110055361576
110055361585
110055361594
110055361601
110055361638
110055361674
110055361683
110055361692
110055361709
110055361718
110055361727
110055361736
110055361745
110055361754
110055361763
110055361772
110055361781
110055361790
110055361807
110055361816
110055361825
110055361834
110055361843
110055361852
110055361861
110055361870
110055361889
110055361898
110055361923
110055361941
110055362094
110055362101
110055362110
110055362147
110055362156
110055362165
110055362174
110055362183
110055362192
110055362209
110055362218
110055362227
110055362236
110055362245
110055362263
110055362272
110055362281
110055362290
110055362325
110055362334
110055362389
110055362414
110055362673
110055362682
110055362691
110055362708
110055362771
110055362806
110055362833
110055362851
110055362860
110055362879
110055362888
110055362968
110055362986
110055362995
110055363011
110055363020
110055363039
110055363048
110055363057
110055363066
110055363075
110055363084
110055363100
110055363146
110055363164
110055363173
110055363182
110055363191
110055363208
110055363217
110055363226
110055363235
110055363244
110055363253
110055363262
110055363271
110055363280
110055363299
110055363306
110055363315
110055363379
110055363388
110055363397
110055363404
110055363431
110055363468
110055363556
110055363565
110055363574
110055363583
110055363592
110055363609
110055363618
110055363663
110055363672
110055363681
110055363716
110055363725
110055363734
110055363743
110055363752
110055363761
110055363770
110055363798
110055363805
110055363814
110055363823
110055363850
110055363878
110055363896
110055363903
110055363912
110055363949
110055363958
110055363985
110055363994
110055364001
110055364010
110055364029
110055364038
110055364056
110055364065
110055364074
110055364083
110055364109
110055364190
110055364207
110055364216
110055364225
110055364234
110055364243
110055364252
110055364261
110055364270
110055364289
110055364298
110055364305
110055364314
110055364323
110055364332
110055364341
110055364350
110055364369
110055364378
110055364403
110055364430
110055364449
110055364458
110055364467
110055364476
110055364485
110055364500
110055364519
110055364528
110055364546
110055364555
110055364564
110055364662
110055364706
110055364715
110055364724
110055364733
110055364742
110055364760
110055364813
110055364822
110055364831
110055364840
110055364859
110055364868
110055364886
110055364895
110055364911
110055364939
110055364948
110055364975
110055364993
110055365000
110055365037
110055365091
110055365108
110055365117
110055365126
110055365135
110055365144
110055365153
110055365162
110055365171
110055365180
110055365199
110055365206
110055365215
110055365224
110055365233
110055365242
110055365251
110055365279
110055365313
110055365322
110055365386
110055365395
110055365402
110055365411
110055365475
110055365484
110055365493
110055365518
110055365527
110055365536
110055365545
110055365554
110055365563
110055365607
110055365616
110055365625
110055365634
110055365661
110055365670
110055365689
110055365698
110055365732
110055365741
110055365750
110055365778
110055365787
110055365821
110055365830
110055365849
110055365867
110055365947
110055365956
110055365965
110055365974
110055366599
110055366624
110055366633
110055366642
110055366660
110055366679
110055366688
110055366704
110055366722
110055366740
110055366759
110055366768
110055366777
110055366786
110055366802
110055366820
110055366839
110055366848
110055366857
110055366875
110055366893
110055366900
110055366919
110055366928
110055366946
110055366955
110055366964
110055366973
110055366982
110055366991
110055367017
110055367026
110055367035
110055367044
110055367053
110055367062
110055367071
110055367080
110055367099
110055367106
110055367115
110055367124
110055367133
110055367151
110055367160
110055367179
110055367188
110055367197
110055367222
110055367231
110055367240
110055367259
110055367268
110055367339
110055367428
110055367446
110055367455
110055367464
110055367473
110055367491
110055367507
110055367516
110055367525
110055367534
110055367543
110055367767
110055367776
110055367801
110055367856
110055367883
110055367892
110055367909
110055368472
110055368800
110055369836
110055369854
110055369863
110055369872
110055370370
110055370389
110055370398
110055370423
110055370432
110055370441
110055370450
110055370469
110055370478
110055370487
110055370496
110055370502
110055370539
110055374697
110055376472
110055376506
110055376631
110055376668
110055376677
110055376739
110055376784
110055376793
110055377300
110055377319
110055377328
110055377337
110055377426
110055377435
110055377444
110055377630
110055377658
110055435033
110055479049
110055479085
110055479101
110055479110
110055479129
110055479165
110055479174
110055479245
110055479307
110055479316
110055479325
110055479370
110055479398
110055479548
110055479593
110055479619
110055479628
110055479646
110055479664
110055479673
110055479682
110055479708
110055479717
110055479735
110055479744
110055479753
110055479762
110055479771
110055479780
110055479799
110055479806
110055479815
110055479824
110055479833
110055479888
110055479897
110055479904
110055479913
110055479922
110055479931
110055479940
110055479959
110055479968
110055479977
110055479986
110055479995
110055480000
110055480019
110055480028
110055480037
110055480046
110055480064
110055480082
110055480091
110055480108
110055480117
110055480126
110055480135
110055480153
110055480180
110055480206
110055480215
110055480224
110055480242
110055480251
110055480279
110055480297
110055480313
110055480340
110055480368
110055480377
110055480386
110055480411
110055480420
110055480448
110055480466
110055480475
110055480509
110055480527
110055480545
110055480554
110055480563
110055480581
110055480607
110055480616
110055480634
110055480661
110055480670
110055480698
110055480705
110055480714
110055480723
110055480732
110055480741
110055480812
110055480894
110055480929
110055480974
110055480992
110055481018
110055481214
110055481349
110055481358
110055481367
110055481376
110055481385
110055481394
110055481401
110055481410
110055481429
110055481438
110055481447
110055481456
110055481465
110055481483
110055481508
110055481517
110055481526
110055481553
