110055481562
110055481580
110055481599
110055481606
110055481624
110055481642
110055481651
110055481679
110055481697
110055481704
110055481713
110055481722
110055481802
110055481811
110055481820
110055481848
110055481857
110055481866
110055482026
110055482053
110055482062
110055482080
110055482838
110055482847
110055482856
110055482865
110055482945
110055482963
110055483025
110055483043
110055483347
110055483365
110055483374
110055483383
110055483392
110055483409
110055483418
110055483427
110055483436
110055483445
110055483454
110055483506
110055483524
110055483604
110055483613
110055484293
110055484300
110055484319
110055484328
110055484337
110055484346
110055484355
110055484364
110055484373
110055484382
110055484453
110055484462
110055484471
110055484480
110055484505
110055484514
110055484523
110055484532
110055484541
110055484550
110055484578
110055484587
110055484596
110055484603
110055484612
110055484621
110055484630
110055484649
110055484685
110055484694
110055484701
110055484710
110055484729
110055484738
110055484747
110055484756
110055484765
110055484774
110055484783
110055484792
110055484809
110055484818
110055484827
110055484836
110055484854
110055484863
110055484872
110055484989
110055484998
110055485005
110055485032
110055485041
110055485050
110055485069
110055485078
110055485087
110055485185
110055485194
110055485201
110055485210
110055485247
110055485256
110055485265
110055485274
110055485292
110055485309
110055485318
110055485327
110055485336
110055485345
110055485354
110055485363
110055485390
110055485407
110055485416
110055485540
110055485559
110055485568
110055485577
110055485586
110055485639
110055485648
110055485666
110055485675
110055485684
110055485693
110055485700
110055485719
110055485746
110055485755
110055485808
110055485817
110055485835
110055485844
110055485862
110055485871
110055485880
110055485899
110055485915
110055485924
110055485933
110055485942
110055485951
110055485960
110055485979
110055485988
110055485997
110055486004
110055486022
110055486031
110055486095
110055486102
110055486111
110055486139
110055486148
110055486157
110055486166
110055486175
110055486184
110055486219
110055486264
110055486273
110055486282
110055486335
110055486344
110055486353
110055486371
110055486380
110055486399
110055486406
110055486415
110055486424
110055486433
110055486521
110055486530
110055486549
110055486558
110055486567
110055486576
110055486585
110055486594
110055486601
110055486610
110055486629
110055486638
110055486674
110055486683
110055486692
110055486709
110055486718
110055486727
110055486736
110055486745
110055486754
110055486763
110055486772
110055486781
110055486790
110055486816
110055486825
110055486834
110055486843
110055486852
110055486861
110055486870
110055486889
110055486898
110055486905
110055486914
110055487012
110055487021
110055487085
110055487101
110055487110
110055487129
110055487138
110055487156
110055487165
110055487174
110055487183
110055487192
110055487218
110055487254
110055487263
110055487272
110055487281
110055487290
110055487307
110055487316
110055487325
110055487352
110055487361
110055487370
110055487389
110055487398
110055487405
110055487414
110055487423
110055487469
110055487851
110055488397
110055488440
110055488529
110055488538
110055488547
110055488556
110055488565
110055488949
110055488958
110055489001
110055489038
110055489136
110055489476
110055489760
110055490044
110055490384
110055490482
110055490491
110055490534
110055490543
110055490552
110055490561
110055490570
110055490589
110055490598
110055490605
110055490623
110055490632
110055490641
110055490650
110055490669
110055490696
110055490721
110055490730
110055490749
110055490758
110055490767
110055490776
110055490785
110055490794
110055490801
110055490810
110055490829
110055490838
110055490847
110055490856
110055490865
110055490874
110055490883
110055490892
110055490909
110055490918
110055490927
110055490936
110055491098
110055491105
110055491114
110055491123
110055491132
110055491150
110055491169
110055491178
110055491187
110055491196
110055491203
110055491506
110055492104
110055492319
110055492471
110055492863
110055492916
110055492943
110055492952
110055492961
110055492970
110055492989
110055496048
110055496075
110055496084
110055496100
110055496119
110055496137
110055558702
110055568915
110055568924
110055568933
110055568942
110055568951
110055568960
110055569941
110055570029
110055570555
110055570573
110055571322
110055572367
110055572474
110055572731
110055572795
110055572802
110055573614
110055573776
110055573883
110055573892
110055573909
110055573918
110055573927
110055573936
110055575293
110055575630
110055576023
110055576069
110055576078
110055576087
110055576764
110055577521
110055577549
110055577558
110055577567
110055577576
110055577585
110055577594
110055577601
110055577638
110055577647
110055577656
110055577665
110055577674
110055577718
110055577727
110055577745
110055577754
110055577763
110055578922
110055579226
110055579244
110055579501
110055579510
110055579547
110055579556
110055579565
110055579583
110055579618
110055579949
110055580072
110055580081
110055580116
110055580152
110055580170
110055580189
110055580198
110055580205
110055580223
110055580624
110055580633
110055582276
110055582285
110055582294
110055583391
110055583408
110055583471
110055583907
110055583916
110055584899
110055586138
110055586147
110055586156
110055586165
110055586183
110055586192
110055586209
110055587253
110055588458
110055588485
110055588500
110055588519
110055589162
110055589171
110055589215
110055589224
110055589242
110055589279
110055589304
110055589331
110055589340
110055589359
110055589536
110055589992
110055590285
110055590908
110055590926
110055591006
110055591015
110055591042
110055591079
110055592292
110055592309
110055592602
110055592611
110055592620
110055592639
110055592648
110055592657
110055592666
110055592675
110055592684
110055592693
110055592700
110055593763
110055593772
110055594655
110055594664
110055594708
110055594717
110055594888
110055597251
110055597260
110055598054
110055598072
110055598081
110055598116
110055600087
110055600096
110055600112
110055600121
110055600229
110055600247
110055600292
110055601022
110055601031
110055601059
110055602539
110055602548
110055602557
110055602708
110055602879
110055602888
110055604724
110055605153
110055605359
110055606278
110055606287
110055606303
110055606786
110055609998
110055610003
110055610049
110055610414
110055610441
110055610450
110055610496
110055610691
110055610717
110055610735
110055610744
110055611075
110055611627
110055612234
110055612350
110055612458
110055612476
110055612485
110055612494
110055612500
110055612877
110055612886
110055612895
110055612902
110055613796
110055613803
110055613812
110055613821
110055614054
110055614125
110055614198
110055614688
110055614697
110055614713
110055614722
110055614731
110055614740
110055614768
110055614777
110055614937
110055614991
110055615785
110055615810
110055615829
110055615856
110055615874
110055615892
110055617104
110055618808
110055618817
110055618826
110055619399
110055619638
110055620234
110055620252
110055620261
110055620289
110055620305
110055620314
110055620332
110055620341
110055620350
110055620369
110055620378
110055620387
110055620396
110055620403
110055620412
110055620421
110055620430
110055620449
110055620467
110055620476
110055620485
110055620494
110055620519
110055620528
110055620537
110055620564
110055620582
110055620591
110055620608
110055620617
110055620626
110055620644
110055620653
110055620662
110055620671
110055620680
110055620699
110055620706
110055620724
110055620742
110055620751
110055620788
110055620804
110055620822
110055620840
110055620859
110055620868
110055620877
110055620886
110055620895
110055620902
110055620911
110055620939
110055620948
110055620957
110055620966
110055620975
110055620993
110055621000
110055621037
110055621046
110055621055
110055621064
110055621073
110055621082
110055621108
110055621117
110055621126
110055621135
110055621144
110055621153
110055621162
110055621171
110055621180
110055621199
110055621206
110055621215
110055621233
110055621242
110055621251
110055621260
110055621288
110055621297
110055621304
110055621313
110055621322
110055621439
110055621466
110055621475
110055621484
110055621493
110055621509
110055621518
110055621527
110055621536
110055621545
110055621554
110055621563
110055621572
110055621581
110055621590
110055621607
110055621616
110055621625
110055621634
110055621643
110055621652
110055621661
110055621670
110055621689
110055621698
110055621705
110055621714
110055621723
110055621732
110055621741
110055621750
110055621769
110055621778
110055621787
110055621796
110055621803
110055621812
110055621821
110055621830
110055621849
110055621858
110055621867
110055621876
110055621885
110055621894
110055621901
110055621910
110055621929
110055621938
110055621947
110055621956
110055621992
110055622009
110055622018
110055622027
110055622036
110055622045
110055622054
110055622063
110055622072
110055622081
110055622090
110055622107
110055622116
110055622134
110055622312
110055622321
110055622330
110055622349
110055622367
110055622376
110055622385
110055622394
110055622410
110055622429
110055622438
110055622456
110055622483
110055622492
110055622517
110055622526
110055622571
110055622599
110055622606
110055622615
110055622624
110055622633
110055622642
110055622660
110055622679
110055622688
110055622697
110055622704
110055622713
110055622722
110055622731
110055622740
110055622768
110055622777
110055622786
110055622795
110055622802
110055622811
110055622820
110055622839
110055622848
110055622857
110055622866
110055622875
110055622900
110055622919
110055622928
110055622937
110055622946
110055622955
110055622964
110055622973
110055622982
110055623044
110055623053
110055623062
110055623071
110055623080
110055623099
110055623106
110055623115
110055623473
110055623491
110055623507
110055623516
110055623525
110055623696
110055623703
110055623712
110055623721
110055624132
110055624141
110055624150
110055624169
110055624178
110055624187
110055624196
110055624203
110055624212
110055624221
110055624230
110055624249
110055624258
110055624267
110055624276
110055624285
110055624294
110055624301
110055624310
110055624329
110055624338
110055624347
110055624356
110055624365
110055624374
110055624392
110055624409
110055624418
110055624427
110055624436
110055624445
110055624454
110055624463
110055624472
110055624490
110055624506
110055624515
110055624524
110055624533
110055624542
110055624551
110055624560
110055624579
110055624588
110055624597
110055624604
110055624613
110055624631
110055624640
110055624659
110055624668
110055624677
110055624686
110055624695
110055624702
110055624711
110055624720
110055624748
110055624757
110055624766
110055624775
110055624784
110055624793
110055624800
110055625033
110055625042
110055625051
110055625060
110055625079
110055625088
110055625097
110055625104
110055625140
110055625159
110055625168
110055625177
110055625186
110055625195
110055625202
110055625211
110055625220
110055625239
110055625257
110055625266
110055625275
110055625284
110055625293
110055625319
110055625328
110055625337
110055625346
110055625355
110055625364
110055625373
110055625863
110055625872
110055625881
110055625890
110055625907
110055625916
110055625934
110055625943
110055625952
110055625961
110055625970
110055625989
110055625998
110055626005
110055626014
110055626023
110055626032
110055626041
110055626050
110055626069
110055626078
110055626087
110055626096
110055626103
110055626112
110055626121
110055626130
110055626149
110055626158
110055626194
110055626201
110055626229
110055626238
110055626247
110055626256
110055626265
110055626274
110055626283
110055626292
110055626309
110055626318
110055626327
110055626336
110055626345
110055626363
110055626372
110055626390
110055626407
110055626416
110055626425
110055626434
110055626443
110055626452
110055626461
110055626470
110055626489
110055626498
110055626504
110055626513
110055626522
110055626531
110055626540
110055626675
110055626700
110055626719
110055626728
110055626871
110055626960
110055626988
110055627004
110055627013
110055627022
110055627031
110055627040
110055627059
110055627077
110055627086
110055627095
110055627111
110055627120
110055627139
110055627148
110055627157
110055627166
110055627175
110055627200
110055627219
110055627228
110055627246
110055627255
110055627264
110055627273
110055627282
110055627291
110055627308
110055627317
110055627326
110055627344
110055627353
110055627362
110055627371
110055627380
110055627399
110055627406
110055627415
110055627424
110055627433
110055627442
110055627460
110055627530
110055627549
110055627567
110055627576
110055627585
110055627594
110055627601
110055627610
110055627629
110055627638
110055627647
110055627656
110055627665
110055627674
110055627683
110055627692
110055627718
110055627727
110055627745
110055627754
110055627763
110055627772
110055627790
110055627807
110055627816
110055627825
110055627834
110055627843
110055627852
110055627861
110055627870
110055627889
110055627898
110055627905
110055627914
