110055627923
110055627932
110055627941
110055628334
110055628343
110055628352
110055628361
110055628389
110055628398
110055630447
110055630456
110055630465
110055630946
110055630955
110055630982
110055631160
110055631179
110055631188
110055631197
110055631204
110055631213
110055631231
110055631240
110055631259
110055631268
110055631277
110055631286
110055631295
110055631302
110055631311
110055631320
110055631339
110055631348
110055631357
110055631366
110055631375
110055631384
110055631838
110055631874
110055631892
110055631909
110055631918
110055631927
110055631963
110055632016
110055632025
110055632034
110055632043
110055632052
110055632061
110055632070
110055632089
110055632098
110055632105
110055632114
110055632123
110055632132
110055632141
110055632150
110055632169
110055632178
110055632196
110055632203
110055632533
110055632542
110055632551
110055632560
110055632579
110055632588
110055632597
110055632604
110055632613
110055632622
110055632631
110055632640
110055632659
110055632668
110055632677
110055632695
110055632702
110055632711
110055632720
110055633248
110055633328
110055633337
110055633346
110055633355
110055633364
110055633382
110055633391
110055633408
110055633417
110055633435
110055633444
110055633453
110055633462
110055633471
110055633499
110055633505
110055633514
110055633523
110055633532
110055633541
110055633809
110055633818
110055633836
110055633845
110055633854
110055633863
110055633872
110055633881
110055633890
110055633907
110055633916
110055633925
110055633934
110055633943
110055633952
110055633961
110055634862
110055634906
110055634915
110055634924
110055634942
110055634979
110055634988
110055634997
110055635282
110055635424
110055635442
110055636682
110055639331
110055639340
110055639377
110055640436
110055640445
110055641738
110055641747
110055641765
110055641792
110055641827
110055642498
110055642693
110055642728
110055643692
110055643718
110055644432
110055644469
110055644496
110055645299
110055645306
110055645315
110055645324
110055645333
110055645342
110055645351
110055645360
110055645379
110055645547
110055645565
110055645841
110055645869
110055645896
110055645903
110055645912
110055645921
110055645949
110055645958
110055645967
110055645985
110055646261
110055646270
110055646289
110055646608
110055647778
110055647849
110055647894
110055647929
110055647965
110055648036
110055648045
110055648731
110055648740
110055648866
110055648884
110055649366
110055649375
110055649400
110055649428
110055649437
110055649446
110055649473
110055649482
110055649963
110055651325
110055651432
110055651664
110055651673
110055651682
110055651691
110055651708
110055651717
110055651726
110055651735
110055651744
110055651753
110055651762
110055651771
110055651780
110055651799
110055651806
110055651815
110055651824
110055651833
110055651842
110055651851
110055651860
110055651913
110055651922
110055651931
110055651940
110055651968
110055651977
110055651986
110055651995
110055652002
110055652011
110055652020
110055652039
110055652057
110055652066
110055652075
110055652084
110055652137
110055652146
110055652155
110055652173
110055652208
110055652226
110055652253
110055652271
110055652280
110055652299
110055652306
110055652315
110055652324
110055652333
110055652342
110055652351
110055652360
110055652379
110055652388
110055652397
110055652404
110055652413
110055652422
110055652440
110055652468
110055652486
110055652495
110055652501
110055652529
110055652574
110055652583
110055652592
110055652609
110055652618
110055652627
110055652645
110055652654
110055652672
110055652681
110055652690
110055652707
110055652716
110055652725
110055652734
110055652761
110055652770
110055652789
110055652798
110055652805
110055652814
110055652832
110055652841
110055652850
110055652878
110055652896
110055652903
110055652912
110055652949
110055652958
110055652967
110055652976
110055652985
110055652994
110055653001
110055653010
110055653029
110055653047
110055653056
110055653065
110055653074
110055653083
110055653092
110055653109
110055653118
110055653127
110055653136
110055653154
110055653163
110055653172
110055653181
110055653190
110055653207
110055653216
110055653225
110055653234
110055653252
110055653261
110055653270
110055653289
110055653298
110055653305
110055653314
110055653323
110055653332
110055653341
110055653350
110055653369
110055653378
110055653387
110055653396
110055653403
110055653412
110055653421
110055653430
110055653449
110055653458
110055653467
110055653476
110055653485
110055653494
110055653500
110055653519
110055653528
110055653537
110055653546
110055653555
110055653573
110055653591
110055653608
110055653617
110055653626
110055653644
110055653653
110055653662
110055653680
110055653699
110055653706
110055653715
110055653724
110055653733
110055653742
110055653751
110055653760
110055653779
110055653788
110055653797
110055653804
110055653813
110055653831
110055653840
110055653859
110055653868
110055653877
110055653886
110055653895
110055653902
110055653911
110055653920
110055653939
110055653948
110055653957
110055653966
110055653975
110055653993
110055654000
110055654019
110055654028
110055654046
110055654055
110055654064
110055654073
110055654082
110055654091
110055654108
110055654117
110055654126
110055654135
110055654144
110055654153
110055654162
110055654180
110055654199
110055654206
110055654215
110055654224
110055654233
110055654242
110055654251
110055654260
110055654288
110055654297
110055654322
110055654331
110055654340
110055654359
110055654368
110055654377
110055654395
110055654402
110055654420
110055654439
110055654448
110055654457
110055950298
110055974281
110055975128
110055975137
110055975459
110055975477
110055975592
110055975627
110055978508
110055980489
110055980577
110055980700
110055998336
110056112521
110056117884
110056117900
110056118106
110056118115
110056118133
110056118142
110056118160
110056118188
110056118197
110056118213
110056118222
110056118240
110056118268
110056118357
110056118366
110056118375
110056118384
110056118393
110056118400
110056118419
110056118428
110056118446
110056118455
110056118464
110056118473
110056118482
110056118491
110056118507
110056118516
110056118525
110056118534
110056118543
110056118552
110056118561
110056118589
110056118605
110056118623
110056118632
110056118678
110056118687
110056118696
110056118758
110056118767
110056118785
110056118794
110056118810
110056118829
110056118838
110056118856
110056118865
110056118874
110056118883
110056118892
110056118918
110056118927
110056118936
110056118945
110056118954
110056118963
110056118972
110056118981
110056118990
110056119007
110056119025
110056119034
110056119052
110056119061
110056119105
110056119123
110056119132
110056119169
110056119178
110056119187
110056119203
110056119212
110056119221
110056119230
110056119249
110056119258
110056119267
110056119276
110056119285
110056119294
110056119347
110056119356
110056119365
110056119374
110056119383
110056119392
110056119409
110056119418
110056119427
110056119445
110056119454
110056119463
110056119472
110056119481
110056119490
110056119506
110056119524
110056119533
110056119542
110056119551
110056119560
110056119579
110056119588
110056119604
110056119613
110056119622
110056119631
110056119640
110056119659
110056119668
110056119677
110056119686
110056119695
110056119702
110056119711
110056119720
110056119739
110056119748
110056119757
110056119775
110056119793
110056119800
110056119819
110056119837
110056119846
110056119855
110056119882
110056119891
110056119908
110056119926
110056119935
110056119944
110056119962
110056120102
110056120111
110056120120
110056120139
110056120175
110056120200
110056120282
110056120317
110056120335
110056120362
110056120371
110056120380
110056120399
110056120415
110056120433
110056120442
110056120451
110056120460
110056120479
110056120488
110056120503
110056120512
110056120530
110056120549
110056120576
110056120594
110056120601
110056120610
110056120629
110056120638
110056120647
110056120656
110056120665
110056120683
110056120692
110056120709
110056120718
110056120727
110056120745
110056120754
110056120763
110056120772
110056120781
110056120790
110056120816
110056120825
110056120852
110056120861
110056120870
110056120889
110056120898
110056120905
110056120914
110056120923
110056120932
110056120941
110056120950
110056120969
110056120978
110056120987
110056120996
110056121003
110056121012
110056121021
110056121030
110056121049
110056121058
110056121076
110056121094
110056121101
110056121129
110056121138
110056121174
110056121183
110056121192
110056121218
110056121236
110056121245
110056121254
110056121263
110056121281
110056121307
110056121316
110056121325
110056121334
110056121343
110056121352
110056121361
110056121370
110056121389
110056121398
110056121405
110056121432
110056121441
110056121469
110056121487
110056121502
110056121511
110056121520
110056121539
110056121548
110056121584
110056121600
110056121628
110056121646
110056121655
110056121726
110056121753
110056121771
110056121799
110056121806
110056121815
110056121824
110056121860
110056121888
110056121904
110056121922
110056121940
110056121959
110056121968
110056121977
110056121986
110056121995
110056122039
110056122075
110056122084
110056122093
110056122100
110056122119
110056122137
110056122146
110056122155
110056122173
110056122182
110056122191
110056122208
110056122217
110056122226
110056122235
110056122244
110056122253
110056122262
110056122271
110056122280
110056122299
110056122306
110056122315
110056122324
110056122342
110056122351
110056122360
110056122379
110056122388
110056122397
110056122404
110056122422
110056122431
110056122440
110056122459
110056122477
110056122495
110056122510
110056122538
110056122547
110056122556
110056122574
110056122583
110056122592
110056122609
110056122618
110056122636
110056122645
110056122663
110056122690
110056122716
110056122734
110056122752
110056122770
110056122798
110056122823
110056122832
110056122841
110056122850
110056122878
110056122887
110056122896
110056122930
110056122949
110056122958
110056123001
110056123029
110056123065
110056123109
110056123127
110056123136
110056123145
110056123163
110056123172
110056123181
110056123207
110056123216
110056123243
110056123252
110056123289
110056123298
110056123332
110056123369
110056123387
110056123396
110056123403
110056123412
110056123421
110056123430
110056123467
110056123476
110056123485
110056123494
110056123528
110056123537
110056123546
110056123582
110056123822
110056123831
110056123840
110056123859
110056123868
110056123877
110056123886
110056123895
110056123902
110056123911
110056123920
110056123939
110056123957
110056123984
110056124000
110056124019
110056124028
110056124037
110056124046
110056124064
110056124073
110056124082
110056124091
110056124108
110056124126
110056124135
110056124144
110056124162
110056124171
110056124206
110056124224
110056124233
110056124251
110056124279
110056124297
110056124304
110056124313
110056124322
110056124331
110056124359
110056124368
110056124386
110056124395
110056124411
110056124457
110056124509
110056124518
110056124527
110056124554
110056124572
110056124581
110056124590
110056124616
110056124625
110056124634
110056124661
110056124670
110056124698
110056124714
110056124723
110056124732
110056124750
110056124769
110056124778
110056124787
110056124796
110056124812
110056124821
110056124830
110056124849
110056124858
110056124867
110056124894
110056124901
110056124947
110056124956
110056124974
110056124983
110056125009
110056125018
110056125027
110056125036
110056125045
110056125054
110056125063
110056125081
110056125107
110056125134
110056125152
110056125161
110056125170
110056125205
110056125214
110056125223
110056125232
110056125241
110056125269
110056125287
110056125544
110056125688
110056126188
110056126197
110056126222
110056126231
110056126268
110056126277
110056126286
110056126295
110056126320
110056126348
110056126400
110056126428
110056126437
110056126446
110056126455
110056126464
110056126473
110056126482
110056126491
110056126507
110056126516
110056126534
110056126543
110056126561
110056126614
110056126623
110056126632
110056126641
110056126678
110056126687
110056126696
110056126712
110056126721
110056126749
110056126758
110056126767
110056126776
110056126785
110056126794
110056126829
110056127016
110056127025
110056127043
110056127052
110056127061
110056127070
110056127089
110056127098
110056127105
110056127114
110056127123
110056127132
110056127141
110056127150
110056127169
110056127178
110056127187
110056127196
110056127212
110056127221
110056127267
110056127294
110056127301
110056127310
110056127338
110056127347
110056127374
110056127409
110056127472
110056127490
110056127524
110056127533
110056127551
110056127560
110056127579
110056127597
110056127604
110056127631
110056127640
110056127659
110056127668
110056127677
110056127686
110056127695
110056127720
110056127748
110056127793
110056127846
110056127855
110056127864
110056127873
110056127882
110056127908
110056127917
110056127926
110056127935
110056127953
110056127980
110056127999
110056128006
110056128015
110056128024
110056128033
