110056128042
110056128051
110056128060
110056128079
110056128097
110056128104
110056128113
110056128131
110056128159
110056128186
110056128195
110056128211
110056128239
110056128275
110056128284
110056128300
110056128319
110056128328
110056128355
110056128391
110056128426
110056128471
110056128499
110056128505
110056128514
110056128532
110056128541
110056128569
110056128578
110056128587
110056128612
110056128621
110056128890
110056128934
110056128943
110056128989
110056128998
110056129005
110056129078
110056129087
110056129158
110056129185
110056129194
110056129201
110056129283
110056129336
110056129363
110056129407
110056129416
110056129470
110056129489
110056129498
110056129504
110056129513
110056129531
110056129540
110056129559
110056129568
110056129602
110056129611
110056129639
110056129675
110056129719
110056129728
110056129737
110056129755
110056129764
110056129773
110056129817
110056129862
110056129871
110056129880
110056129899
110056129924
110056129933
110056129942
110056129960
110056129979
110056129988
110056130020
110056130048
110056130057
110056130075
110056130093
110056130100
110056130119
110056130137
110056130146
110056130155
110056130173
110056130182
110056130208
110056130235
110056130244
110056130262
110056130299
110056130315
110056130324
110056130342
110056130351
110056130360
110056130379
110056130404
110056130422
110056130431
110056130477
110056130486
110056130495
110056130510
110056130690
110056131145
110056131154
110056131163
110056131172
110056131190
110056131216
110056131234
110056131243
110056131252
110056131289
110056131298
110056131305
110056131369
110056131378
110056131421
110056131467
110056131476
110056131494
110056131500
110056131519
110056131528
110056131537
110056131564
110056131573
110056131582
110056131591
110056131608
110056131617
110056131626
110056131635
110056131662
110056131671
110056131680
110056131699
110056131706
110056131733
110056131788
110056131813
110056131840
110056131877
110056131886
110056131895
110056131902
110056131911
110056131920
110056131939
110056131948
110056131975
110056131984
110056131993
110056132019
110056132028
110056132055
110056132091
110056132108
110056132126
110056132144
110056132153
110056132171
110056132206
110056132215
110056132233
110056132242
110056132260
110056132279
110056132297
110056132304
110056132331
110056132359
110056132395
110056132402
110056132411
110056132448
110056132457
110056132466
110056132518
110056132536
110056132554
110056132563
110056132572
110056132590
110056132607
110056132616
110056132625
110056132634
110056132661
110056132698
110056132723
110056132901
110056132947
110056132965
110056132992
110056133009
110056133018
110056133036
110056133045
110056133072
110056133116
110056133134
110056133143
110056133152
110056133170
110056133189
110056133198
110056133214
110056133232
110056133241
110056133312
110056133321
110056133358
110056133367
110056133429
110056133438
110056133465
110056133768
110056133786
110056133866
110056134044
110056134053
110056134071
110056134099
110056134115
110056134142
110056134179
110056134259
110056134277
110056134286
110056134311
110056134339
110056134348
110056134357
110056134393
110056134400
110056134419
110056134909
110056134945
110056135007
110056135043
110056135098
110056135105
110056135123
110056135132
110056135221
110056135249
110056135294
110056135338
110056135356
110056135409
110056135418
110056135427
110056135436
110056135445
110056135454
110056135463
110056135481
110056135490
110056135506
110056135524
110056135533
110056135542
110056135588
110056135640
110056135668
110056135695
110056135702
110056135739
110056135757
110056135766
110056135775
110056135800
110056135819
110056135828
110056135846
110056135864
110056135873
110056135908
110056135944
110056135971
110056135980
110056136033
110056136042
110056136060
110056136097
110056136104
110056136122
110056136131
110056136159
110056136186
110056136195
110056136248
110056136257
110056136275
110056136284
110056136300
110056136319
110056136328
110056136337
110056136346
110056136355
110056136426
110056136435
110056136444
110056136462
110056136471
110056136480
110056136505
110056136523
110056136587
110056136603
110056136845
110056136854
110056136989
110056137005
110056137014
110056137023
110056137032
110056137078
110056137087
110056137096
110056137103
110056137130
110056137149
110056137167
110056137176
110056137194
110056137201
110056137229
110056137238
110056137256
110056137265
110056137274
110056137283
110056137318
110056137327
110056137336
110056137354
110056137363
110056137372
110056137416
110056137425
110056137434
110056137452
110056137489
110056137498
110056137504
110056137513
110056137522
110056137540
110056137568
110056137577
110056137586
110056137602
110056137639
110056137666
110056137693
110056137700
110056137728
110056137755
110056137782
110056137817
110056137844
110056137862
110056137871
110056137942
110056137951
110056137979
110056137988
110056138004
110056138022
110056138040
110056138549
110056138647
110056138692
110056138718
110056138772
110056138781
110056138807
110056138898
110056138923
110056138932
110056138941
110056138978
110056138996
110056139003
110056139012
110056139021
110056139030
110056139067
110056139094
110056139129
110056139147
110056139156
110056139209
110056139227
110056139236
110056139263
110056139281
110056139290
110056139307
110056139325
110056139334
110056139352
110056139389
110056139405
110056139423
110056139441
110056139469
110056139487
110056139496
110056139502
110056139539
110056139557
110056139584
110056139600
110056139619
110056139646
110056139664
110056139682
110056139691
110056139708
110056139726
110056139735
110056139904
110056139922
110056139931
110056139977
110056140028
110056140055
110056140091
110056140135
110056140153
110056140162
110056140180
110056140199
110056140215
110056140233
110056140260
110056140288
110056140304
110056140359
110056140368
110056140377
110056140439
110056140448
110056140466
110056140475
110056140484
110056140518
110056140527
110056140545
110056140563
110056140572
110056140616
110056140634
110056140643
110056140652
110056140661
110056140670
110056140689
110056140714
110056140723
110056140732
110056140741
110056140778
110056140787
110056140803
110056140812
110056140830
110056140849
110056140876
110056140885
110056140894
110056140910
110056140947
110056140965
110056141018
110056141027
110056141045
110056141063
110056141214
110056141250
110056141456
110056142099
110056143409
110056143418
110056144088
110056144266
110056144284
110056144293
110056144300
110056145096
110056145103
110056145112
110056145121
110056145149
110056145158
110056145167
110056145176
110056145185
110056145194
110056145201
110056145210
110056145238
110056145256
110056145265
110056145292
110056145381
110056145899
110056145933
110056145960
110056145997
110056146022
110056146040
110056146120
110056146139
110056146148
110056146166
110056146184
110056146193
110056146228
110056146255
110056146273
110056146282
110056146291
110056146308
110056146317
110056146326
110056146335
110056146344
110056146353
110056146371
110056146399
110056146406
110056146433
110056146442
110056146460
110056146479
110056146692
110056146718
110056146727
110056146790
110056146807
110056146825
110056146834
110056146843
110056146852
110056146861
110056146889
110056146905
110056146923
110056147129
110056147174
110056147227
110056147236
110056147245
110056147254
110056147281
110056147325
110056147334
110056147343
110056147361
110056147370
110056147520
110056147637
110056147655
110056147664
110056147682
110056147708
110056147717
110056147726
110056147744
110056147753
110056147762
110056147771
110056147799
110056147806
110056147824
110056147833
110056147842
110056147851
110056147860
110056147879
110056147897
110056147904
110056147913
110056147922
110056147959
110056147968
110056147977
110056147995
110056148002
110056148020
110056148039
110056148048
110056148057
110056148084
110056148093
110056148128
110056148137
110056148155
110056148173
110056148191
110056148217
110056148226
110056148244
110056148262
110056148592
110056149083
110056149993
110056150070
110056150098
110056150150
110056151685
110056151694
110056151738
110056151756
110056151792
110056151854
110056151916
110056152620
110056152639
110056152862
110056152871
110056152906
110056152924
110056152933
110056152942
110056152951
110056152988
110056153077
110056153317
110056153585
110056155244
110056155486
110056156074
110056156699
110056156886
110056156911
110056157117
110056157199
110056157242
110056157297
110056157359
110056157448
110056157509
110056157563
110056157849
110056157983
110056158125
110056158287
110056158376
110056158394
110056158401
110056158438
110056158456
110056158517
110056158562
110056158580
110056158651
110056158660
110056158679
110056158697
110056158713
110056158722
110056158731
110056158786
110056158795
110056158848
110056158875
110056158928
110056158955
110056159017
110056159035
110056159080
110056159115
110056159142
110056159188
110056160014
110056160023
110056160103
110056160158
110056160167
110056160194
110056160201
110056160229
110056160416
110056160513
110056160522
110056160611
110056160639
110056160648
110056160737
110056160899
110056160906
110056160915
110056160942
110056160951
110056160988
110056161013
110056161031
110056161095
110056161451
110056161549
110056162003
110056162218
110056162227
110056162245
110056162254
110056162263
110056162272
110056162281
110056162290
110056163306
110056163565
110056163574
110056252861
110056252914
110056252923
110056253067
110056253094
110056253101
110056253110
110056253192
110056253209
110056253290
110056253405
110056253414
110056253432
110056253441
110056253511
110056253520
110056253539
110056253726
110056253780
110056253806
110056253815
110056253824
110056253879
110056253904
110056253931
110056253940
110056254100
110056254208
110056254262
110056254324
110056254388
110056254397
110056254431
110056254440
110056254468
110056254477
110056254486
110056254495
110056254510
110056254743
110056254798
110056254805
110056254814
110056254823
110056254878
110056254887
110056254976
110056254985
110056254994
110056255118
110056255181
110056255261
110056280180
110056280251
110056281508
110056281580
110056281839
110056283365
110056285407
110056286433
110056287557
110056287913
110056288574
110056288681
110056288716
110056289387
110056289500
110056290384
110056290865
110056290883
110056290892
110056291187
110056291203
110056291347
110056291356
110056291613
110056292541
110056293176
110056293194
110056293327
110056293345
110056293381
110056293390
110056293416
110056293425
110056294228
110056294308
110056294344
110056294950
110056295110
110056295129
110056295138
110056295147
110056295156
110056295165
110056295236
110056295245
110056295254
110056295281
110056295290
110056296609
110056296645
110056296654
110056296672
110056296707
110056296761
110056296770
110056297715
110056297724
110056297733
110056297751
110056297760
110056297797
110056299349
110056335354
110056340776
110056340785
110056340794
110056340801
110056340810
110056340829
110056340838
110056340847
110056340856
110056340865
110056340874
110056340883
110056340892
110056340909
110056340918
110056340927
110056340936
110056340945
110056340954
110056340963
110056341007
110056341016
110056341043
110056341052
110056341061
110056341070
110056341089
110056341098
110056341105
110056341114
110056341123
110056341132
110056341141
110056341150
110056341169
110056341178
110056341187
110056341196
110056341203
110056341212
110056341221
110056341230
110056341249
110056341258
110056341267
110056341276
110056341285
110056341294
110056341301
110056341310
110056341329
110056341338
110056341356
110056341365
110056341374
110056341383
110056341392
110056341418
110056341427
110056341436
110056341445
110056341454
110056341472
110056341481
110056341490
110056341515
110056341533
110056341551
110056341560
110056341579
110056341588
110056341597
110056341622
110056341631
110056341640
110056341659
110056341668
110056341677
110056341686
110056341695
110056341702
110056341711
110056341720
110056341739
110056341748
110056341757
110056341766
110056341775
110056341784
110056341793
110056341800
110056341819
110056341828
110056341837
110056341846
110056341855
110056341864
110056341873
110056341882
110056341891
110056341908
110056341917
110056341926
110056341935
110056341944
110056341953
110056341962
110056341971
110056341980
110056341999
110056342006
110056342015
110056342024
110056342033
110056342042
110056342051
110056342060
110056342079
110056342088
110056342097
110056342104
110056342122
110056342328
110056342480
110056342658
110056342667
110056342685
110056342694
110056342701
110056342710
110056342729
110056342738
110056342747
110056342756
110056342765
110056342774
110056342783
110056342792
110056342809
110056342818
110056342827
110056342836
110056342845
110056342854
110056342863
110056342872
110056342881
110056342890
110056342907
110056342916
110056342925
110056342943
110056342952
110056342961
110056342970
110056342989
110056343014
110056343023
110056343032
110056343050
