110056343078
110056343087
110056343103
110056343112
110056343121
110056343167
110056343185
110056343194
110056343201
110056343238
110056343247
110056343256
110056343666
110056343675
110056343700
110056343737
110056343746
110056343764
110056343782
110056343808
110056343817
110056343826
110056343835
110056343844
110056343853
110056343862
110056343871
110056343880
110056343899
110056343906
110056343915
110056343924
110056343933
110056343942
110056343951
110056343960
110056343979
110056343988
110056343997
110056344004
110056344013
110056344022
110056344031
110056344040
110056344059
110056344068
110056344077
110056344086
110056344095
110056344102
110056344111
110056344120
110056344139
110056344148
110056344157
110056344166
110056344175
110056344184
110056344200
110056344219
110056344228
110056344237
110056344246
110056344255
110056344264
110056344273
110056344282
110056344291
110056344308
110056344317
110056344326
110056344335
110056344344
110056344353
110056344362
110056344371
110056344380
110056344399
110056344406
110056344415
110056344424
110056344442
110056344451
110056344460
110056344479
110056344488
110056344497
110056344503
110056344512
110056344521
110056344530
110056344549
110056344558
110056344567
110056344576
110056344585
110056344594
110056344601
110056344610
110056344629
110056344638
110056344647
110056344656
110056344665
110056344674
110056344683
110056344692
110056344709
110056344718
110056344727
110056344736
110056344745
110056344754
110056344763
110056344772
110056344781
110056344790
110056344807
110056344816
110056344825
110056344834
110056344843
110056344852
110056344861
110056344870
110056344889
110056344898
110056344905
110056344914
110056344923
110056344932
110056344941
110056344950
110056344969
110056344978
110056344987
110056344996
110056345003
110056345012
110056345021
110056345030
110056345049
110056345058
110056345067
110056345076
110056345085
110056345094
110056345101
110056345110
110056345129
110056345138
110056345147
110056345156
110056345165
110056345183
110056345192
110056345209
110056345227
110056345236
110056345245
110056345254
110056345263
110056345272
110056345281
110056345290
110056345307
110056345316
110056345325
110056345334
110056345343
110056345352
110056345361
110056345370
110056345389
110056345398
110056345405
110056345414
110056345423
110056345432
110056345450
110056345469
110056345478
110056345487
110056345496
110056345502
110056345511
110056345520
110056345539
110056345548
110056345557
110056345566
110056345575
110056345584
110056345593
110056345600
110056345619
110056345628
110056345637
110056345646
110056345655
110056345664
110056345673
110056345682
110056345691
110056345708
110056345717
110056345726
110056345735
110056345744
110056345753
110056346253
110056346262
110056346271
110056346280
110056346299
110056346306
110056346315
110056346324
110056346333
110056346342
110056346351
110056346379
110056346397
110056346404
110056346413
110056346422
110056346431
110056346440
110056346459
110056346468
110056346477
110056346486
110056346495
110056346501
110056346510
110056346529
110056346538
110056346547
110056346556
110056346565
110056346574
110056346583
110056346592
110056346609
110056346618
110056346627
110056346636
110056346645
110056346654
110056346663
110056346681
110056346690
110056346707
110056346832
110056346869
110056346878
110056346896
110056346921
110056347074
110056347083
110056347118
110056347145
110056347305
110056347341
110056347350
110056347369
110056347378
110056347387
110056347573
110056347591
110056347608
110056347617
110056347626
110056347635
110056347644
110056347653
110056347662
110056347671
110056347680
110056347699
110056347706
110056347715
110056347724
110056347733
110056347742
110056347751
110056347760
110056347779
110056347797
110056347804
110056347813
110056347822
110056347831
110056347840
110056347859
110056347868
110056347877
110056347886
110056347911
110056347920
110056348322
110056348331
110056348402
110056348411
110056348420
110056348466
110056348554
110056348563
110056348572
110056348590
110056348732
110056348956
110056349107
110056349116
110056349125
110056349189
110056349198
110056349214
110056349232
110056349250
110056349269
110056349278
110056349287
110056349303
110056349367
110056349385
110056349394
110056349633
110056349660
110056349679
110056349688
110056349740
110056349759
110056349928
110056349946
110056349955
110056349973
110056350041
110056350210
110056350238
110056350256
110056350318
110056350354
110056350381
110056350416
110056350461
110056350504
110056350540
110056350559
110056350568
110056350577
110056350586
110056350595
110056350602
110056350611
110056350620
110056350639
110056350648
110056350657
110056350666
110056350675
110056350693
110056350700
110056350719
110056350728
110056350737
110056350746
110056350755
110056351031
110056351040
110056351530
110056351549
110056351745
110056351754
110056351763
110056351772
110056351781
110056351790
110056351807
110056351816
110056351834
110056351843
110056351852
110056351861
110056351870
110056351889
110056351898
110056351905
110056351914
110056351923
110056351941
110056351950
110056351969
110056351978
110056351987
110056351996
110056352003
110056352021
110056352030
110056352049
110056352058
110056352067
110056352076
110056352085
110056352094
110056352101
110056352129
110056352138
110056352263
110056353075
110056353084
110056353093
110056353119
110056353547
110056353556
110056353565
110056353574
110056353592
110056353609
110056353618
110056353627
110056353636
110056353645
110056353654
110056353663
110056353690
110056353725
110056353752
110056353850
110056353878
110056353903
110056354975
110056354993
110056355000
110056355028
110056355037
110056355046
110056355091
110056355199
110056355215
110056355224
110056355242
110056355251
110056355279
110056355288
110056355304
110056355340
110056355359
110056355545
110056355554
110056355572
110056355625
110056355634
110056355652
110056356287
110056356296
110056356535
110056357044
110056357099
110056359079
110056359505
110056359514
110056359612
110056360094
110056360405
110056360478
110056360851
110056361306
110056361565
110056361574
110056362001
110056362207
110056362270
110056362350
110056362378
110056363723
110056363803
110056363849
110056363858
110056363974
110056364027
110056364036
110056364045
110056364081
110056364090
110056364143
110056364544
110056364553
110056364562
110056364697
110056364704
110056364722
110056364731
110056364811
110056364820
110056364839
110056364955
110056364982
110056365017
110056365044
110056365124
110056365222
110056365400
110056365428
110056392354
110056392434
110056392746
110056393326
110056393512
110056393521
110056393558
110056393567
110056393576
110056393709
110056393754
110056394067
110056394101
110056394664
110056394673
110056394682
110056394691
110056394708
110056394717
110056394753
110056394762
110056395066
110056395119
110056395128
110056395137
110056395146
110056395164
110056395173
110056395182
110056395191
110056395208
110056395217
110056395226
110056395235
110056395244
110056395253
110056395280
110056395404
110056395618
110056395627
110056395672
110056395707
110056395734
110056396136
110056396323
110056396403
110056396412
110056396430
110056396519
110056396742
110056396751
110056396760
110056396779
110056396788
110056396797
110056396813
110056396822
110056396831
110056396840
110056396868
110056396886
110056396895
110056396902
110056396911
110056396920
110056396939
110056396948
110056396957
110056396975
110056396993
110056397108
110056397117
110056397126
110056397135
110056397153
110056397162
110056397171
110056397180
110056397199
110056397206
110056397215
110056397224
110056397242
110056397279
110056397297
110056397304
110056397313
110056397322
110056397331
110056397340
110056397359
110056397377
110056397395
110056397402
110056397411
110056397420
110056397448
110056397466
110056397484
110056397493
110056397509
110056397518
110056397527
110056397536
110056397545
110056397554
110056397563
110056397572
110056397625
110056397634
110056397643
110056397652
110056397661
110056397670
110056397689
110056397705
110056397714
110056397723
110056397750
110056397769
110056397778
110056397787
110056397796
110056397803
110056397812
110056397821
110056397830
110056397849
110056397858
110056397867
110056397876
110056397885
110056397894
110056397901
110056397910
110056397929
110056397938
110056397947
110056397956
110056397965
110056397983
110056397992
110056398009
110056398018
110056398027
110056398045
110056398054
110056398063
110056398072
110056398090
110056398107
110056398116
110056398125
110056398134
110056398143
110056398152
110056398161
110056398170
110056398189
110056398198
110056398205
110056398214
110056398223
110056398232
110056398241
110056398278
110056398296
110056398312
110056398321
110056398330
110056398358
110056398367
110056398385
110056398394
110056398401
110056398410
110056398438
110056398456
110056398465
110056398474
110056398483
110056398492
110056398508
110056398526
110056398535
110056398544
110056398553
110056398562
110056398571
110056398580
110056398615
110056398624
110056398633
110056398642
110056398651
110056398660
110056398679
110056398688
110056398697
110056398704
110056398713
110056398722
110056398731
110056398740
110056398759
110056398768
110056398777
110056398786
110056398795
110056398802
110056398811
110056398820
110056398839
110056398848
110056398857
110056398866
110056398875
110056399053
110056399062
110056399080
110056399099
110056399115
110056399142
110056399160
110056399179
110056399188
110056399197
110056399204
110056399222
110056399231
110056399277
110056399286
110056399295
110056399302
110056399311
110056399320
110056399339
110056399348
110056399357
110056399366
110056399375
110056399393
110056399400
110056399419
110056399428
110056399437
110056399543
110056399552
110056399589
110056399598
110056399605
110056399614
110056399623
110056399632
110056399641
110056399650
110056399669
110056399678
110056399687
110056399696
110056399703
110056399712
110056399721
110056399749
110056399758
110056399767
110056399785
110056399794
110056399801
110056399810
110056399829
110056399838
110056399847
110056399856
110056399865
110056399874
110056399883
110056399892
110056399927
110056399936
110056399945
110056399954
110056399963
110056399972
110056399981
110056400005
110056400014
110056400032
110056400041
110056400050
110056400069
110056400078
110056400087
110056400096
110056400103
110056400112
110056400121
110056400130
110056400167
110056400176
110056400185
110056400194
110056400201
110056400210
110056400247
110056400256
110056400265
110056400283
110056400318
110056400327
110056400345
110056400354
110056400372
110056400381
110056400390
110056400407
110056400416
110056400425
110056400443
110056400452
110056400461
110056400470
110056400498
110056400504
110056400513
110056400522
110056400531
110056400540
110056400559
110056400568
110056400577
110056400586
110056400595
110056400602
110056400611
110056400639
110056400648
110056400657
110056400666
110056400675
110056400684
110056400693
110056400700
110056400728
110056400755
110056400791
110056400808
110056400826
110056400844
110056400853
110056400862
110056400871
110056400880
110056400899
110056400906
110056400915
110056400924
110056400942
110056400951
110056400960
110056400979
110056400988
110056400997
110056401004
110056401013
110056401022
110056401031
110056401040
110056401059
110056401068
110056401077
110056401086
110056401095
110056401102
110056401111
110056401120
110056401139
110056401148
110056401157
110056401166
110056401175
110056401184
110056401193
110056401200
110056401219
110056401317
110056401344
110056401353
110056401371
110056401399
110056401406
110056401415
110056401424
110056401433
110056401442
110056401451
110056401460
110056401479
110056401497
110056401503
110056401512
110056401521
110056401530
110056401567
110056401576
110056401585
110056401594
110056401601
110056401610
110056401629
110056401647
110056401656
110056401665
110056401674
110056401683
110056401692
110056401709
110056401718
110056401834
110056401843
110056401852
110056401861
110056401870
110056401905
110056401914
110056401923
110056401941
110056401950
110056402003
110056402021
110056402049
110056402058
110056402094
110056402101
110056402129
110056402138
110056402147
110056402156
110056402165
110056402183
110056402192
110056402218
110056402227
110056402236
110056402245
110056402263
110056402272
110056402290
110056402307
110056402316
110056402325
110056402334
110056402343
110056402352
110056402370
110056402469
110056402478
110056402496
110056402502
110056402511
110056402520
110056402539
110056402548
110056402557
110056402566
110056402833
110056402931
110056402959
110056402968
110056402977
110056403093
110056403100
110056403119
110056403137
110056403146
110056403155
110056403164
110056403173
110056403182
110056403217
110056403226
110056403235
110056403244
110056403253
110056403262
110056403271
110056403299
110056403306
110056403315
110056403324
110056403333
110056403351
110056403360
110056403379
110056403388
110056403397
