110056403404
110056403413
110056403422
110056403431
110056403440
110056403459
110056403468
110056403477
110056403501
110056403556
110056403574
110056403609
110056403618
110056403627
110056403636
110056403645
110056403654
110056403663
110056403672
110056403681
110056403707
110056403716
110056403725
110056403734
110056403752
110056403761
110056403770
110056403878
110056403887
110056403896
110056403903
110056403912
110056403958
110056403976
110056403994
110056404029
110056404109
110056404136
110056404145
110056404323
110056404332
110056404369
110056404396
110056404403
110056404421
110056404449
110056404458
110056404485
110056404494
110056404500
110056404519
110056404528
110056404537
110056404546
110056404591
110056404626
110056404644
110056404653
110056404671
110056404706
110056404751
110056404779
110056404788
110056404877
110056404895
110056404902
110056404911
110056404920
110056404948
110056404957
110056405000
110056405028
110056405037
110056405046
110056405055
110056405073
110056405144
110056405171
110056405199
110056405206
110056405242
110056405251
110056405331
110056405340
110056405368
110056405386
110056405395
110056405448
110056405484
110056405545
110056405554
110056405607
110056405616
110056405661
110056405705
110056405929
110056405938
110056405956
110056405974
110056405983
110056405992
110056406009
110056406018
110056406027
110056406303
110056406394
110056406401
110056406438
110056406447
110056406465
110056406474
110056406483
110056406492
110056406508
110056406517
110056406562
110056406571
110056406580
110056406599
110056406606
110056406615
110056406624
110056406633
110056406642
110056406651
110056406660
110056406679
110056406688
110056406697
110056406704
110056406713
110056406722
110056406731
110056406991
110056407008
110056407017
110056407044
110056407133
110056407142
110056407507
110056407543
110056407561
110056407758
110056408775
110056408819
110056409783
110056409809
110056409872
110056409890
110056409907
110056409943
110056409952
110056409961
110056409998
110056419068
110056422429
110056422508
110056422571
110056422722
110056422786
110056422991
110056423008
110056423062
110056423106
110056423339
110056423464
110056423552
110056423598
110056423605
110056423641
110056423687
110056423696
110056423712
110056423730
110056423758
110056423767
110056423801
110056423892
110056423981
110056424007
110056424052
110056424061
110056424132
110056424196
110056424203
110056424221
110056424365
110056424445
110056424454
110056424490
110056424686
110056424819
110056424837
110056424891
110056424935
110056425015
110056425033
110056425079
110056425088
110056425159
110056425195
110056425220
110056425239
110056425248
110056425300
110056425355
110056425408
110056425550
110056425569
110056425587
110056425603
110056425667
110056425774
110056426354
110056426363
110056426390
110056426988
110056427166
110056427175
110056427521
110056427530
110056427558
110056427567
110056427754
110056428156
110056428165
110056428174
110056428183
110056428414
110056428423
110056428441
110056428487
110056428735
110056428879
110056429510
110056430394
110056430410
110056430795
110056430811
110056431963
110056434103
110056434755
110056439625
110056439634
110056439652
110056439670
110056439965
110056439974
110056439992
110056440141
110056957529
110056960365
110056960515
110056965253
110056973887
110056973896
110056974010
110056974118
110056974127
110056974430
110056974715
110056974804
110056974831
110056974840
110056974877
110056975180
110056975297
110056975304
110056975938
110056976045
110056976063
110056976081
110056976189
110056976198
110056976474
110056976633
110056977259
110056978098
110056978105
110056978374
110056978383
110056978392
110056978409
110056978436
110056978445
110056978819
110056978837
110056978846
110056978855
110056979809
110056980272
110056980281
110056980879
110056980904
110056980913
110056980922
110056980931
110056981182
110056981191
110056981208
110056981217
110056981235
110056981271
110056981280
110056981306
110056981333
110056981404
110056981413
110056981422
110056983108
110056983117
110056983590
110056983607
110056983616
110056983625
110056983643
110056983661
110056983732
110056983876
110056983885
110056983894
110056983901
110056983910
110056983929
110056983938
110056983947
110056984054
110056984081
110056984090
110056984125
110056984232
110056984241
110056984250
110056986230
110056986249
110056986258
110056986276
110056986329
110056986347
110056986374
110056986383
110056986392
110056986409
110056986418
110056986436
110056986445
110056986454
110056986463
110056986481
110056986490
110056986542
110056986579
110056986588
110056986604
110056986613
110056986622
110056986631
110056986640
110056986659
110056986668
110056986677
110056986686
110056986695
110056986702
110056986784
110056986793
110056986819
110056986864
110056987587
110056987596
110056987603
110056987612
110056987621
110056987630
110056987667
110056987676
110056987685
110056987694
110056987701
110056987710
110056987729
110056987738
110056987747
110056987756
110056987765
110056987792
110056987809
110056987818
110056987827
110056987836
110056987845
110056987854
110056987863
110056987872
110056987881
110056987890
110056987907
110056987916
110056987925
110056987934
110056987943
110056987952
110056987961
110056987970
110056987989
110056987998
110056988005
110056988014
110056988023
110056988032
110056988041
110056988078
110056988087
110056988096
110056988103
110056988112
110056988121
110056988130
110056988149
110056988167
110056988176
110056988185
110056988229
110056988336
110056988354
110056988372
110056988381
110056988407
110056988416
110056988425
110056988434
110056988443
110056988452
110056988461
110056988470
110056988489
110056988498
110056988504
110056988522
110056988531
110056988540
110056988559
110056988568
110056988577
110056988595
110056988602
110056988611
110056988620
110056988639
110056988648
110056988657
110056988666
110056988675
110056988684
110056988693
110056988700
110056988719
110056988728
110056988746
110056988773
110056988782
110056988791
110056988808
110056988942
110056988951
110056988960
110056988979
110056988988
110056988997
110056989004
110056989013
110056989022
110056989031
110056989040
110056989059
110056989077
110056989086
110056989095
110056989102
110056989111
110056989120
110056989139
110056989148
110056989157
110056989166
110056989175
110056989184
110056989193
110056989200
110056989219
110056989228
110056989237
110056989246
110056989255
110056989264
110056989273
110056989282
110056989291
110056989308
110056989317
110056989326
110056989335
110056989344
110056989353
110056989399
110056989969
110056989996
110056990001
110056990010
110056990029
110056990038
110056990047
110056990886
110056990920
110056990939
110056990957
110056990975
110056990984
110056990993
110056991000
110056991019
110056991028
110056991037
110056991055
110056991064
110056991082
110056991108
110056991117
110056991126
110056991135
110056991144
110056991153
110056991162
110056991180
110056991199
110056991215
110056991224
110056991233
110056991242
110056991251
110056991260
110056991279
110056991288
110056991297
110056991304
110056991313
110056991331
110056991340
110056991359
110056991368
110056991377
110056991386
110056991395
110056991402
110056991563
110056991572
110056991581
110056991607
110056991616
110056991634
110056991643
110056991652
110056991661
110056991670
110056991689
110056991698
110056991705
110056991714
110056991723
110056991732
110056991741
110056991750
110056991769
110056991778
110056991787
110056991803
110056991812
110056991821
110056991849
110056991858
110056991867
110056991876
110056991885
110056991894
110056991901
110056991910
110056991929
110056991938
110056991947
110056991956
110056991965
110056991974
110056991983
110056991992
110056992009
110056992018
110056992027
110056992036
110056992045
110056992054
110056992063
110056992072
110056992090
110056992107
110056992116
110056992125
110056992134
110056992143
110056992152
110056992161
110056992170
110056992189
110056992198
110056992205
110056992223
110056992232
110056992241
110056992250
110056992269
110056992278
110056992287
110056992296
110056992303
110056992937
110056992991
110056993008
110056993017
110056993026
110056993035
110056993044
110056993053
110056993062
110056993071
110056993080
110056993099
110056993106
110056993115
110056993124
110056993133
110056993142
110056993151
110056993179
110056993188
110056993197
110056993204
110056993213
110056993222
110056993231
110056993240
110056993259
110056993268
110056993286
110056993295
110056993302
110056993311
110056993320
110056993339
110056993348
110056993357
110056993366
110056993375
110056993384
110056993393
110056993400
110056993419
110056993428
110056994007
110056994016
110056994025
110056994034
110056994043
110056994061
110056994070
110056994089
110056994542
110056994855
110056994864
110056994873
110056994882
110056994891
110056994908
110056994926
110056994944
110056994953
110056994962
110056994971
110056994980
110056994999
110056995006
110056995015
110056995024
110056995033
110056995042
110056995051
110056995060
110056995079
110056995088
110056995097
110056995104
110056995113
110056995122
110056995140
110056995159
110056995168
110056995177
110056995186
110056995195
110056995202
110056995211
110056995239
110056995248
110056995257
110056995266
110056995275
110056995284
110056995293
110056995337
110056995346
110056995355
110056995364
110056995373
110056995382
110056995391
110056995408
110056995417
110056995426
110056995435
110056995444
110056995453
110056995462
110056995471
110056995480
110056995505
110056995514
110056995523
110056995532
110056995541
110056995550
110056995569
110056995578
110056995587
110056995596
110056995603
110056995612
110056995621
110056995630
110056995649
110056995658
110056995667
110056995676
110056995685
110056995694
110056995701
110056995710
110056995729
110056995738
110056995747
110056995756
110056995765
110056995774
110056995783
110056995792
110056995809
110056995818
110056995827
110056995836
110056995845
110056995854
110056995863
110056995872
110056995881
110056995890
110056995907
110056995925
110056995934
110056995943
110056995952
110056995961
110056995970
110056995989
110056995998
110056996005
110056996014
110056996023
110056996032
110056996041
110056996050
110056996078
110056996087
110056996096
110056996103
110056996112
110056996121
110056996130
110056996149
110056996158
110056996176
110056996185
110056996194
110056996201
110056996210
110056996229
110056996238
110056996247
110056996256
110056996265
110056996274
110056996283
110056996292
110056996309
110056996327
110056996336
110056996345
110056996595
110056996602
110056996611
110056996620
110056996648
110056996657
110056996666
110056996675
110056996684
110056996693
110056996700
110056996719
110056996728
110056996737
110056996746
110056996755
110056996764
110056996782
110056996791
110056996808
110056996817
110056996960
110056996988
110056996997
110056997004
110056997013
110056997022
110056997031
110056997040
110056997059
110056997068
110056997077
110056997086
110056997095
110056997102
110056997111
110056997139
110056997148
110056997157
110056997166
110056997175
110056997807
110056997816
110056997825
110056997834
110056997852
110056997870
110056997889
110056997898
110056997914
110056997923
110056997932
110056997941
110056997950
110056997969
110056997978
110056997987
110056997996
110056998003
110056998012
110056998021
110056998030
110056998762
110056998771
110056998780
110056998806
110056998815
110056998833
110056998842
110056998860
110056998888
110056998897
110056998904
110056998913
110056998922
110056998931
110056998940
110056998959
110056998968
110056998977
110056998995
110056999002
110056999011
110056999039
110056999048
110056999057
110056999066
110056999075
110056999084
110056999100
110056999262
110056999280
110056999299
110056999306
110056999315
110056999324
110056999333
110056999342
110056999351
110056999379
110056999388
110056999397
110056999404
110056999413
110056999422
110056999431
110056999440
110056999459
110056999468
110056999477
110056999486
110056999501
110056999510
110056999529
110056999538
110056999547
110056999556
110056999565
110056999574
110056999583
110056999592
110056999618
110056999627
110056999636
110056999645
110056999654
110056999663
110056999672
110056999681
110056999690
110056999707
110056999716
110056999725
110056999752
110056999761
110056999770
110056999789
110056999798
110056999805
110056999814
110056999823
110056999832
110056999841
110056999850
110056999878
110056999887
110056999903
110056999912
110056999921
110056999930
110056999949
110056999967
110056999976
110056999994
110057000007
110057000098
110057000196
110057000203
110057000212
110057000221
110057000230
110057000249
110057000258
110057000267
110057000276
110057000285
110057000294
110057000301
110057000310
110057000329
110057000338
110057000347
110057000356
110057000374
110057000383
110057000392
110057000409
110057000418
110057000427
110057000445
110057000463
110057000481
110057000490
110057000506
110057000524
110057000560
110057000579
