110057000597
110057000604
110057000622
110057000631
110057000640
110057000659
110057000686
110057000695
110057001541
110057001550
110057001569
110057001578
110057001587
110057001596
110057001809
110057002327
110057002336
110057002363
110057002372
110057002381
110057002390
110057003380
110057184461
110057184470
110057184489
110057184755
110057184764
110057185031
110057185120
110057185139
110057185193
110057185228
110057185344
110057185353
110057185488
110057185497
110057185870
110057185889
110057186218
110057186227
110057186245
110057186735
110057186753
110057186780
110057186799
110057186806
110057186986
110057186995
110057187002
110057187011
110057187020
110057187039
110057187048
110057187057
110057187066
110057187075
110057187084
110057187093
110057187100
110057187119
110057187137
110057187146
110057187155
110057187173
110057187182
110057187538
110057187556
110057187565
110057187574
110057187592
110057187609
110057187618
110057187627
110057187636
110057187672
110057187716
110057187734
110057187743
110057187752
110057187761
110057187770
110057187789
110057187798
110057187805
110057187814
110057187823
110057187832
110057187841
110057187850
110057187869
110057187878
110057187887
110057187903
110057187912
110057187921
110057187930
110057187949
110057187958
110057187967
110057187976
110057187985
110057187994
110057188001
110057188010
110057188029
110057188038
110057188047
110057188056
110057188065
110057188083
110057188092
110057188118
110057188127
110057188136
110057188145
110057188154
110057188163
110057188172
110057188181
110057188190
110057188207
110057188216
110057188225
110057188234
110057188243
110057188252
110057188261
110057188270
110057188298
110057188555
110057188699
110057188706
110057188715
110057188822
110057188831
110057188840
110057188859
110057188877
110057188886
110057188895
110057188902
110057188911
110057188920
110057188939
110057188948
110057188957
110057188966
110057188975
110057188984
110057189082
110057189091
110057189108
110057189126
110057189135
110057189144
110057189153
110057189162
110057189171
110057189199
110057189206
110057189224
110057189233
110057189242
110057189251
110057189260
110057189288
110057189304
110057189313
110057189331
110057189340
110057189359
110057189368
110057189377
110057189386
110057189395
110057189402
110057189411
110057189420
110057189439
110057189867
110057189876
110057189885
110057189901
110057189910
110057189929
110057189938
110057189947
110057189956
110057189965
110057189974
110057189983
110057189992
110057190007
110057190016
110057190025
110057190034
110057190043
110057190052
110057190061
110057190070
110057190089
110057190098
110057190105
110057190114
110057190196
110057190203
110057190212
110057190221
110057190230
110057190249
110057190258
110057190267
110057190276
110057190285
110057190294
110057190301
110057190310
110057190329
110057190338
110057190347
110057190356
110057190365
110057190374
110057190383
110057190392
110057190409
110057190418
110057190427
110057190436
110057190445
110057190454
110057190463
110057190472
110057190481
110057190490
110057190506
110057190515
110057190524
110057190533
110057190542
110057190551
110057190560
110057190579
110057190588
110057190597
110057190604
110057190613
110057190622
110057190631
110057190640
110057190659
110057190668
110057190677
110057190686
110057190695
110057190702
110057190711
110057190720
110057190855
110057190864
110057190873
110057190882
110057190908
110057190917
110057190926
110057190935
110057190944
110057190953
110057190962
110057190971
110057190980
110057190999
110057191006
110057191015
110057191024
110057191239
110057191248
110057191275
110057191300
110057191319
110057191328
110057191346
110057191373
110057191417
110057191426
110057191435
110057191444
110057191453
110057191480
110057191970
110057191970
110057191989
110057191998
110057192023
110057192032
110057192041
110057192050
110057192069
110057192078
110057192087
110057192096
110057192103
110057192112
110057192121
110057192130
110057192149
110057192158
110057192167
110057192176
110057192194
110057192210
110057192256
110057192265
110057192274
110057192283
110057192309
110057192318
110057192327
110057192345
110057192354
110057192363
110057192372
110057192381
110057192390
110057192407
110057192416
110057192425
110057192434
110057192443
110057192452
110057192461
110057192470
110057192489
110057192498
110057192504
110057192997
110057193004
110057193013
110057193031
110057193068
110057193077
110057193086
110057193095
110057193102
110057193120
110057193157
110057193175
110057193184
110057193193
110057193200
110057193219
110057193237
110057193246
110057193255
110057193264
110057193273
110057193282
110057193291
110057193308
110057193317
110057193326
110057193335
110057193344
110057193353
110057193362
110057193371
110057193380
110057193399
110057193406
110057193415
110057193424
110057193433
110057193442
110057193451
110057193460
110057193479
110057193488
110057193497
110057193503
110057193512
110057193521
110057193585
110057193594
110057193601
110057193610
110057193629
110057193638
110057193647
110057193665
110057193674
110057193692
110057193709
110057193718
110057193727
110057193736
110057193745
110057193807
110057193816
110057193825
110057193834
110057193843
110057193852
110057193861
110057193870
110057193889
110057193898
110057193905
110057193914
110057193923
110057193932
110057193941
110057193978
110057193987
110057193996
110057194003
110057194012
110057194021
110057194030
110057194058
110057194067
110057194076
110057194085
110057194094
110057194101
110057194110
110057194129
110057194138
110057194147
110057194156
110057194165
110057194174
110057194183
110057194192
110057194209
110057194263
110057194478
110057194487
110057194496
110057194511
110057194520
110057194539
110057194548
110057194557
110057194566
110057194575
110057194584
110057195075
110057195084
110057195093
110057195100
110057195119
110057195128
110057195137
110057195155
110057195164
110057195173
110057195182
110057195191
110057195208
110057195217
110057195226
110057195235
110057195253
110057195262
110057195271
110057195280
110057195299
110057195306
110057195315
110057195324
110057195333
110057195342
110057195351
110057195360
110057195379
110057195388
110057195397
110057195404
110057195413
110057195422
110057195431
110057195440
110057195468
110057195477
110057195486
110057195495
110057195501
110057195529
110057195538
110057195547
110057195556
110057195565
110057195574
110057195583
110057195592
110057195609
110057195618
110057195627
110057195636
110057195645
110057195654
110057195663
110057195672
110057195681
110057195690
110057195707
110057195716
110057195725
110057195734
110057195743
110057195752
110057195761
110057195770
110057195789
110057195798
110057195814
110057195823
110057195832
110057195841
110057195869
110057195878
110057195887
110057195896
110057195903
110057195912
110057195921
110057195930
110057195949
110057195958
110057195967
110057195985
110057196001
110057196010
110057196029
110057196038
110057196047
110057196056
110057196065
110057196074
110057196083
110057196092
110057196109
110057196118
110057196127
110057196136
110057196145
110057196154
110057196163
110057196555
110057196564
110057196653
110057196662
110057196671
110057196680
110057196699
110057196706
110057196715
110057196886
110057196895
110057196902
110057196911
110057196920
110057196939
110057196948
110057196957
110057196966
110057196975
110057196984
110057196993
110057197000
110057197019
110057197037
110057197046
110057197055
110057197064
110057197073
110057197082
110057197091
110057197108
110057197117
110057197126
110057197135
110057197144
110057197153
110057197171
110057197180
110057197199
110057197206
110057197215
110057197224
110057197233
110057197242
110057197251
110057197288
110057197297
110057197304
110057197313
110057197322
110057197340
110057197359
110057197368
110057197475
110057197484
110057197493
110057197509
110057197518
110057197536
110057197545
110057197554
110057197563
110057197572
110057197581
110057197590
110057197607
110057197616
110057197625
110057197634
110057197643
110057197652
110057197661
110057197670
110057197698
110057197705
110057197714
110057197723
110057197741
110057197750
110057197769
110057197778
110057197787
110057197796
110057197803
110057197821
110057197867
110057197956
110057197983
110057197992
110057198009
110057198018
110057198027
110057198036
110057198214
110057198223
110057198232
110057198241
110057198250
110057198492
110057198517
110057198526
110057198535
110057198544
110057198553
110057198562
110057198571
110057198580
110057198599
110057198606
110057198615
110057198633
110057198651
110057198660
110057198679
110057198688
110057198697
110057198704
110057198713
110057198722
110057198740
110057198759
110057198768
110057198786
110057198795
110057198802
110057198820
110057198839
110057198848
110057198857
110057198866
110057198875
110057198893
110057198900
110057198919
110057198928
110057198937
110057198946
110057198955
110057198964
110057198973
110057198982
110057198991
110057199017
110057199026
110057199035
110057199044
110057199053
110057199062
110057199071
110057199080
110057199099
110057199115
110057199124
110057199133
110057199142
110057199151
110057199160
110057199179
110057199188
110057199393
110057199400
110057199534
110057199632
110057199641
110057199650
110057199669
110057199678
110057199687
110057199696
110057199703
110057199749
110057199758
110057199767
110057199776
110057199785
110057199794
110057199801
110057199829
110057199838
110057199847
110057199856
110057199865
110057199874
110057199883
110057199892
110057199909
110057199918
110057199927
110057199936
110057199945
110057199954
110057199963
110057199972
110057199981
110057199990
110057200005
110057200014
110057200032
110057200041
110057200050
110057200069
110057200078
110057200087
110057200096
110057200112
110057200121
110057200130
110057200149
110057200158
110057200425
110057200666
110057200675
110057200684
110057200693
110057200700
110057200755
110057200764
110057200773
110057200782
110057200791
110057200808
110057200826
110057200835
110057200844
110057200853
110057200862
110057200871
110057200880
110057200899
110057200906
110057200915
110057200924
110057200933
110057200942
110057200951
110057200960
110057200979
110057200988
110057200997
110057201004
110057201013
110057201022
110057201031
110057201040
110057201068
110057201077
110057201086
110057201095
110057201102
110057201111
110057201120
110057201139
110057201148
110057201157
110057201166
110057201175
110057201184
110057201193
110057201200
110057201530
110057201549
110057201558
110057201567
110057201576
110057201585
110057201594
110057201601
110057201610
110057201629
110057201638
110057203958
110057203976
110057203985
110057203994
110057216463
110057337868
110057472006
110057771077
110057788504
110057837578
110057868936
110058161028
110058195714
110058216942
110058277323
110058277332
110058277341
110058277350
110058277378
110058277387
110058277396
110058277403
110058277421
110058277458
110058277467
110058277476
110058277485
110058277494
110058277500
110058277519
110058277528
110058277537
110058277555
110058277564
110058277573
110058277582
110058277591
110058277608
110058277617
110058277626
110058277635
110058277644
110058277653
110058277662
110058277671
110058277680
110058277699
110058277706
110058277715
110058277724
110058277733
110058277742
110058277751
110058277760
110058277779
110058277788
110058277797
110058277804
110058277813
110058277822
110058277831
110058277840
110058277859
110058277895
110058277902
110058277911
110058277920
110058277948
110058277957
110058277966
110058277975
110058277984
110058277993
110058278000
110058278019
110058278028
110058278037
110058278046
110058278055
110058278064
110058278073
110058278082
110058278091
110058278108
110058278117
110058278126
110058278135
110058278144
110058278153
110058278162
110058278171
110058278180
110058278199
110058278206
110058278242
110058278251
110058278260
110058278288
110058278297
110058278304
110058278313
110058278322
110058278331
110058278340
110058278359
110058278368
110058278377
110058278386
110058278395
110058278402
110058278411
110058278420
110058278439
110058278448
110058278457
110058278466
110058278475
110058278484
110058278493
110058278509
110058278527
110058278536
110058278545
110058278554
110058278563
110058278572
110058278581
110058278590
110058278607
110058278616
110058278625
110058278634
110058278643
110058278652
110058278661
110058278670
110058278689
110058278705
110058278714
110058278723
110058278732
110058278741
110058278750
110058278769
110058278778
110058278787
110058278796
110058278803
110058278821
110058278830
110058278849
110058278867
110058278885
110058278894
110058279367
110058280444
110058280453
110058280462
110058280532
110058280541
110058280550
110058280569
110058280578
110058280587
110058280596
110058280603
110058280612
110058280621
110058280630
110058280649
110058280658
110058280667
110058280676
110058280685
110058280701
110058280729
110058280747
110058280765
110058280774
110058280783
110058280792
110058280809
