110058280818
110058280827
110058280836
110058280845
110058280854
110058280863
110058280872
110058280881
110058280925
110058280934
110058280943
110058280952
110058280961
110058280970
110058280989
110058280998
110058281005
110058281014
110058281023
110058281041
110058281050
110058281069
110058281078
110058281087
110058281096
110058281103
110058281443
110058281452
110058281461
110058281470
110058281498
110058281522
110058281531
110058281540
110058281559
110058281568
110058281586
110058281595
110058281602
110058281611
110058281620
110058281639
110058281648
110058281657
110058281666
110058281675
110058281684
110058281693
110058281700
110058281719
110058281737
110058281746
110058281755
110058281764
110058281773
110058281782
110058281791
110058281808
110058281817
110058281951
110058281960
110058281979
110058282013
110058282022
110058282031
110058282040
110058282059
110058282068
110058282077
110058282086
110058282095
110058282102
110058282111
110058282120
110058282139
110058282157
110058282166
110058282175
110058282184
110058282193
110058282200
110058282219
110058282228
110058282237
110058282246
110058282255
110058282264
110058282424
110058282433
110058282442
110058282451
110058282460
110058282479
110058282488
110058282497
110058282503
110058282512
110058282530
110058282549
110058282558
110058282567
110058282576
110058282585
110058282594
110058282601
110058282629
110058282638
110058282647
110058282656
110058282665
110058282674
110058282683
110058282692
110058282709
110058282718
110058282727
110058282736
110058282816
110058282825
110058282834
110058282843
110058282861
110058282870
110058282889
110058282898
110058282905
110058282914
110058282923
110058282932
110058282941
110058282950
110058282969
110058282978
110058282987
110058282996
110058283003
110058283012
110058283021
110058283030
110058283049
110058283058
110058283067
110058283076
110058283085
110058283094
110058283101
110058283110
110058283129
110058283147
110058283156
110058283165
110058283174
110058283183
110058283192
110058283209
110058283218
110058283245
110058283254
110058283263
110058283272
110058283281
110058283290
110058283307
110058283316
110058283325
110058283334
110058283343
110058283352
110058283361
110058283370
110058283389
110058283398
110058283405
110058283414
110058283423
110058283432
110058283441
110058283450
110058283478
110058283487
110058283496
110058283502
110058283511
110058283520
110058283539
110058283557
110058283566
110058283584
110058283593
110058283600
110058283619
110058283628
110058283637
110058283646
110058283673
110058283682
110058283708
110058283717
110058283744
110058283753
110058283762
110058283780
110058283799
110058283806
110058283815
110058283833
110058283851
110058283860
110058283879
110058283888
110058283897
110058283904
110058283913
110058283922
110058283931
110058283940
110058283959
110058283968
110058283977
110058283995
110058284011
110058284020
110058284039
110058284048
110058284057
110058284066
110058284075
110058284084
110058284093
110058284100
110058284119
110058284128
110058284137
110058284146
110058284155
110058284164
110058284173
110058284182
110058284191
110058284208
110058284217
110058284226
110058284235
110058284244
110058284253
110058284262
110058284271
110058284280
110058284299
110058284306
110058284315
110058284324
110058284333
110058284342
110058284351
110058284360
110058284672
110058284681
110058284707
110058284734
110058284743
110058284761
110058285779
110058286108
110058286117
110058286135
110058286144
110058286153
110058286171
110058286180
110058286199
110058286206
110058286215
110058286224
110058286233
110058286242
110058286251
110058286322
110058286331
110058286377
110058286386
110058286395
110058286545
110058286554
110058286563
110058286572
110058286581
110058286590
110058286607
110058286616
110058286876
110058286901
110058286929
110058286965
110058287875
110058287884
110058287893
110058287900
110058287919
110058287928
110058287937
110058287946
110058287955
110058287964
110058287973
110058287982
110058287991
110058288008
110058288017
110058288026
110058288035
110058288044
110058288053
110058288062
110058288071
110058288080
110058288099
110058288106
110058288115
110058288124
110058288231
110058288240
110058288259
110058288286
110058288302
110058288311
110058288320
110058288339
110058288366
110058288375
110058288384
110058288393
110058288400
110058288419
110058288428
110058288446
110058288455
110058288464
110058288473
110058288482
110058288491
110058288507
110058288516
110058289123
110058289132
110058289141
110058289150
110058289169
110058289178
110058289196
110058289203
110058289212
110058289221
110058289230
110058289249
110058289258
110058289702
110058290406
110058290415
110058290629
110058290638
110058290656
110058290665
110058290674
110058290683
110058291147
110058291593
110058292048
110058292057
110058292636
110058292654
110058292690
110058292716
110058292743
110058292761
110058292967
110058292985
110058293617
110058293760
110058293788
110058293966
110058294153
110058294260
110058294402
110058294876
110058294965
110058295312
110058295606
110058295615
110058295624
110058296464
110058296534
110058296650
110058296712
110058296883
110058296945
110058296954
110058296972
110058297141
110058297203
110058297490
110058297846
110058298006
110058298024
110058298033
110058298177
110058298328
110058298391
110058298417
110058298426
110058298569
110058298701
110058298827
110058299112
110058299121
110058299130
110058299158
110058299531
110058299577
110058299602
110058299657
110058300075
110058300084
110058300100
110058300306
110058300404
110058300743
110058300770
110058300832
110058300869
110058300976
110058302171
110058302180
110058308166
110058310929
110058311857
110058312295
110058319216
110058323247
110058333227
110058345081
110058350065
110058360875
110058377395
110058761610
110058892364
110058892881
110058893256
110058893988
110058894353
110058894362
110058894442
110058894479
110058894488
110058894549
110058894594
110058894601
110058895049
110058895290
110058895343
110058895842
110058895851
110058895860
110058895879
110058896805
110058896832
110058896850
110058896869
110058896878
110058896887
110058896896
110058897733
110058897742
110058897751
110058897760
110058897779
110058897788
110058898180
110058898215
110058898224
110058898242
110058898251
110058898260
110058898279
110058898304
110058898545
110058898803
110058898812
110058898821
110058898830
110058899090
110058899116
110058899134
110058899376
110058899385
110058899633
110058899679
110058899704
110058900408
110058900471
110058900499
110058901078
110058901087
110058901979
110058902031
110058902040
110058902059
110058902068
110058902086
110058902111
110058902120
110058902139
110058902148
110058902255
110058902772
110058902834
110058902898
110058902905
110058902996
110058903101
110058903110
110058903165
110058904119
110058904431
110058904609
110058904618
110058904850
110058904869
110058904887
110058905083
110058905092
110058905109
110058905118
110058905127
110058906064
110058906082
110058906581
110058906590
110058907170
110058907287
110058907982
110058907991
110058908026
110058908151
110058908188
110058908197
110058908936
110058910889
110058912155
110058912459
110058912538
110058912716
110058912734
110058912789
110058912878
110058912887
110058912921
110058912930
110058913118
110058913145
110058913154
110058913298
110058914073
110058914171
110058914206
110058915054
110058915116
110058915125
110058915170
110058915928
110058916017
110058917221
110058917409
110058917445
110058917542
110058917560
110058917579
110058917597
110058917613
110058917631
110058917659
110058917668
110058917677
110058917686
110058917695
110058917711
110058917720
110058917748
110058917757
110058917793
110058917819
110058917828
110058917837
110058917855
110058917864
110058917873
110058917882
110058917891
110058917908
110058917917
110058917926
110058917935
110058917953
110058918006
110058918104
110058918122
110058918131
110058918211
110058918220
110058918426
110058918453
110058918603
110058918630
110058918658
110058918667
110058918676
110058918694
110058918701
110058918710
110058918729
110058918738
110058918765
110058918854
110058918863
110058918872
110058918890
110058918925
110058918952
110058919005
110058919014
110058919078
110058919096
110058919158
110058919176
110058919292
110058919309
110058919318
110058919327
110058919372
110058919381
110058919425
110058919470
110058919498
110058919568
110058919586
110058919595
110058919602
110058919611
110058919620
110058919639
110058919657
110058919666
110058919675
110058919684
110058919693
110058919700
110058919719
110058919728
110058919737
110058919746
110058919755
110058919764
110058919773
110058919782
110058919791
110058919808
110058919817
110058919826
110058919835
110058919844
110058919853
110058919862
110058919871
110058919880
110058919899
110058919915
110058919924
110058919933
110058919942
110058919960
110058919979
110058919988
110058919997
110058920002
110058920011
110058920020
110058920048
110058920057
110058920066
110058920075
110058920084
110058920093
110058920100
110058920119
110058920128
110058920137
110058920146
110058920155
110058920173
110058920182
110058920191
110058920208
110058920217
110058920235
110058920244
110058920253
110058920262
110058920271
110058920280
110058920299
110058920306
110058920315
110058920324
110058920333
110058920342
110058920351
110058920360
110058920379
110058920388
110058920397
110058920404
110058920413
110058920422
110058920431
110058920440
110058920459
110058920468
110058920477
110058920501
110058920529
110058920538
110058920547
110058920556
110058920565
110058920574
110058920583
110058920592
110058920609
110058920618
110058920627
110058920869
110058920878
110058920887
110058920896
110058920903
110058920912
110058920921
110058920930
110058920949
110058920958
110058921010
110058921029
110058921038
110058921056
110058921065
110058921074
110058921083
110058921092
110058921109
110058921118
110058921127
110058921136
110058921145
110058921154
110058921163
110058921172
110058921181
110058921190
110058921207
110058921216
110058921225
110058921234
110058921243
110058921252
110058921261
110058921270
110058921289
110058921298
110058921305
110058921314
110058921332
110058921341
110058921350
110058921555
110058921564
110058921591
110058921608
110058921617
110058921626
110058921822
110058921831
110058921840
110058921859
110058921868
110058921877
110058921886
110058921895
110058921902
110058921911
110058921920
110058921939
110058921948
110058921957
110058921966
110058921975
110058921984
110058921993
110058922019
110058922028
110058922037
110058922046
110058922055
110058922064
110058922073
110058922082
110058922091
110058922108
110058922117
110058922126
110058922135
110058922144
110058922153
110058922162
110058922180
110058922199
110058922206
110058922224
110058922233
110058922242
110058922251
110058922260
110058922279
110058922518
110058922527
110058922536
110058922545
110058922554
110058922563
110058922581
110058922732
110058922741
110058922750
110058922769
110058922778
110058922830
110058923063
110058923072
110058923081
110058923090
110058923107
110058923116
110058923134
110058923143
110058923152
110058923161
110058923170
110058923189
110058923198
110058923205
110058923214
110058923223
110058923232
110058923241
110058923250
110058923269
110058923278
110058923296
110058923303
110058923312
110058923321
110058923330
110058923349
110058923358
110058923376
110058923385
110058923394
110058923410
110058923429
110058923438
110058923456
110058923465
110058923474
110058923483
110058923492
110058923508
110058923526
110058923535
110058923731
110058923740
110058923759
110058923768
110058923982
110058923991
110058924017
110058924026
110058924035
110058924044
110058924053
110058924062
110058924071
110058924080
110058924099
110058924106
110058924115
110058924124
110058924133
110058924142
110058924151
110058924160
110058924179
110058924188
110058924197
110058924204
110058924213
110058924222
110058924231
110058924240
110058924259
110058924268
110058924277
110058924286
110058924295
110058924400
110058924419
110058924437
110058924446
110058924455
110058924464
110058924473
110058924482
110058924491
110058924525
110058924534
110058924543
110058924552
110058924561
110058924589
110058924598
110058924605
110058924614
110058924623
110058924632
110058924650
110058924669
110058924678
110058924687
110058924696
110058924703
110058924721
110058924730
110058925070
110058925089
110058925098
110058925105
110058925114
110058925123
110058925132
110058925141
110058925150
110058925169
110058925178
110058925187
110058925196
110058925203
110058925212
110058925221
110058925230
110058925249
110058925258
110058925267
110058925276
110058925294
110058925301
110058925310
110058925329
110058925338
110058925347
110058925356
110058925365
110058925383
110058925392
110058925409
110058925418
110058925427
110058925436
110058925445
110058925454
110058925463
110058925481
110058925490
110058925506
110058925515
110058925524
110058925533
110058925551
110058925560
110058925579
110058925588
110058925597
110058925604
