110058925613
110058925622
110058925631
110058925640
110058925659
110058925668
110058925677
110058925686
110058925695
110058925702
110058925711
110058925720
110058925739
110058925748
110058926097
110058926104
110058926248
110058926257
110058926266
110058926275
110058926284
110058926293
110058926300
110058926319
110058926328
110058926337
110058926346
110058926355
110058926364
110058926373
110058926382
110058926391
110058926408
110058926417
110058926426
110058926435
110058926444
110058926453
110058926462
110058926471
110058926480
110058926499
110058926505
110058926514
110058926523
110058926532
110058926541
110058926550
110058926569
110058926587
110058926596
110058926603
110058926612
110058926710
110058926747
110058926756
110058926765
110058926774
110058926783
110058926792
110058926809
110058926818
110058926827
110058926836
110058926845
110058926854
110058926863
110058926872
110058926881
110058926890
110058926907
110058926916
110058926925
110058926934
110058926943
110058926952
110058926961
110058926970
110058926989
110058927005
110058927014
110058927023
110058927032
110058927041
110058927050
110058927069
110058927078
110058927087
110058927096
110058927103
110058927112
110058927121
110058927130
110058927149
110058927158
110058927167
110058927176
110058927185
110058927194
110058927229
110058927238
110058927256
110058927265
110058927274
110058927283
110058927292
110058927309
110058927318
110058927327
110058927345
110058927354
110058927363
110058927372
110058927381
110058927390
110058927416
110058927425
110058927434
110058927443
110058927452
110058927461
110058927470
110058927489
110058927498
110058927522
110058927531
110058927540
110058927559
110058927568
110058927577
110058927586
110058927595
110058927602
110058929708
110058929717
110058929726
110058930518
110058930527
110058930554
110058930563
110058930572
110058930581
110058930590
110058930625
110058930634
110058930652
110058930661
110058930670
110058931072
110058931401
110058931429
110058936157
110058941418
110058948929
110058954476
110058954519
110058960593
110058961510
110058963705
110058963705
110058963723
110058963849
110058964287
110058968782
110058969460
110058975220
110058981419
110058982757
110058988724
110059004349
110059012615
110059015818
110059019823
110059030196
110059036877
110059036984
110059040559
110059045331
110059090709
110059096570
110059116530
110059123755
110059129125
110059136377
110059145713
110059145937
110059154926
110059159583
110059162052
110059168911
110059172620
110059183155
110059204114
110059224085
110059232646
110059234387
110059234608
110059238613
110059245794
110059246043
110059249601
110059252357
110059257806
110059268082
110059272308
110059273325
110059275190
110059280022
110059281307
110059282351
110059282707
110059289924
110059305611
110059312131
110059331227
110059331897
110059337962
110059346499
110059349405
110059395523
110059398815
110059431930
110059438256
110059440369
110059441402
110059462237
110059470059
110059473225
110059489003
110059489726
110059498556
110059501882
110059509759
110059509875
110059519524
110059521076
110059524858
110059543944
110059558456
110059566278
110059570361
110059570815
110059589912
110059607215
110059615572
110059624553
110059625026
110059640526
110059656698
110059656705
110059656876
110059656956
110059657045
110059657090
110059657241
110059657269
110059657278
110059657287
110059657358
110059657376
110059657385
110059657465
110059657474
110059657483
110059657492
110059657508
110059657517
110059657713
110059657722
110059657731
110059657740
110059657759
110059657768
110059657786
110059657802
110059657893
110059658570
110059658589
110059659123
110059659132
110059659141
110059659150
110059659169
110059659187
110059659212
110059659221
110059659258
110059659276
110059659285
110059659383
110059698634
110059699161
110059699170
110059699189
110059699198
110059699205
110059699214
110059699223
110059699232
110059699241
110059699250
110059699269
110059699278
110059699287
110059699544
110059699553
110059699562
110059699571
110059699580
110059699599
110059699606
110059699615
110059699624
110059699633
110059699642
110059699928
110059699937
110059699946
110059699955
110059699964
110059700015
110059700024
110059700042
110059700051
110059700060
110059700079
110059700097
110059700104
110059700113
110059700122
110059700131
110059700140
110059700159
110059700168
110059700186
110059700195
110059700220
110059700239
110059700248
110059700257
110059700284
110059700293
110059700300
110059700569
110059700587
110059700596
110059700603
110059700612
110059700621
110059700630
110059700649
110059700658
110059700667
110059700676
110059700694
110059700701
110059700710
110059700729
110059700738
110059700747
110059700756
110059700765
110059700774
110059700783
110059700792
110059700809
110059700818
110059700827
110059700836
110059700845
110059700854
110059700863
110059700872
110059700881
110059700916
110059700925
110059700934
110059700943
110059700952
110059700961
110059700970
110059700989
110059700998
110059701005
110059701014
110059701023
110059701032
110059701041
110059701050
110059701069
110059701078
110059701087
110059701096
110059701112
110059701121
110059701130
110059701149
110059701158
110059701167
110059701176
110059701185
110059701194
110059701201
110059701210
110059701229
110059701238
110059701247
110059701256
110059701265
110059701283
110059701309
110059701336
110059701700
110059701719
110059701737
110059701746
110059701755
110059701764
110059701773
110059701782
110059701791
110059701808
110059701835
110059701844
110059701853
110059701862
110059701871
110059701899
110059701906
110059701915
110059701924
110059701933
110059701942
110059701951
110059702923
110059702932
110059702941
110059702950
110059702969
110059702978
110059702987
110059702996
110059703003
110059703012
110059703021
110059703030
110059703049
110059703058
110059703067
110059703076
110059703281
110059703290
110059703307
110059703316
110059703325
110059703334
110059703343
110059703352
110059703361
110059703370
110059703389
110059703398
110059703405
110059703414
110059703423
110059703432
110059703441
110059703450
110059703469
110059703487
110059703496
110059703502
110059703511
110059703539
110059703548
110059703557
110059703566
110059703575
110059703593
110059703600
110059703619
110059703628
110059703637
110059703646
110059703655
110059703664
110059703673
110059703682
110059703691
110059703708
110059703717
110059703726
110059703735
110059703753
110059703762
110059703771
110059703780
110059703799
110059703806
110059703815
110059703824
110059703833
110059703842
110059703851
110059703860
110059703879
110059704182
110059704191
110059704208
110059704217
110059704235
110059704244
110059704262
110059704271
110059704299
110059704306
110059704315
110059704333
110059704342
110059704351
110059704360
110059704379
110059704388
110059704397
110059704404
110059704413
110059704422
110059704440
110059704459
110059704468
110059704477
110059704486
110059704495
110059704501
110059704510
110059705476
110059705485
110059705494
110059705500
110059705519
110059705528
110059705537
110059705546
110059705555
110059705564
110059705573
110059705582
110059705591
110059706260
110059706279
110059706288
110059706297
110059706304
110059706313
110059706322
110059706340
110059706359
110059706368
110059706377
110059706386
110059706395
110059706402
110059706411
110059706420
110059706439
110059706448
110059706466
110059706484
110059706509
110059706518
110059706536
110059706616
110059706625
110059706634
110059706643
110059706652
110059706661
110059706670
110059706689
110059706698
110059706705
110059706714
110059706723
110059706732
110059706741
110059706750
110059706769
110059706778
110059706787
110059706796
110059706803
110059706812
110059706821
110059706830
110059706947
110059706956
110059706965
110059706974
110059707027
110059707036
110059707278
110059707303
110059707312
110059707321
110059707349
110059707358
110059707367
110059707394
110059707401
110059707410
110059707429
110059707438
110059707447
110059707456
110059707465
110059707474
110059707483
110059707492
110059707508
110059707517
110059707526
110059707535
110059709338
110059709347
110059709356
110059709579
110059709588
110059710521
110059710530
110059710549
110059710558
110059710585
110059710594
110059710601
110059710629
110059710638
110059710647
110059710665
110059710683
110059710692
110059713001
110059713010
110059713458
110059713467
110059713724
110059713733
110059713742
110059713751
110059713760
110059713779
110059713788
110059713797
110059713804
110059713813
110059715287
110059715321
110059715759
110059715955
110059716044
110059716437
110059716482
110059717659
110059717677
110059717819
110059717828
110059717837
110059717846
110059717926
110059718042
110059718505
110059718541
110059718569
110059718578
110059718612
110059719176
110059719185
110059719194
110059719229
110059719247
110059719274
110059719292
110059719309
110059719327
110059719336
110059719345
110059719354
110059719372
110059719390
110059719407
110059719416
110059719425
110059719924
110059720663
110059720672
110059720716
110059720725
110059720734
110059720761
110059720903
110059721449
110059722055
110059722082
110059722091
110059722108
110059722117
110059722126
110059722135
110059722144
110059722206
110059722224
110059722242
110059722359
110059722368
110059722377
110059722386
110059722395
110059722402
110059722411
110059722509
110059722518
110059722563
110059722607
110059777460
110059777889
110059778021
110059778156
110059778245
110059778423
110059778940
110059778959
110059778968
110059778986
110059778995
110059779002
110059779039
110059780492
110059780679
110059780697
110059780731
110059780740
110059780777
110059780786
110059780802
110059780848
110059780919
110059780937
110059780946
110059780955
110059780964
110059780973
110059780982
110059781062
110059781106
110059781115
110059781124
110059781133
110059781151
110059781179
110059781197
110059781213
110059781240
110059781268
110059781277
110059781286
110059781295
110059781311
110059781339
110059781348
110059781357
110059781375
110059781393
110059781400
110059781570
110059781589
110059781598
110059781605
110059781614
110059781623
110059781632
110059781641
110059781650
110059781669
110059781678
110059781687
110059781696
110059781703
110059781712
110059781721
110059781730
110059781749
110059781758
110059781767
110059781776
110059781785
110059781847
110059782187
110059782196
110059782203
110059782267
110059782276
110059782285
110059782294
110059782301
110059782310
110059782329
110059782338
110059782347
110059782356
110059782365
110059782374
110059782383
110059782392
110059782409
110059782418
110059782427
110059782445
110059782472
110059782506
110059782542
110059782551
110059782560
110059782579
110059782588
110059782597
110059782604
110059782631
110059782640
110059782659
110059782668
110059782686
110059782695
110059782702
110059782711
110059782739
110059782748
110059782766
110059782775
110059782784
110059782793
110059782800
110059782819
110059782828
110059782837
110059782855
110059782864
110059782873
110059782882
110059782891
110059782908
110059782917
110059782926
110059782935
110059782944
110059782953
110059782962
110059782971
110059782980
110059782999
110059783006
110059783015
110059783024
110059783033
110059783051
110059783060
110059783113
110059783122
110059783131
110059783140
110059783159
110059783168
110059783177
110059783186
110059783195
110059783202
110059783211
110059783220
110059783239
110059783248
110059783257
110059783275
110059783284
110059783293
110059783300
110059783480
110059783505
110059784390
110059784407
110059784425
110059784452
110059784461
110059784498
110059784513
110059784559
110059784595
110059784602
110059784611
110059784620
110059784639
110059784657
110059784693
110059784719
110059784728
110059784746
110059784755
110059784773
110059784826
110059784853
110059784880
110059784906
110059784915
110059784979
110059784988
110059784997
110059785013
110059785059
110059785111
110059785139
110059785184
110059785193
110059785200
110059785273
110059785282
110059785291
110059785308
110059785317
110059785326
110059785335
110059785344
110059785380
110059785424
110059785433
110059785451
110059785460
110059785479
110059785488
110059785497
110059785594
110059785665
110059785674
110059785727
110059785736
110059785763
110059785772
110059785781
110059785790
110059785807
110059785816
110059785843
110059785861
110059785898
110059785905
110059785950
110059785996
110059786003
110059786021
110059786049
110059786058
110059786101
110059786110
110059786129
110059786138
110059786147
110059786165
110059786183
110059786192
110059786209
110059786218
110059786227
110059786236
110059786245
110059786254
110059786959
110059786995
110059787011
110059787020
110059787048
110059787057
110059787066
110059787075
110059787084
110059787093
110059787100
110059787119
110059787128
110059787137
110059787155
110059787191
110059787208
110059787262
110059787271
110059787299
110059787404
110059787495
110059787529
110059787547
110059787609
110059787618
110059787627
110059787681
110059787690
