110059787752
110059787761
110059787770
110059787949
110059787958
110059787967
110059788305
110059788314
110059788323
110059788332
110059788341
110059788350
110059788369
110059788378
110059788387
110059788403
110059788412
110059788421
110059788449
110059788467
110059788485
110059788494
110059788500
110059788528
110059788546
110059788564
110059788573
110059788582
110059788591
110059788608
110059788617
110059788626
110059788635
110059788653
110059788680
110059788886
110059788895
110059788902
110059788920
110059788939
110059788966
110059788975
110059788993
110059789000
110059789019
110059789689
110059789714
110059789723
110059789732
110059789741
110059789750
110059789769
110059789778
110059789787
110059789796
110059789803
110059789812
110059789821
110059789830
110059789849
110059789867
110059789876
110059789885
110059789901
110059789910
110059789929
110059789938
110059789947
110059789956
110059789965
110059789974
110059789983
110059790016
110059790114
110059790150
110059790187
110059790203
110059790294
110059790819
110059790837
110059791015
110059791024
110059791033
110059791051
110059791060
110059791088
110059791097
110059791113
110059791122
110059791131
110059791140
110059791168
110059791177
110059791186
110059791195
110059791202
110059791211
110059791220
110059791239
110059791257
110059791266
110059791275
110059791284
110059791293
110059791300
110059791319
110059791328
110059791337
110059791364
110059791408
110059791417
110059791426
110059791435
110059791444
110059791505
110059791514
110059791523
110059791532
110059791550
110059791578
110059791587
110059791603
110059791612
110059791621
110059791630
110059791658
110059791676
110059791694
110059791701
110059791747
110059791836
110059791845
110059791863
110059791872
110059791881
110059791943
110059791952
110059792005
110059792014
110059792041
110059792069
110059792087
110059792096
110059792112
110059792121
110059792149
110059792158
110059792176
110059792185
110059792247
110059792256
110059792265
110059792283
110059792292
110059792309
110059792318
110059792327
110059792336
110059792354
110059792390
110059792407
110059792461
110059792470
110059792489
110059792498
110059792504
110059792513
110059792522
110059792611
110059792620
110059792657
110059792700
110059792719
110059792728
110059792737
110059792764
110059792773
110059792782
110059792791
110059792808
110059792817
110059792826
110059792835
110059792844
110059792906
110059792933
110059792951
110059792960
110059792979
110059792988
110059793004
110059793040
110059793059
110059793068
110059793077
110059793086
110059793102
110059793111
110059793139
110059793157
110059793326
110059793852
110059793914
110059794343
110059794361
110059794389
110059794398
110059794414
110059794441
110059794469
110059794487
110059794496
110059794511
110059794753
110059795253
110059795342
110059795351
110059795360
110059795388
110059795404
110059795413
110059795440
110059795477
110059795547
110059795618
110059795627
110059795681
110059795690
110059795707
110059795770
110059795814
110059795823
110059795841
110059795850
110059795869
110059795878
110059795896
110059795903
110059795912
110059795921
110059795930
110059795958
110059795967
110059795976
110059795985
110059795994
110059796001
110059796010
110059796029
110059796047
110059796056
110059796074
110059796092
110059796252
110059796261
110059796270
110059796298
110059796305
110059796332
110059796341
110059796350
110059796369
110059796403
110059796430
110059796476
110059796733
110059796751
110059796760
110059796779
110059796788
110059796797
110059796822
110059796975
110059797019
110059797028
110059797037
110059797055
110059797064
110059797073
110059797117
110059797135
110059797144
110059797206
110059797224
110059797233
110059797251
110059797260
110059797288
110059797297
110059797304
110059797313
110059797331
110059797340
110059797359
110059797377
110059797386
110059797402
110059797411
110059797420
110059797439
110059797457
110059797475
110059797484
110059797518
110059797545
110059797563
110059797581
110059797634
110059797643
110059797661
110059797670
110059797689
110059797698
110059797705
110059797714
110059798722
110059798759
110059798777
110059798811
110059798839
110059798857
110059798893
110059799044
110059799053
110059799062
110059799080
110059799099
110059799106
110059799115
110059799124
110059799133
110059799142
110059799151
110059799160
110059799179
110059799188
110059799197
110059799204
110059799213
110059799222
110059799231
110059799240
110059799259
110059799268
110059799277
110059799446
110059799473
110059799516
110059799525
110059799543
110059799552
110059799561
110059799570
110059799614
110059799696
110059799703
110059799749
110059799767
110059799785
110059799794
110059799801
110059799810
110059799829
110059799838
110059799856
110059799865
110059799874
110059799883
110059799909
110059799918
110059799954
110059799963
110059800121
110059800130
110059800149
110059800158
110059800167
110059800176
110059800185
110059800201
110059800210
110059800229
110059800238
110059800256
110059800274
110059800283
110059800318
110059800327
110059800336
110059800345
110059800354
110059800372
110059800381
110059800390
110059800407
110059800416
110059800425
110059800434
110059800443
110059800452
110059800461
110059800470
110059800489
110059800498
110059800504
110059800513
110059800522
110059800531
110059800540
110059800559
110059800577
110059800586
110059800595
110059800602
110059800620
110059800639
110059800648
110059800657
110059800666
110059800675
110059800684
110059800693
110059800700
110059800728
110059800737
110059800746
110059800755
110059800773
110059800782
110059800791
110059800808
110059800817
110059800826
110059800835
110059800844
110059800853
110059800862
110059800871
110059800880
110059800899
110059800906
110059800915
110059800924
110059800933
110059800942
110059800960
110059800979
110059800997
110059801004
110059801013
110059801022
110059801031
110059801040
110059801059
110059801068
110059801086
110059801095
110059801102
110059801120
110059801139
110059801148
110059801451
110059801460
110059801521
110059801638
110059801647
110059801656
110059801665
110059801674
110059801683
110059801692
110059801709
110059801718
110059801727
110059801736
110059801754
110059801763
110059801772
110059801816
110059801825
110059801834
110059801843
110059801861
110059801870
110059801889
110059801898
110059801905
110059801914
110059801923
110059801932
110059801941
110059801950
110059801969
110059801978
110059801987
110059801996
110059802003
110059802012
110059802021
110059802030
110059802049
110059802272
110059802281
110059802290
110059802307
110059802316
110059802325
110059802334
110059802343
110059802352
110059802361
110059802370
110059802389
110059802398
110059802405
110059802414
110059802423
110059802432
110059802691
110059802708
110059802717
110059802726
110059802735
110059802744
110059802753
110059802762
110059802771
110059802780
110059802799
110059802806
110059802815
110059802824
110059802833
110059802842
110059802851
110059802860
110059802888
110059802897
110059802913
110059802922
110059802931
110059802940
110059802959
110059802968
110059802977
110059802986
110059802995
110059803011
110059803020
110059803039
110059803048
110059803057
110059803066
110059803075
110059803084
110059803093
110059803100
110059803119
110059803128
110059803137
110059803146
110059803155
110059803173
110059803182
110059803191
110059803208
110059803217
110059803226
110059803235
110059803253
110059803618
110059803789
110059803798
110059803805
110059803814
110059803823
110059803832
110059803841
110059803850
110059803869
110059803887
110059803896
110059803903
110059803912
110059803921
110059803930
110059803958
110059803976
110059803985
110059803994
110059804001
110059804010
110059804038
110059804047
110059804065
110059804083
110059804092
110059804109
110059804118
110059804127
110059804136
110059804145
110059804154
110059804163
110059804172
110059804181
110059804190
110059804207
110059804216
110059804234
110059804243
110059804252
110059804261
110059804270
110059804289
110059804298
110059804305
110059804314
110059804323
110059804332
110059804341
110059804350
110059804369
110059804378
110059804387
110059804396
110059804412
110059804430
110059804449
110059804458
110059804467
110059804476
110059804494
110059804500
110059804519
110059804528
110059804537
110059804546
110059804555
110059804564
110059804573
110059804582
110059804591
110059804608
110059804617
110059804626
110059804635
110059804644
110059804653
110059804662
110059804671
110059804680
110059804699
110059804715
110059804733
110059804742
110059804751
110059804760
110059804779
110059805304
110059805457
110059805466
110059806027
110059806740
110059806759
110059806768
110059806777
110059806786
110059806795
110059806802
110059806811
110059806839
110059806884
110059807008
110059807017
110059807026
110059807623
110059807641
110059807650
110059807669
110059807678
110059807687
110059807703
110059807712
110059807721
110059807730
110059807749
110059807758
110059807767
110059807776
110059807785
110059807794
110059807801
110059807810
110059807829
110059808070
110059808089
110059808098
110060232868
110060260113
110060262905
110060262914
110060263138
110060263325
110060263566
110060263584
110060265074
110060265895
110060265920
110060265939
110060265957
110060265966
110060265984
110060266000
110060266251
110060266279
110060266411
110060266439
110060266894
110060267296
110060267349
110060267358
110060267385
110060267394
110060267401
110060267456
110060267465
110060267483
110060267492
110060267508
110060267544
110060267740
110060267982
110060267991
110060268008
110060268044
110060268062
110060268071
110060268124
110060268133
110060268142
110060268160
110060268179
110060268188
110060268197
110060268204
110060268213
110060268222
110060268231
110060268240
110060268259
110060268268
110060268277
110060268348
110060268357
110060268375
110060268384
110060268400
110060268419
110060268838
110060268847
110060268865
110060268874
110060268892
110060268909
110060268918
110060268927
110060268936
110060268945
110060268954
110060268963
110060268972
110060268981
110060268990
110060269007
110060269016
110060269025
110060269034
110060269043
110060269052
110060269061
110060269070
110060269089
110060269105
110060269114
110060269123
110060269132
110060269141
110060269150
110060269169
110060269178
110060269187
110060269196
110060269203
110060269212
110060269249
110060269258
110060269276
110060269310
110060269329
110060269338
110060269347
110060269356
110060269365
110060269374
110060269383
110060269392
110060269418
110060269445
110060269454
110060269472
110060269481
110060269506
110060269515
110060269524
110060269533
110060269551
110060269579
110060269597
110060269604
110060269622
110060269631
110060269640
110060269659
110060269677
110060269686
110060269695
110060269702
110060269720
110060269739
110060269766
110060269775
110060269793
110060269819
110060269837
110060269846
110060269855
110060269873
110060269891
110060269908
110060269926
110060269935
110060270095
110060270102
110060270111
110060270120
110060270148
110060270157
110060270166
110060270175
110060270184
110060270193
110060270200
110060270219
110060270228
110060270237
110060270246
110060270255
110060270264
110060270273
110060270282
110060270291
110060270308
110060270317
110060270326
110060270335
110060270344
110060270353
110060270362
110060270371
110060270380
110060270399
110060270406
110060270415
110060270424
110060270433
110060270442
110060270451
110060270460
110060270488
110060270497
110060270503
110060270512
110060270521
110060270549
110060270558
110060270567
110060270576
110060270585
110060270594
110060270601
110060270610
110060270629
110060270638
110060270647
110060270665
110060270674
110060270683
110060270692
110060270709
110060270718
110060270727
110060270736
110060270754
110060270763
110060270772
110060270781
110060270790
110060270807
110060270825
110060270978
110060270987
110060271012
110060271021
110060271030
110060271049
110060271058
110060271067
110060271085
110060271094
110060271101
110060271110
110060271129
110060271138
110060271147
110060271156
110060271165
110060271174
110060271183
110060271192
110060271218
110060271227
110060271236
110060271245
110060271254
110060280976
110060281029
110060281038
110060281047
110060281065
110060281074
110060281083
110060281092
110060281109
110060281582
110060281706
110060281724
110060281840
110060281957
110060282000
110060282108
110060282126
110060282304
110060282313
110060286113
110060345283
110060345327
110060345390
110060345498
110060345586
110060345602
110060345915
110060345933
110060346291
110060346326
110060346335
110060346488
110060346978
110060347450
110060347469
110060347478
110060347959
110060347986
110060348020
110060348048
110060348379
110060348440
110060348538
110060348556
110060348967
110060349421
110060349449
110060349831
110060349859
110060349868
110060350640
110060351168
110060351480
110060351523
110060351587
110060351596
110060351603
110060351612
110060351694
110060351827
110060352531
110060352540
110060352568
110060352577
110060352586
