110060352595
110060352602
110060352611
110060352620
110060352639
110060352648
110060352657
110060352666
110060352675
110060352684
110060352693
110060352700
110060352719
110060352737
110060352746
110060352755
110060352764
110060352773
110060352782
110060352791
110060352808
110060352817
110060352826
110060352835
110060352844
110060352853
110060352862
110060352871
110060352880
110060352899
110060352906
110060352915
110060352924
110060352933
110060352942
110060352951
110060352960
110060352979
110060352988
110060352997
110060353004
110060353013
110060353022
110060353040
110060353068
110060353077
110060353086
110060353095
110060353102
110060353111
110060353120
110060353139
110060353148
110060353157
110060353166
110060353175
110060353184
110060353193
110060353200
110060353219
110060353228
110060353237
110060353246
110060353255
110060353610
110060353629
110060353638
110060353656
110060353665
110060353674
110060353683
110060353692
110060353709
110060353718
110060353727
110060353736
110060353745
110060353754
110060353763
110060353772
110060353781
110060353790
110060353807
110060353816
110060353825
110060353834
110060353843
110060353852
110060353861
110060353870
110060353898
110060353905
110060353914
110060353923
110060353932
110060353941
110060353950
110060353969
110060353978
110060353996
110060354003
110060354290
110060354307
110060354316
110060354325
110060354334
110060354343
110060354352
110060354361
110060354370
110060354389
110060354398
110060354405
110060354414
110060354423
110060354432
110060354441
110060354450
110060354469
110060354478
110060354487
110060354496
110060354502
110060354511
110060354520
110060354539
110060354548
110060354557
110060354566
110060354575
110060354584
110060354593
110060354600
110060354619
110060354628
110060354637
110060354646
110060354655
110060354664
110060354673
110060354682
110060354691
110060354708
110060354717
110060354726
110060354735
110060354744
110060354753
110060354762
110060354771
110060354780
110060354806
110060354815
110060354824
110060354833
110060354842
110060354851
110060354860
110060354879
110060354940
110060354959
110060354968
110060354986
110060354995
110060355002
110060355011
110060355020
110060355039
110060355048
110060355057
110060355066
110060355075
110060355084
110060355093
110060355100
110060355119
110060355128
110060355137
110060355146
110060355155
110060355164
110060355173
110060355182
110060355191
110060355208
110060355342
110060355360
110060355832
110060355841
110060355850
110060355869
110060355878
110060355887
110060355896
110060355903
110060355912
110060355921
110060355930
110060355949
110060355958
110060355967
110060355976
110060355985
110060355994
110060356001
110060356010
110060356029
110060356038
110060356047
110060356234
110060356243
110060356252
110060356261
110060356270
110060356289
110060356298
110060356305
110060356314
110060356323
110060356332
110060356341
110060356350
110060356449
110060356458
110060356467
110060356485
110060356500
110060356528
110060356537
110060356555
110060356564
110060356573
110060356582
110060356591
110060356608
110060356635
110060356644
110060356653
110060356662
110060356671
110060356680
110060356699
110060356706
110060356715
110060356724
110060356733
110060356742
110060356751
110060356760
110060356779
110060356788
110060356797
110060356804
110060356813
110060356822
110060356831
110060356840
110060356859
110060356868
110060356877
110060356895
110060356902
110060356911
110060356920
110060357171
110060357180
110060357199
110060357206
110060357215
110060357224
110060357233
110060357242
110060357251
110060357260
110060357288
110060357297
110060357304
110060357313
110060357322
110060357331
110060357340
110060357359
110060357368
110060357581
110060357590
110060357607
110060357616
110060357625
110060357634
110060357643
110060357652
110060357661
110060357689
110060357698
110060357705
110060357714
110060357723
110060357732
110060357741
110060357750
110060357769
110060357778
110060357787
110060357796
110060357803
110060357812
110060357821
110060357830
110060357849
110060357867
110060357876
110060357885
110060357894
110060357901
110060357910
110060357929
110060357938
110060357947
110060357956
110060357965
110060357974
110060357983
110060357992
110060358018
110060358027
110060358036
110060358072
110060358081
110060358090
110060358107
110060358116
110060358125
110060358134
110060358143
110060358152
110060358161
110060358170
110060358189
110060358198
110060358223
110060358232
110060358241
110060358250
110060358269
110060358278
110060358287
110060358296
110060358303
110060358321
110060358330
110060358349
110060358358
110060358367
110060358376
110060358385
110060358394
110060358401
110060358410
110060358429
110060358438
110060358456
110060358465
110060358474
110060358483
110060358492
110060358508
110060358517
110060358526
110060358535
110060358544
110060358553
110060358562
110060358571
110060358580
110060358599
110060358615
110060358624
110060358633
110060358651
110060358660
110060358679
110060358688
110060358697
110060358704
110060358713
110060358722
110060358731
110060358740
110060358759
110060358777
110060358795
110060358884
110060358893
110060358900
110060358919
110060358928
110060358937
110060358946
110060358955
110060358964
110060358982
110060358991
110060359008
110060359017
110060359026
110060359035
110060359053
110060359062
110060359080
110060359099
110060359106
110060359115
110060359213
110060359222
110060359231
110060359240
110060359259
110060359268
110060359277
110060359286
110060359295
110060359302
110060359311
110060359320
110060359348
110060359357
110060359366
110060359375
110060359393
110060359419
110060359428
110060359437
110060359446
110060359455
110060359464
110060359473
110060359482
110060359491
110060359516
110060359525
110060359534
110060359543
110060359552
110060359561
110060359589
110060359598
110060359605
110060359614
110060359623
110060359632
110060359641
110060359650
110060359669
110060359758
110060359810
110060359829
110060359838
110060359847
110060359856
110060359865
110060359874
110060359883
110060359892
110060359909
110060359918
110060359927
110060359936
110060359945
110060359954
110060359963
110060359972
110060359981
110060359990
110060360005
110060360014
110060360023
110060360032
110060360041
110060360050
110060360069
110060360078
110060360087
110060360096
110060360103
110060360112
110060360121
110060360130
110060360149
110060360158
110060360167
110060360176
110060360238
110060360336
110060360345
110060360354
110060360363
110060360372
110060360381
110060360390
110060360407
110060360416
110060360425
110060360434
110060360443
110060360452
110060360461
110060360470
110060360489
110060360498
110060360504
110060360513
110060360522
110060360531
110060360540
110060360559
110060360568
110060360577
110060360586
110060360611
110060360620
110060360657
110060360853
110060360862
110060360871
110060360880
110060360899
110060360906
110060360915
110060360924
110060360933
110060360942
110060360951
110060360979
110060360988
110060360997
110060361004
110060361013
110060361022
110060361031
110060361040
110060361059
110060361068
110060361077
110060361086
110060361095
110060361102
110060361111
110060361120
110060361139
110060361148
110060361157
110060361166
110060361175
110060361184
110060361193
110060361200
110060361219
110060361228
110060361237
110060361246
110060361255
110060361264
110060361273
110060361282
110060361344
110060361353
110060361362
110060361371
110060361380
110060361399
110060361406
110060361415
110060361424
110060361433
110060361442
110060361451
110060361460
110060361479
110060361488
110060361497
110060361503
110060361512
110060361521
110060361530
110060361549
110060361594
110060361601
110060361610
110060361629
110060361638
110060361647
110060361656
110060361665
110060361674
110060361683
110060361692
110060361709
110060361718
110060361727
110060361736
110060361745
110060361754
110060361763
110060361772
110060361781
110060361790
110060361807
110060361816
110060361825
110060361834
110060361843
110060361870
110060361889
110060361898
110060361905
110060361914
110060361923
110060361932
110060361941
110060361950
110060361969
110060361978
110060361987
110060361996
110060362003
110060362012
110060362021
110060362030
110060362049
110060362058
110060362076
110060362094
110060362101
110060362110
110060362129
110060362156
110060362165
110060362174
110060362183
110060362192
110060362209
110060362227
110060362236
110060362245
110060362398
110060362405
110060362414
110060362450
110060362469
110060362478
110060362487
110060362496
110060362502
110060362511
110060362520
110060362539
110060362548
110060362557
110060362566
110060362575
110060362584
110060362593
110060362600
110060362619
110060362691
110060362708
110060362717
110060362726
110060362735
110060362744
110060362762
110060362771
110060362780
110060362799
110060362806
110060362815
110060362824
110060362833
110060362842
110060362851
110060362860
110060362879
110060362888
110060362897
110060362904
110060362913
110060362922
110060362931
110060362940
110060362959
110060362968
110060362977
110060362986
110060362995
110060363002
110060363011
110060363020
110060363039
110060363048
110060363146
110060363155
110060363191
110060363208
110060363217
110060363226
110060363235
110060363244
110060363262
110060363271
110060363280
110060363333
110060363342
110060363351
110060363388
110060363397
110060363404
110060363413
110060363422
110060363431
110060363440
110060363459
110060363468
110060363477
110060363486
110060363495
110060363501
110060363510
110060363529
110060363538
110060363547
110060363556
110060363565
110060363574
110060363583
110060363592
110060363609
110060363618
110060363627
110060363636
110060363654
110060363761
110060363770
110060363789
110060363798
110060363805
110060363814
110060363823
110060363832
110060363841
110060363850
110060363869
110060363878
110060363887
110060363896
110060363903
110060363912
110060363921
110060363930
110060363949
110060363958
110060364298
110060364305
110060364314
110060364323
110060364332
110060364341
110060364350
110060364369
110060364387
110060364396
110060364412
110060364421
110060364430
110060364449
110060364458
110060364467
110060364476
110060364485
110060364494
110060364500
110060364519
110060364528
110060364537
110060364546
110060364555
110060364564
110060364573
110060364582
110060364591
110060364608
110060364617
110060364626
110060364635
110060364733
110060364742
110060364751
110060364760
110060364779
110060364788
110060364797
110060364804
110060364813
110060364822
110060364831
110060364840
110060364859
110060364868
110060364877
110060364886
110060364895
110060364902
110060364911
110060364920
110060364939
110060364948
110060364957
110060364966
110060364975
110060364984
110060364993
110060365019
110060365028
110060365037
110060365046
110060365064
110060365073
110060365082
110060365091
110060365108
110060365117
110060365126
110060365135
110060365144
110060365153
110060365162
110060365171
110060365180
110060365199
110060365206
110060365215
110060365224
110060365233
110060365242
110060365251
110060365260
110060365359
110060365368
110060365377
110060365386
110060365395
110060365402
110060365411
110060365420
110060365439
110060365448
110060365457
110060365466
110060365475
110060365484
110060365493
110060365509
110060365518
110060365527
110060365723
110060365732
110060365741
110060365750
110060365769
110060365778
110060365787
110060365796
110060365803
110060365812
110060365830
110060365849
110060365858
110060365965
110060365974
110060365983
110060365992
110060366198
110060366205
110060366214
110060366223
110060366232
110060366241
110060366250
110060366269
110060366278
110060366287
110060366296
110060366303
110060366312
110060366321
110060366330
110060366349
110060366358
110060366367
110060366376
110060366385
110060366394
110060366401
110060366410
110060366429
110060366438
110060366447
110060366465
110060366474
110060366483
110060366492
110060366508
110060366517
110060366526
110060366535
110060366544
110060366553
110060366562
110060366571
110060366580
110060366599
110060366606
110060366615
110060366624
110060366633
110060366642
110060366651
110060366660
110060366679
110060366688
110060366697
110060366704
110060366713
110060366722
110060366740
110060366759
110060366777
110060366786
110060366795
110060366802
110060366820
110060366839
110060366848
110060366875
110060368454
110060369916
110060370049
110060370058
110060370067
110060370076
110060370085
110060370094
110060370101
110060370110
110060370129
110060370138
110060370147
110060370156
110060370165
110060370174
110060370183
110060370192
110060370209
110060370218
110060370227
110060370236
110060370245
110060370263
110060370272
110060370281
110060370290
110060370307
110060370316
110060370593
110060370619
110060370628
110060370799
110060370806
110060370815
110060370824
110060370833
110060370842
110060370851
110060370879
110060370888
110060370897
110060371477
110060371495
110060371501
110060371583
110060371618
110060371627
110060371636
110060371645
110060371958
110060371985
110060371994
110060372001
110060372010
110060372902
110060373091
