110060373359
110060373714
110060373821
110060373830
110060373849
110060373858
110060373974
110060374072
110060374081
110061062521
110061062558
110061062576
110061062834
110061062843
110061063325
110061063343
110061063389
110061063414
110061063423
110061063432
110061063441
110061063450
110061063469
110061063478
110061063487
110061063496
110061063511
110061063520
110061063539
110061063548
110061063557
110061063566
110061063575
110061063584
110061063593
110061063600
110061064404
110061064770
110061064789
110061065494
110061065500
110061065591
110061065966
110061066028
110061066046
110061066055
110061066064
110061066073
110061066082
110061066091
110061066180
110061066402
110061066466
110061067429
110061067438
110061067580
110061067606
110061067615
110061067624
110061067704
110061067713
110061069784
110061069793
110061069855
110061069864
110061070718
110061070727
110061070736
110061070861
110061070870
110061071913
110061072547
110061072798
110061073430
110061073449
110061073458
110061073635
110061074073
110061074304
110061074313
110061074448
110061074484
110061074493
110061074518
110061074527
110061074572
110061075330
110061075358
110061075367
110061075376
110061075385
110061075394
110061075401
110061075410
110061075447
110061075474
110061075483
110061075492
110061076286
110061077089
110061077098
110061077141
110061077150
110061077178
110061077187
110061077196
110061078131
110061078195
110061078319
110061078373
110061078391
110061078845
110061078952
110061078970
110061079005
110061079014
110061079390
110061079434
110061079443
110061080119
110061080477
110061080486
110061080495
110061080707
110061080716
110061080805
110061081029
110061081136
110061081760
110061081779
110061082509
110061082518
110061082901
110061082929
110061082938
110061082947
110061082956
110061082965
110061082983
110061082992
110061083009
110061083018
110061083027
110061083036
110061083045
110061083054
110061083063
110061083072
110061083081
110061083090
110061083107
110061083116
110061083125
110061083134
110061083143
110061083152
110061083170
110061083820
110061083839
110061083848
110061084696
110061084730
110061084749
110061084758
110061084767
110061085034
110061085043
110061085052
110061086024
110061086033
110061086444
110061086505
110061087041
110061087069
110061087078
110061087087
110061087292
110061087336
110061087345
110061087363
110061087372
110061087381
110061087425
110061087434
110061087452
110061087461
110061087844
110061087853
110061087951
110061087960
110061087979
110061087988
110061087997
110061088004
110061088013
110061088086
110061089316
110061411645
110061627814
110061714088
110061726351
110062623148
110062623308
110062623549
110062623585
110062623594
110062623674
110062623825
110062623834
110062623843
110062624735
110062624744
110062624753
110062624842
110062624851
110062625734
110062625770
110062626190
110062626216
110062626733
110062627607
110062627750
110062627885
110062628054
110062628214
110062628223
110062628232
110062628241
110062628651
110062628884
110062628964
110062629874
110062630522
110062630540
110062630666
110062630684
110062630693
110062630700
110062630782
110062630791
110062630835
110062630862
110062630880
110062631120
110062631175
110062631184
110062631193
110062631200
110062631219
110062631228
110062631237
110062631246
110062631291
110062631308
110062631380
110062631399
110062631406
110062631415
110062631424
110062631433
110062631442
110062631479
110062631549
110062631558
110062631567
110062631576
110062631585
110062631656
110062631674
110062631718
110062632487
110062632520
110062633217
110062633244
110062633299
110062633306
110062633324
110062633627
110062633654
110062633672
110062633681
110062633707
110062633716
110062633814
110062633850
110062633869
110062633878
110062633887
110062633896
110062633912
110062633921
110062633930
110062634047
110062634608
110062634617
110062634644
110062634653
110062634680
110062634699
110062634706
110062634715
110062634724
110062634733
110062634742
110062634751
110062634760
110062634788
110062634797
110062634804
110062634822
110062634831
110062634840
110062634868
110062634877
110062634886
110062634920
110062634966
110062634993
110062635019
110062635064
110062635073
110062635082
110062635091
110062635108
110062635135
110062635153
110062635162
110062635199
110062635206
110062635215
110062635224
110062635233
110062635242
110062635251
110062635260
110062635279
110062635313
110062635322
110062635331
110062635340
110062635359
110062635368
110062635377
110062635386
110062635395
110062635402
110062635411
110062635439
110062636116
110062636688
110062636704
110062636893
110062636937
110062636982
110062636991
110062637008
110062637017
110062637026
110062637035
110062637044
110062637062
110062637080
110062637106
110062637124
110062637133
110062637151
110062637179
110062637197
110062637204
110062637222
110062637231
110062637240
110062637259
110062637268
110062637277
110062637286
110062637339
110062637348
110062637357
110062637366
110062637375
110062637384
110062637393
110062637400
110062637491
110062637516
110062638016
110062638043
110062638070
110062638089
110062638098
110062638766
110062639051
110062639140
110062639159
110062639168
110062639266
110062639355
110062639364
110062639462
110062639471
110062639738
110062641057
110062641100
110062641182
110062641262
110062641280
110062641299
110062641306
110062641315
110062641324
110062641431
110062641459
110062641477
110062641501
110062641510
110062641529
110062641538
110062641556
110062641592
110062641618
110062641627
110062641645
110062641654
110062641663
110062641681
110062641850
110062641930
110062641976
110062641985
110062641994
110062642001
110062642010
110062642029
110062642038
110062642047
110062642065
110062642074
110062642083
110062642109
110062642118
110062642127
110062642136
110062642145
110062642154
110062642163
110062642172
110062642190
110062642207
110062642298
110062642341
110062642350
110062642369
110062642378
110062642458
110062642467
110062642476
110062642485
110062642500
110062642528
110062642537
110062642546
110062642555
110062642564
110062642573
110062642608
110062642617
110062642626
110062642635
110062642644
110062642662
110062642680
110062642699
110062642706
110062642715
110062642724
110062642742
110062642751
110062642797
110062642804
110062642831
110062642840
110062642859
110062642868
110062642895
110062642902
110062642911
110062642920
110062642939
110062642948
110062642957
110062642966
110062642975
110062642984
110062642993
110062643000
110062643028
110062643037
110062643046
110062643091
110062643108
110062643395
110062643634
110062644991
110062645026
110062645730
110062646837
110062647275
110062647373
110062647382
110062647391
110062647408
110062647417
110062647435
110062647505
110062647514
110062647532
110062647550
110062647596
110062647603
110062647612
110062647649
110062647658
110062647667
110062647676
110062647694
110062647701
110062647710
110062647729
110062647738
110062647747
110062647783
110062647792
110062647809
110062647827
110062647836
110062647845
110062647890
110062647907
110062647916
110062648069
110062648087
110062648103
110062648121
110062648130
110062648149
110062648167
110062648185
110062648229
110062648256
110062648274
110062648283
110062648292
110062648309
110062648327
110062648345
110062648363
110062648381
110062648416
110062648425
110062648461
110062648470
110062648489
110062648504
110062648513
110062648522
110062648540
110062648559
110062648568
110062648595
110062648602
110062648657
110062648675
110062648693
110062648755
110062648773
110062648791
110062648817
110062648835
110062648862
110062648871
110062649166
110062649193
110062649237
110062649255
110062649264
110062649291
110062649344
110062649353
110062649362
110062649558
110062649567
110062649585
110062649629
110062649647
110062649656
110062649683
110062649692
110062649718
110062649736
110062649745
110062649763
110062649772
110062649781
110062649790
110062649825
110062649843
110062649861
110062649870
110062649889
110062649898
110062649914
110062649941
110062649969
110062649987
110062650037
110062650073
110062650108
110062650126
110062650135
110062650215
110062650224
110062650251
110062650313
110062650340
110062650368
110062650386
110062650402
110062650411
110062650420
110062650439
110062650448
110062650457
110062650466
110062650475
110062650484
110062650527
110062650545
110062650563
110062650581
110062650590
110062650607
110062650625
110062650634
110062650643
110062650652
110062650661
110062650689
110062650705
110062650714
110062650723
110062650741
110062650769
110062650787
110062650796
110062650803
110062650812
110062650821
110062650858
110062650867
110062650876
110062650885
110062650929
110062650938
110062650947
110062650956
110062650965
110062650983
110062651045
110062651063
110062651081
110062651125
110062651143
110062651170
110062651198
110062651214
110062651232
110062651241
110062651269
110062651278
110062651296
110062651303
110062651312
110062651321
110062651330
110062651349
110062651358
110062651376
110062651394
110062651401
110062651438
110062651456
110062651465
110062651474
110062651483
110062651492
110062651508
110062651517
110062651526
110062651544
110062651562
110062651571
110062651599
110062651606
110062651615
110062651624
110062651642
110062651651
110062651660
110062651679
110062651688
110062651697
110062651704
110062651713
110062651722
110062651731
110062651740
110062651768
110062651777
110062651786
110062651795
110062651802
110062651811
110062651820
110062651848
110062651866
110062651875
110062651884
110062651900
110062651919
110062651928
110062651991
110062652008
110062652017
110062652026
110062652035
110062652044
110062652062
110062652071
110062652080
110062652106
110062652124
110062652133
110062652142
110062652151
110062652179
110062652188
110062652213
110062652231
110062652259
110062652286
110062652302
110062652339
110062652375
110062652400
110062652419
110062652437
110062652446
110062652455
110062652464
110062652473
110062652525
110062652552
110062652561
110062652570
110062652598
110062652605
110062652641
110062652687
110062652703
110062652865
110062652883
110062652927
110062652945
110062652963
110062652981
110062653007
110062653025
110062653061
110062653089
110062653123
110062653141
110062653150
110062653187
110062653249
110062653267
110062653285
110062653301
110062653329
110062653356
110062653365
110062653392
110062653409
110062653418
110062653427
110062653436
110062653445
110062653454
110062653463
110062653472
110062653481
110062653490
110062653506
110062653515
110062653524
110062653542
110062653551
110062653588
110062653597
110062653604
110062653613
110062653622
110062653631
110062653640
110062653659
110062653677
110062653908
110062653917
110062653944
110062653962
110062653980
110062653999
110062654006
110062654015
110062654024
110062654042
110062654060
110062654079
110062654088
110062654097
110062654104
110062654113
110062654131
110062654195
110062654211
110062654220
110062654239
110062654248
110062654257
110062654300
110062654337
110062654346
110062654355
110062654373
110062654382
110062654391
110062654408
110062654426
110062654444
110062654453
110062654462
110062656399
110062656406
110062656424
110062656433
110062656442
110062656451
110062656460
110062656479
110062656497
110062656521
110062656530
110062656549
110062656558
110062656567
110062656576
110062656585
110062656594
110062656601
110062656629
110062656638
110062656647
110062656656
110062656665
110062656674
110062656683
110062656692
110062656709
110062656843
110062656852
110062656861
110062656870
110062656987
110062656996
110062657067
110062657138
110062657147
110062657165
110062657192
110062657209
110062657218
110062657227
110062657236
110062657245
110062657254
110062657281
110062657361
110062657432
110062657450
110062657469
110062657478
110062657487
110062657619
110062657655
110062657682
110062657691
110062657708
110062657717
110062657726
110062657735
110062657744
110062657799
110062657815
110062657824
110062657833
110062657842
110062657851
110062657860
110062658002
110062658048
110062658066
110062658093
110062659145
110062659350
110062659369
110062659403
110062659476
110062659528
110062659715
110062659724
110062660188
110062660240
110062660348
110062660384
110062660393
110062660400
110062660419
110062660525
110062660561
110062660650
110062660785
110062660794
110062660801
110062660810
110062660829
110062660838
110062660892
110062660909
110062660918
110062660927
110062660945
110062660954
110062660972
110062660981
110062661007
110062661016
110062661025
110062661061
110062661098
110062661132
110062661150
110062661169
110062661178
110062661187
110062661196
110062661221
110062661230
110062661917
110062661935
110062661953
110062661971
110062661980
110062662275
110062662293
110062662300
110062662373
110062662382
110062662408
110062662514
110062662532
110062662541
110062662550
110062662569
110062662596
110062662612
110062662630
110062662658
110062662667
110062662685
110062662694
110062662710
110062662747
110062662756
110062662774
110062662792
110062662809
110062662818
110062662881
110062662907
110062662916
