110062662925
110062662943
110062662961
110062663005
110062663023
110062663041
110062664479
110062664503
110062664521
110062664549
110062664594
110062664601
110062664674
110062664754
110062664763
110062664790
110062664816
110062664834
110062664843
110062664870
110062664889
110062664905
110062664914
110062664932
110062664941
110062664978
110062664987
110062665003
110062665012
110062665030
110062665058
110062665076
110062665085
110062665094
110062665110
110062665129
110062665138
110062665147
110062665165
110062665192
110062665209
110062665218
110062665227
110062665236
110062665245
110062665254
110062665272
110062665281
110062665290
110062665307
110062665316
110062665334
110062665343
110062665352
110062665361
110062665370
110062665389
110062665398
110062665405
110062665414
110062665423
110062665432
110062665441
110062665450
110062665469
110062665478
110062665487
110062665496
110062665502
110062665511
110062665539
110062665548
110062665566
110062665575
110062665593
110062665600
110062665619
110062665628
110062665637
110062665708
110062665735
110062665959
110062667458
110062667485
110062667500
110062667519
110062667555
110062667564
110062667573
110062667582
110062667591
110062667608
110062667617
110062667626
110062667635
110062667644
110062667662
110062667671
110062667680
110062667706
110062667724
110062667733
110062667742
110062667751
110062667760
110062667788
110062667797
110062667804
110062667822
110062667831
110062667895
110062667902
110062667975
110062667993
110062668073
110062668117
110062668153
110062668171
110062668199
110062668224
110062668242
110062668260
110062668288
110062668297
110062668625
110062669713
110062671103
110062671121
110062671130
110062671149
110062671167
110062671210
110062671229
110062671247
110062671283
110062671292
110062671327
110062671336
110062671363
110062671390
110062671407
110062671434
110062671452
110062671461
110062671498
110062671513
110062671639
110062671648
110062671675
110062671755
110062671782
110062671808
110062671826
110062671844
110062671942
110062672031
110062673049
110062673094
110062673192
110062673236
110062673389
110062673441
110062673450
110062673469
110062673478
110062673487
110062673496
110062673539
110062673548
110062673557
110062673566
110062673575
110062673584
110062673593
110062673619
110062673628
110062673799
110062673806
110062673833
110062673851
110062673879
110062673913
110062673986
110062674100
110062674128
110062674155
110062674191
110062674217
110062674244
110062674262
110062674271
110062674280
110062674333
110062674360
110062674388
110062674404
110062674413
110062674440
110062674459
110062674468
110062674501
110062674529
110062674565
110062674618
110062674627
110062674654
110062674663
110062674672
110062674681
110062674690
110062674707
110062674725
110062674734
110062674743
110062674752
110062674770
110062674789
110062674805
110062674814
110062674832
110062674850
110062674878
110062674887
110062674896
110062674903
110062674912
110062695374
110062726698
110063007990
110063008356
110063008365
110063008757
110063008800
110063008819
110063008828
110063008855
110063008908
110063008953
110063008962
110063008999
110063009033
110063009042
110063009060
110063009079
110063009104
110063009131
110063009140
110063009195
110063009202
110063009211
110063009257
110063009266
110063009319
110063009505
110063009836
110063009845
110063009961
110063009989
110063010012
110063010021
110063010030
110063010076
110063010085
110063010094
110063010101
110063010110
110063010227
110063010263
110063010450
110063010502
110063010511
110063010520
110063010539
110063010557
110063010600
110063010619
110063010628
110063010637
110063010646
110063010655
110063010708
110063010726
110063010735
110063010815
110063010824
110063010833
110063010842
110063010851
110063010995
110063011075
110063011137
110063011146
110063011173
110063011182
110063011226
110063011235
110063011244
110063011253
110063011333
110063011342
110063011351
110063011360
110063011379
110063011547
110063011583
110063011592
110063011636
110063012626
110063012644
110063012760
110063013108
110063013126
110063013162
110063013171
110063013386
110063013466
110063013484
110063013670
110063013778
110063014376
110063014456
110063015124
110063015927
110063015936
110063015945
110063015954
110063015963
110063015972
110063015981
110063015990
110063016338
110063016347
110063016356
110063016365
110063016374
110063016383
110063016392
110063016409
110063016418
110063016427
110063016445
110063016454
110063016463
110063016472
110063016481
110063016490
110063016506
110063016515
110063016524
110063016542
110063016551
110063016659
110063016668
110063016686
110063016695
110063016702
110063016800
110063016819
110063016828
110063016837
110063016846
110063016855
110063016864
110063016873
110063016882
110063016908
110063016926
110063016935
110063016944
110063016962
110063016999
110063017006
110063017015
110063017024
110063017033
110063017051
110063017060
110063017079
110063017088
110063017104
110063017113
110063017131
110063017140
110063017159
110063017168
110063017177
110063017186
110063017195
110063017202
110063017211
110063017220
110063017239
110063017248
110063017257
110063017569
110063017578
110063017587
110063017596
110063017603
110063017612
110063017621
110063017630
110063017649
110063017658
110063017667
110063017676
110063017685
110063017694
110063017701
110063017710
110063017747
110063017756
110063017765
110063017774
110063017783
110063018194
110063018201
110063018229
110063018238
110063018292
110063018309
110063018318
110063018327
110063018336
110063018345
110063018354
110063018363
110063018372
110063018381
110063018390
110063018407
110063018416
110063018425
110063018434
110063018443
110063018489
110063018498
110063018504
110063018513
110063018522
110063018531
110063018540
110063018559
110063018586
110063018595
110063018602
110063018611
110063018620
110063018639
110063018648
110063018657
110063018666
110063018675
110063018684
110063018693
110063018700
110063018719
110063018728
110063018737
110063018755
110063018773
110063018782
110063018791
110063018808
110063018817
110063018826
110063018835
110063018844
110063018853
110063018862
110063018871
110063018880
110063018899
110063018906
110063018915
110063018924
110063018933
110063018942
110063018951
110063018960
110063018979
110063018988
110063018997
110063019022
110063019031
110063019040
110063019059
110063019068
110063019077
110063019086
110063019102
110063019111
110063019120
110063019148
110063019157
110063019166
110063019175
110063019184
110063019193
110063019200
110063019219
110063019228
110063019237
110063019246
110063019255
110063019264
110063019282
110063019291
110063019308
110063019326
110063019344
110063019353
110063019362
110063019371
110063019380
110063019399
110063019406
110063019415
110063019424
110063019433
110063019442
110063019451
110063019460
110063019479
110063019488
110063019497
110063019503
110063019512
110063019521
110063019530
110063019549
110063019558
110063019567
110063019585
110063019594
110063019601
110063019610
110063019629
110063019638
110063019647
110063019745
110063019754
110063019763
110063019772
110063019781
110063019790
110063019807
110063019816
110063019825
110063019843
110063019852
110063019861
110063019870
110063019898
110063019905
110063019914
110063019923
110063019932
110063019941
110063020029
110063020056
110063020065
110063020074
110063020083
110063020092
110063020109
110063020127
110063020145
110063020154
110063020163
110063020172
110063020181
110063020190
110063020207
110063020216
110063020225
110063020234
110063020243
110063020252
110063020261
110063020341
110063020350
110063020369
110063020378
110063020387
110063020396
110063020403
110063020412
110063020500
110063020519
110063020528
110063020537
110063020546
110063020555
110063020564
110063020573
110063020582
110063020591
110063020608
110063020617
110063020626
110063020706
110063020715
110063020733
110063020742
110063020751
110063020760
110063020779
110063020788
110063020797
110063020804
110063020813
110063020822
110063020831
110063020840
110063020859
110063020868
110063020877
110063020886
110063020895
110063020902
110063020911
110063020920
110063020939
110063020948
110063020957
110063020966
110063020975
110063020984
110063020993
110063021000
110063021028
110063021037
110063021046
110063021055
110063021064
110063021073
110063021082
110063021091
110063021108
110063021117
110063021126
110063021135
110063021144
110063021153
110063021162
110063021171
110063021180
110063021199
110063021206
110063021215
110063021224
110063021233
110063021242
110063021251
110063021260
110063021279
110063021288
110063021297
110063021304
110063021313
110063021322
110063021331
110063021340
110063021359
110063021368
110063021377
110063021386
110063021395
110063021402
110063021411
110063021643
110063021652
110063021661
110063021670
110063021689
110063021698
110063021705
110063021714
110063021723
110063021787
110063021796
110063021803
110063021812
110063021830
110063021849
110063021858
110063021867
110063021876
110063021894
110063021901
110063021910
110063021929
110063021938
110063021947
110063021956
110063021965
110063021974
110063021983
110063021992
110063022009
110063022018
110063022027
110063022036
110063022054
110063022063
110063022072
110063022081
110063022090
110063022107
110063022116
110063022125
110063022134
110063022143
110063022152
110063022170
110063022189
110063022198
110063022205
110063022214
110063022223
110063022241
110063022269
110063022278
110063022287
110063022296
110063022303
110063022312
110063022321
110063022330
110063022349
110063022358
110063022367
110063022535
110063022544
110063022553
110063022562
110063022571
110063022580
110063022848
110063022875
110063022884
110063022893
110063022900
110063022919
110063022937
110063022946
110063023491
110063023507
110063023721
110063023758
110063023847
110063024882
110063024891
110063024908
110063024917
110063024926
110063024944
110063024953
110063024962
110063024971
110063024980
110063024999
110063025097
110063211153
110063212367
110063212811
110063212820
110063212955
110063212964
110063213026
110063213080
110063213106
110063213124
110063213133
110063213179
110063213188
110063213204
110063213847
110063214196
110063214347
110063214365
110063214383
110063214472
110063214490
110063214515
110063214524
110063214533
110063214542
110063214551
110063214588
110063214748
110063214784
110063214793
110063214800
110063214828
110063214837
110063214855
110063214864
110063214873
110063214908
110063214999
110063215006
110063215015
110063215024
110063215033
110063215042
110063215051
110063215060
110063215079
110063215088
110063215097
110063215104
110063215122
110063215131
110063215177
110063215710
110063215890
110063215907
110063215916
110063215934
110063215952
110063215961
110063215970
110063215989
110063215998
110063216005
110063216014
110063216050
110063216069
110063216078
110063216087
110063216103
110063216121
110063216130
110063216158
110063216176
110063216185
110063216194
110063216201
110063216381
110063216390
110063216416
110063217200
110063217228
110063217451
110063217460
110063217479
110063217488
110063217497
110063217503
110063217512
110063217521
110063217530
110063217549
110063217558
110063217567
110063217576
110063217594
110063217601
110063217610
110063217629
110063217638
110063217656
110063217727
110063217736
110063217807
110063217816
110063217834
110063217843
110063217852
110063217861
110063217889
110063217898
110063217905
110063217914
110063217923
110063217932
110063217941
110063217950
110063217969
110063217978
110063217996
110063218003
110063218012
110063218021
110063218030
110063218049
110063218058
110063218067
110063218076
110063218085
110063218281
110063218290
110063218307
110063218334
110063218619
110063218628
110063219011
110063219663
110063219672
110063219690
110063219707
110063219716
110063219725
110063219734
110063219743
110063219752
110063219761
110063219770
110063219789
110063219798
110063219805
110063219814
110063219823
110063219832
110063219841
110063219850
110063219869
110063219878
110063220278
110063220287
110063220296
110063220312
110063220321
110063220330
110063220349
110063220358
110063220367
110063220376
110063220385
110063220394
110063220401
110063220410
110063220429
110063220438
110063220447
110063220893
110063220900
110063220919
110063220928
110063220937
110063220946
110063220955
110063220964
110063220973
110063220991
110063221008
110063221026
110063221035
110063221044
110063221053
110063221062
110063221071
110063221080
110063221099
110063221106
110063221115
110063221124
110063221142
110063221151
110063221160
110063221179
110063221188
110063221197
110063221204
110063221213
110063221222
110063221231
110063221507
110063221678
110063221687
110063221696
110063221703
110063221712
110063221721
110063221730
110063221749
110063221758
110063221767
110063221776
110063221785
110063221794
110063221801
110063221892
110063222105
110063223266
110063268618
110063593936
110063596979
110063597004
110063597013
110063597031
110063597335
110063597914
110063598110
110063598129
110063598138
110063598147
110063598156
