110063598165
110063598361
110063598398
110063598405
110063598423
110063598432
110063598548
110063598593
110063598726
110063598735
110063598744
110063598799
110063598824
110063598842
110063599011
110063599057
110063599066
110063599119
110063599128
110063599226
110063599235
110063599244
110063599789
110063600170
110063600278
110063600385
110063600606
110063600651
110063600893
110063600900
110063600919
110063600955
110063600964
110063600982
110063601008
110063601035
110063601044
110063601053
110063601062
110063601259
110063601268
110063601277
110063601286
110063601357
110063601669
110063601678
110063601687
110063601696
110063601703
110063601712
110063601721
110063601730
110063601749
110063601758
110063601767
110063601776
110063601785
110063601794
110063601801
110063601810
110063601829
110063601838
110063601847
110063601856
110063601874
110063601883
110063601892
110063601909
110063601918
110063601927
110063601936
110063601945
110063601954
110063601972
110063601981
110063601990
110063602007
110063602016
110063602025
110063602034
110063602043
110063602061
110063602070
110063602089
110063602098
110063602114
110063602123
110063602132
110063602141
110063602150
110063602169
110063602178
110063602187
110063602196
110063602203
110063602212
110063602221
110063602230
110063602267
110063602276
110063602524
110063602533
110063602613
110063602622
110063602631
110063602640
110063602659
110063602668
110063602677
110063602686
110063602695
110063602702
110063602711
110063602720
110063602739
110063602748
110063602757
110063602766
110063602775
110063602784
110063602793
110063602800
110063602819
110063602828
110063602837
110063602846
110063602855
110063602864
110063602873
110063602882
110063602891
110063602908
110063602917
110063602999
110063603006
110063603024
110063603033
110063603042
110063603051
110063603060
110063603079
110063603088
110063603097
110063603104
110063603113
110063603122
110063603140
110063603159
110063603168
110063603177
110063603186
110063603195
110063603202
110063603211
110063603220
110063603239
110063603248
110063603266
110063603275
110063603284
110063603293
110063603300
110063603319
110063603328
110063603337
110063603346
110063603355
110063603364
110063603373
110063603382
110063603391
110063603408
110063603417
110063603426
110063603435
110063603444
110063603462
110063603471
110063603480
110063603499
110063603514
110063603523
110063603532
110063603550
110063603569
110063603578
110063603587
110063603596
110063603603
110063603612
110063603630
110063603649
110063603658
110063603667
110063603676
110063603685
110063603694
110063603701
110063603710
110063603729
110063603738
110063603747
110063603756
110063603765
110063603774
110063603783
110063603792
110063603809
110063603818
110063603827
110063603836
110063603845
110063603854
110063603863
110063603872
110063603881
110063603890
110063603907
110063603916
110063603925
110063603934
110063603943
110063603952
110063603961
110063603970
110063603989
110063604005
110063604014
110063604032
110063604041
110063604050
110063604069
110063604078
110063604087
110063604103
110063604121
110063604130
110063604149
110063604167
110063604176
110063604185
110063604194
110063604201
110063604210
110063604229
110063604238
110063604247
110063604256
110063604265
110063604274
110063604372
110063604381
110063604390
110063604407
110063604416
110063604425
110063604434
110063604443
110063604452
110063604461
110063604470
110063604504
110063604513
110063604522
110063604531
110063604540
110063604559
110063604568
110063604577
110063604586
110063604602
110063604611
110063604620
110063604639
110063604648
110063604657
110063604666
110063604684
110063604693
110063604700
110063604719
110063604728
110063604737
110063604746
110063604755
110063604764
110063604773
110063604791
110063604808
110063604817
110063604826
110063604835
110063604844
110063604853
110063604862
110063604871
110063604880
110063604899
110063604906
110063604915
110063604924
110063604933
110063604942
110063604951
110063604960
110063604979
110063604988
110063604997
110063605004
110063605013
110063605022
110063605031
110063605040
110063605059
110063605068
110063605077
110063605086
110063605095
110063605102
110063605111
110063605120
110063605148
110063605157
110063605166
110063605175
110063605184
110063605193
110063605200
110063605219
110063605228
110063605237
110063605246
110063605255
110063605264
110063605273
110063605282
110063605291
110063605308
110063605317
110063605326
110063605335
110063605344
110063605353
110063605362
110063605371
110063605380
110063605399
110063605406
110063605415
110063605424
110063605433
110063605442
110063605451
110063605460
110063605479
110063605488
110063605497
110063605503
110063605512
110063605521
110063605530
110063605549
110063605558
110063605567
110063605576
110063605585
110063605594
110063605601
110063605610
110063605629
110063605638
110063605647
110063605656
110063605674
110063605692
110063605709
110063605718
110063605727
110063605736
110063605745
110063605754
110063605763
110063605772
110063605781
110063605790
110063605807
110063605816
110063605825
110063605834
110063605843
110063605852
110063605861
110063605870
110063605889
110063605898
110063605905
110063605914
110063605923
110063605932
110063605941
110063605950
110063605969
110063605978
110063605987
110063605996
110063606003
110063606012
110063606021
110063606030
110063606049
110063606058
110063606067
110063606076
110063606085
110063606094
110063606101
110063606110
110063606129
110063606138
110063606147
110063606156
110063606165
110063606174
110063606183
110063606192
110063606209
110063606218
110063606227
110063606236
110063606245
110063606254
110063606263
110063606272
110063606281
110063606290
110063606307
110063606316
110063606325
110063606334
110063606343
110063606352
110063606361
110063606370
110063606389
110063606398
110063606405
110063606414
110063606423
110063606432
110063606441
110063606450
110063606469
110063606478
110063606487
110063606496
110063606502
110063606511
110063606520
110063606539
110063606548
110063606557
110063606575
110063606584
110063606593
110063606600
110063606619
110063606628
110063606637
110063606646
110063606655
110063606664
110063606673
110063606682
110063606691
110063606708
110063606717
110063606726
110063606735
110063606744
110063606753
110063606762
110063606771
110063606780
110063606799
110063606806
110063606815
110063606824
110063606833
110063606842
110063606851
110063606860
110063606879
110063606888
110063606897
110063606904
110063606913
110063606922
110063606931
110063606940
110063606959
110063606968
110063606977
110063606986
110063606995
110063607002
110063607011
110063607020
110063607039
110063607048
110063607057
110063607066
110063607075
110063607084
110063607093
110063607100
110063607119
110063607128
110063607137
110063607146
110063607155
110063607164
110063607173
110063607182
110063607191
110063607208
110063607217
110063607226
110063607235
110063607244
110063607253
110063607262
110063607271
110063607280
110063607306
110063607315
110063607324
110063607333
110063607342
110063607351
110063607360
110063607379
110063607388
110063607397
110063607404
110063607413
110063607422
110063607431
110063607440
110063607459
110063607468
110063607477
110063607486
110063607501
110063607510
110063607529
110063607547
110063607556
110063607565
110063607574
110063607583
110063607592
110063607609
110063607618
110063607627
110063607636
110063607645
110063607654
110063607663
110063607672
110063607681
110063607690
110063607707
110063607716
110063607725
110063607734
110063607743
110063607752
110063607761
110063607770
110063607789
110063607798
110063607805
110063607814
110063607823
110063607832
110063607841
110063607869
110063607878
110063607887
110063607896
110063607903
110063607921
110063607930
110063607949
110063607958
110063607967
110063607976
110063607985
110063607994
110063608001
110063608010
110063608029
110063608038
110063608047
110063608056
110063608065
110063608074
110063608127
110063608136
110063608145
110063608154
110063608163
110063608234
110063608243
110063608252
110063608261
110063608270
110063608289
110063608298
110063608305
110063608314
110063608323
110063608332
110063608341
110063608350
110063608369
110063608378
110063608387
110063608396
110063608403
110063608412
110063608421
110063608430
110063608449
110063608458
110063608476
110063608485
110063608494
110063608500
110063608519
110063608528
110063608537
110063608546
110063608555
110063608635
110063608644
110063608653
110063608662
110063608671
110063608680
110063608699
110063608706
110063608715
110063608724
110063608742
110063608751
110063608760
110063608779
110063608788
110063608797
110063608804
110063608813
110063608822
110063608831
110063608840
110063608859
110063608868
110063608877
110063608886
110063608895
110063608902
110063608966
110063608975
110063608984
110063608993
110063609000
110063609019
110063609028
110063609037
110063609046
110063609055
110063609064
110063609073
110063609082
110063609091
110063609108
110063609117
110063609126
110063609135
110063609144
110063609153
110063609162
110063609171
110063609180
110063609199
110063609206
110063609215
110063609224
110063609233
110063609242
110063609251
110063609260
110063609279
110063609288
110063609297
110063609304
110063609313
110063609322
110063609331
110063609340
110063609359
110063609368
110063609377
110063609386
110063609395
110063609402
110063609411
110063609420
110063609439
110063609448
110063609457
110063609466
110063609475
110063609484
110063609493
110063609509
110063609518
110063609527
110063609536
110063609545
110063609554
110063609563
110063609572
110063609581
110063609590
110063609607
110063609616
110063609625
110063609634
110063609643
110063609732
110063609741
110063609750
110063609769
110063609778
110063609787
110063609796
110063609803
110063609812
110063609821
110063609830
110063609849
110063609858
110063609867
110063609876
110063609885
110063609894
110063609901
110063609910
110063609929
110063609938
110063609947
110063609956
110063609965
110063609974
110063609983
110063609992
110063610016
110063610025
110063610043
110063610052
110063610061
110063610070
110063610089
110063610098
110063610105
110063610114
110063610123
110063610132
110063610141
110063610150
110063610169
110063610178
110063610187
110063610196
110063610203
110063610212
110063610221
110063610230
110063610249
110063610258
110063610267
110063610276
110063610285
110063610294
110063610301
110063610310
110063610329
110063610338
110063610347
110063610356
110063610365
110063610374
110063610383
110063610392
110063610409
110063610418
110063610427
110063610436
110063610445
110063610454
110063610472
110063610481
110063610490
110063610506
110063610524
110063610533
110063610551
110063610560
110063610579
110063610588
110063610597
110063610604
110063610613
110063610622
110063610631
110063610640
110063610659
110063610720
110063610739
110063610748
110063610757
110063610766
110063610775
110063610784
110063610793
110063610800
110063610819
110063610828
110063610837
110063610846
110063610855
110063610873
110063610882
110063611783
110063611792
110063611809
110063611818
110063611827
110063612639
110063612657
110063612666
110063612675
110063612684
110063612693
110063613718
110063613754
110063613772
110063613781
110063613790
110063613807
110063614156
110063614165
110063614174
110063614183
110063614192
110063614209
110063614218
110063614227
110063614236
110063614245
110063614254
110063614263
110063614272
110063614281
110063614290
110063614316
110063614325
110063614334
110063614343
110063614352
110063614361
110063614370
110063614389
110063614398
110063614405
110063614414
110063614423
110063614432
110063614441
110063614450
110063614469
110063614478
110063614487
110063614496
110063614502
110063614511
110063614520
110063614539
110063614548
110063614557
110063614566
110063614575
110063614584
110063614593
110063614600
110063614619
110063614628
110063614637
110063614646
110063614655
110063614664
110063614673
110063614691
110063614708
110063614717
110063614726
110063614744
110063614753
110063614762
110063614771
110063614780
110063614799
110063614806
110063614815
110063614824
110063614833
110063614842
110063614851
110063614959
110063614977
110063614986
110063614995
110063615002
110063615011
110063615020
110063615048
110063615057
110063615066
110063615075
110063615084
110063615093
110063615100
110063615119
110063615128
110063615137
110063615146
110063615164
110063615173
110063615182
110063615191
110063615208
110063615217
110063615226
110063615244
110063615253
110063615262
110063615271
110063615280
110063615299
110063615315
110063615324
110063615333
110063615342
110063615351
110063615360
110063615832
110063615850
110063615869
110063615878
110063615887
110063615896
110063615903
110063615912
110063615921
110063615930
110063615985
110063615994
110063616001
110063616010
110063616029
110063616038
110063616047
110063616065
110063616074
110063616083
110063616092
110063616109
110063616118
110063616127
110063616136
110063616145
110063616378
110063616387
110063616396
110063616403
110063616412
110063616421
110063616430
110063616449
