110063616458
110063616467
110063616476
110063616494
110063616500
110063616519
110063616537
110063616546
110063616555
110063616564
110063616573
110063616582
110063616591
110063616608
110063616617
110063616626
110063616635
110063616644
110063616653
110063616662
110063616671
110063616680
110063616699
110063616706
110063616715
110063616733
110063616742
110063616751
110063616760
110063616779
110063616788
110063616804
110063616813
110063616822
110063616831
110063616840
110063616859
110063616877
110063616886
110063616895
110063616902
110063616911
110063616920
110063616939
110063616948
110063616957
110063616975
110063616984
110063616993
110063617000
110063617019
110063617028
110063617037
110063617046
110063617055
110063617064
110063617073
110063617082
110063617091
110063617108
110063617117
110063617126
110063617135
110063617153
110063617162
110063617171
110063617180
110063617224
110063617233
110063617242
110063617251
110063617260
110063617279
110063617288
110063617297
110063617304
110063617313
110063617322
110063617331
110063617340
110063617359
110063617368
110063617377
110063617386
110063617395
110063617402
110063617411
110063617420
110063617439
110063617448
110063617457
110063617466
110063617484
110063617493
110063617509
110063617518
110063617536
110063617545
110063617554
110063617563
110063617572
110063617581
110063617590
110063617607
110063617616
110063617625
110063617634
110063617643
110063617652
110063617661
110063617670
110063617689
110063617867
110063667633
110063667768
110063668286
110063698672
110063698707
110063698743
110063698798
110063698805
110063698814
110063698878
110063698921
110063698949
110063698958
110063698976
110063698994
110063699001
110063699010
110063699038
110063699047
110063699074
110063699092
110063699109
110063699118
110063699163
110063699225
110063699234
110063699261
110063699289
110063699396
110063699984
110063700080
110063700197
110063700222
110063700231
110063700240
110063700259
110063700320
110063700339
110063700419
110063700428
110063700516
110063700543
110063700552
110063700561
110063700650
110063700810
110063700838
110063700990
110063701221
110063701230
110063701436
110063701702
110063701720
110063701739
110063701766
110063701775
110063701784
110063701846
110063701855
110063701873
110063701908
110063701917
110063701935
110063701962
110063701971
110063702024
110063702140
110063702202
110063702266
110063702275
110063702284
110063702293
110063702300
110063702319
110063702328
110063702337
110063702346
110063702355
110063702391
110063702408
110063702417
110063702426
110063702435
110063702444
110063702453
110063702462
110063702471
110063702480
110063702499
110063702505
110063702514
110063702523
110063702532
110063702541
110063702550
110063702569
110063702578
110063702587
110063702596
110063703149
110063703158
110063703167
110063703176
110063703194
110063703201
110063703210
110063703229
110063703238
110063703247
110063703265
110063703292
110063703309
110063703318
110063703327
110063703336
110063703345
110063703354
110063703363
110063703372
110063703390
110063703407
110063703425
110063703434
110063703443
110063703452
110063703461
110063703470
110063703489
110063703498
110063703504
110063703513
110063703522
110063703531
110063703924
110063703933
110063703942
110063703951
110063703960
110063703979
110063703988
110063703997
110063704004
110063704022
110063704647
110063704656
110063704665
110063704692
110063704727
110063712576
110063713343
110063713352
110063713361
110063713389
110063713398
110063713405
110063713441
110063713450
110063713469
110063713478
110063713487
110063713496
110063713502
110063713511
110063713520
110063713539
110063713548
110063713557
110063713566
110063713575
110063713584
110063713682
110063713691
110063713799
110063713806
110063713824
110063714128
110063714137
110063718080
110063718268
110063718277
110063718286
110063718295
110063718302
110063718311
110063718320
110063718339
110063718348
110063718357
110063718366
110063718375
110063718384
110063718393
110063718428
110063718437
110063718464
110063718473
110063718482
110063718491
110063718507
110063718525
110063718534
110063718543
110063718552
110063718561
110063718570
110063718589
110063718598
110063718605
110063718614
110063718623
110063718632
110063718641
110063718650
110063718669
110063718678
110063718687
110063718696
110063718703
110063718712
110063718721
110063718730
110063718749
110063718758
110063718767
110063718776
110063718785
110063718794
110063718801
110063718810
110063718829
110063718838
110063718856
110063718865
110063718874
110063718883
110063718892
110063718909
110063718918
110063718927
110063718936
110063718945
110063718954
110063718963
110063718972
110063718981
110063718990
110063719007
110063719016
110063719025
110063719034
110063719043
110063719052
110063719061
110063719070
110063719089
110063719098
110063719105
110063719114
110063719123
110063719132
110063719141
110063719150
110063719169
110063719178
110063719187
110063719196
110063719203
110063719230
110063719249
110063719258
110063719267
110063719276
110063719285
110063719294
110063719301
110063719310
110063719329
110063719338
110063719347
110063719356
110063719365
110063719374
110063719383
110063719392
110063719409
110063719436
110063719445
110063719454
110063735230
110063848494
110063862342
110063863010
110063863118
110063863270
110063863332
110063863341
110063863369
110063863378
110063863387
110063863430
110063863706
110063863984
110063864046
110063864073
110063864144
110063864215
110063864251
110063864279
110063864331
110063864572
110063864581
110063864607
110063864616
110063864625
110063864830
110063864983
110063865036
110063865054
110063865072
110063865241
110063865250
110063865269
110063865278
110063865367
110063865401
110063865429
110063865438
110063865447
110063865456
110063865465
110063865474
110063865839
110063865982
110063866678
110063866687
110063866696
110063866703
110063866721
110063866730
110063866749
110063866758
110063866767
110063866776
110063866785
110063866794
110063866801
110063866810
110063866829
110063866838
110063866856
110063866874
110063866883
110063866892
110063866909
110063866918
110063866927
110063866936
110063866945
110063866954
110063866963
110063866972
110063866981
110063866990
110063867098
110063867105
110063867249
110063867258
110063867267
110063867285
110063867294
110063867301
110063867310
110063867329
110063867338
110063867347
110063867356
110063867365
110063867374
110063867392
110063867409
110063867418
110063867427
110063867436
110063867445
110063867454
110063867463
110063867472
110063867481
110063867490
110063867506
110063867515
110063867800
110063867819
110063867828
110063867837
110063867846
110063867855
110063867864
110063867873
110063867882
110063867891
110063867908
110063867917
110063868024
110063868033
110063868042
110063868051
110063868060
110063868079
110063868088
110063868104
110063868113
110063868122
110063868131
110063868140
110063868159
110063868168
110063868177
110063868186
110063868195
110063868202
110063868211
110063868220
110063868239
110063868248
110063868257
110063868266
110063868275
110063868284
110063868293
110063868300
110063868319
110063868328
110063868337
110063868346
110063868355
110063868364
110063868373
110063868382
110063868505
110063868514
110063868523
110063868532
110063868541
110063868550
110063868569
110063868578
110063868587
110063868596
110063868603
110063868612
110063868621
110063868630
110063868649
110063868658
110063868667
110063868676
110063868685
110063868694
110063868701
110063868710
110063868729
110063868738
110063868747
110063868756
110063868765
110063868774
110063868783
110063868792
110063868836
110063868845
110063868863
110063868872
110063868881
110063868890
110063868907
110063868925
110063868934
110063868943
110063868952
110063868961
110063868989
110063868998
110063869005
110063869014
110063869032
110063869112
110063869247
110063869256
110063869265
110063869274
110063869283
110063869292
110063869309
110063869318
110063869327
110063869336
110063869345
110063869354
110063869363
110063869372
110063869381
110063869390
110063869540
110063869559
110063869595
110063869602
110063869611
110063869648
110063869666
110063869684
110063869719
110063869728
110063869737
110063869746
110063869755
110063869764
110063869773
110063869782
110063869791
110063869808
110063869817
110063869826
110063869835
110063869844
110063869853
110063870164
110063870173
110063870333
110063870351
110063870360
110063870379
110063870388
110063870397
110063870404
110063870413
110063870422
110063870431
110063870440
110063870468
110063870486
110063870495
110063870501
110063870510
110063870529
110063870538
110063870547
110063870556
110063870565
110063871127
110063871136
110063871145
110063871154
110063871163
110063871172
110063871733
110063871742
110063871751
110063871760
110063871779
110063871788
110063871797
110063871804
110063871813
110063871822
110063871831
110063871840
110063871859
110063871868
110063871877
110063871886
110063873287
110063873296
110063873303
110063873321
110063873330
110063873349
110063873358
110063873367
110063873376
110063873385
110063873394
110063873401
110063873410
110063873429
110063873438
110063873447
110063873465
110063873474
110063873483
110063873492
110063873508
110063873517
110063873526
110063873544
110063874286
110063874295
110063874302
110063874311
110063874320
110063874339
110063874348
110063874357
110063874366
110063874375
110063874384
110063874393
110063874400
110063874419
110063875711
110063875720
110063875739
110063875748
110063875757
110063875766
110063875775
110063875784
110063875793
110063875800
110063875819
110063875828
110063875846
110063875855
110063875864
110063878264
110063878353
110063878362
110063878371
110063878380
110063878399
110063878415
110063878433
110063878451
110063878460
110063878479
110063878488
110063878497
110063878521
110063878530
110063878558
110063878567
110063878576
110063878585
110063878594
110063878610
110063878638
110063878647
110063878665
110063878674
110063878692
110063878709
110063878718
110063878754
110063878772
110063878781
110063878790
110063878807
110063881189
110063881205
110063883034
110063883052
110063883061
110063883089
110063883098
110063883114
110063884355
110063884408
110063884435
110063884444
110063884462
110063884578
110063885960
110063886022
110063886059
110063886095
110063886111
110063886120
110063886139
110063886148
110063886157
110063886166
110063886184
110063886193
110063886219
110063886237
110063886264
110063886282
110063886308
110063886335
110063886353
110063886415
110063886433
110063886442
110063886479
110063886488
110063888057
110063888075
110063888173
110063888789
110063888805
110063888814
110063889528
110063889546
110063889555
110063889573
110063889724
110063889751
110063889779
110063889797
110063889804
110063889822
110063889939
110063889948
110063889975
110063889984
110063889993
110063890008
110063890017
110063890026
110063890035
110063890044
110063890115
110063890124
110063890142
110063890160
110063890286
110063890295
110063890302
110063890311
110063890320
110063890339
110063891436
110063891454
110063891463
110063891472
110063891481
110063891506
110063891515
110063898126
110063898144
110063898288
110063898475
110063898689
110063899704
110063899722
110063900284
110063900293
110063900907
110063901005
110063901032
110063901096
110063901103
110063901121
110063901158
110063901354
110063901924
110063902013
110063902255
110063902362
110063902371
110063902415
110063902442
110063902460
110063902488
110063902503
110063902512
110063906000
110063906019
110063912244
110063914233
110063914493
110063914509
110063914518
110063914670
110063914705
110063915143
110063915152
110063915161
110063915170
110063915394
110063915401
110063915410
110063915508
110063915517
110063915544
110063915571
110063915802
110063915811
110063915893
110063916026
110063916035
110063916277
110063916286
110063916393
110063916650
110063916721
110063916767
110063916776
110063917249
110063917294
110063917301
110063917784
110063917891
110063917971
110063918257
110063918328
110063918337
110063918685
110063918710
110063919336
110063919666
110063920119
110063920333
110063920752
110063920841
110063921485
110063921742
110063921966
110063921975
110063921984
110063921993
110063923642
110063923651
110063923660
110063924687
110063924696
110063925070
110063925105
110063925301
110063925329
110063925515
110063925739
110063925757
110063926097
110063926131
110063926195
110063926792
110063926952
110063931045
110063931875
110063932213
110063932561
110063936433
110063936442
110063936816
110063936978
110063941114
110063941392
110063942916
110063943210
110063947387
110063947859
110063948091
110063949571
110063949580
110063950149
110063950158
110063950167
110063950176
110063950185
110063950210
110063950265
110063950345
110063950924
110063952236
110063952478
110063952628
110063952655
110063952664
110063952673
110063952682
110063952717
110063952726
110063952762
110063952815
110063952879
110063952913
110063952959
110063952986
110063955439
110063955518
110063955527
110063955983
110063956492
110063956535
110063956553
110063956580
