110063956651
110063956688
110063956697
110063956768
110063956893
110063956955
110063958043
110063958098
110063958105
110063958267
110063958310
110063958383
110063958409
110063958463
110063958668
110063960325
110063967104
110063967355
110063969558
110063969576
110063969763
110063969781
110063969923
110063979306
110063980205
110063980615
110063980731
110063980928
110063981044
110063981268
110063981366
110063981446
110063981543
110063982212
110063984782
110063987477
110063988261
110063988289
110063988298
110063988305
110063988314
110063988323
110063988332
110063988341
110063988788
110063989448
110063989625
110063990560
110063990828
110063991140
110063992782
110063992960
110063993031
110063993040
110064026888
110064026913
110064026922
110064027994
110064028001
110064028010
110064028038
110064028074
110064028653
110064028662
110064028671
110064028680
110064028699
110064028706
110064028715
110064028724
110064028733
110064028742
110064028751
110064028760
110064028779
110064028788
110064028797
110064028804
110064028813
110064028822
110064028831
110064028840
110064028859
110064028868
110064028877
110064028886
110064028895
110064028902
110064028911
110064028920
110064028939
110064028948
110064028957
110064028966
110064028975
110064028984
110064028993
110064029000
110064029019
110064029028
110064029135
110064029153
110064029162
110064029171
110064029180
110064029206
110064029224
110064029233
110064029242
110064029251
110064029279
110064029288
110064029297
110064029304
110064029313
110064029322
110064029331
110064029340
110064029359
110064029368
110064029377
110064029386
110064029402
110064029652
110064029661
110064029670
110064029689
110064029698
110064029705
110064030230
110064030515
110064030711
110064030720
110064030828
110064030837
110064030846
110064030864
110064030882
110064030891
110064030908
110064030917
110064030935
110064030944
110064030953
110064030962
110064030971
110064030980
110064030999
110064031006
110064031015
110064031024
110064031033
110064031042
110064031051
110064031060
110064031079
110064031088
110064031685
110064031701
110064031710
110064031729
110064031738
110064031756
110064031765
110064031774
110064031783
110064031792
110064031809
110064031818
110064031827
110064031836
110064031845
110064031854
110064031863
110064031872
110064031881
110064031890
110064031907
110064031916
110064031925
110064031934
110064031943
110064031952
110064031961
110064031970
110064031989
110064031998
110064032005
110064032014
110064032023
110064032032
110064032041
110064032050
110064032069
110064032078
110064032087
110064032096
110064032103
110064032112
110064032121
110064032130
110064032149
110064032158
110064032167
110064032176
110064032185
110064032201
110064032210
110064032229
110064032238
110064032390
110064032693
110064032700
110064032719
110064032728
110064032737
110064032746
110064032755
110064032764
110064032924
110064032933
110064032942
110064032951
110064032960
110064032979
110064032988
110064032997
110064033004
110064033013
110064033022
110064033031
110064033040
110064033059
110064033068
110064033077
110064033086
110064033095
110064033102
110064033111
110064033120
110064033139
110064033157
110064033175
110064033184
110064033193
110064033200
110064033219
110064033228
110064033237
110064033246
110064033255
110064033264
110064033273
110064033674
110064033816
110064033825
110064033834
110064033843
110064033852
110064033861
110064033870
110064033898
110064033905
110064033914
110064033932
110064033941
110064033950
110064033969
110064033978
110064033987
110064034012
110064034110
110064034316
110064034628
110064034637
110064034646
110064034655
110064034673
110064034682
110064034691
110064034833
110064034931
110064034959
110064034968
110064035397
110064035645
110064035743
110064035823
110064035878
110064036190
110064036207
110064036216
110064036234
110064036252
110064036341
110064036350
110064036369
110064036378
110064036387
110064036396
110064036403
110064036412
110064036421
110064036430
110064036449
110064036467
110064036485
110064036494
110064036528
110064036671
110064036868
110064037590
110064038394
110064038517
110064039204
110064039222
110064039357
110064039543
110064039650
110064040103
110064040185
110064040201
110064040210
110064040229
110064040345
110064040915
110064042520
110064042664
110064042913
110064042931
110064042940
110064042959
110064042977
110064043002
110064043039
110064043100
110064043128
110064043173
110064043360
110064043477
110064043510
110064043832
110064043869
110064044403
110064044635
110064044653
110064044715
110064045206
110064045215
110064045224
110064045233
110064045251
110064045260
110064045288
110064045297
110064045304
110064045313
110064045322
110064045359
110064045368
110064045402
110064045714
110064045732
110064045741
110064045750
110064045769
110064045796
110064045803
110064045812
110064045894
110064046795
110064047124
110064047801
110064047954
110064048098
110064048212
110064048542
110064048551
110064048588
110064048631
110064048695
110064048757
110064049211
110064049239
110064049578
110064049621
110064049747
110064050100
110064050271
110064051136
110064051207
110064051289
110064051485
110064052000
110064052171
110064053009
110064053107
110064053143
110064054115
110064054455
110064054491
110064054516
110064054650
110064054838
110064055392
110064055481
110064055828
110064056122
110064056346
110064057728
110064057737
110064057755
110064057773
110064058344
110064058415
110064058424
110064058433
110064058451
110064058460
110064058488
110064058497
110064058503
110064058898
110064058905
110064058996
110064059003
110064059110
110064059352
110064059735
110064060144
110064060279
110064060288
110064060331
110064060475
110064060634
110064061848
110064061900
110064062758
110064062767
110064063276
110064063329
110064063418
110064063579
110064063604
110064063613
110064063640
110064063668
110064063677
110064063686
110064063873
110064064097
110064064104
110064064113
110064064122
110064064131
110064064159
110064064168
110064064186
110064064284
110064064836
110064064854
110064064989
110064065112
110064065292
110064065648
110064065951
110064066497
110064066503
110064066512
110064066521
110064066530
110064066549
110064066558
110064066576
110064066610
110064066629
110064066718
110064067101
110064067717
110064069608
110064069779
110064070339
110064070393
110064070437
110064070605
110064070614
110064070883
110064070892
110064070909
110064070927
110064071052
110064071070
110064071089
110064071105
110064071169
110064071203
110064071855
110064071891
110064072122
110064072211
110064072658
110064072667
110064072701
110064073167
110064073498
110064073540
110064073746
110064074077
110064074308
110064074433
110064074781
110064075888
110064076002
110064076235
110064076333
110064076388
110064076397
110064076538
110064077001
110064077029
110064077038
110064077047
110064077056
110064077494
110064077797
110064077993
110064078064
110064078359
110064078368
110064078395
110064078778
110064078812
110064079054
110064079063
110064079072
110064079081
110064079090
110064079125
110064079330
110064079580
110064080060
110064080104
110064080248
110064080408
110064080417
110064080426
110064081452
110064081522
110064082282
110064083101
110064083496
110064083511
110064083520
110064083539
110064083548
110064083557
110064083584
110064083619
110064083628
110064083637
110064083646
110064083655
110064083664
110064083673
110064083691
110064083717
110064084020
110064084191
110064084262
110064084315
110064084930
110064085797
110064085813
110064085822
110064085886
110064086037
110064086395
110064086411
110064086563
110064086787
110064086803
110064086812
110064087170
110064087269
110064088099
110064088482
110064088703
110064099176
110064099185
110064099194
110064099201
110064099210
110064099229
110064099238
110064099247
110064099256
110064099265
110064099274
110064099283
110064099292
110064099309
110064099318
110064099327
110064099336
110064099345
110064099354
110064099363
110064099372
110064099381
110064099390
110064099407
110064099416
110064099425
110064099434
110064099443
110064099452
110064099461
110064099470
110064100556
110064100583
110064100592
110064100761
110064100976
110064100985
110064101010
110064101305
110064102876
110064103660
110064104829
110064104874
110064105980
110064106060
110064106104
110064106337
110064106346
110064106373
110064106382
110064106499
110064106505
110064106514
110064106747
110064107871
110064108647
110064108727
110064109192
110064114603
110064115292
110064115443
110064115577
110064120525
110064120730
110064120749
110064120758
110064121631
110064121775
110064121819
110064122024
110064122088
110064122159
110064122202
110064122220
110064122417
110064122541
110064122578
110064122621
110064122649
110064122710
110064122774
110064122961
110064123014
110064123041
110064123167
110064123540
110064127127
110064130710
110064131005
110064131292
110064131700
110064132095
110064132102
110064132362
110064132424
110064132433
110064132530
110064132558
110064132656
110064132683
110064132727
110064132781
110064133012
110064133174
110064133192
110064133548
110064133575
110064133762
110064134725
110064134912
110064134985
110064135369
110064136153
110064136572
110064136590
110064136732
110064137063
110064137198
110064137214
110064137544
110064138188
110064138623
110064138794
110064139132
110064139141
110064139301
110064139515
110064139588
110064139711
110064139828
110064139962
110064140656
110064140905
110064141067
110064141165
110064141673
110064141708
110064141717
110064141780
110064142164
110064142351
110064143403
110064143617
110064145161
110064145189
110064146696
110064146712
110064149112
110064150699
110064152278
110064152492
110064153696
110064154258
110064154267
110064154365
110064154445
110064154999
110064155015
110064155097
110064155872
110064155916
110064155952
110064156014
110064156363
110064156372
110064156470
110064156728
110064156737
110064156791
110064159609
110064159618
110064162524
110064163444
110064164808
110064164817
110064174254
110064174361
110064174370
110064174389
110064174432
110064174708
110064175039
110064175057
110064175075
110064175119
110064175137
110064175226
110064175235
110064175244
110064175379
110064175495
110064175547
110064175565
110064175583
110064175618
110064175663
110064175814
110064175841
110064175869
110064175887
110064175921
110064176010
110064176038
110064176047
110064176056
110064176074
110064176154
110064176172
110064176181
110064176207
110064176225
110064176289
110064176314
110064176350
110064176369
110064176387
110064176449
110064176500
110064176519
110064176528
110064176546
110064176555
110064176635
110064176662
110064179605
110064181059
110064181068
110064181086
110064181102
110064181111
110064187231
110064188613
110064190101
110064190806
110064193126
110064193153
110064193509
110064194045
110064196249
110064196427
110064196445
110064201126
110064201242
110064201368
110064201402
110064201607
110064201643
110064201652
110064201661
110064201910
110064201956
110064201992
110064202018
110064202027
110064202054
110064202072
110064202090
110064202161
110064202250
110064202269
110064202287
110064202358
110064202802
110064202884
110064202973
110064203348
110064203464
110064204445
110064206568
110064207102
110064207488
110064207530
110064207558
110064207807
110064207825
110064207843
110064207941
110064208174
110064208183
110064208316
110064209592
110064211160
110064211428
110064211561
110064212034
110064212686
110064212766
110064213328
110064213346
110064214130
110064214283
110064214461
110064214513
110064214746
110064214791
110064215228
110064215344
110064215362
110064215406
110064215549
110064215674
110064216227
110064216334
110064218859
110064219705
110064220659
110064221104
110064221113
110064221444
110064221569
110064221578
110064222283
110064222292
110064222309
110064222336
110064222354
110064223335
110064223415
110064223424
110064223433
110064223460
110064223503
110064223558
110064224753
110064225388
110064226109
110064226145
110064226163
110064226207
110064226458
110064226467
110064226706
110064226715
110064226779
110064226788
110064226831
110064226840
110064226902
110064226975
110064226993
110064227117
110064227180
110064227288
110064227331
110064229348
110064229357
110064230826
110064231184
110064231424
110064231488
110064234715
110064235108
110064235581
110064236848
110064236893
110064236964
110064237856
110064237972
110064238025
110064238034
110064238070
110064238123
110064238187
110064238249
110064239104
110064239168
110064240922
110064241057
110064241681
110064241921
110064241949
110064241976
110064242528
110064242966
110064243055
110064243153
110064243171
110064243215
110064243590
110064243670
110064243812
110064243830
110064247122
110064247131
110064247159
110064247505
110064248639
110064248755
110064249503
110064249567
110064249772
110064249898
110064249923
110064250484
110064250518
110064250652
110064250714
110064250723
110064250732
110064250741
110064250787
110064250796
110064250821
110064250849
110064250885
110064250901
110064250929
110064250938
110064250956
110064250965
110064250974
110064251394
110064252044
