110064252080
110064252124
110064252151
110064252160
110064252302
110064252348
110064252357
110064252703
110064252794
110064252874
110064252936
110064252945
110064252963
110064252972
110064253169
110064253409
110064253481
110064253551
110064254015
110064254382
110064254417
110064254603
110064255826
110064256031
110064256040
110064256120
110064256308
110064256335
110064256344
110064256433
110064257423
110064257664
110064257673
110064257682
110064257726
110064257799
110064257860
110064257931
110064257977
110064258039
110064258048
110064258057
110064258084
110064258100
110064258119
110064258137
110064258155
110064258164
110064258182
110064258235
110064258253
110064258315
110064258324
110064258360
110064258379
110064258397
110064258404
110064258422
110064258459
110064258468
110064258477
110064258486
110064258495
110064258529
110064258547
110064258556
110064258574
110064258583
110064258618
110064258627
110064258707
110064258725
110064258752
110064259378
110064259458
110064259617
110064260124
110064260151
110064260703
110064262248
110064262462
110064262603
110064262658
110064262710
110064262729
110064262756
110064263014
110064263158
110064263425
110064263559
110064263620
110064263719
110064263924
110064264460
110064264996
110064265030
110064265129
110064265147
110064265156
110064265174
110064265209
110064265361
110064265450
110064265511
110064265682
110064265860
110064265968
110064266020
110064266208
110064266217
110064266397
110064266413
110064266556
110064266565
110064266743
110064266976
110064267172
110064267243
110064267261
110064267314
110064267332
110064267485
110064267840
110064267902
110064267957
110064268233
110064268242
110064268251
110064268260
110064268368
110064268386
110064268439
110064268518
110064268536
110064268545
110064268625
110064268670
110064268732
110064268821
110064268849
110064269036
110064269134
110064269223
110064269303
110064269410
110064269438
110064269571
110064269624
110064269633
110064269679
110064269802
110064269820
110064269839
110064269893
110064270202
110064270435
110064270989
110064271050
110064271096
110064271185
110064271201
110064271238
110064271265
110064271274
110064271292
110064271461
110064271728
110064271737
110064271755
110064271764
110064271782
110064271826
110064272291
110064272996
110064273085
110064273281
110064273325
110064273566
110064273771
110064273897
110064274191
110064274217
110064274226
110064274672
110064274707
110064274734
110064274869
110064275421
110064275573
110064275582
110064275662
110064275671
110064275680
110064275699
110064275724
110064275742
110064275760
110064276082
110064276091
110064276153
110064276215
110064276288
110064276297
110064276304
110064276448
110064276484
110064276518
110064276910
110064277722
110064277740
110064280255
110064280898
110064280987
110064281003
110064281058
110064281209
110064281281
110064281655
110064281913
110064281922
110064282020
110064282388
110064282725
110064282761
110064282770
110064282976
110064283010
110064283172
110064283751
110064283868
110064284368
110064285615
110064285633
110064285660
110064285759
110064285857
110064286008
110064286017
110064286026
110064286035
110064286062
110064286311
110064286393
110064286516
110064286758
110064287356
110064287365
110064287490
110064287837
110064287855
110064288328
110064288505
110064288836
110064289210
110064289452
110064289586
110064289666
110064289844
110064289899
110064289942
110064289979
110064290066
110064290119
110064290440
110064290459
110064290501
110064290574
110064290609
110064290672
110064291966
110064292019
110064292242
110064292484
110064292581
110064294017
110064294179
110064294268
110064294570
110064294669
110064294730
110064295329
110064295579
110064295622
110064295631
110064296621
110064297595
110064297620
110064298433
110064298497
110064300484
110064300493
110064300910
110064301438
110064301535
110064301544
110064301722
110064302963
110064303294
110064305559
110064306219
110064306344
110064306692
110064306852
110064307405
110064307566
110064307628
110064307806
110064307851
110064307913
110064308100
110064308235
110064308306
110064309528
110064309564
110064310384
110064312738
110064313014
110064313158
110064313185
110064313229
110064313238
110064313247
110064313283
110064313318
110064313345
110064313979
110064313997
110064314139
110064315824
110064316681
110064316985
110064317378
110064318117
110064318144
110064318171
110064318206
110064318224
110064318340
110064319857
110064320033
110064320523
110064320578
110064321087
110064321657
110064321782
110064322139
110064322148
110064322184
110064322193
110064322656
110064322709
110064322718
110064322781
110064322941
110064323021
110064323691
110064324823
110064326411
110064327526
110064327857
110064328366
110064328534
110064328552
110064328570
110064328614
110064328623
110064328632
110064328641
110064328981
110064329052
110064329187
110064329258
110064329276
110064329329
110064329356
110064330656
110064330825
110064330834
110064330852
110064330861
110064330889
110064330914
110064330923
110064330941
110064330978
110064330987
110064330996
110064331012
110064331049
110064331094
110064331101
110064331110
110064331156
110064331254
110064331272
110064331575
110064331646
110064332592
110064332618
110064332627
110064332645
110064332654
110064332707
110064332716
110064332814
110064332850
110064332912
110064333680
110064333724
110064333751
110064333948
110064333975
110064334028
110064334144
110064334233
110064334242
110064334279
110064334313
110064334359
110064334439
110064334787
110064335429
110064335438
110064335447
110064336954
110064336963
110064337007
110064337016
110064337089
110064337098
110064337105
110064339149
110064339390
110064342091
110064342509
110064342741
110064342750
110064342769
110064342803
110064343928
110064344222
110064344231
110064344268
110064345132
110064345169
110064345766
110064346088
110064346355
110064346578
110064346774
110064346845
110064347210
110064347256
110064347381
110064347602
110064347639
110064347746
110064348665
110064349110
110064349192
110064349227
110064349236
110064349254
110064349263
110064349272
110064349307
110064349316
110064350312
110064350526
110064351552
110064351678
110064351687
110064365360
110064365379
110064365388
110064365397
110064387514
110064387514
110064401909
110064402016
110064402025
110064402043
110064402169
110064402221
110064402230
110064402276
110064402285
110064402294
110064402301
110064402310
110064402374
110064402463
110064402472
110064402481
110064402542
110064402551
110064402560
110064402579
110064402588
110064402597
110064402640
110064402720
110064402739
110064402748
110064402837
110064402855
110064403097
110064403122
110064403131
110064403783
110064403836
110064403863
110064403872
110064403952
110064403989
110064404005
110064404416
110064404666
110064404719
110064404755
110064404773
110064404782
110064404808
110064404817
110064404835
110064404844
110064404899
110064404906
110064404915
110064404924
110064404933
110064405004
110064405013
110064405031
110064405040
110064405059
110064405068
110064405120
110064405139
110064405166
110064405175
110064405184
110064405193
110064405200
110064405219
110064405228
110064405282
110064405291
110064405353
110064405362
110064405399
110064405406
110064405460
110064405479
110064405488
110064405497
110064405512
110064405530
110064405558
110064405567
110064405727
110064405736
110064405754
110064405763
110064405772
110064405781
110064405790
110064405807
110064405816
110064405825
110064405834
110064405843
110064405889
110064405898
110064405914
110064405923
110064405932
110064405941
110064405950
110064405969
110064405978
110064405996
110064406003
110064406012
110064406030
110064406049
110064406058
110064406067
110064406076
110064406101
110064406129
110064406138
110064406147
110064406209
110064406218
110064406236
110064406254
110064406263
110064406272
110064406281
110064406290
110064406316
110064406325
110064406334
110064406343
110064406352
110064406361
110064406370
110064406389
110064406398
110064406405
110064406414
110064406423
110064406432
110064406441
110064406450
110064406469
110064406478
110064406487
110064406496
110064406511
110064406566
110064406575
110064406584
110064406593
110064406600
110064406628
110064406637
110064406646
110064406655
110064406664
110064406673
110064406682
110064406691
110064406708
110064406780
110064406799
110064406806
110064406815
110064406824
110064406833
110064406842
110064406851
110064406860
110064406888
110064406904
110064406913
110064406922
110064406931
110064406940
110064406959
110064406968
110064406977
110064406986
110064406995
110064407002
110064407011
110064407020
110064407039
110064407048
110064407057
110064407093
110064407100
110064407119
110064407182
110064407191
110064407208
110064407217
110064407226
110064407299
110064407306
110064407333
110064407342
110064407351
110064407360
110064407379
110064407388
110064407397
110064407404
110064407413
110064407422
110064407431
110064407440
110064407459
110064407477
110064407486
110064407495
110064407501
110064407510
110064407529
110064407538
110064407547
110064407556
110064407565
110064407583
110064407609
110064407627
110064407636
110064407654
110064407681
110064407690
110064407707
110064407716
110064407725
110064407734
110064407743
110064407752
110064407761
110064407770
110064407789
110064407798
110064407805
110064407814
110064407823
110064407832
110064407841
110064407850
110064407869
110064407878
110064407896
110064407903
110064407921
110064407949
110064407958
110064407967
110064407976
110064407985
110064407994
110064408001
110064408010
110064408038
110064408047
110064408065
110064408074
110064408083
110064408092
110064408109
110064408118
110064408127
110064408136
110064408154
110064408172
110064408181
110064408190
110064408207
110064408225
110064408305
110064408314
110064408323
110064408332
110064408341
110064408350
110064408369
110064408378
110064408387
110064408396
110064408403
110064408412
110064408421
110064408430
110064408449
110064408467
110064408476
110064408485
110064408494
110064408500
110064408519
110064408528
110064408537
110064408555
110064408564
110064408573
110064408582
110064408591
110064408608
110064408617
110064408626
110064408635
110064408706
110064408715
110064408751
110064408760
110064408779
110064408788
110064408804
110064408813
110064408822
110064408831
110064408840
110064408859
110064408868
110064408877
110064408886
110064408895
110064408911
110064408957
110064408966
110064408975
110064408984
110064408993
110064409000
110064409019
110064409028
110064409037
110064409046
110064409055
110064409064
110064409073
110064409082
110064409091
110064409108
110064409126
110064409135
110064409144
110064409153
110064409162
110064409171
110064409180
110064409215
110064409224
110064409233
110064409242
110064409251
110064409260
110064409279
110064409288
110064409297
110064409304
110064409313
110064409322
110064409331
110064409340
110064409359
110064409368
110064409377
110064409386
110064409395
110064409402
110064409411
110064409420
110064409439
110064409448
110064409457
110064409466
110064409475
110064409484
110064409493
110064409509
110064409527
110064409545
110064409572
110064409581
110064409590
110064409607
110064409616
110064409625
110064409634
110064409643
110064409652
110064409661
110064409670
110064409698
110064409714
110064409723
110064409732
110064409741
110064409750
110064409769
110064409778
110064409787
110064409803
110064409821
110064409849
110064409858
110064409867
110064409876
110064409885
110064409894
110064409901
110064409910
110064409938
110064409956
110064409965
110064409974
110064409992
110064410016
110064410025
110064410034
110064410043
110064410052
110064410070
110064410089
110064410098
110064410114
110064410123
110064410141
110064410150
110064410169
110064410196
110064410203
110064410212
110064410221
110064410230
110064410249
110064410258
110064410267
110064410276
110064410285
110064410294
110064410301
110064410310
110064410329
110064410338
110064410374
110064410383
110064410409
110064410418
110064410427
110064410436
110064410445
110064410454
110064410463
110064410472
110064410481
110064410490
110064410506
110064410515
110064410524
110064410533
110064410542
110064410551
110064410560
110064410579
110064410588
110064410597
110064410604
110064410613
110064410622
110064410631
110064410640
110064410659
110064410668
110064410677
110064410686
110064410695
110064410702
110064410757
110064410793
110064410800
110064410819
110064410828
110064410837
110064410846
110064410855
110064410864
110064410882
110064410891
110064410908
110064410917
110064410926
110064410935
110064410953
110064410971
110064410980
110064410999
110064411006
110064411015
110064411033
110064411060
110064411079
110064411088
110064411097
110064411104
110064411113
110064411122
110064411131
110064411140
110064411159
110064411168
110064411177
110064411186
110064411195
110064411202
110064411211
110064411220
110064411239
110064411248
110064411266
110064411275
110064411284
110064411293
110064411300
110064411319
110064411328
110064411337
110064411346
110064411355
110064411364
110064411373
110064411382
