110064411391
110064411426
110064411435
110064411444
110064411462
110064411471
110064411480
110064411499
110064411505
110064411514
110064411523
110064411532
110064411541
110064411550
110064411569
110064411587
110064411603
110064411630
110064411649
110064411676
110064411694
110064411701
110064411710
110064411729
110064411738
110064411747
110064411756
110064411774
110064411783
110064411792
110064411809
110064411818
110064411827
110064411836
110064411881
110064411907
110064411934
110064411952
110064411961
110064411970
110064411989
110064412005
110064412023
110064412032
110064412041
110064412069
110064412078
110064412087
110064412096
110064412121
110064412130
110064412149
110064412158
110064412167
110064412185
110064412194
110064412201
110064412210
110064412229
110064412238
110064412247
110064412256
110064412265
110064412274
110064412283
110064412292
110064412309
110064412318
110064412327
110064412336
110064412345
110064412354
110064412363
110064412372
110064412381
110064412390
110064412407
110064412416
110064412425
110064412434
110064412443
110064412452
110064412461
110064412470
110064412489
110064412498
110064412504
110064412513
110064412522
110064412531
110064412540
110064412559
110064412568
110064412577
110064412586
110064412862
110064413139
110064413166
110064413184
110064413273
110064413282
110064413291
110064413308
110064413317
110064413326
110064413335
110064413344
110064413371
110064413380
110064413594
110064413601
110064413629
110064413638
110064413647
110064413656
110064413665
110064413674
110064413683
110064413692
110064413709
110064413718
110064413736
110064413745
110064413754
110064413825
110064413834
110064413843
110064413889
110064413898
110064413905
110064413923
110064413932
110064413941
110064413996
110064414003
110064414012
110064414021
110064414085
110064414094
110064414101
110064414110
110064414129
110064414138
110064414147
110064414156
110064414325
110064414334
110064414389
110064414405
110064414414
110064414441
110064414450
110064414469
110064414478
110064414487
110064414496
110064414502
110064414593
110064414600
110064414619
110064414628
110064414637
110064414646
110064414655
110064414664
110064414673
110064414682
110064414708
110064414717
110064414735
110064414753
110064414762
110064414771
110064414780
110064414799
110064414806
110064414815
110064414968
110064414977
110064414986
110064414995
110064415002
110064415011
110064415020
110064415039
110064415048
110064415057
110064415066
110064415075
110064415084
110064415235
110064415262
110064415299
110064415306
110064415315
110064415324
110064415342
110064415351
110064415431
110064415459
110064415529
110064415538
110064415547
110064415574
110064415583
110064415592
110064415609
110064415618
110064415627
110064415636
110064415645
110064415654
110064415663
110064415672
110064415681
110064415707
110064415716
110064415761
110064415789
110064415798
110064415805
110064415814
110064415869
110064415878
110064415887
110064415896
110064415994
110064416001
110064416010
110064416029
110064416083
110064416092
110064416109
110064416118
110064416127
110064416154
110064416163
110064416172
110064416181
110064416216
110064416234
110064416289
110064416298
110064416305
110064416314
110064416323
110064416378
110064416396
110064416403
110064416412
110064416476
110064416485
110064416494
110064416500
110064416519
110064416528
110064416537
110064416546
110064416555
110064416564
110064416573
110064416582
110064416591
110064416608
110064416617
110064416626
110064416644
110064416653
110064416662
110064416671
110064416680
110064416699
110064416706
110064416715
110064416724
110064416733
110064416742
110064416751
110064416760
110064416779
110064416788
110064416804
110064416813
110064416822
110064416840
110064416859
110064416868
110064416902
110064416911
110064416948
110064416957
110064416966
110064416975
110064416984
110064416993
110064417028
110064417037
110064417046
110064417055
110064417064
110064417073
110064417082
110064417091
110064417108
110064417117
110064417126
110064417135
110064417144
110064417180
110064417199
110064417206
110064417215
110064417224
110064417233
110064417242
110064417251
110064417260
110064417279
110064417288
110064417297
110064417313
110064417322
110064417331
110064417359
110064417368
110064417377
110064417386
110064417395
110064417402
110064417411
110064417420
110064417439
110064417448
110064417475
110064417484
110064417493
110064417509
110064417518
110064417527
110064417536
110064417545
110064417554
110064417563
110064417572
110064417581
110064417590
110064417607
110064417616
110064417625
110064417634
110064417670
110064417689
110064417698
110064417705
110064417723
110064417732
110064417741
110064417778
110064417796
110064417867
110064417876
110064417894
110064417901
110064417910
110064417929
110064417938
110064417947
110064417956
110064417974
110064417983
110064417992
110064418054
110064418063
110064418072
110064418116
110064418125
110064418134
110064418143
110064418152
110064418205
110064418214
110064418223
110064418232
110064418241
110064418250
110064418303
110064418312
110064418321
110064418330
110064418349
110064418358
110064418367
110064418376
110064418385
110064418401
110064418410
110064418429
110064418438
110064418447
110064419348
110064419455
110064419464
110064419473
110064419482
110064419491
110064419507
110064419605
110064420256
110064420265
110064420274
110064420327
110064420336
110064420345
110064420354
110064420381
110064420416
110064420425
110064420531
110064420899
110064420933
110064420960
110064421059
110064421068
110064421077
110064421086
110064421282
110064421362
110064421442
110064421460
110064421558
110064421585
110064421601
110064421683
110064421692
110064422165
110064422174
110064422183
110064422192
110064422209
110064422218
110064422227
110064422236
110064422245
110064422254
110064422263
110064422272
110064422281
110064422290
110064422307
110064422316
110064422325
110064422334
110064422352
110064422361
110064422370
110064422389
110064422398
110064422405
110064422414
110064422423
110064422432
110064422441
110064422450
110064422469
110064422487
110064422496
110064422502
110064422511
110064422520
110064422539
110064422548
110064422557
110064422566
110064422575
110064422584
110064422593
110064422600
110064422619
110064422628
110064422637
110064422646
110064422655
110064422664
110064422673
110064422682
110064422691
110064422708
110064422717
110064422726
110064422735
110064422744
110064422753
110064422762
110064422771
110064422780
110064422799
110064422806
110064422815
110064422824
110064422833
110064422842
110064422851
110064422860
110064422879
110064422888
110064422897
110064422904
110064422913
110064422922
110064422931
110064422940
110064422959
110064422977
110064422986
110064422995
110064423002
110064423011
110064423020
110064423039
110064423048
110064423057
110064423066
110064423084
110064423093
110064423100
110064423119
110064423128
110064423137
110064423146
110064423155
110064423164
110064423173
110064423182
110064423191
110064423208
110064423217
110064423226
110064423235
110064423244
110064423253
110064423262
110064423271
110064423280
110064423299
110064423306
110064423315
110064423324
110064423333
110064423342
110064423351
110064423360
110064423379
110064423388
110064423397
110064423404
110064423413
110064423422
110064423431
110064423440
110064423459
110064423468
110064423477
110064423486
110064423495
110064423501
110064423510
110064423529
110064423538
110064423547
110064423556
110064423565
110064423574
110064423583
110064423592
110064423609
110064423618
110064423627
110064423636
110064423645
110064423654
110064423663
110064423690
110064423707
110064423716
110064423725
110064423734
110064423743
110064423752
110064423761
110064423770
110064423789
110064423798
110064423805
110064423814
110064423823
110064423832
110064423841
110064423850
110064423869
110064423878
110064423887
110064423930
110064423949
110064423958
110064423967
110064423976
110064423985
110064423994
110064424001
110064424010
110064424029
110064424038
110064424047
110064424056
110064424065
110064424074
110064424083
110064424092
110064424109
110064424127
110064424136
110064424145
110064424154
110064424163
110064424172
110064424181
110064424190
110064424207
110064424216
110064424225
110064424234
110064424243
110064424252
110064424261
110064424270
110064424289
110064424298
110064424305
110064424314
110064424323
110064424332
110064424341
110064424350
110064424369
110064424378
110064424387
110064424396
110064424403
110064424412
110064424421
110064424430
110064424449
110064424458
110064424467
110064424485
110064424494
110064424500
110064424519
110064424528
110064424537
110064424546
110064424555
110064424564
110064424573
110064424582
110064424626
110064424635
110064424644
110064424653
110064424662
110064424671
110064424680
110064424699
110064424779
110064424788
110064424797
110064424804
110064424813
110064424822
110064424831
110064424840
110064424859
110064424911
110064424939
110064424948
110064424957
110064424966
110064424975
110064424984
110064424993
110064425000
110064425055
110064425064
110064425073
110064425082
110064425091
110064425108
110064425144
110064425153
110064425162
110064425180
110064425199
110064425233
110064425242
110064425251
110064425260
110064425279
110064425288
110064425297
110064425304
110064425313
110064425322
110064425359
110064425368
110064425377
110064425386
110064425395
110064425402
110064425457
110064425466
110064425475
110064425484
110064425493
110064425509
110064425518
110064425527
110064425536
110064425545
110064425554
110064425590
110064425607
110064425616
110064425625
110064425634
110064425643
110064425652
110064425661
110064425670
110064425689
110064425698
110064425705
110064425732
110064425750
110064425769
110064425778
110064425787
110064425796
110064425803
110064425812
110064425821
110064425830
110064425849
110064425858
110064425867
110064425876
110064425910
110064425938
110064425947
110064425956
110064425965
110064426054
110064426090
110064426116
110064426125
110064426214
110064426223
110064426232
110064426241
110064426250
110064426269
110064426278
110064426287
110064426296
110064426303
110064426312
110064426321
110064426330
110064426349
110064426385
110064426394
110064426401
110064426410
110064426492
110064426508
110064426517
110064426526
110064426535
110064426544
110064426553
110064426571
110064426580
110064426599
110064426606
110064426615
110064426624
110064426633
110064426642
110064426651
110064426660
110064426679
110064426688
110064426697
110064426704
110064426713
110064426731
110064426740
110064426759
110064426768
110064426777
110064426786
110064426795
110064426802
110064426884
110064426893
110064426900
110064426919
110064426928
110064426937
110064426946
110064426955
110064426964
110064426973
110064426982
110064426991
110064427008
110064427017
110064427026
110064427188
110064427197
110064427204
110064427213
110064427222
110064427231
110064427240
110064427259
110064427268
110064427277
110064427286
110064427295
110064427302
110064427311
110064427320
110064427339
110064427348
110064427357
110064427366
110064427534
110064427543
110064427552
110064427561
110064427570
110064427589
110064427605
110064427614
110064427623
110064427632
110064427641
110064427650
110064427669
110064427794
110064427801
110064427810
110064427829
110064427838
110064427847
110064427856
110064427865
110064427874
110064427883
110064427892
110064427909
110064427918
110064427927
110064427945
110064427954
110064427963
110064427972
110064427981
110064427990
110064428007
110064428089
110064428098
110064428105
110064428114
110064428123
110064428132
110064428141
110064428150
110064428169
110064428258
110064428285
110064428294
110064428301
110064428310
110064428329
110064428338
110064428347
110064428418
110064428427
110064428436
110064428445
110064428454
110064428506
110064428515
110064428524
110064428533
110064428542
110064428551
110064428560
110064428604
110064428613
110064428622
110064428748
110064428775
110064428784
110064428793
110064428837
110064428855
110064428864
110064428873
110064428882
110064428891
110064428908
110064428917
110064428926
110064428935
110064428944
110064428953
110064428962
110064428971
110064428980
110064428999
110064429006
110064429042
110064429051
110064429122
110064429131
110064429140
110064429159
110064429168
110064429177
110064429186
110064429195
110064429202
110064429211
110064429284
110064429300
110064429382
110064429391
110064429408
110064429417
110064429426
110064429462
110064429471
110064429480
110064429499
110064429569
110064429578
110064429587
110064429596
110064429603
110064429612
110064429774
110064429783
110064429792
110064433750
110064433849
110064433965
110064434107
110064435071
110064437015
110064447086
110064447184
110064447371
110064447807
110064448174
110064449743
110064450204
110064450339
110064450516
110064450641
110064450678
110064451178
110064452550
110064452603
110064501622
110064501640
110064501659
110064501668
110064501677
110064501686
110064501695
110064501702
110064501711
110064501720
110064501739
110064501748
110064501757
110064501766
110064501793
