110064501819
110064501828
110064501891
110064501953
110064501962
110064501999
110064502006
110064502355
110064502364
110064502382
110064502408
110064502480
110064502499
110064502505
110064502514
110064502523
110064502532
110064502541
110064502550
110064502569
110064502578
110064502603
110064502612
110064502630
110064502658
110064502667
110064502998
110064503005
110064503014
110064503023
110064503032
110064503121
110064503149
110064503158
110064503256
110064503265
110064503283
110064503407
110064503452
110064503540
110064503577
110064503595
110064504264
110064504317
110064504521
110064504530
110064504549
110064504567
110064504683
110064504692
110064504709
110064504718
110064504772
110064504781
110064504790
110064504807
110064504816
110064504834
110064504843
110064504852
110064504861
110064504889
110064504905
110064504932
110064504941
110064504987
110064504996
110064505003
110064505021
110064505030
110064505049
110064505058
110064505067
110064505076
110064505085
110064505094
110064505101
110064505129
110064505138
110064505147
110064505156
110064505165
110064505174
110064505183
110064505192
110064505218
110064505227
110064505245
110064505272
110064505281
110064505290
110064505405
110064505753
110064505762
110064505824
110064506164
110064506173
110064506798
110064507154
110064507314
110064507332
110064507341
110064507350
110064507412
110064507421
110064507494
110064507500
110064507528
110064507555
110064507564
110064507573
110064507582
110064507591
110064507608
110064507617
110064507626
110064507635
110064507644
110064507653
110064507662
110064507671
110064507680
110064507699
110064507706
110064507715
110064507724
110064507733
110064507742
110064507751
110064507760
110064507779
110064507788
110064507797
110064507804
110064508359
110064508563
110064508607
110064508778
110064508830
110064508938
110064508947
110064508965
110064508974
110064509090
110064509152
110064509161
110064509189
110064509198
110064509385
110064509401
110064509429
110064509438
110064509447
110064509456
110064509465
110064509483
110064509492
110064509508
110064509517
110064509526
110064509535
110064509553
110064509571
110064509624
110064509642
110064509660
110064509679
110064509688
110064509704
110064509759
110064509768
110064509777
110064509786
110064509795
110064509802
110064509811
110064509820
110064509848
110064509866
110064509884
110064509900
110064509919
110064509973
110064509982
110064509991
110064510042
110064510051
110064510060
110064510159
110064510195
110064510382
110064510408
110064510426
110064510435
110064510444
110064510453
110064510471
110064510480
110064510499
110064510505
110064510514
110064510532
110064510587
110064510596
110064510603
110064510612
110064510621
110064510630
110064510649
110064510667
110064510676
110064510685
110064510710
110064510729
110064510747
110064510765
110064510809
110064510827
110064510854
110064510872
110064510890
110064510907
110064510925
110064510934
110064510943
110064510952
110064510961
110064510970
110064510989
110064510998
110064511005
110064511023
110064511050
110064511069
110064511078
110064511096
110064511130
110064511149
110064511176
110064511185
110064511194
110064511201
110064511210
110064511229
110064511238
110064511247
110064511256
110064511265
110064511274
110064511283
110064511292
110064511309
110064511416
110064511425
110064511434
110064511443
110064511452
110064511470
110064511489
110064511498
110064511504
110064511513
110064511522
110064511531
110064511540
110064511559
110064511568
110064511586
110064511602
110064511611
110064511620
110064511639
110064511648
110064511657
110064511666
110064511675
110064511684
110064511693
110064511700
110064511719
110064511728
110064511737
110064511746
110064511755
110064511764
110064511782
110064511791
110064511808
110064511826
110064511835
110064511844
110064511853
110064511871
110064511899
110064511906
110064511915
110064511924
110064511933
110064511942
110064511951
110064511960
110064511979
110064511988
110064511997
110064512004
110064512013
110064512022
110064512031
110064512040
110064512059
110064512068
110064512406
110064512415
110064512424
110064512433
110064512442
110064512451
110064512460
110064512479
110064512488
110064512497
110064512503
110064512512
110064512521
110064512530
110064512549
110064512558
110064512567
110064512576
110064512781
110064512790
110064512807
110064512816
110064512825
110064512834
110064512843
110064512852
110064512861
110064512870
110064512905
110064512914
110064512923
110064512932
110064512941
110064512950
110064512969
110064512978
110064512987
110064513003
110064513012
110064513049
110064513058
110064513067
110064513076
110064513085
110064513101
110064513110
110064513325
110064513334
110064513343
110064513352
110064513361
110064513370
110064513398
110064513405
110064513414
110064513423
110064513566
110064513575
110064513584
110064513593
110064513600
110064513619
110064513628
110064513637
110064513646
110064514306
110064514315
110064514324
110064514333
110064514351
110064514360
110064514379
110064514388
110064514477
110064515573
110064515724
110064515733
110064515742
110064515751
110064515760
110064515779
110064515788
110064515797
110064515804
110064515813
110064515822
110064515831
110064515840
110064515859
110064516420
110064516527
110064516536
110064516545
110064516554
110064516563
110064516572
110064516581
110064516590
110064516607
110064516616
110064516625
110064516634
110064516643
110064516652
110064516670
110064516689
110064516705
110064516714
110064516732
110064516741
110064516750
110064516769
110064516778
110064516787
110064517394
110064517401
110064517410
110064517429
110064517438
110064517447
110064517456
110064517465
110064517474
110064517483
110064517580
110064517599
110064517606
110064517615
110064517740
110064538460
110064539913
110064541278
110064541660
110064545461
110064551275
110064551382
110064551667
110064551676
110064564449
110064564467
110064564519
110064564822
110064564831
110064564975
110064564984
110064565180
110064565670
110064565698
110064565705
110064565714
110064565723
110064565787
110064566107
110064566116
110064566134
110064566161
110064566330
110064566447
110064566456
110064566759
110064566768
110064567142
110064567231
110064568365
110064568524
110064568533
110064568542
110064568560
110064568588
110064568640
110064568702
110064568720
110064568766
110064568855
110064568864
110064568873
110064568891
110064568971
110064569202
110064569220
110064569248
110064569257
110064569275
110064569284
110064569462
110064569578
110064569765
110064570343
110064570432
110064570441
110064570469
110064570557
110064570691
110064570708
110064570717
110064570735
110064570744
110064571137
110064571146
110064571155
110064571262
110064571324
110064571422
110064573466
110064573475
110064573493
110064573509
110064573527
110064573536
110064573545
110064573554
110064573563
110064573572
110064573581
110064573590
110064573607
110064573616
110064573625
110064573634
110064573652
110064573661
110064573670
110064573689
110064573698
110064573705
110064573714
110064573723
110064573732
110064573741
110064573750
110064573769
110064573778
110064573787
110064573796
110064573803
110064573812
110064573821
110064573830
110064573849
110064573858
110064573867
110064573876
110064573885
110064573894
110064573901
110064573910
110064573938
110064573947
110064573956
110064573965
110064573974
110064573983
110064574072
110064574081
110064574090
110064574107
110064574116
110064574125
110064574134
110064574143
110064574152
110064574161
110064574170
110064574189
110064574198
110064574205
110064574214
110064574223
110064574232
110064574241
110064574250
110064574269
110064574278
110064574287
110064574296
110064574303
110064574312
110064574321
110064574330
110064574349
110064574358
110064574367
110064574376
110064574385
110064574394
110064574401
110064574410
110064574429
110064574447
110064574456
110064574465
110064574474
110064574483
110064574492
110064574508
110064574517
110064574526
110064574535
110064574544
110064574553
110064574562
110064574571
110064574580
110064574599
110064574606
110064574615
110064574624
110064574633
110064574642
110064574651
110064574660
110064574679
110064574688
110064574697
110064574704
110064574713
110064574722
110064574731
110064574740
110064574759
110064574768
110064574777
110064574795
110064574802
110064574820
110064574839
110064574857
110064574866
110064574875
110064574884
110064574893
110064574900
110064574919
110064574928
110064574937
110064574946
110064574955
110064574964
110064574973
110064574982
110064574991
110064575008
110064575017
110064575026
110064575035
110064575044
110064575053
110064575062
110064575071
110064575099
110064575106
110064575133
110064575936
110064576230
110064576249
110064576258
110064576267
110064576276
110064576285
110064576294
110064576301
110064576310
110064576329
110064576347
110064576356
110064576365
110064576374
110064576383
110064576392
110064576409
110064576418
110064578513
110064578522
110064578791
110064578862
110064578871
110064578880
110064578899
110064578906
110064578915
110064578924
110064578951
110064578960
110064578979
110064578988
110064578997
110064579004
110064579013
110064579022
110064579031
110064579040
110064579059
110064579068
110064579077
110064579086
110064579095
110064579102
110064579111
110064579120
110064579139
110064579157
110064579166
110064579175
110064579184
110064579193
110064579200
110064579219
110064579228
110064579237
110064579479
110064579488
110064579497
110064579503
110064579512
110064579521
110064579530
110064580528
110064582544
110064582553
110064582642
110064582651
110064582660
110064582731
110064582740
110064582759
110064582768
110064582777
110064582786
110064582795
110064582802
110064583053
110064583062
110064583071
110064583080
110064583099
110064583106
110064583115
110064583160
110064583204
110064583213
110064583231
110064583240
110064583259
110064583268
110064583277
110064583400
110064583419
110064583428
110064583437
110064583446
110064583455
110064583464
110064583482
110064583491
110064583641
110064583650
110064583758
110064583767
110064583776
110064583785
110064583794
110064583801
110064583810
110064583945
110064583954
110064583963
110064583990
110064584007
110064584016
110064584025
110064584034
110064584212
110064584221
110064584230
110064584294
110064584301
110064584310
110064584329
110064584338
110064584472
110064584481
110064584490
110064584506
110064584515
110064584524
110064584604
110064584613
110064584766
110064584775
110064584784
110064584793
110064584800
110064584819
110064584828
110064584917
110064584926
110064584935
110064584944
110064584962
110064584971
110064584980
110064584999
110064585006
110064585015
110064585024
110064585033
110064585042
110064585051
110064585060
110064585079
110064585088
110064585097
110064585104
110064585113
110064585122
110064585131
110064585140
110064585159
110064585382
110064585391
110064585417
110064585435
110064585453
110064585462
110064585471
110064585480
110064585499
110064585505
110064585514
110064585550
110064585569
110064585578
110064585587
110064585596
110064585603
110064585612
110064585621
110064585630
110064585649
110064585658
110064585667
110064585676
110064585685
110064585694
110064585701
110064585710
110064585729
110064585738
110064585747
110064585756
110064585765
110064585774
110064585783
110064585792
110064585809
110064585818
110064585836
110064585845
110064585854
110064585863
110064585872
110064585881
110064585890
110064585907
110064585925
110064585934
110064585943
110064585952
110064585961
110064585970
110064585989
110064585998
110064586005
110064586014
110064586023
110064586032
110064586041
110064586050
110064586069
110064586087
110064586096
110064586103
110064586112
110064586121
110064586130
110064586149
110064586158
110064586167
110064586176
110064586185
110064586194
110064586201
110064586210
110064586229
110064586238
110064586247
110064586256
110064586265
110064586274
110064586283
110064586292
110064586309
110064586318
110064586327
110064586336
110064586345
110064586354
110064586363
110064586372
110064586381
110064586390
110064586407
110064586416
110064586434
110064586452
110064586461
110064586470
110064586489
110064586498
110064586504
110064586513
110064586522
110064586531
110064591268
110064591348
110064591357
110064591366
110064591437
110064591641
110064591972
110064592007
110064592016
110064592025
110064592294
110064592819
110064592828
110064592962
110064593006
110064593337
110064593471
110064593587
110064593649
110064593694
110064593729
110064593738
110064593809
110064593818
110064593836
110064594023
110064594103
110064594121
110064594210
110064594229
110064594265
110064594354
110064594381
110064594434
110064594657
110064594666
110064594728
110064594880
110064595228
110064595291
110064595308
110064595317
110064595335
110064595433
110064595576
110064595585
110064596076
110064596094
110064596361
110064596423
110064596496
110064596619
110064597048
110064597226
110064597388
110064597529
110064597574
110064597592
110064597798
110064597823
110064598092
110064598118
110064598252
110064598617
110064598662
110064598886
