110064598895
110064598975
110064599000
110064599064
110064599073
110064599091
110064599117
110064599135
110064599180
110064599199
110064599242
110064599251
110064599297
110064599322
110064599359
110064599368
110064599386
110064599420
110064599484
110064599509
110064599518
110064599572
110064599581
110064599652
110064599778
110064599787
110064599894
110064599901
110064600016
110064600043
110064600052
110064600089
110064600141
110064600196
110064600221
110064600230
110064600445
110064600463
110064600481
110064600490
110064600506
110064600515
110064600542
110064600579
110064600588
110064600604
110064600631
110064600659
110064600668
110064600695
110064600775
110064600800
110064600819
110064600837
110064600926
110064600935
110064601104
110064601186
110064601328
110064601462
110064601532
110064601550
110064601578
110064602069
110064602210
110064602256
110064602265
110064602274
110064602283
110064602407
110064602443
110064602513
110064602568
110064602586
110064602602
110064602620
110064602657
110064602666
110064602675
110064602693
110064602728
110064602773
110064602899
110064602906
110064602997
110064603013
110064603576
110064603692
110064603790
110064603861
110064603889
110064603898
110064603914
110064603941
110064603969
110064603978
110064604012
110064604021
110064604236
110064604263
110064604655
110064604673
110064604682
110064604691
110064604708
110064604744
110064604753
110064604780
110064604815
110064604904
110064604922
110064604931
110064605011
110064605075
110064605119
110064605244
110064605486
110064605798
110064605958
110064606029
110064606136
110064606332
110064606412
110064606555
110064606644
110064606653
110064607313
110064607386
110064607475
110064607554
110064607581
110064607901
110064608401
110064608483
110064608704
110064608759
110064608777
110064608786
110064608795
110064608811
110064608866
110064608884
110064608900
110064608982
110064609008
110064609026
110064609080
110064609106
110064609277
110064609375
110064609384
110064609419
110064609455
110064609491
110064609552
110064609605
110064609650
110064609749
110064609758
110064609776
110064609963
110064610078
110064610112
110064610158
110064610354
110064610513
110064610540
110064610675
110064610942
110064610988
110064611022
110064611148
110064611175
110064611193
110064611264
110064611291
110064611308
110064611530
110064611558
110064611898
110064612012
110064612058
110064612076
110064612165
110064612183
110064612389
110064612557
110064612806
110064612815
110064612879
110064613119
110064613146
110064613208
110064613495
110064613547
110064613583
110064613592
110064613627
110064613761
110064613878
110064613903
110064614109
110064614207
110064614270
110064614305
110064614430
110064614494
110064614546
110064614635
110064614840
110064614895
110064614948
110064614957
110064615046
110064615171
110064615199
110064615206
110064615224
110064615448
110064615572
110064615590
110064615607
110064615625
110064615689
110064615705
110064615741
110064615750
110064615812
110064615938
110064615965
110064616036
110064616250
110064616394
110064616410
110064616508
110064616535
110064616571
110064616580
110064616900
110064616937
110064617080
110064617222
110064617286
110064617295
110064617428
110064617464
110064617561
110064617570
110064617650
110064617712
110064617749
110064617776
110064617810
110064617838
110064617892
110064617936
110064617972
110064618016
110064618043
110064618070
110064618089
110064618123
110064618150
110064618230
110064618294
110064618436
110064618613
110064618640
110064618695
110064618748
110064618775
110064618800
110064618999
110064619097
110064619131
110064619168
110064619186
110064619293
110064619408
110064619676
110064619710
110064619934
110064619989
110064620076
110064620218
110064620236
110064620405
110064620496
110064620502
110064620520
110064620557
110064620584
110064620600
110064620824
110064620959
110064621020
110064621039
110064621351
110064621486
110064621734
110064621789
110064621949
110064621967
110064622001
110064622010
110064622056
110064622065
110064622305
110064622341
110064622378
110064622387
110064622412
110064622421
110064622449
110064622671
110064622751
110064622831
110064622859
110064622948
110064622993
110064623055
110064623064
110064623144
110064623242
110064623420
110064623475
110064623572
110064623714
110064623821
110064624232
110064624269
110064624278
110064624312
110064624713
110064624731
110064625008
110064625044
110064625053
110064625222
110064625231
110064625268
110064625286
110064625295
110064625339
110064625375
110064625400
110064625534
110064625552
110064625561
110064625605
110064625758
110064625909
110064626105
110064626150
110064626187
110064626212
110064626221
110064626230
110064626249
110064626258
110064626285
110064626301
110064626310
110064626338
110064626374
110064626383
110064626409
110064626418
110064626427
110064626454
110064626748
110064626855
110064626873
110064626926
110064626971
110064627006
110064627024
110064627033
110064627051
110064627104
110064627417
110064627435
110064627480
110064627621
110064627676
110064627685
110064627756
110064627774
110064627934
110064628087
110064628309
110064628327
110064628336
110064628434
110064628611
110064628675
110064628684
110064628764
110064628817
110064628906
110064628960
110064629077
110064629335
110064629914
110064629941
110064629950
110064630083
110064630181
110064630216
110064630252
110064630270
110064630289
110064630449
110064630546
110064630573
110064630582
110064630653
110064630911
110064630920
110064631019
110064631260
110064631279
110064631420
110064631643
110064631732
110064631956
110064631983
110064632107
110064632321
110064632330
110064632438
110064632474
110064632483
110064632857
110064632866
110064632919
110064633133
110064633160
110064633197
110064633259
110064633437
110064633446
110064633543
110064633632
110064633696
110064633721
110064633730
110064633892
110064634034
110064634141
110064634356
110064634436
110064634463
110064634739
110064634873
110064634908
110064635060
110064635122
110064635444
110064635471
110064635505
110064635765
110064635818
110064635890
110064635934
110064635970
110064636256
110064636327
110064636336
110064636461
110064636489
110064636531
110064636639
110064636666
110064636737
110064636746
110064636817
110064636997
110064637004
110064637040
110064637291
110064637371
110064637424
110064637433
110064637512
110064637530
110064637638
110064637754
110064637816
110064637843
110064637852
110064637932
110064637987
110064638058
110064638067
110064638110
110064638156
110064638165
110064638174
110064638183
110064638254
110064638548
110064638628
110064638717
110064638744
110064638753
110064638780
110064639137
110064639155
110064639182
110064639217
110064639226
110064639262
110064639271
110064639280
110064639306
110064639538
110064639574
110064639636
110064639716
110064639743
110064639823
110064639896
110064639912
110064639921
110064639958
110064639976
110064640018
110064640027
110064640036
110064640241
110064640303
110064640508
110064640526
110064640553
110064640571
110064640580
110064640642
110064640697
110064640704
110064640713
110064640731
110064640759
110064640777
110064640802
110064640857
110064640900
110064640946
110064640964
110064641008
110064641017
110064641035
110064641044
110064641062
110064641080
110064641268
110064641311
110064641393
110064641464
110064641758
110064641767
110064641874
110064641909
110064641990
110064642043
110064642061
110064642089
110064642301
110064642310
110064642329
110064642338
110064642365
110064642506
110064642551
110064642579
110064642604
110064642622
110064642677
110064642720
110064642766
110064642819
110064642837
110064642891
110064642917
110064642944
110064643257
110064643355
110064643596
110064643630
110064643685
110064643710
110064643783
110064643818
110064644078
110064644130
110064644238
110064644256
110064644265
110064644363
110064644531
110064644568
110064644595
110064644639
110064645219
110064645264
110064645291
110064645317
110064645371
110064645380
110064645745
110064645843
110064645923
110064646094
110064646245
110064646254
110064646441
110064646487
110064646575
110064646593
110064646708
110064647066
110064647075
110064647093
110064647191
110064647253
110064647636
110064647681
110064647850
110064647878
110064647912
110064647949
110064648172
110064648243
110064648270
110064648332
110064648350
110064648387
110064648403
110064648421
110064648591
110064648608
110064648635
110064648724
110064648831
110064648877
110064648911
110064648957
110064648993
110064649876
110064650122
110064650131
110064650266
110064650328
110064650444
110064682240
110064692337
110064692756
110064692765
110064692872
110064692961
110064693577
110064693657
110064693719
110064693933
110064694004
110064694059
110064694228
110064694647
110064694861
110064694870
110064694889
110064695147
110064695487
110064695799
110064695913
110064695922
110064696048
110064696084
110064696306
110064696422
110064696592
110064697047
110064697243
110064697467
110064697476
110064697485
110064697494
110064697528
110064698073
110064698475
110064698714
110064698894
110064698910
110064699081
110064699198
110064699205
110064699214
110064723660
110064723679
110064723688
110064723697
110064723704
110064723713
110064723722
110064723731
110064723740
110064726774
110064726783
110064726792
110064727906
110064728200
110064728282
110064728291
110064728308
110064728488
110064728497
110064728503
110064728512
110064728521
110064728530
110064728549
110064728709
110064728718
110064728736
110064728745
110064728914
110064728923
110064728950
110064728978
110064728987
110064728996
110064729003
110064729094
110064729101
110064729110
110064729129
110064729138
110064729147
110064729156
110064729165
110064729174
110064729183
110064729192
110064729254
110064729263
110064729272
110064729281
110064729290
110064729307
110064729316
110064729325
110064729334
110064729343
110064729352
110064729361
110064729370
110064729398
110064729405
110064729414
110064729487
110064729496
110064729502
110064729511
110064729520
110064729539
110064729548
110064729619
110064729628
110064729637
110064729646
110064729655
110064729664
110064729673
110064731125
110064731134
110064731170
110064731189
110064731198
110064731205
110064731214
110064731223
110064731232
110064731241
110064731250
110064731269
110064731278
110064731287
110064731303
110064731321
110064731330
110064731349
110064731358
110064731367
110064731376
110064731385
110064731401
110064731410
110064731429
110064731438
110064731447
110064731456
110064731465
110064731474
110064731483
110064731492
110064731508
110064731517
110064731526
110064731535
110064733855
110064733864
110064734088
110064734097
110064734104
110064734159
110064734220
110064734239
110064734266
110064734275
110064734284
110064734300
110064734319
110064734364
110064734373
110064734382
110064734391
110064734408
110064734417
110064734426
110064734435
110064734444
110064734453
110064734462
110064734471
110064734480
110064734499
110064734505
110064734514
110064734523
110064734532
110064734541
110064734550
110064734569
110064735256
110064735416
110064735425
110064735434
110064735443
110064735452
110064735461
110064735522
110064735531
110064735540
110064735559
110064735568
110064735577
110064735586
110064735595
110064735602
110064735611
110064735657
110064735666
110064735675
110064735684
110064735728
110064735737
110064735755
110064735764
110064735773
110064736353
110064736362
110064736371
110064736399
110064736406
110064736424
110064736433
110064736479
110064736521
110064736549
110064736567
110064736763
110064736807
110064737067
110064737076
110064737085
110064737094
110064737110
110064737129
110064737138
110064737478
110064737496
110064737511
110064737619
110064737637
110064737646
110064737655
110064738397
110064738404
110064738422
110064738468
110064738486
110064738501
110064738529
110064738547
110064738556
110064738574
110064738761
110064738770
110064738798
110064738805
110064738814
110064738823
110064738832
110064738841
110064738850
110064738869
110064738878
110064738976
110064739154
110064739181
110064739190
110064739216
110064739234
110064739252
110064739261
110064739289
110064739298
110064739305
110064739323
110064739341
110064739350
110064739378
110064739449
110064739644
110064743531
110064743568
110064743577
110064743737
110064743880
110064743906
110064743915
110064743933
110064747635
110064750407
110064750416
110064750425
110064750434
110064750443
110064750452
110064750461
110064750470
110064750489
110064750498
110064750504
110064750513
110064750522
110064750531
110064750540
110064750559
110064750568
110064750577
110064750586
110064750595
110064750602
110064750611
110064750620
110064750835
110064750844
110064750853
110064750862
110064750871
110064750880
110064750899
110064750906
110064750915
110064750924
110064750933
110064750942
110064750951
110064750960
110064750979
110064750988
110064750997
110064751004
110064751013
110064751022
110064751031
110064751040
110064751059
110064751068
110064751086
110064751095
110064751102
110064751111
110064751120
110064751139
110064751148
110064751157
110064751166
110064751175
