110064751184
110064751193
110064751200
110064751219
110064751228
110064751237
110064751291
110064751308
110064751549
110064751558
110064751567
110064751576
110064751585
110064751594
110064752003
110064752012
110064752021
110064752030
110064752049
110064752058
110064752236
110064752245
110064752254
110064752263
110064752272
110064752281
110064752290
110064752307
110064752316
110064752325
110064752334
110064752343
110064752352
110064752361
110064752370
110064752389
110064752398
110064752405
110064752414
110064752423
110064752441
110064752450
110064752469
110064752478
110064752487
110064752496
110064752780
110064752799
110064752806
110064752815
110064752824
110064752833
110064753146
110064753155
110064753164
110064753182
110064753191
110064753208
110064753217
110064753280
110064753299
110064753306
110064753315
110064753324
110064753333
110064753342
110064753351
110064753360
110064753379
110064753388
110064753397
110064753404
110064753413
110064753422
110064753459
110064753468
110064753477
110064753486
110064753495
110064753501
110064753510
110064753529
110064753538
110064753547
110064753556
110064753565
110064753574
110064753583
110064753592
110064753609
110064753618
110064753636
110064753645
110064753654
110064753663
110064753690
110064753912
110064753921
110064753930
110064753949
110064753958
110064753967
110064753976
110064754145
110064754163
110064754172
110064754181
110064754190
110064754207
110064754216
110064754225
110064754234
110064754243
110064754252
110064754261
110064754270
110064754289
110064754298
110064754305
110064754314
110064754323
110064754332
110064754341
110064754350
110064754467
110064754476
110064754485
110064754494
110064754500
110064754519
110064754528
110064754537
110064754546
110064754555
110064754564
110064754573
110064754582
110064754591
110064754608
110064754617
110064754626
110064754635
110064754644
110064754653
110064754948
110064754957
110064754966
110064754975
110064754984
110064754993
110064755000
110064755019
110064755028
110064755037
110064755046
110064755055
110064755064
110064755073
110064755082
110064755091
110064755108
110064755117
110064755126
110064755135
110064755144
110064755153
110064755162
110064755171
110064755180
110064755199
110064755206
110064755215
110064755304
110064755322
110064755340
110064755359
110064755368
110064755377
110064755386
110064755395
110064755402
110064755411
110064755420
110064755439
110064755448
110064755457
110064755466
110064755475
110064755484
110064755493
110064755652
110064755661
110064755670
110064755689
110064755698
110064755705
110064755714
110064755723
110064755732
110064755741
110064755947
110064755956
110064755965
110064755974
110064755983
110064755992
110064756009
110064756018
110064756027
110064756036
110064756045
110064756054
110064756063
110064756072
110064756081
110064756090
110064756107
110064756116
110064756125
110064756134
110064756143
110064756250
110064756269
110064756278
110064756287
110064756296
110064756303
110064756312
110064756321
110064756330
110064756349
110064756358
110064756367
110064756376
110064756385
110064756394
110064756401
110064756410
110064756429
110064756438
110064756624
110064756633
110064756642
110064756651
110064756660
110064756679
110064756688
110064756697
110064756704
110064756713
110064756900
110064756919
110064756928
110064756937
110064756946
110064756955
110064756964
110064756973
110064756982
110064756991
110064757008
110064757017
110064757026
110064757035
110064757044
110064757053
110064757491
110064757507
110064757525
110064757534
110064757543
110064757552
110064757561
110064757570
110064757589
110064757927
110064757936
110064757945
110064757954
110064757963
110064757972
110064757981
110064757990
110064758007
110064758016
110064758025
110064758034
110064758356
110064758365
110064758374
110064758383
110064758392
110064758409
110064758418
110064758427
110064758436
110064758445
110064758454
110064758463
110064758472
110064758481
110064758490
110064758506
110064758515
110064758524
110064758533
110064758542
110064759051
110064759060
110064759079
110064759088
110064759097
110064759104
110064759113
110064759122
110064759131
110064759140
110064759159
110064759168
110064759177
110064759186
110064759195
110064759202
110064759211
110064759220
110064759239
110064759462
110064759621
110064759630
110064759649
110064759685
110064759694
110064759701
110064759710
110064759729
110064759738
110064759783
110064759792
110064759809
110064759818
110064759827
110064759836
110064760325
110064760334
110064760343
110064760352
110064760361
110064760370
110064760389
110064760398
110064760405
110064760414
110064760423
110064760432
110064760441
110064760450
110064760469
110064760478
110064760487
110064760496
110064760502
110064760511
110064760520
110064760539
110064760548
110064760557
110064760566
110064760575
110064760584
110064760593
110064760600
110064760619
110064760628
110064760637
110064760646
110064760655
110064760664
110064761217
110064761226
110064761235
110064761244
110064761253
110064761262
110064761271
110064761280
110064761299
110064761306
110064761440
110064761459
110064761468
110064761477
110064761486
110064761645
110064761654
110064761663
110064761672
110064761681
110064761690
110064761707
110064761716
110064761725
110064761734
110064761743
110064761752
110064761770
110064761789
110064761798
110064761805
110064761814
110064762216
110064762225
110064762234
110064762243
110064762252
110064762261
110064762270
110064762289
110064762298
110064762305
110064762314
110064762323
110064762332
110064762341
110064762350
110064762369
110064762378
110064762387
110064762396
110064762403
110064762412
110064762797
110064762984
110064762993
110064763000
110064763019
110064763028
110064763037
110064763046
110064763153
110064763162
110064763171
110064763180
110064763199
110064763206
110064763215
110064763224
110064763233
110064763242
110064763251
110064763260
110064763279
110064763288
110064763297
110064763493
110064763509
110064763518
110064763527
110064763536
110064763545
110064763554
110064763563
110064763572
110064763581
110064763590
110064763607
110064763616
110064763625
110064763634
110064763643
110064763652
110064763661
110064763670
110064763689
110064763698
110064763705
110064763992
110064764009
110064764018
110064764027
110064764036
110064764125
110064764134
110064764143
110064764152
110064764161
110064764170
110064764205
110064764214
110064764223
110064764241
110064764250
110064764269
110064764278
110064764287
110064764296
110064764303
110064764312
110064764321
110064764330
110064764349
110064764358
110064764367
110064764376
110064764385
110064764982
110064764991
110064765008
110064765017
110064765026
110064765035
110064765044
110064765446
110064765455
110064765464
110064765473
110064765482
110064765491
110064765507
110064765516
110064765525
110064765534
110064765543
110064765552
110064765561
110064765570
110064765589
110064765605
110064765767
110064765776
110064765785
110064765794
110064765801
110064765810
110064765829
110064765838
110064765847
110064765856
110064765865
110064765874
110064765883
110064765892
110064765909
110064765918
110064765927
110064765936
110064765945
110064765954
110064765963
110064765972
110064765981
110064765990
110064766016
110064766025
110064766034
110064766043
110064766052
110064766061
110064766070
110064766089
110064766098
110064766105
110064766365
110064766374
110064766383
110064766392
110064766560
110064766579
110064766588
110064766597
110064766604
110064766613
110064766953
110064766962
110064766971
110064766980
110064766999
110064767006
110064767015
110064767033
110064767042
110064767051
110064767060
110064767079
110064767088
110064767097
110064767104
110064767113
110064767435
110064767444
110064767453
110064767462
110064767471
110064767480
110064767499
110064767505
110064767514
110064767523
110064767532
110064767541
110064767550
110064767569
110064767578
110064767587
110064767596
110064767603
110064767612
110064767621
110064767630
110064767649
110064767658
110064767667
110064767676
110064767685
110064767694
110064767701
110064767845
110064767854
110064767863
110064768087
110064768096
110064768103
110064768522
110064768764
110064768773
110064768782
110064768791
110064768808
110064768817
110064768826
110064768835
110064768844
110064768853
110064768862
110064768871
110064768915
110064768924
110064768933
110064768942
110064768951
110064768960
110064768979
110064768988
110064768997
110064769004
110064769013
110064769022
110064769031
110064769040
110064769059
110064769068
110064769077
110064769184
110064769193
110064769200
110064769219
110064769567
110064769576
110064769585
110064769594
110064769601
110064769610
110064769629
110064769638
110064769647
110064769656
110064769665
110064769674
110064769683
110064769709
110064769718
110064769889
110064769898
110064769905
110064769914
110064769923
110064769932
110064769941
110064769950
110064769969
110064769978
110064769987
110064769996
110064770001
110064770010
110064770029
110064770047
110064770065
110064770074
110064770083
110064770092
110064770109
110064770118
110064770127
110064770136
110064770145
110064770154
110064770163
110064770172
110064770181
110064770190
110064770207
110064770216
110064770225
110064770234
110064770243
110064770252
110064770261
110064770270
110064770289
110064770298
110064770305
110064770314
110064770323
110064770332
110064770341
110064770350
110064770369
110064770378
110064770387
110064770396
110064770403
110064770412
110064770421
110064770430
110064770449
110064770458
110064770467
110064770476
110064770485
110064770494
110064770500
110064770519
110064770528
110064770537
110064770546
110064770555
110064770564
110064770573
110064770733
110064770742
110064770751
110064770760
110064770779
110064770788
110064770797
110064770804
110064770813
110064770822
110064770831
110064770840
110064770859
110064770868
110064770877
110064770886
110064770895
110064770902
110064770911
110064770939
110064770957
110064770966
110064771162
110064771171
110064771180
110064771199
110064771206
110064771215
110064771224
110064771242
110064771251
110064771260
110064771279
110064771288
110064771297
110064771304
110064771313
110064771322
110064771331
110064771340
110064771518
110064771527
110064771536
110064771554
110064771563
110064771572
110064771581
110064771590
110064771607
110064771616
110064771625
110064771634
110064771643
110064771652
110064771661
110064771670
110064771689
110064771698
110064771705
110064771714
110064771723
110064771732
110064771741
110064771750
110064771769
110064771778
110064771787
110064771796
110064771803
110064771812
110064771821
110064771830
110064771849
110064771858
110064771867
110064771876
110064772624
110064772633
110064772642
110064772651
110064772660
110064772679
110064772688
110064772697
110064772704
110064772713
110064772722
110064772731
110064772740
110064772759
110064772768
110064772777
110064772786
110064772795
110064772802
110064772937
110064772946
110064772955
110064772964
110064772973
110064772982
110064772991
110064773008
110064773017
110064773026
110064773035
110064773044
110064773053
110064773062
110064773071
110064773080
110064773099
110064773106
110064773115
110064773124
110064773133
110064773142
110064773151
110064773160
110064773179
110064773188
110064773197
110064773204
110064773213
110064773222
110064773231
110064773240
110064773259
110064773268
110064773277
110064773286
110064773295
110064773311
110064773339
110064773348
110064773357
110064773366
110064773375
110064773384
110064773393
110064773400
110064773419
110064773927
110064773936
110064773945
110064773954
110064773963
110064773990
110064774025
110064774034
110064774043
110064774052
110064774061
110064774070
110064774338
110064774347
110064774409
110064774418
110064774445
110064774463
110064774579
110064774613
110064774622
110064774631
110064774702
110064774711
110064775122
110064776176
110064776194
110064776210
110064776229
110064776309
110064776336
110064776345
110064776354
110064776416
110064776434
110064777040
110064777059
110064777068
110064777530
110064778405
110064778423
110064778432
110064778441
110064779379
110064781945
110064781954
110064781963
110064782267
110064782276
110064783480
110064784121
110064784130
110064784149
110064784158
110064784167
110064823062
110064826470
110064835184
110064835193
110064835200
110064835219
110064835905
110064835914
110064835923
110064835941
110064835950
110064835969
110064835978
110064835987
110064836254
110064836272
110064836281
110064836290
110064836334
110064836370
110064836389
110064836432
110064836628
110064836708
110064837039
110064837155
110064837422
110064837556
110064837565
110064837574
110064837636
110064837707
110064837716
110064837725
110064837743
110064837869
110064837878
110064837903
110064837921
110064837958
110064837985
110064837994
110064838993
110064839206
110064839288
110064839331
110064839340
110064839359
110064839368
110064839377
110064839386
110064839395
110064839420
110064839439
110064839448
110064839572
110064839590
110064839661
110064839689
110064840089
110064840105
110064840560
110064840579
110064840588
110064840882
