110064841177
110064841202
110064841211
110064841220
110064841239
110064841284
110064841293
110064841319
110064841596
110064841603
110064841612
110064841649
110064841694
110064841710
110064841738
110064841765
110064841774
110064841845
110064841989
110064842005
110064842158
110064842167
110064842201
110064842238
110064842247
110064842256
110064842274
110064842345
110064842354
110064842372
110064842381
110064842470
110064842489
110064842648
110064842666
110064843237
110064843246
110064843255
110064843264
110064843273
110064843282
110064843629
110064843996
110064853813
110064853859
110064854750
110064854778
110064854787
110064854849
110064854901
110064855269
110064855278
110064855321
110064855330
110064855358
110064855367
110064855376
110064855385
110064855394
110064855429
110064855438
110064855447
110064855456
110064855465
110064855474
110064855526
110064855535
110064855553
110064855562
110064855660
110064855697
110064855704
110064855722
110064855731
110064855740
110064855768
110064855884
110064855900
110064855937
110064855955
110064855964
110064855973
110064855982
110064855991
110064856008
110064856026
110064856035
110064856099
110064856133
110064856151
110064856160
110064856188
110064856213
110064856222
110064856231
110064856240
110064856259
110064856268
110064856277
110064856286
110064856295
110064856302
110064856311
110064856320
110064856339
110064856348
110064856357
110064856366
110064856534
110064856543
110064856561
110064856570
110064856605
110064856614
110064856623
110064856669
110064856721
110064856749
110064856758
110064856767
110064856829
110064856945
110064856954
110064857196
110064857203
110064857258
110064857294
110064857310
110064857347
110064857418
110064857427
110064857445
110064857472
110064857481
110064857515
110064857711
110064858024
110064858202
110064858211
110064858220
110064858248
110064858275
110064858337
110064858346
110064858355
110064858364
110064858373
110064858408
110064858426
110064858435
110064858462
110064858765
110064858774
110064858783
110064858792
110064858827
110064858836
110064858854
110064858863
110064858872
110064858881
110064858890
110064858907
110064858961
110064859005
110064859041
110064859050
110064859069
110064859078
110064859087
110064859096
110064859103
110064859112
110064859121
110064859130
110064859149
110064859158
110064859167
110064859176
110064859185
110064859194
110064859201
110064859210
110064859229
110064859238
110064859247
110064859309
110064859327
110064859354
110064859390
110064859416
110064859452
110064859461
110064859470
110064859531
110064859611
110064859620
110064859693
110064859737
110064859746
110064859782
110064859924
110064859933
110064859942
110064859951
110064859960
110064859979
110064859988
110064859997
110064860011
110064860020
110064860066
110064860084
110064860093
110064860100
110064860173
110064860208
110064860244
110064860253
110064860271
110064860299
110064860379
110064860388
110064860397
110064860404
110064860440
110064860538
110064860547
110064860556
110064860565
110064860592
110064860609
110064860743
110064860752
110064860761
110064860789
110064860841
110064860887
110064860896
110064860903
110064861127
110064861190
110064861216
110064861430
110064861537
110064861644
110064861653
110064861662
110064861671
110064861733
110064861742
110064861751
110064861760
110064861779
110064861804
110064861813
110064861822
110064861831
110064861840
110064861859
110064861868
110064861920
110064861939
110064861948
110064862000
110064862019
110064862028
110064862037
110064862046
110064862055
110064862091
110064862108
110064862144
110064862279
110064862331
110064862466
110064862484
110064862493
110064862509
110064862518
110064862527
110064862536
110064862572
110064862590
110064862652
110064862661
110064862670
110064862689
110064862698
110064862705
110064862714
110064862723
110064862732
110064862769
110064862778
110064862787
110064862796
110064862830
110064862849
110064862858
110064862867
110064862876
110064862901
110064862910
110064862983
110064863045
110064863072
110064863116
110064863125
110064863134
110064863214
110064863241
110064863250
110064863269
110064863296
110064863321
110064863429
110064863447
110064863544
110064863599
110064863606
110064863713
110064863768
110064863777
110064863786
110064863795
110064863839
110064863875
110064863893
110064863937
110064863973
110064863982
110064863991
110064864008
110064864017
110064864044
110064864099
110064864151
110064864179
110064864268
110064864277
110064864286
110064864311
110064864320
110064864339
110064864428
110064864464
110064864473
110064864507
110064864534
110064864552
110064864570
110064864650
110064864678
110064864703
110064864712
110064864730
110064864758
110064864767
110064864856
110064865043
110064865221
110064865533
110064865542
110064865551
110064865560
110064865579
110064865588
110064865597
110064865613
110064865622
110064865640
110064865677
110064865739
110064865748
110064865757
110064865775
110064865873
110064865935
110064865953
110064866097
110064866140
110064866168
110064866177
110064866186
110064866195
110064866202
110064866257
110064866275
110064866284
110064866328
110064866337
110064866346
110064866355
110064866364
110064866408
110064866426
110064866444
110064866453
110064866462
110064866471
110064866480
110064866499
110064866505
110064866514
110064866523
110064866541
110064866550
110064866569
110064866578
110064866809
110064866907
110064867096
110064867103
110064867112
110064867149
110064867176
110064867201
110064867210
110064867229
110064867247
110064867274
110064867381
110064867416
110064867425
110064867443
110064867452
110064867513
110064867522
110064867531
110064867540
110064867568
110064867586
110064867595
110064867602
110064867611
110064867620
110064867639
110064867648
110064867666
110064867675
110064867684
110064867700
110064867719
110064867728
110064867737
110064867746
110064867755
110064867764
110064867933
110064867960
110064867979
110064867997
110064868059
110064868148
110064868282
110064868415
110064868424
110064868433
110064868442
110064868460
110064868497
110064868521
110064868576
110064868585
110064868594
110064868610
110064868629
110064868727
110064868754
110064868763
110064868772
110064868781
110064868790
110064868807
110064868816
110064868825
110064868834
110064868923
110064868987
110064868996
110064869058
110064869067
110064869165
110064869236
110064869245
110064869254
110064869263
110064869272
110064869307
110064869334
110064869370
110064869496
110064869520
110064869539
110064869566
110064869575
110064869655
110064869664
110064869673
110064869682
110064869691
110064869708
110064869726
110064869735
110064869753
110064869806
110064869815
110064869842
110064869851
110064869968
110064870000
110064870019
110064870073
110064870233
110064870322
110064870340
110064870359
110064870386
110064870484
110064870493
110064870769
110064870778
110064870796
110064870876
110064870894
110064870947
110064870956
110064870974
110064871009
110064871018
110064871027
110064871045
110064871054
110064871063
110064871081
110064871198
110064871606
110064871615
110064871688
110064871697
110064871704
110064871786
110064871795
110064871811
110064871820
110064871839
110064871848
110064871857
110064871866
110064871875
110064871919
110064872026
110064872151
110064872179
110064872339
110064872348
110064872357
110064872366
110064872384
110064872393
110064872400
110064872419
110064872428
110064872437
110064872446
110064872455
110064872491
110064872525
110064872534
110064872543
110064872552
110064872561
110064872570
110064872589
110064872598
110064872641
110064872687
110064872712
110064872721
110064872730
110064872758
110064872767
110064872776
110064872856
110064872865
110064872874
110064872883
110064872909
110064872918
110064872936
110064872972
110064872990
110064873043
110064873061
110064873221
110064873230
110064873285
110064873374
110064873418
110064873427
110064873436
110064873445
110064873463
110064873472
110064873481
110064873490
110064873560
110064873775
110064873917
110064873926
110064874122
110064874131
110064874140
110064874266
110064874275
110064874355
110064874364
110064874505
110064874514
110064874630
110064874649
110064874701
110064874710
110064874729
110064874845
110064874925
110064874934
110064874943
110064874952
110064874961
110064874989
110064875005
110064875014
110064875023
110064875032
110064875041
110064875069
110064875167
110064875238
110064875381
110064875461
110064875470
110064875522
110064875540
110064875808
110064875817
110064875853
110064875862
110064875871
110064875880
110064875906
110064875942
110064875951
110064875960
110064875979
110064875988
110064876013
110064876022
110064876031
110064876040
110064876077
110064876086
110064876102
110064876111
110064876120
110064876139
110064876148
110064876157
110064876175
110064876219
110064876264
110064876308
110064876326
110064876460
110064876488
110064876549
110064876558
110064876567
110064876576
110064876585
110064876594
110064876601
110064876629
110064876638
110064876647
110064876692
110064876736
110064876745
110064876807
110064876825
110064876834
110064876843
110064876852
110064876861
110064876870
110064876914
110064876923
110064876932
110064876941
110064876950
110064876969
110064876978
110064876987
110064876996
110064877003
110064877012
110064877067
110064877110
110064877138
110064877156
110064877183
110064877209
110064877227
110064877236
110064877352
110064877370
110064877389
110064877398
110064877520
110064877584
110064877593
110064877619
110064877637
110064877646
110064877682
110064877815
110064877824
110064877833
110064877940
110064877968
110064877995
110064878066
110064878084
110064878137
110065209063
110066848674
110066848683
110066848889
110066848898
110066848914
110066848923
110066848932
110066848950
110066848969
110066848978
110066848987
110066848996
110066849003
110066849030
110066849049
110066849101
110066849138
110066849165
110066849192
110066849209
110066849361
110066849502
110066849511
110066849520
110066849548
110066849557
110066849566
110066849575
110066849655
110066849664
110066849806
110066849815
110066849879
110066849897
110066849904
110066849913
110066849986
110066849995
110066850928
110066851204
110066851366
110066851776
110066852472
110066853408
110066855969
110066855978
110066856110
110066856147
110066856316
110066856539
110066856548
110066857173
110066857182
110066857191
110066857306
110066857315
110066857324
110066857342
110066857388
110066866993
110066867064
110066867108
110066867493
110066867714
110066867723
110066867787
110066867796
110066867849
110066867910
110066868214
110066868250
110066868349
110066868385
110066868483
110066868492
110066868571
110066868928
110066869428
110066869936
110066870103
110066870452
110066870684
110066870737
110066870871
110066871184
110066871237
110066871246
110066871433
110066871488
110066871790
110066871843
110066871969
110066872824
110066872897
110066872986
110066872995
110066873002
110066873075
110066873413
110066873707
110066873823
110066873832
110066873921
110066874234
110066874528
110066874537
110066874546
110066874635
110066874751
110066874822
110066875037
110066875153
110066875171
110066875180
110066875251
110066876152
110066876330
110066876713
110066876777
110066876786
110066877053
110066877160
110066877437
110066877776
110066878043
110066878668
110066878766
110066878819
110066878828
110066878891
110066878980
110066879578
110066879587
110066879881
110066879934
110066879943
110066879952
110066880888
110066881173
110066881191
110066881208
110066881217
110066881510
110066881529
110066881547
110066881592
110066881681
110066881832
110066881912
110066882047
110066882074
110066882485
110066882500
110066882671
110066882699
110066882822
110066882831
110066883108
110066883518
110066884606
110066884642
110066884679
110066885080
110066885151
110066885552
110066885776
110066886454
110066886515
110066886668
110066887159
110066887747
110066887907
110066887952
110066887961
110066888130
110066888407
110066888531
110066888595
110066888611
110066888639
110066888648
110066888924
110066889040
110066889193
110066889264
110066889674
110066889834
110066890163
110066890207
110066891046
110066891153
110066891162
110066891625
110066891992
110066892081
110066892312
110066892385
110066892410
110066892456
110066893507
110066893516
110066893641
110066893712
110066894203
110066894329
110066894613
110066894622
110066895033
110066895079
110066895275
110066895300
110066895854
110066895872
110066895907
110066895925
110066896103
110066896390
110066896407
110066897004
110066897040
110066897219
110066897264
110066897282
110066897371
110066897442
110066897594
110066898012
110066898156
110066898165
110066898192
110066899379
110066899912
110066899930
110066899949
110066900189
110066900241
110066900250
110066900269
110066900615
110066900697
110066900777
110066900795
110066901240
110066901339
110066901641
110066901829
110066902025
110066902034
110066902089
110066902454
110066902766
110066903275
110066903284
110066903541
110066903550
110066904372
110066904540
110066904684
110066904700
110066904773
110066904951
110066904979
110066905255
110066905273
