110066905326
110066905488
110066905497
110066905576
110066905594
110066905601
110066905610
110066905629
110066905656
110066905665
110066905763
110066905905
110066905914
110066906003
110066906067
110066906646
110066906842
110066906879
110066907182
110066907191
110066907280
110066907486
110066907565
110066907752
110066907994
110066908109
110066908118
110066908350
110066908494
110066908877
110066909812
110066909929
110066910061
110066910392
110066910427
110066910445
110066910855
110066910864
110066911738
110066912005
110066912522
110066912531
110066912595
110066912871
110066913059
110066913308
110066913807
110066913950
110066914085
110066914147
110066914227
110066914307
110066914539
110066914557
110066914619
110066914628
110066914637
110066914646
110066915020
110066915360
110066915379
110066915397
110066915468
110066915547
110066915903
110066916314
110066916341
110066916378
110066916635
110066916662
110066916724
110066917135
110066917965
110066917983
110066918134
110066919071
110066919099
110066919124
110066919142
110066919160
110066919188
110066919286
110066919295
110066919419
110066919437
110066919446
110066919464
110066919491
110066919516
110066919963
110066919972
110066919990
110066920032
110066920041
110066920201
110066920292
110066920522
110066920826
110066921255
110066922138
110066922156
110066922236
110066922343
110066922771
110066922799
110066922806
110066923128
110066923226
110066923235
110066923351
110066923761
110066923930
110066924172
110066924190
110066924289
110066924494
110066924644
110066924653
110066924902
110066924911
110066925037
110066925812
110066925876
110066926287
110066926376
110066926447
110066926580
110066926599
110066926624
110066927026
110066927197
110066927614
110066927847
110066927954
110066928203
110066928276
110066929097
110066929104
110066929113
110066929756
110066929774
110066929827
110066929845
110066929863
110066930049
110066930511
110066930655
110066930780
110066930815
110066931681
110066932573
110066933000
110066933028
110066933037
110066933046
110066933064
110066933260
110066934955
110066935437
110066935464
110066935507
110066935632
110066935641
110066935650
110066936267
110067006322
110067007964
110067008231
110067008277
110067008286
110067008302
110067008320
110067008339
110067008348
110067008393
110067008464
110067008534
110067008561
110067008614
110067008687
110067008696
110067008721
110067008776
110067008927
110067008945
110067009178
110067009187
110067009230
110067009506
110067014260
110067014279
110067014288
110067014359
110067014395
110067014420
110067014448
110067014545
110067014554
110067014563
110067014581
110067014607
110067014616
110067014625
110067014643
110067014652
110067014661
110067014698
110067014705
110067014723
110067014732
110067014741
110067014750
110067014787
110067014796
110067014803
110067014821
110067014849
110067014858
110067014876
110067014901
110067014910
110067014974
110067014983
110067014992
110067015018
110067015045
110067015090
110067015125
110067015143
110067015152
110067015161
110067015189
110067015198
110067015205
110067015214
110067015223
110067015232
110067015312
110067015367
110067015401
110067015438
110067015447
110067015456
110067015465
110067015483
110067015492
110067015508
110067015517
110067015535
110067015544
110067015704
110067015713
110067015731
110067015740
110067015777
110067015786
110067015795
110067015802
110067015811
110067015820
110067015866
110067015875
110067015893
110067015928
110067015937
110067015946
110067015955
110067015982
110067016026
110067016053
110067016062
110067016071
110067016080
110067016099
110067016106
110067016115
110067016124
110067016133
110067016179
110067016204
110067016213
110067016295
110067016302
110067016339
110067016348
110067016357
110067016419
110067016428
110067016446
110067016455
110067016473
110067016516
110067016561
110067016570
110067016598
110067016605
110067016614
110067016623
110067016632
110067016650
110067016721
110067016785
110067016810
110067016829
110067016838
110067016847
110067016856
110067016865
110067016874
110067016883
110067016892
110067016909
110067016918
110067016927
110067016936
110067017052
110067017070
110067017098
110067017132
110067017169
110067017178
110067017187
110067017196
110067017203
110067017230
110067017249
110067017258
110067017267
110067017276
110067017285
110067017310
110067017329
110067017338
110067017347
110067017356
110067017374
110067017436
110067017445
110067017454
110067017481
110067017490
110067017524
110067017533
110067017551
110067017622
110067017631
110067017640
110067017668
110067017711
110067017757
110067017766
110067017775
110067017784
110067017793
110067017800
110067017819
110067017837
110067017855
110067017873
110067017908
110067017917
110067017926
110067017935
110067017944
110067017953
110067017962
110067018006
110067018024
110067018033
110067018042
110067018079
110067018088
110067018104
110067018113
110067018122
110067018159
110067018168
110067018195
110067018202
110067018266
110067018275
110067018284
110067018293
110067018300
110067018319
110067018328
110067018337
110067018346
110067018355
110067018382
110067018408
110067018435
110067018453
110067018462
110067018471
110067018532
110067018578
110067018658
110067018676
110067018685
110067018701
110067018710
110067018729
110067018738
110067018774
110067018818
110067018845
110067018854
110067018872
110067018890
110067018943
110067018961
110067018970
110067018989
110067019005
110067019014
110067019023
110067019069
110067019087
110067019096
110067019112
110067019121
110067019130
110067019149
110067019167
110067019210
110067019229
110067019247
110067019265
110067019274
110067019283
110067019292
110067019309
110067019327
110067019381
110067019425
110067019513
110067019531
110067019577
110067019586
110067019595
110067019611
110067019639
110067019648
110067019675
110067019700
110067019719
110067019728
110067019737
110067019746
110067019764
110067019773
110067019782
110067019791
110067019853
110067019862
110067019871
110067019899
110067019933
110067019942
110067019951
110067019979
110067019997
110067020020
110067020075
110067020084
110067020093
110067020100
110067020119
110067020128
110067020164
110067020191
110067020208
110067020217
110067020226
110067020244
110067020253
110067020262
110067020271
110067020280
110067020299
110067020324
110067020360
110067020379
110067020397
110067020404
110067020413
110067020431
110067020459
110067020468
110067020486
110067020501
110067020510
110067020529
110067020538
110067020547
110067020592
110067020609
110067020618
110067020636
110067020645
110067020654
110067020707
110067020725
110067020734
110067020743
110067020752
110067020761
110067020770
110067020789
110067020798
110067020823
110067020850
110067020878
110067020896
110067020903
110067020912
110067020921
110067020994
110067021029
110067021038
110067021065
110067021074
110067021109
110067021118
110067021127
110067021136
110067021145
110067021154
110067021252
110067021289
110067021341
110067021350
110067021369
110067021387
110067021396
110067021403
110067021412
110067021421
110067021449
110067021458
110067021467
110067021476
110067021617
110067021626
110067021635
110067021644
110067021653
110067021662
110067021680
110067021699
110067021715
110067021724
110067021742
110067021751
110067021779
110067021804
110067021813
110067021822
110067021831
110067021840
110067021859
110067021895
110067021920
110067021957
110067021993
110067022064
110067022153
110067022180
110067022206
110067022233
110067022242
110067022260
110067022304
110067022331
110067022386
110067022395
110067022411
110067022420
110067022439
110067022448
110067022466
110067022475
110067022484
110067022493
110067022509
110067022545
110067022563
110067022572
110067022590
110067022607
110067022634
110067022661
110067022689
110067022723
110067022732
110067022741
110067022769
110067022778
110067022787
110067022796
110067022803
110067022830
110067022849
110067022858
110067022867
110067022876
110067022894
110067022901
110067022910
110067022938
110067022947
110067022956
110067022965
110067022974
110067022983
110067023036
110067023045
110067023054
110067023072
110067023081
110067023090
110067023134
110067023143
110067023161
110067023170
110067023205
110067023241
110067023250
110067023269
110067023278
110067023287
110067023296
110067023303
110067023312
110067023321
110067023349
110067023358
110067023376
110067023385
110067023394
110067023410
110067023438
110067023456
110067023492
110067023517
110067023526
110067023624
110067023642
110067023688
110067023704
110067023795
110067023802
110067023811
110067023857
110067023900
110067023919
110067023928
110067023937
110067023946
110067023955
110067023964
110067023973
110067023982
110067023991
110067024008
110067024026
110067024080
110067024099
110067024106
110067024115
110067024124
110067024133
110067024142
110067024151
110067024160
110067024179
110067024197
110067024204
110067024213
110067024240
110067024268
110067024277
110067024286
110067024295
110067024302
110067024311
110067024320
110067024339
110067024375
110067024393
110067024428
110067024455
110067024516
110067024561
110067024570
110067024589
110067024598
110067024605
110067024614
110067024623
110067024632
110067024641
110067024669
110067024696
110067024703
110067024712
110067024721
110067024730
110067024776
110067024829
110067024847
110067024856
110067024865
110067024909
110067024927
110067024972
110067024990
110067025007
110067025016
110067025025
110067025061
110067025089
110067025114
110067025132
110067025141
110067025150
110067025169
110067025178
110067025221
110067025230
110067025249
110067025276
110067025285
110067025294
110067025301
110067025329
110067025338
110067025347
110067025356
110067025365
110067025374
110067025490
110067025506
110067025515
110067025533
110067025551
110067025622
110067025640
110067025659
110067025668
110067025677
110067025686
110067025695
110067025748
110067025757
110067025766
110067025775
110067025908
110067025944
110067025953
110067025962
110067025999
110067026051
110067026097
110067026131
110067026186
110067026220
110067026239
110067026248
110067026257
110067026266
110067026275
110067026284
110067026293
110067026300
110067026319
110067026328
110067026364
110067026382
110067026391
110067026408
110067026417
110067026426
110067026453
110067026462
110067026505
110067026514
110067026523
110067026541
110067026569
110067026578
110067026587
110067026596
110067026603
110067026612
110067026621
110067026630
110067026658
110067026667
110067026685
110067026729
110067026738
110067026747
110067026756
110067026765
110067026774
110067026783
110067026809
110067026818
110067026845
110067026854
110067026863
110067026872
110067026952
110067026961
110067027005
110067027069
110067027078
110067027087
110067027096
110067027103
110067027112
110067027158
110067027167
110067027238
110067027256
110067027265
110067027274
110067027283
110067027292
110067027309
110067027318
110067027327
110067027363
110067027425
110067027443
110067027461
110067027498
110067027504
110067027513
110067027522
110067027540
110067027559
110067027568
110067027577
110067027586
110067027595
110067027602
110067027611
110067027620
110067027648
110067027657
110067027666
110067027675
110067027684
110067027693
110067027719
110067027728
110067027764
110067027791
110067027817
110067027826
110067027835
110067027862
110067027880
110067027906
110067027924
110067027942
110067027951
110067027979
110067027988
110067027997
110067028004
110067028013
110067028077
110067028086
110067028095
110067028111
110067028193
110067028237
110067028246
110067028264
110067028273
110067028326
110067028344
110067028371
110067028433
110067028479
110067028488
110067028497
110067028503
110067028530
110067028549
110067028558
110067028585
110067028601
110067028610
110067028629
110067028638
110067028647
110067028656
110067028665
110067028736
110067028754
110067028772
110067028781
110067028825
110067028843
110067028852
110067028861
110067028889
110067028898
110067028905
110067028914
110067028932
110067028950
110067028978
110067029012
110067029021
110067029030
110067029049
110067029058
110067029067
110067029076
110067029085
110067029129
110067029138
110067029156
110067029183
110067029245
110067029263
110067029272
110067029307
110067029325
110067029334
110067029343
110067029352
110067029361
110067029370
110067029389
110067029398
110067029405
110067029478
110067029487
110067029496
110067029502
110067029511
110067029520
110067029539
110067029548
110067029566
110067029575
110067029584
110067029593
110067029600
110067029628
110067029646
110067029708
110067029762
110067029815
110067029824
110067029833
110067029851
110067029879
110067029888
110067029922
110067029959
110067029995
110067030000
110067030019
110067030028
110067030037
110067030064
110067030073
110067030082
110067030108
110067030126
110067030135
110067030162
110067030171
110067030180
110067030199
110067030206
110067030215
110067030233
110067030242
110067030251
110067030260
110067030279
110067030288
110067030297
110067030304
110067030331
110067030340
110067030368
110067030484
110067030527
110067030554
110067030581
