110067030607
110067030616
110067030661
110067030670
110067030689
110067030698
110067030714
110067030803
110067030812
110067030821
110067030830
110067030849
110067030858
110067030867
110067030876
110067030894
110067030901
110067030910
110067030929
110067030947
110067030956
110067030983
110067030992
110067031045
110067031063
110067031090
110067031107
110067031116
110067031125
110067031143
110067031170
110067031250
110067031269
110067031278
110067031321
110067031330
110067031401
110067031410
110067031456
110067031465
110067031474
110067031483
110067031492
110067031508
110067031517
110067031526
110067031535
110067031544
110067031553
110067031599
110067031633
110067031642
110067031651
110067031660
110067031679
110067031688
110067031713
110067031722
110067031731
110067031740
110067031768
110067031777
110067031786
110067031795
110067031802
110067031811
110067031839
110067031884
110067031893
110067031900
110067031919
110067031928
110067031964
110067033141
110067033178
110067033294
110067033515
110067033677
110067033686
110067033855
110067033864
110067033953
110067041828
110067148722
110067148731
110067152262
110067152271
110067152280
110067152315
110067152324
110067152333
110067152342
110067152351
110067152360
110067152379
110067152413
110067152422
110067152431
110067152440
110067152459
110067152468
110067152477
110067152529
110067152538
110067152583
110067152645
110067152654
110067152663
110067152672
110067152681
110067152716
110067152725
110067152805
110067152976
110067152985
110067153038
110067153047
110067153056
110067153154
110067153163
110067153172
110067153216
110067153270
110067153305
110067153314
110067153323
110067153332
110067153467
110067153476
110067153494
110067153500
110067153519
110067153537
110067153546
110067153555
110067153564
110067153573
110067161421
110067162180
110067162572
110067162661
110067162698
110067162821
110067163081
110067163090
110067163161
110067163198
110067163287
110067172678
110067172687
110067172696
110067172703
110067172730
110067172749
110067172829
110067172838
110067172874
110067172892
110067172927
110067172945
110067172954
110067172963
110067172981
110067172990
110067173007
110067173034
110067173061
110067173070
110067173089
110067173105
110067173132
110067173267
110067173285
110067173294
110067173329
110067173338
110067173347
110067173356
110067173365
110067173374
110067173418
110067173427
110067173472
110067173506
110067173515
110067173524
110067173551
110067173579
110067173597
110067173604
110067173613
110067173622
110067173631
110067173659
110067173686
110067173695
110067173702
110067173720
110067173819
110067173846
110067173864
110067173873
110067173882
110067173891
110067173935
110067173944
110067173953
110067173962
110067173971
110067174006
110067174015
110067174024
110067174033
110067174060
110067174088
110067174104
110067174131
110067174168
110067174266
110067174284
110067174293
110067174319
110067174346
110067174355
110067174364
110067174382
110067174408
110067174435
110067174444
110067174505
110067174514
110067174523
110067174541
110067174550
110067174569
110067174578
110067174596
110067174603
110067174621
110067174649
110067174658
110067174667
110067174710
110067174729
110067174738
110067174747
110067174774
110067174783
110067174836
110067174863
110067174872
110067174890
110067174916
110067174998
110067175014
110067175023
110067175032
110067175041
110067175050
110067175078
110067175087
110067175158
110067175167
110067175185
110067175210
110067175229
110067175238
110067175265
110067175274
110067175283
110067175292
110067175318
110067175327
110067175336
110067175345
110067175363
110067175407
110067175416
110067175443
110067175498
110067175504
110067175513
110067175522
110067175531
110067175540
110067175568
110067175577
110067175586
110067175595
110067175602
110067175620
110067175639
110067175648
110067175657
110067175666
110067175693
110067175746
110067175773
110067175817
110067175835
110067175844
110067175853
110067175862
110067175880
110067175899
110067175906
110067175924
110067175933
110067175942
110067175951
110067176004
110067176040
110067176068
110067176095
110067176148
110067176157
110067176166
110067176175
110067176184
110067176193
110067176200
110067176219
110067176246
110067176255
110067176264
110067176291
110067176308
110067176326
110067176362
110067176399
110067176406
110067176424
110067176433
110067176442
110067176460
110067176488
110067176512
110067176521
110067176530
110067176549
110067176558
110067176585
110067176594
110067176665
110067176683
110067176709
110067176736
110067176745
110067176816
110067176834
110067176861
110067176870
110067176889
110067176898
110067176932
110067176950
110067176969
110067177021
110067177058
110067177085
110067177110
110067177147
110067177156
110067177174
110067177183
110067177209
110067177218
110067177227
110067177236
110067177290
110067177307
110067177325
110067177343
110067177361
110067177432
110067177441
110067177450
110067177469
110067177478
110067177487
110067177557
110067177575
110067177584
110067177600
110067177619
110067177655
110067177691
110067177726
110067177735
110067177744
110067177762
110067177799
110067177833
110067177842
110067177851
110067177879
110067177913
110067177922
110067177940
110067177977
110067178011
110067178020
110067178039
110067178048
110067178084
110067178093
110067178119
110067178137
110067178146
110067178155
110067178164
110067178173
110067178182
110067178191
110067178208
110067178217
110067178226
110067178235
110067178244
110067178253
110067178262
110067178271
110067178280
110067178299
110067178315
110067178333
110067178379
110067178388
110067178422
110067178440
110067178501
110067178547
110067178565
110067178592
110067178609
110067178618
110067178654
110067178690
110067178716
110067178752
110067178789
110067178805
110067178814
110067178823
110067178832
110067178841
110067178896
110067178958
110067178967
110067178976
110067178994
110067179001
110067179010
110067179029
110067179092
110067179109
110067179163
110067179190
110067179207
110067179216
110067179243
110067179252
110067179261
110067179270
110067179298
110067179305
110067179314
110067179323
110067179332
110067179341
110067179387
110067179396
110067179412
110067179500
110067179528
110067179546
110067179564
110067179591
110067179608
110067179617
110067179626
110067179635
110067179644
110067179653
110067179662
110067179671
110067179680
110067179715
110067179742
110067179751
110067179797
110067179877
110067179886
110067179911
110067179920
110067179948
110067179966
110067179984
110067179993
110067180008
110067180044
110067180053
110067180062
110067180099
110067180115
110067180124
110067180197
110067180204
110067180259
110067180268
110067180277
110067180286
110067180302
110067180311
110067180348
110067180357
110067180375
110067180473
110067180491
110067180507
110067180516
110067180543
110067180552
110067180561
110067180570
110067180589
110067180614
110067180632
110067180678
110067180687
110067180696
110067180758
110067180776
110067180794
110067180801
110067180838
110067180847
110067180856
110067180874
110067180883
110067180892
110067180909
110067180927
110067180936
110067180954
110067180963
110067180981
110067180990
110067181070
110067181089
110067181105
110067181114
110067181123
110067181141
110067181150
110067181169
110067181178
110067181212
110067181267
110067181276
110067181310
110067181329
110067181338
110067181356
110067181374
110067181409
110067181427
110067181445
110067181454
110067181463
110067181481
110067181506
110067181515
110067181533
110067181588
110067181604
110067181613
110067181622
110067181631
110067181640
110067181659
110067181775
110067181793
110067181864
110067181873
110067181882
110067181891
110067181908
110067181971
110067182006
110067182015
110067182024
110067182033
110067182042
110067182131
110067182140
110067182168
110067182195
110067182202
110067182300
110067182319
110067182328
110067182346
110067182355
110067182417
110067182435
110067182453
110067182462
110067182471
110067182514
110067182523
110067182532
110067182541
110067182578
110067182596
110067182630
110067182685
110067182694
110067182701
110067182729
110067182747
110067182756
110067182774
110067182836
110067182845
110067182863
110067182872
110067182934
110067183032
110067183050
110067183096
110067183149
110067183158
110067183194
110067183238
110067183265
110067183274
110067183283
110067183292
110067183327
110067183345
110067183363
110067183390
110067183407
110067183443
110067183452
110067183470
110067183504
110067183531
110067183540
110067183595
110067183611
110067183648
110067183657
110067183666
110067183719
110067183746
110067183782
110067183808
110067183817
110067183835
110067183844
110067183853
110067183862
110067183871
110067183880
110067183915
110067183924
110067183933
110067183979
110067184004
110067184013
110067184059
110067184086
110067184102
110067184111
110067184120
110067184157
110067184200
110067184228
110067184237
110067184246
110067184255
110067184291
110067184335
110067184371
110067184433
110067184488
110067184503
110067184512
110067184549
110067184558
110067184594
110067184610
110067184629
110067184647
110067184656
110067184683
110067184736
110067184790
110067184807
110067184816
110067184843
110067184852
110067184898
110067184905
110067184914
110067184932
110067184987
110067184996
110067185049
110067185085
110067185094
110067185129
110067185147
110067185156
110067185174
110067185183
110067185192
110067185227
110067185272
110067185325
110067185334
110067185370
110067185398
110067185405
110067185414
110067185450
110067185502
110067185511
110067185539
110067185548
110067185557
110067185566
110067185575
110067185600
110067185646
110067185673
110067185682
110067185691
110067185708
110067185717
110067185771
110067185799
110067185806
110067185815
110067185824
110067185879
110067185897
110067185904
110067185968
110067186002
110067186011
110067186020
110067186048
110067186119
110067186128
110067186155
110067186182
110067186191
110067186226
110067186253
110067186280
110067186299
110067186315
110067186324
110067186342
110067186360
110067186379
110067186388
110067186459
110067186468
110067186486
110067186495
110067186501
110067186510
110067186529
110067186547
110067186556
110067186574
110067186618
110067186627
110067186681
110067186716
110067186743
110067186752
110067186805
110067186814
110067186823
110067186887
110067186896
110067186921
110067186930
110067186949
110067186958
110067186967
110067186976
110067186994
110067187029
110067187065
110067187118
110067187127
110067187136
110067187172
110067187181
110067187190
110067187216
110067187225
110067187243
110067187261
110067187289
110067187314
110067187341
110067187369
110067187396
110067187476
110067187537
110067187546
110067187555
110067187573
110067187608
110067187617
110067187644
110067187653
110067187662
110067187724
110067187733
110067187751
110067187760
110067187804
110067187822
110067187831
110067187840
110067187859
110067187877
110067187886
110067187895
110067187902
110067187911
110067187920
110067187939
110067187948
110067187966
110067188028
110067188037
110067188046
110067188073
110067188091
110067188108
110067188117
110067188126
110067188144
110067188153
110067188162
110067188180
110067188206
110067188251
110067188279
110067188402
110067188411
110067188420
110067188466
110067188493
110067188509
110067188536
110067188545
110067188554
110067188563
110067188590
110067188607
110067188661
110067188670
110067188689
110067188723
110067188778
110067188787
110067188812
110067188830
110067188858
110067188867
110067188876
110067188885
110067188910
110067188956
110067188974
110067188992
110067189009
110067189018
110067189054
110067189081
110067189107
110067189116
110067189143
110067189152
110067189161
110067189170
110067189198
110067189205
110067189223
110067189232
110067189241
110067189250
110067189278
110067189287
110067189296
110067189303
110067189312
110067189321
110067189330
110067189349
110067189358
110067189394
110067189401
110067189456
110067189483
110067189535
110067189562
110067189571
110067189580
110067189599
110067189606
110067189615
110067189624
110067189642
110067189651
110067189660
110067189679
110067189713
110067189722
110067189740
110067189759
110067189768
110067189786
110067189795
110067189811
110067189848
110067189857
110067189875
110067189884
110067189900
110067189946
110067189955
110067189964
110067189991
110067190024
110067190051
110067190079
110067190104
110067190122
110067190131
110067190140
110067190177
110067190211
110067190220
110067190284
110067190408
110067190444
110067190453
110067190471
110067190505
110067190523
110067190550
110067190569
110067190578
110067190587
110067190603
110067190612
110067190658
110067190667
110067190676
110067190685
110067190694
110067190701
110067190729
110067190738
110067190747
110067190765
110067190809
110067190818
110067190836
110067190925
110067190943
110067190989
110067191014
110067191041
110067191050
110067191096
110067191112
110067191121
110067191158
110067191167
110067191176
110067191185
110067191238
110067191247
110067191256
110067191265
110067191283
110067191292
110067191381
