110067191390
110067191425
110067191434
110067191443
110067191452
110067191461
110067191470
110067191489
110067191498
110067191504
110067191522
110067191540
110067191559
110067191568
110067191577
110067191586
110067191595
110067191620
110067191666
110067191719
110067191764
110067191773
110067191844
110067191871
110067191880
110067191899
110067191942
110067191988
110067192040
110067210075
110067216881
110067217069
110067219931
110067219959
110067219968
110067219995
110067220000
110067220215
110067220260
110067220279
110067220581
110067220590
110067220732
110067220741
110067220750
110067220769
110067220901
110067221107
110067221358
110067221367
110067231285
110067231329
110067231356
110067231436
110067231463
110067231506
110067231597
110067231677
110067231695
110067231702
110067231720
110067231739
110067231828
110067231908
110067231926
110067231935
110067231971
110067231999
110067232006
110067232015
110067232079
110067232104
110067232122
110067232131
110067232140
110067232159
110067232202
110067232211
110067232220
110067232248
110067232275
110067232284
110067232293
110067232300
110067232319
110067232355
110067232462
110067232471
110067232514
110067232569
110067232621
110067232667
110067232694
110067232747
110067232809
110067232818
110067232845
110067232890
110067232916
110067232943
110067232952
110067232961
110067232998
110067233005
110067233014
110067233023
110067233087
110067233149
110067233176
110067233185
110067233318
110067233363
110067233372
110067233381
110067233390
110067233407
110067233425
110067233443
110067233452
110067233461
110067233489
110067233522
110067233620
110067233737
110067233791
110067233826
110067233835
110067233862
110067233899
110067233960
110067234013
110067234022
110067234059
110067234086
110067234111
110067234139
110067234148
110067234175
110067234193
110067234200
110067234228
110067234237
110067234246
110067234273
110067234335
110067234362
110067234380
110067234442
110067234576
110067234585
110067234594
110067234601
110067234610
110067234718
110067234727
110067234736
110067234754
110067234781
110067234905
110067234996
110067235012
110067235030
110067235156
110067235192
110067235263
110067235316
110067235389
110067235414
110067235432
110067235637
110067235664
110067235691
110067235717
110067235735
110067235897
110067235986
110067236137
110067236146
110067236155
110067236208
110067236262
110067236538
110067236574
110067236609
110067236618
110067236645
110067236725
110067236761
110067236770
110067236789
110067236869
110067236930
110067236949
110067237056
110067237118
110067237163
110067237181
110067237216
110067237234
110067237243
110067237261
110067237289
110067237323
110067237332
110067237387
110067237412
110067237430
110067237467
110067237500
110067237528
110067237644
110067237662
110067237680
110067237779
110067237797
110067237831
110067237902
110067237939
110067237975
110067238019
110067238046
110067238162
110067238242
110067238386
110067238395
110067238402
110067238439
110067238448
110067238457
110067238466
110067238475
110067238563
110067238625
110067238652
110067238698
110067238723
110067238741
110067238812
110067238867
110067238901
110067238974
110067239072
110067239152
110067239161
110067239198
110067239205
110067239232
110067239241
110067239330
110067239410
110067239465
110067239553
110067239633
110067239820
110067239839
110067239900
110067239919
110067239964
110067239991
110067240024
110067240079
110067240088
110067240097
110067240104
110067240113
110067240131
110067240328
110067240391
110067240417
110067240426
110067240462
110067240890
110067240907
110067241023
110067241032
110067241041
110067241050
110067241103
110067241112
110067241176
110067241372
110067241390
110067241407
110067241443
110067241498
110067241522
110067241531
110067241577
110067241666
110067242102
110067242139
110067242175
110067242184
110067242193
110067242308
110067242353
110067242362
110067242371
110067242380
110067242442
110067242460
110067242479
110067242488
110067242521
110067242530
110067242549
110067242558
110067243094
110067243218
110067243432
110067243502
110067243593
110067354936
110067366594
110067366601
110067366665
110067366736
110067366745
110067366781
110067367307
110067367771
110067367780
110067367799
110067367851
110067367879
110067367897
110067367922
110067367931
110067367940
110067367959
110067367968
110067368066
110067368075
110067368084
110067368100
110067368128
110067368208
110067368217
110067368226
110067368262
110067368271
110067368299
110067368342
110067368360
110067368468
110067368565
110067368627
110067368636
110067368814
110067369350
110067369528
110067369537
110067369564
110067369573
110067369635
110067369644
110067369662
110067369699
110067369724
110067369733
110067369751
110067369760
110067369779
110067369822
110067369877
110067369886
110067369902
110067369966
110067370017
110067370035
110067370044
110067370053
110067370062
110067370071
110067370151
110067370160
110067370179
110067370197
110067370204
110067370231
110067370240
110067370259
110067370268
110067370277
110067370286
110067370320
110067370339
110067370348
110067370357
110067370366
110067370419
110067370446
110067370464
110067370473
110067370507
110067370516
110067370525
110067370534
110067370543
110067370552
110067370598
110067370623
110067370632
110067370641
110067370678
110067370687
110067370696
110067370703
110067370758
110067370767
110067370776
110067370785
110067370794
110067370810
110067370829
110067370847
110067370856
110067370865
110067370883
110067370990
110067371007
110067371016
110067371034
110067371052
110067371105
110067371123
110067371150
110067371169
110067371187
110067371196
110067371203
110067371212
110067371230
110067371258
110067371267
110067371365
110067371374
110067371383
110067371463
110067371533
110067371579
110067371588
110067371597
110067371604
110067371613
110067371659
110067371668
110067371711
110067371775
110067371784
110067371793
110067371800
110067371819
110067371846
110067371855
110067371864
110067371944
110067371971
110067371980
110067371999
110067372015
110067372024
110067372033
110067372097
110067372131
110067372140
110067372177
110067372186
110067372211
110067372220
110067372239
110067372284
110067372337
110067372346
110067372355
110067372364
110067372373
110067372382
110067372417
110067372462
110067372480
110067372499
110067372505
110067372514
110067372523
110067372532
110067372578
110067372587
110067372667
110067372676
110067372685
110067372701
110067372729
110067372756
110067372765
110067372774
110067372783
110067372792
110067372809
110067372818
110067372827
110067372836
110067372845
110067372863
110067372890
110067372925
110067372943
110067372952
110067372961
110067373032
110067373078
110067373096
110067373103
110067373121
110067373130
110067373185
110067373229
110067373318
110067373327
110067373336
110067373345
110067373381
110067373390
110067373407
110067373416
110067373461
110067373522
110067373586
110067373639
110067373648
110067373657
110067373675
110067373700
110067373719
110067373728
110067373755
110067373773
110067373791
110067373808
110067373817
110067373844
110067373862
110067373880
110067373899
110067373906
110067373979
110067374031
110067374040
110067374111
110067374219
110067374246
110067374273
110067374282
110067374317
110067374326
110067374344
110067374380
110067374399
110067374442
110067374460
110067374512
110067374567
110067374585
110067374601
110067374610
110067374629
110067374674
110067374692
110067374718
110067374727
110067374781
110067374861
110067374870
110067374889
110067374905
110067374914
110067374932
110067374941
110067374978
110067375012
110067375021
110067375030
110067375049
110067375058
110067375076
110067375085
110067375094
110067375101
110067375129
110067375138
110067375147
110067375209
110067375236
110067375245
110067375263
110067375272
110067375281
110067375290
110067375307
110067375352
110067375398
110067375432
110067375441
110067375496
110067375520
110067375575
110067375584
110067375593
110067375600
110067375619
110067375655
110067375664
110067375673
110067375682
110067375691
110067375708
110067375799
110067375806
110067375815
110067375824
110067375897
110067375904
110067375922
110067375931
110067375940
110067375959
110067375968
110067375986
110067375995
110067376093
110067376100
110067376119
110067376173
110067376208
110067376217
110067376244
110067376253
110067376262
110067376306
110067376324
110067376333
110067376342
110067376351
110067376360
110067376413
110067376477
110067376495
110067376583
110067376627
110067376636
110067376645
110067376654
110067376672
110067376681
110067376690
110067376707
110067376743
110067376814
110067376823
110067376850
110067376869
110067376887
110067376896
110067376921
110067376967
110067376976
110067376994
110067377010
110067377029
110067377038
110067377047
110067377118
110067377127
110067377136
110067377145
110067377225
110067377243
110067377270
110067377289
110067377305
110067377314
110067377332
110067377341
110067377403
110067377412
110067377449
110067377476
110067377485
110067377494
110067377537
110067377546
110067377555
110067377573
110067377582
110067377591
110067377626
110067377699
110067377742
110067377751
110067377760
110067377804
110067377813
110067377822
110067377868
110067377877
110067377902
110067377920
110067377939
110067377948
110067377984
110067378000
110067378028
110067378037
110067378064
110067378073
110067378144
110067378171
110067378206
110067378279
110067378288
110067378322
110067378331
110067378368
110067378377
110067378395
110067378402
110067378457
110067378466
110067378475
110067378563
110067378572
110067378581
110067378590
110067378607
110067378643
110067378652
110067378670
110067378732
110067378741
110067378750
110067378769
110067378787
110067378803
110067378849
110067378867
110067378876
110067378885
110067378901
110067378956
110067378983
110067378992
110067379009
110067379027
110067379054
110067379063
110067379072
110067379090
110067379134
110067379152
110067379170
110067379189
110067379223
110067379241
110067379250
110067379269
110067379278
110067379287
110067379321
110067379330
110067379349
110067379367
110067379376
110067379385
110067379410
110067379429
110067379474
110067379526
110067379562
110067379606
110067379633
110067379688
110067379768
110067379777
110067379795
110067379820
110067379866
110067379875
110067379900
110067379928
110067379937
110067379946
110067379955
110067379964
110067379973
110067379982
110067379991
110067380006
110067380015
110067380033
110067380042
110067380051
110067380079
110067380113
110067380122
110067380140
110067380159
110067380168
110067380195
110067380211
110067380239
110067380355
110067380453
110067380462
110067380471
110067380480
110067380499
110067380505
110067380514
110067380523
110067380532
110067380596
110067380603
110067380612
110067380630
110067380658
110067380694
110067380701
110067380818
110067380872
110067380890
110067380943
110067380952
110067380970
110067380998
110067381050
110067381069
110067381078
110067381087
110067381158
110067381167
110067381176
110067381185
110067381238
110067381247
110067381256
110067381265
110067381274
110067381283
110067381292
110067381318
110067381327
110067381407
110067381416
110067381425
110067381443
110067381452
110067381461
110067381470
110067381513
110067381522
110067381531
110067381540
110067381559
110067381568
110067381595
110067381611
110067381639
110067381675
110067381737
110067381755
110067381764
110067381773
110067381782
110067381808
110067381906
110067381915
110067381924
110067381933
110067381979
110067381997
110067382022
110067382031
110067382040
110067382059
110067382077
110067382086
110067382095
110067382139
110067382219
110067382228
110067382255
110067382264
110067382273
110067382282
110067382291
110067382308
110067382326
110067382344
110067382371
110067382380
110067382399
110067382460
110067382497
110067382521
110067382530
110067382558
110067382576
110067382638
110067382647
110067382656
110067382683
110067382692
110067382745
110067382754
110067382763
110067382772
110067382781
110067382834
110067382852
110067382870
110067382889
110067382905
110067382914
110067382923
110067382932
110067382978
110067383021
110067383058
110067383067
110067383101
110067383110
110067429465
110067429474
110067429483
110067429492
110067429508
110067429544
110067429571
110067429642
110067429651
110067429704
110067429713
110067429759
110067429777
110067429795
110067429802
110067429857
110067429884
110067429893
110067429900
110067429919
110067429937
110067429946
110067429973
110067429991
110067430015
110067430079
110067430122
110067430131
110067430140
110067430159
110067430168
110067430186
110067430195
110067430202
110067430211
110067430220
110067430300
110067430319
110067430328
110067430337
110067430373
110067430382
110067430408
110067430417
110067430435
110067430480
110067430499
110067430505
110067430523
110067430532
110067430541
110067430569
110067430578
110067430587
110067430596
110067430630
110067430649
110067430685
110067430756
110067430765
110067430774
110067430783
110067430792
110067430818
110067430836
110067430845
110067430854
110067430863
110067430872
