110067430925
110067430934
110067430961
110067430989
110067430998
110067431005
110067431032
110067431041
110067431050
110067431069
110067431078
110067431087
110067431096
110067431112
110067431121
110067431130
110067431185
110067431210
110067431238
110067431247
110067431256
110067431265
110067431327
110067431336
110067431345
110067431354
110067431363
110067431372
110067431381
110067431390
110067431416
110067431425
110067431434
110067431443
110067431452
110067431461
110067431470
110067431489
110067431577
110067431586
110067431595
110067431602
110067431611
110067431620
110067431648
110067431657
110067431666
110067431700
110067431719
110067431728
110067431737
110067431764
110067431782
110067431791
110067431871
110067431880
110067431899
110067431906
110067431915
110067431951
110067431960
110067431979
110067431988
110067432004
110067432022
110067432040
110067432059
110067432068
110067432077
110067432086
110067432111
110067432120
110067432139
110067432148
110067432193
110067432200
110067432219
110067432228
110067432237
110067432246
110067432255
110067432291
110067432335
110067432344
110067432353
110067432362
110067432460
110067432479
110067432512
110067432521
110067432558
110067432567
110067432638
110067432647
110067432656
110067432665
110067432674
110067432683
110067432727
110067432745
110067432754
110067432772
110067432790
110067432825
110067432914
110067432932
110067432941
110067432978
110067433030
110067433049
110067433058
110067433067
110067433076
110067433101
110067433138
110067433156
110067433165
110067433174
110067433227
110067433236
110067433263
110067433272
110067433281
110067433316
110067433334
110067433343
110067433389
110067433423
110067433432
110067433478
110067433487
110067433496
110067433502
110067433520
110067433539
110067433548
110067433566
110067433584
110067433646
110067433655
110067433664
110067433673
110067433682
110067433691
110067433717
110067433726
110067433735
110067433744
110067433771
110067433780
110067433799
110067433806
110067433815
110067433842
110067433860
110067433879
110067433888
110067433897
110067433904
110067433940
110067433977
110067434057
110067434066
110067434119
110067434128
110067434137
110067434146
110067434155
110067434191
110067434208
110067434253
110067434271
110067434280
110067434299
110067434315
110067434324
110067434342
110067434351
110067434360
110067434413
110067434468
110067434477
110067434486
110067434501
110067434510
110067434529
110067434538
110067434547
110067434556
110067434565
110067434574
110067434609
110067434645
110067434654
110067434663
110067434672
110067434681
110067434690
110067434707
110067434725
110067434734
110067434743
110067434752
110067434761
110067434789
110067434798
110067434823
110067434832
110067434841
110067434850
110067434869
110067434878
110067434887
110067434930
110067434967
110067434976
110067434985
110067434994
110067435001
110067435010
110067435038
110067435065
110067435074
110067435092
110067435109
110067435136
110067435145
110067435154
110067435181
110067435207
110067435225
110067435243
110067435270
110067435289
110067435298
110067435305
110067435314
110067435323
110067435369
110067435412
110067435430
110067435458
110067435467
110067435476
110067435494
110067435500
110067435555
110067435564
110067435573
110067435582
110067435617
110067435626
110067435635
110067435644
110067435653
110067435706
110067435715
110067435742
110067435751
110067435788
110067435797
110067435804
110067435813
110067435859
110067435868
110067435877
110067435886
110067435902
110067435920
110067435957
110067435966
110067436000
110067436019
110067436028
110067436037
110067436046
110067436055
110067436073
110067436082
110067436091
110067436108
110067436153
110067436171
110067436180
110067436199
110067436206
110067436224
110067436251
110067436297
110067436331
110067436340
110067436359
110067436395
110067436411
110067436420
110067436439
110067436448
110067436457
110067436466
110067436493
110067436509
110067436563
110067436572
110067436643
110067436689
110067436723
110067436732
110067436741
110067436750
110067436769
110067436778
110067436796
110067436803
110067436830
110067436849
110067436885
110067436894
110067436901
110067436910
110067436929
110067436947
110067436956
110067436974
110067436983
110067436992
110067437009
110067437018
110067437027
110067437045
110067437054
110067437063
110067437072
110067437090
110067437107
110067437116
110067437125
110067437134
110067437161
110067437223
110067437232
110067437250
110067437278
110067437330
110067437349
110067437358
110067437385
110067437429
110067437447
110067437465
110067437474
110067437526
110067437562
110067437571
110067437580
110067437606
110067437615
110067437624
110067437633
110067437651
110067437660
110067437679
110067437713
110067437759
110067437777
110067437786
110067437802
110067437820
110067437839
110067437848
110067437857
110067437875
110067437884
110067437919
110067437928
110067437946
110067437955
110067437964
110067437973
110067437991
110067438008
110067438017
110067438026
110067438035
110067438044
110067438053
110067438062
110067438071
110067438080
110067438099
110067438106
110067438179
110067438188
110067438197
110067438204
110067438213
110067438348
110067438357
110067438366
110067438393
110067438400
110067438428
110067438437
110067438446
110067438455
110067438464
110067438473
110067438482
110067438525
110067438552
110067438561
110067438598
110067438605
110067438623
110067438641
110067438650
110067438669
110067438696
110067438749
110067438758
110067438767
110067438776
110067438785
110067438801
110067438829
110067438856
110067438874
110067438918
110067438927
110067438936
110067438990
110067439007
110067439016
110067439025
110067439034
110067439043
110067439061
110067439098
110067439105
110067439114
110067439123
110067439702
110067439864
110067439999
110067440004
110067440013
110067440022
110067440077
110067440139
110067440175
110067440184
110067440219
110067440326
110067440433
110067440479
110067440512
110067440610
110067440736
110067440745
110067440754
110067440763
110067440816
110067440825
110067440843
110067440852
110067441058
110067441076
110067441352
110067441717
110067441799
110067441806
110067441815
110067441833
110067441913
110067442002
110067442075
110067442128
110067442262
110067442574
110067442618
110067442681
110067442707
110067442752
110067442832
110067442841
110067442887
110067442896
110067442921
110067442930
110067442976
110067444867
110067448685
110067448809
110067449023
110067449032
110067449041
110067449078
110067449087
110067449176
110067449327
110067449336
110067449345
110067449354
110067449363
110067449372
110067449381
110067449407
110067449416
110067449443
110067449489
110067449531
110067449595
110067449648
110067449657
110067449666
110067449675
110067449693
110067449755
110067449933
110067449942
110067449979
110067449997
110067450029
110067450038
110067450047
110067450065
110067450154
110067450181
110067450225
110067450706
110067450779
110067450788
110067450797
110067450902
110067556674
