
110000309434
110000317336
110000318807
110000319352
110000319655
110000320992
110000321492
110000339143
110000339456
110000340373
110000340373
110000340569
110000340685
110000342843
110000343218
110000343600
110000344208
110000344208
110000344388
110000346714
110000346750
110000346894
110000347321
110000347919
110000349123
110000349515
110000350352
110000350352
110000351878
110000352010
110000353965
110000353974
110000353992
110000354009
110000354009
110000354018
110000354045
110000354063
110000354072
110000354081
110000354134
110000354152
110000354161
110000354170
110000354189
110000354205
110000354214
110000354223
110000354232
110000354241
110000354250
110000354269
110000354287
110000354296
110000354303
110000354321
110000354330
110000354349
110000354358
110000354367
110000354376
110000354394
110000354438
110000354447
110000354456
110000354465
110000354474
110000354483
110000354508
110000354517
110000354526
110000354544
110000354553
110000354562
110000354580
110000354599
110000354606
110000354615
110000354624
110000354633
110000354651
110000354679
110000354688
110000354697
110000354713
110000354722
110000354731
110000354740
110000354759
110000354768
110000354777
110000354786
110000354802
110000354811
110000354820
110000354857
110000354866
110000354875
110000354884
110000354893
110000354900
110000354946
110000354955
110000354964
110000354973
110000354991
110000355008
110000355017
110000355026
110000355035
110000355044
110000355071
110000355080
110000355115
110000355124
110000355133
110000355142
110000355151
110000355160
110000355179
110000355188
110000355197
110000355213
110000355222
110000355222
110000355231
110000355240
110000355259
110000355268
110000355277
110000355311
110000355339
110000355348
110000355366
110000355375
110000355393
110000355400
110000355419
110000355428
110000355464
110000355473
110000355482
110000355491
110000355507
110000355516
110000355534
110000355543
110000355552
110000355561
110000355570
110000355598
110000355650
110000355669
110000355687
110000355703
110000355712
110000355721
110000355730
110000355749
110000355767
110000355776
110000355785
110000355794
110000355829
110000355838
110000355847
110000355856
110000355865
110000355883
110000355883
110000355892
110000355909
110000355918
110000355927
110000355936
110000355954
110000355963
110000355972
110000355981
110000355990
110000356016
110000356025
110000356034
110000356052
110000356070
110000356098
110000356114
110000356123
110000356132
110000356150
110000356187
110000356196
110000356203
110000356221
110000356230
110000356249
110000356258
110000356276
110000356285
110000356294
110000356301
110000356310
110000356329
110000356338
110000356347
110000356356
110000356365
110000356383
110000356392
110000356418
110000356427
110000356436
110000356445
110000356454
110000356463
110000356472
110000356481
110000356490
110000356506
110000356515
110000356542
110000356551
110000356560
110000356579
110000356597
110000356604
110000356622
110000356631
110000356640
110000356659
110000356677
110000356695
110000356702
110000356702
110000356711
110000356720
110000356739
110000356784
110000356793
110000356800
110000356819
110000356828
110000356837
110000356855
110000356864
110000356873
110000356882
110000356891
110000356935
110000356944
110000356953
110000356971
110000356980
110000356999
110000357006
110000357015
110000357033
110000357042
110000357060
110000357079
110000357088
110000357097
110000357104
110000357113
110000357122
110000357131
110000357159
110000357177
110000357186
110000357195
110000357202
110000357211
110000357220
110000357239
110000357248
110000357257
110000357266
110000357284
110000357300
110000357319
110000357337
110000357346
110000357355
110000357364
110000357373
110000357382
110000357408
110000357417
110000357426
110000357435
110000357462
110000357471
110000357480
110000357499
110000357505
110000357514
110000357523
110000357532
110000357541
110000357550
110000357569
110000357596
110000357603
110000357612
110000357621
110000357658
110000357667
110000357676
110000357685
110000357694
110000357710
110000357729
110000357738
110000357756
110000357774
110000357783
110000357792
110000357818
110000357827
110000357836
110000357845
110000357854
110000357863
110000357872
110000357881
110000357907
110000357934
110000357943
110000357952
110000357961
110000357970
110000357989
110000357998
110000358005
110000358014
110000358023
110000358041
110000358069
110000358087
110000358096
110000358103
110000358121
110000358158
110000358167
110000358176
110000358194
110000358201
110000358210
110000358229
110000358238
110000358247
110000358256
110000358265
110000358274
110000358283
110000358292
110000358318
110000358327
110000358336
110000358345
110000358345
110000358354
110000358363
110000358372
110000358390
110000358407
110000358416
110000358434
110000358452
110000358461
110000358470
110000358489
110000358498
110000358504
110000358513
110000358522
110000358540
110000358559
110000358568
110000358586
110000358602
110000358611
110000358620
110000358648
110000358666
110000358675
110000358684
110000358693
110000358700
110000358719
110000358728
110000358746
110000358764
110000358791
110000358808
110000358817
110000358844
110000358853
110000358862
110000358871
110000358880
110000358899
110000358906
110000358924
110000358933
110000358942
110000358951
110000358997
110000359004
110000359022
110000359031
110000359059
110000359068
110000359077
110000359102
110000359148
110000359157
110000359166
110000359175
110000359175
110000359184
110000359193
110000359200
110000359219
110000359228
110000359237
110000359246
110000359255
110000359282
110000359291
110000359317
110000359326
110000359335
110000359353
110000359371
110000359380
110000359399
110000359406
110000359415
110000359433
110000359442
110000359460
110000359479
110000359488
110000359497
110000359503
110000359521
110000359530
110000359567
110000359594
110000359601
110000359629
110000359638
110000359674
110000359683
110000359692
110000359709
110000359718
110000359727
110000359736
110000359745
110000359754
110000359763
110000359790
110000359807
110000359816
110000359825
110000359843
110000359861
110000359870
110000359889
110000359905
110000359914
110000359932
110000359950
110000359969
110000359978
110000359996
110000360010
110000360038
110000360047
110000360065
110000360074
110000360092
110000360109
110000360118
110000360127
110000360145
110000360154
110000360163
110000360181
110000360190
110000360207
110000360216
110000360225
110000360234
110000360243
110000360261
110000360298
110000360305
110000360314
110000360341
110000360350
110000360378
110000360387
110000360396
110000360421
110000360449
110000360449
110000360467
110000360476
110000360519
110000360528
110000360537
110000360546
110000360564
110000360573
110000360617
110000360626
110000360644
110000360653
110000360662
110000360671
110000360680
110000360680
110000360715
110000360724
110000360733
110000360760
110000360779
110000360804
110000360813
110000360822
110000360859
110000360877
110000360895
110000360902
110000360911
110000360920
110000360939
110000360957
110000360966
110000360975
110000360984
110000360993
110000361000
110000361019
110000361037
110000361046
110000361055
110000361073
110000361108
110000361126
110000361135
110000361144
110000361153
110000361162
110000361180
110000361199
110000361206
110000361215
110000361233
110000361242
110000361251
110000361260
110000361279
110000361288
110000361297
110000361304
110000361313
110000361322
110000361331
110000361368
110000361395
110000361402
110000361411
110000361420
110000361439
110000361466
110000361475
110000361493
110000361518
110000361527
110000361536
110000361563
110000361572
110000361590
110000361607
110000361616
110000361625
110000361634
110000361643
110000361652
110000361661
110000361670
110000361689
110000361714
110000361723
110000361732
110000361741
110000361750
110000361769
110000361778
110000361787
110000361796
110000361803
110000361812
110000361821
110000361830
110000361830
110000361849
110000361867
110000361876
110000361885
110000361894
110000361901
110000361910
110000361929
110000361938
110000361965
110000361983
110000361992
110000362009
110000362018
110000362027
110000362045
110000362054
110000362063
110000362081
110000362090
110000362125
110000362134
110000362161
110000362170
110000362189
110000362198
110000362205
110000362214
110000362232
110000362241
110000362250
110000362287
110000362296
110000362303
110000362312
110000362330
110000362349
110000362358
110000362367
110000362376
110000362385
110000362394
110000362401
110000362429
110000362438
110000362456
110000362474
110000362492
110000362508
110000362517
110000362526
110000362535
110000362535
110000362544
110000362553
110000362580
110000362599
110000362606
110000362615
110000362624
110000362642
110000362651
110000362660
110000362688
110000362697
110000362704
110000362713
110000362722
110000362731
110000362740
110000362777
110000362786
110000362795
110000362802
110000362811
110000362820
110000362839
110000362848
110000362857
110000362875
110000362893
110000362900
110000362928
110000362946
110000362955
110000362964
110000362991
110000363008
110000363017
110000363026
110000363044
110000363053
110000363080
110000363099
110000363106
110000363115
110000363124
110000363133
110000363142
110000363151
110000363160
110000363179
110000363188
110000363197
110000363213
110000363231
110000363240
110000363259
110000363268
110000363277
110000363286
110000363295
110000363302
110000363320
110000363320
110000363339
110000363348
110000363357
110000363366
110000363384
110000363428
110000363437
110000363446
110000363455
110000363464
110000363473
110000363507
110000363525
110000363543
110000363552
110000363561
110000363570
110000363589
110000363598
110000363605
110000363632
110000363641
110000363650
110000363678
110000363687
110000363703
110000363712
110000363721
110000363730
110000363749
110000363758
110000363767
110000363785
110000363801
110000363829
110000363838
110000363847
110000363865
110000363874
110000363883
110000363892
110000363909
110000363927
110000363936
110000363954
110000363963
110000363972
110000363981
110000363990
110000364016
110000364025
110000364034
110000364043
110000364070
110000364089
110000364098
110000364132
110000364141
110000364169
110000364178
110000364187
110000364196
110000364203
110000364212
110000364230
110000364249
110000364258
110000364267
110000364276
110000364294
110000364301
110000364310
110000364329
110000364338
110000364356
110000364365
110000364374
110000364383
110000364392
110000364409
110000364418
110000364427
110000364436
110000364445
110000364454
110000364463
110000364472
110000364481
110000364506
110000364524
110000364533
110000364551
110000364579
110000364588
110000364597
110000364604
110000364631
110000364659
110000364668
110000364677
110000364686
110000364695
110000364702
110000364720
110000364739
110000364748
110000364757
110000364766
110000364793
110000364800
110000364828
110000364837
110000364846
110000364855
110000364864
110000364873
110000364882
110000364891
110000364917
110000364935
110000364944
110000364953
110000364962
110000364980
110000364999
110000365015
110000365024
110000365033
110000365033
110000365042
110000365060
110000365079
110000365088
110000365097
110000365113
110000365122
110000365131
110000365140
110000365159
110000365168
110000365177
110000365186
110000365195
110000365202
110000365202
110000365211
110000365220
110000365239
110000365248
110000365266
110000365275
110000365284
110000365293
110000365300
110000365319
110000365328
110000365337
110000365346
110000365364
110000365382
110000365391
110000365417
110000365453
110000365462
110000365471
110000365480
110000365499
110000365505
110000365514
110000365523
110000365532
110000365532
110000365541
110000365569
110000365587
110000365596
110000365603
110000365630
110000365649
110000365667
110000365676
110000365685
110000365694
110000365701
110000365710
110000365729
110000365738
110000365747
110000365756
110000365765
110000365774
110000365783
110000365809
110000365818
110000365827
110000365836
110000365845
110000365854
110000365863
110000365872
110000365881
110000365890
110000365916
110000365925
110000365943
110000365952
110000365961
110000365970
110000365989
110000365998
110000366005
110000366014
110000366023
110000366032
110000366050
110000366069
110000366078
110000366087
110000366096
110000366103
110000366112
110000366130
110000366167
110000366185
110000366194
110000366201
110000366210
110000366229
110000366238
110000366247
110000366256
110000366265
110000366274
110000366283
110000366292
110000366309
110000366318
110000366327
110000366363
110000366372
110000366381
110000366390
110000366425
110000366470
110000366489
110000366498
110000366513
110000366522
110000366531
110000366540
110000366568
110000366577
110000366586
110000366595
110000366602
110000366611
110000366620
110000366657
110000366666
110000366675
110000366693
110000366700
110000366728
110000366737
110000366782
110000366782
110000366791
110000366808
110000366817
110000366844
110000366853
110000366862
110000366871
110000366899
