110000366906
110000366915
110000366924
110000366933
110000366942
110000366988
110000366997
110000366997
110000367013
110000367022
110000367031
110000367040
110000367059
110000367068
110000367077
110000367086
110000367095
110000367102
110000367120
110000367139
110000367157
110000367166
110000367175
110000367184
110000367200
110000367246
110000367255
110000367264
110000367282
110000367291
110000367317
110000367326
110000367335
110000367353
110000367362
110000367371
110000367380
110000367399
110000367415
110000367424
110000367433
110000367442
110000367460
110000367479
110000367488
110000367497
110000367503
110000367512
110000367530
110000367549
110000367558
110000367585
110000367594
110000367601
110000367610
110000367638
110000367647
110000367665
110000367674
110000367683
110000367692
110000367709
110000367718
110000367727
110000367736
110000367745
110000367754
110000367763
110000367772
110000367781
110000367790
110000367807
110000367816
110000367825
110000367834
110000367852
110000367870
110000367889
110000367905
110000367914
110000367923
110000367932
110000367950
110000367969
110000367978
110000367987
110000367996
110000368003
110000368012
110000368021
110000368030
110000368049
110000368067
110000368085
110000368101
110000368110
110000368129
110000368138
110000368147
110000368174
110000368183
110000368192
110000368209
110000368227
110000368236
110000368245
110000368263
110000368281
110000368290
110000368307
110000368325
110000368334
110000368343
110000368361
110000368370
110000368389
110000368398
110000368405
110000368414
110000368441
110000368450
110000368450
110000368478
110000368487
110000368496
110000368502
110000368511
110000368539
110000368557
110000368566
110000368575
110000368593
110000368600
110000368619
110000368628
110000368637
110000368646
110000368655
110000368664
110000368673
110000368682
110000368691
110000368708
110000368717
110000368726
110000368735
110000368744
110000368753
110000368762
110000368780
110000368799
110000368806
110000368815
110000368824
110000368833
110000368842
110000368851
110000368860
110000368879
110000368888
110000368897
110000368904
110000368913
110000368940
110000368959
110000368986
110000368995
110000369002
110000369011
110000369020
110000369039
110000369048
110000369057
110000369075
110000369084
110000369093
110000369100
110000369119
110000369128
110000369137
110000369146
110000369155
110000369164
110000369173
110000369226
110000369244
110000369253
110000369262
110000369271
110000369280
110000369315
110000369342
110000369360
110000369404
110000369413
110000369422
110000369431
110000369440
110000369459
110000369468
110000369477
110000369486
110000369495
110000369501
110000369529
110000369547
110000369556
110000369565
110000369574
110000369583
110000369592
110000369609
110000369627
110000369645
110000369663
110000369672
110000369681
110000369690
110000369707
110000369716
110000369734
110000369743
110000369752
110000369761
110000369770
110000369789
110000369798
110000369814
110000369832
110000369841
110000369850
110000369869
110000369878
110000369896
110000369903
110000369912
110000369921
110000369930
110000369949
110000369967
110000369976
110000369985
110000369994
110000370018
110000370027
110000370036
110000370045
110000370054
110000370063
110000370072
110000370081
110000370090
110000370107
110000370116
110000370125
110000370134
110000370143
110000370152
110000370161
110000370189
110000370198
110000370205
110000370214
110000370223
110000370241
110000370250
110000370269
110000370278
110000370287
110000370296
110000370303
110000370312
110000370321
110000370330
110000370349
110000370358
110000370367
110000370410
110000370429
110000370438
110000370456
110000370483
110000370492
110000370508
110000370535
110000370544
110000370562
110000370571
110000370599
110000370606
110000370615
110000370624
110000370633
110000370651
110000370688
110000370697
110000370713
110000370731
110000370759
110000370768
110000370777
110000370786
110000370795
110000370802
110000370811
110000370820
110000370839
110000370848
110000370866
110000370875
110000370884
110000370893
110000370900
110000370919
110000370928
110000370937
110000370946
110000370955
110000370964
110000370982
110000371008
110000371017
110000371026
110000371035
110000371044
110000371053
110000371062
110000371071
110000371080
110000371099
110000371106
110000371115
110000371124
110000371151
110000371179
110000371188
110000371197
110000371204
110000371213
110000371222
110000371231
110000371240
110000371268
110000371277
110000371286
110000371295
110000371302
110000371320
110000371339
110000371366
110000371393
110000371400
110000371419
110000371428
110000371437
110000371446
110000371455
110000371464
110000371482
110000371507
110000371516
110000371525
110000371534
110000371543
110000371552
110000371561
110000371570
110000371589
110000371605
110000371623
110000371632
110000371641
110000371650
110000371669
110000371678
110000371687
110000371696
110000371721
110000371730
110000371749
110000371758
110000371767
110000371776
110000371785
110000371794
110000371801
110000371810
110000371838
110000371856
110000371865
110000371874
110000371883
110000371909
110000371918
110000371918
110000371927
110000371945
110000371963
110000371981
110000371990
110000372016
110000372025
110000372034
110000372043
110000372052
110000372061
110000372070
110000372089
110000372098
110000372105
110000372114
110000372123
110000372141
110000372150
110000372169
110000372178
110000372187
110000372196
110000372203
110000372212
110000372221
110000372230
110000372249
110000372258
110000372276
110000372285
110000372285
110000372294
110000372329
110000372338
110000372347
110000372356
110000372365
110000372365
110000372374
110000372383
110000372392
110000372418
110000372427
110000372436
110000372445
110000372472
110000372481
110000372481
110000372490
110000372506
110000372515
110000372524
110000372533
110000372542
110000372551
110000372560
110000372588
110000372613
110000372622
110000372631
110000372640
110000372668
110000372677
110000372686
110000372695
110000372702
110000372711
110000372720
110000372739
110000372757
110000372766
110000372775
110000372784
110000372793
110000372837
110000372846
110000372855
110000372864
110000372873
110000372882
110000372891
110000372908
110000372926
110000372935
110000372944
110000372953
110000372971
110000372999
110000373015
110000373024
110000373033
110000373042
110000373060
110000373088
110000373097
110000373113
110000373122
110000373140
110000373159
110000373168
110000373177
110000373195
110000373211
110000373220
110000373248
110000373257
110000373266
110000373275
110000373293
110000373300
110000373328
110000373346
110000373355
110000373364
110000373382
110000373391
110000373408
110000373417
110000373426
110000373435
110000373444
110000373453
110000373462
110000373471
110000373480
110000373499
110000373505
110000373514
110000373523
110000373532
110000373541
110000373550
110000373569
110000373578
110000373587
110000373587
110000373596
110000373603
110000373612
110000373621
110000373630
110000373649
110000373676
110000373685
110000373694
110000373701
110000373710
110000373729
110000373747
110000373756
110000373765
110000373774
110000373792
110000373809
110000373818
110000373836
110000373845
110000373854
110000373863
110000373872
110000373890
110000373916
110000373925
110000373934
110000373943
110000373970
110000373998
110000374005
110000374014
110000374023
110000374041
110000374050
110000374069
110000374078
110000374087
110000374096
110000374103
110000374112
110000374121
110000374130
110000374149
110000374158
110000374176
110000374185
110000374194
110000374201
110000374210
110000374229
110000374238
110000374247
110000374265
110000374274
110000374283
110000374292
110000374318
110000374327
110000374336
110000374345
110000374354
110000374363
110000374372
110000374381
110000374390
110000374407
110000374416
110000374434
110000374443
110000374461
110000374470
110000374489
110000374513
110000374540
110000374559
110000374568
110000374577
110000374586
110000374602
110000374611
110000374620
110000374639
110000374648
110000374657
110000374666
110000374675
110000374719
110000374728
110000374746
110000374755
110000374764
110000374773
110000374782
110000374808
110000374862
110000374871
110000374880
110000374899
110000374924
110000374933
110000374942
110000374951
110000374988
110000374997
110000375004
110000375022
110000375040
110000375059
110000375086
110000375102
110000375111
110000375120
110000375139
110000375148
110000375157
110000375175
110000375184
110000375200
110000375219
110000375228
110000375237
110000375246
110000375264
110000375273
110000375282
110000375291
110000375308
110000375317
110000375326
110000375335
110000375344
110000375362
110000375371
110000375380
110000375399
110000375406
110000375415
110000375424
110000375433
110000375442
110000375451
110000375451
110000375460
110000375479
110000375488
110000375497
110000375503
110000375521
110000375530
110000375549
110000375558
110000375567
110000375576
110000375585
110000375594
110000375601
110000375610
110000375638
110000375647
110000375656
110000375665
110000375674
110000375683
110000375692
110000375709
110000375718
110000375727
110000375736
110000375745
110000375754
110000375763
110000375772
110000375781
110000375790
110000375816
110000375825
110000375843
110000375852
110000375889
110000375898
110000375905
110000375923
110000375941
110000375950
110000375978
110000375987
110000375996
110000376003
110000376012
110000376021
110000376067
110000376076
110000376094
110000376101
110000376110
110000376129
110000376138
110000376156
110000376165
110000376174
110000376183
110000376192
110000376209
110000376218
110000376227
110000376236
110000376254
110000376263
110000376272
110000376281
110000376290
110000376325
110000376334
110000376343
110000376361
110000376389
110000376405
110000376432
110000376441
110000376450
110000376469
110000376487
110000376496
110000376502
110000376502
110000376511
110000376520
110000376548
110000376557
110000376575
110000376584
110000376593
110000376600
110000376628
110000376637
110000376646
110000376664
110000376673
110000376682
110000376717
110000376735
110000376744
110000376762
110000376771
110000376780
110000376815
110000376833
110000376851
110000376860
110000376879
110000376888
110000376897
110000376913
110000376931
110000376940
110000376959
110000376968
110000376968
110000376977
110000376986
110000376995
110000377020
110000377039
110000377048
110000377075
110000377084
110000377093
110000377100
110000377119
110000377128
110000377155
110000377164
110000377208
110000377226
110000377244
110000377253
110000377262
110000377271
110000377280
110000377299
110000377306
110000377315
110000377324
110000377333
110000377342
110000377351
110000377360
110000377379
110000377397
110000377431
110000377440
110000377459
110000377468
110000377477
110000377510
110000377529
110000377538
110000377574
110000377627
110000377636
110000377654
110000377672
110000377681
110000377707
110000377725
110000377743
110000377752
110000377761
110000377770
110000377789
110000377798
110000377805
110000377814
110000377823
110000377832
110000377841
110000377850
110000377869
110000377878
110000377887
110000377896
110000377903
110000377912
110000377921
110000377930
110000377949
110000377958
110000377967
110000377976
110000377985
110000377994
110000378029
110000378038
110000378047
110000378056
110000378065
110000378074
110000378083
110000378092
110000378109
110000378118
110000378127
110000378136
110000378145
110000378172
110000378181
110000378190
110000378207
110000378216
110000378225
110000378234
110000378243
110000378252
110000378270
110000378289
110000378298
110000378305
110000378314
110000378323
110000378332
110000378369
110000378378
110000378387
110000378396
110000378403
110000378412
110000378421
110000378430
110000378449
110000378458
110000378467
110000378476
110000378494
110000378500
110000378519
110000378528
110000378537
110000378546
110000378555
110000378564
110000378582
110000378591
110000378617
110000378626
110000378635
110000378653
110000378671
110000378680
110000378699
110000378706
110000378715
110000378724
110000378733
110000378751
110000378760
110000378779
110000378788
110000378804
110000378813
110000378822
110000378831
110000378840
110000378859
110000378868
110000378877
110000378895
110000378902
110000378902
110000378911
110000378920
110000378939
110000378948
110000378957
110000378966
110000378975
110000378984
110000378993
110000379000
110000379028
110000379037
110000379046
110000379055
110000379064
110000379073
110000379082
110000379091
110000379108
110000379117
110000379126
110000379135
110000379153
110000379171
110000379199
110000379215
110000379224
110000379233
110000379279
110000379288
110000379297
110000379313
110000379322
110000379331
110000379340
110000379368
110000379377
110000379386
110000379395
110000379402
110000379411
110000379439
110000379448
110000379457
110000379466
110000379475
110000379484
110000379509
110000379518
110000379527
110000379536
110000379545
110000379554
110000379563
110000379572
110000379581
110000379590
110000379607
