110000379616
110000379625
110000379634
110000379643
110000379652
110000379661
110000379670
110000379689
110000379698
110000379714
110000379732
110000379741
110000379769
110000379778
110000379787
110000379803
110000379812
110000379821
110000379830
110000379849
110000379858
110000379876
110000379885
110000379894
110000379929
110000379938
110000379956
110000379974
110000379992
110000380034
110000380043
110000380061
110000380098
110000380123
110000380132
110000380150
110000380169
110000380187
110000380196
110000380203
110000380212
110000380221
110000380230
110000380249
110000380276
110000380294
110000380301
110000380310
110000380338
110000380347
110000380356
110000380365
110000380374
110000380383
110000380392
110000380418
110000380427
110000380436
110000380454
110000380463
110000380472
110000380481
110000380490
110000380506
110000380515
110000380524
110000380533
110000380542
110000380551
110000380560
110000380579
110000380588
110000380597
110000380604
110000380613
110000380622
110000380631
110000380640
110000380659
110000380668
110000380686
110000380695
110000380702
110000380711
110000380720
110000380757
110000380766
110000380775
110000380784
110000380793
110000380800
110000380819
110000380837
110000380846
110000380864
110000380873
110000380882
110000380891
110000380908
110000380917
110000380926
110000380935
110000380944
110000380953
110000380962
110000380971
110000380980
110000380999
110000381006
110000381015
110000381024
110000381042
110000381051
110000381088
110000381097
110000381113
110000381122
110000381131
110000381159
110000381168
110000381177
110000381186
110000381195
110000381202
110000381220
110000381239
110000381248
110000381257
110000381266
110000381275
110000381284
110000381293
110000381300
110000381319
110000381328
110000381337
110000381346
110000381355
110000381373
110000381382
110000381391
110000381408
110000381417
110000381426
110000381435
110000381453
110000381462
110000381471
110000381480
110000381499
110000381505
110000381514
110000381523
110000381532
110000381541
110000381569
110000381578
110000381596
110000381612
110000381621
110000381630
110000381658
110000381667
110000381676
110000381694
110000381701
110000381710
110000381738
110000381747
110000381756
110000381765
110000381774
110000381783
110000381792
110000381809
110000381818
110000381827
110000381845
110000381854
110000381863
110000381872
110000381881
110000381890
110000381916
110000381925
110000381934
110000381943
110000381961
110000381970
110000381989
110000381998
110000382005
110000382014
110000382023
110000382032
110000382041
110000382050
110000382069
110000382078
110000382096
110000382103
110000382112
110000382121
110000382130
110000382149
110000382158
110000382167
110000382176
110000382185
110000382194
110000382201
110000382210
110000382229
110000382238
110000382247
110000382256
110000382274
110000382283
110000382292
110000382309
110000382318
110000382327
110000382336
110000382345
110000382354
110000382363
110000382372
110000382381
110000382407
110000382416
110000382425
110000382434
110000382452
110000382461
110000382470
110000382489
110000382498
110000382504
110000382513
110000382531
110000382540
110000382559
110000382568
110000382586
110000382595
110000382602
110000382620
110000382639
110000382648
110000382657
110000382666
110000382675
110000382684
110000382693
110000382700
110000382719
110000382728
110000382737
110000382746
110000382755
110000382764
110000382764
110000382773
110000382782
110000382791
110000382808
110000382817
110000382826
110000382835
110000382844
110000382853
110000382880
110000382899
110000382906
110000382915
110000382924
110000382933
110000382942
110000382951
110000382960
110000382979
110000382988
110000383004
110000383013
110000383022
110000383068
110000383077
110000383086
110000383095
110000383102
110000383139
110000383148
110000383157
110000383166
110000383175
110000383184
110000383193
110000383200
110000383219
110000383228
110000383237
110000383246
110000383255
110000383264
110000383273
110000383291
110000383308
110000383317
110000383335
110000383344
110000383353
110000383371
110000383380
110000383399
110000383406
110000383424
110000383442
110000383460
110000383488
110000383497
110000383503
110000383512
110000383521
110000383530
110000383549
110000383558
110000383567
110000383576
110000383585
110000383594
110000383601
110000383610
110000383638
110000383647
110000383656
110000383665
110000383674
110000383692
110000383709
110000383718
110000383745
110000383754
110000383763
110000383772
110000383781
110000383790
110000383807
110000383816
110000383825
110000383843
110000383852
110000383861
110000383870
110000383889
110000383898
110000383905
110000383914
110000383923
110000383932
110000383941
110000383950
110000383969
110000383978
110000383987
110000383996
110000384003
110000384012
110000384021
110000384030
110000384058
110000384067
110000384076
110000384085
110000384094
110000384101
110000384110
110000384138
110000384147
110000384174
110000384183
110000384192
110000384209
110000384218
110000384227
110000384236
110000384245
110000384254
110000384263
110000384272
110000384281
110000384290
110000384307
110000384325
110000384334
110000384352
110000384361
110000384398
110000384405
110000384414
110000384423
110000384432
110000384441
110000384450
110000384469
110000384478
110000384487
110000384496
110000384502
110000384511
110000384520
110000384539
110000384548
110000384557
110000384566
110000384575
110000384584
110000384593
110000384619
110000384628
110000384637
110000384646
110000384655
110000384664
110000384673
110000384682
110000384691
110000384708
110000384717
110000384726
110000384735
110000384744
110000384753
110000384762
110000384771
110000384780
110000384799
110000384815
110000384824
110000384833
110000384842
110000384860
110000384879
110000384913
110000384922
110000384931
110000384940
110000384968
110000384977
110000384986
110000384995
110000385002
110000385011
110000385039
110000385048
110000385057
110000385066
110000385084
110000385093
110000385100
110000385119
110000385128
110000385137
110000385155
110000385164
110000385173
110000385191
110000385208
110000385217
110000385244
110000385262
110000385271
110000385280
110000385299
110000385315
110000385324
110000385333
110000385342
110000385351
110000385360
110000385388
110000385397
110000385404
110000385413
110000385422
110000385431
110000385440
110000385459
110000385468
110000385477
110000385486
110000385495
110000385501
110000385510
110000385538
110000385547
110000385547
110000385556
110000385565
110000385574
110000385583
110000385592
110000385609
110000385618
110000385627
110000385636
110000385645
110000385654
110000385663
110000385672
110000385690
110000385707
110000385716
110000385725
110000385734
110000385743
110000385752
110000385761
110000385770
110000385789
110000385798
110000385805
110000385814
110000385823
110000385832
110000385841
110000385850
110000385869
110000385878
110000385887
110000385896
110000385903
110000385921
110000385930
110000385949
110000385958
110000385967
110000385976
110000385985
110000386001
110000386029
110000386038
110000386047
110000386056
110000386065
110000386074
110000386083
110000386109
110000386118
110000386127
110000386136
110000386145
110000386154
110000386172
110000386181
110000386190
110000386207
110000386216
110000386225
110000386243
110000386252
110000386261
110000386270
110000386298
110000386305
110000386314
110000386323
110000386332
110000386341
110000386350
110000386369
110000386378
110000386387
110000386396
110000386403
110000386412
110000386430
110000386449
110000386458
110000386467
110000386476
110000386485
110000386494
110000386500
110000386519
110000386528
110000386546
110000386555
110000386564
110000386573
110000386582
110000386591
110000386608
110000386617
110000386626
110000386635
110000386644
110000386653
110000386662
110000386671
110000386680
110000386699
110000386706
110000386715
110000386724
110000386733
110000386742
110000386751
110000386760
110000386779
110000386788
110000386804
110000386813
110000386822
110000386831
110000386859
110000386868
110000386877
110000386886
110000386895
110000386895
110000386902
110000386911
110000386920
110000386939
110000386948
110000386957
110000386966
110000386975
110000386993
110000387000
110000387028
110000387037
110000387046
110000387064
110000387073
110000387082
110000387091
110000387108
110000387117
110000387126
110000387135
110000387144
110000387153
110000387162
110000387171
110000387180
110000387199
110000387206
110000387215
110000387224
110000387233
110000387242
110000387260
110000387297
110000387304
110000387313
110000387322
110000387331
110000387340
110000387368
110000387377
110000387386
110000387395
110000387402
110000387411
110000387420
110000387439
110000387448
110000387457
110000387466
110000387475
110000387493
110000387518
110000387527
110000387536
110000387545
110000387554
110000387563
110000387572
110000387581
110000387590
110000387625
110000387634
110000387643
110000387652
110000387661
110000387661
110000387670
110000387689
110000387698
110000387705
110000387714
110000387723
110000387732
110000387741
110000387750
110000387769
110000387778
110000387787
110000387803
110000387812
110000387830
110000387849
110000387858
110000387867
110000387876
110000387885
110000387894
110000387910
110000387929
110000387938
110000387947
110000387956
110000387965
110000387983
110000387992
110000388018
110000388027
110000388045
110000388063
110000388081
110000388090
110000388107
110000388116
110000388125
110000388134
110000388143
110000388152
110000388161
110000388198
110000388205
110000388214
110000388232
110000388241
110000388250
110000388269
110000388287
110000388296
110000388303
110000388312
110000388321
110000388330
110000395046
110000395046
110000492798
110000492814
110000492823
110000492832
110000492841
110000492850
110000492869
110000492878
110000492903
110000492912
110000492930
110000492958
110000492967
110000492976
110000492985
110000493001
110000493010
110000493029
110000493038
110000493047
110000493056
110000493065
110000493074
110000493083
110000493092
110000493109
110000493127
110000493136
110000493145
110000493154
110000493190
110000493207
110000493225
110000493234
110000493243
110000493261
110000493289
110000493298
110000493305
110000493314
110000493341
110000493350
110000493369
110000493378
110000493396
110000493421
110000493449
110000493458
110000493467
110000493476
110000493476
110000496669
110000496687
110000496696
110000496703
110000496712
110000496721
110000496730
110000496758
110000496767
110000496776
110000496794
110000496838
110000496847
110000496856
110000496865
110000496883
110000496892
110000496909
110000496918
110000496927
110000496945
110000496954
110000496963
110000496972
110000498569
110000498578
110000498587
110000498596
110000498603
110000498612
110000498621
110000498630
110000498649
110000498658
110000498667
110000498685
110000498694
110000498701
110000498710
110000498738
110000498756
110000499791
110000499808
110000499817
110000499826
110000499835
110000499844
110000499853
110000499862
110000499871
110000499899
110000499906
110000499933
110000499942
110000499951
110000499979
110000500002
110000500020
110000500048
110000500048
110000500057
110000500066
110000500075
110000500084
110000500093
110000500878
110000506774
110000507005
110000507078
110000507096
110000507130
110000507283
110000507292
110000507363
110000507470
110000507513
110000507540
110000507559
110000507666
110000507684
110000507700
110000507782
110000507791
110000507808
110000507835
110000507933
110000507960
110000508031
110000508059
110000508077
110000508102
110000508120
110000508175
110000508184
110000508193
110000508246
110000508255
110000508264
110000508273
110000508282
110000508291
110000508317
110000508353
110000508362
110000508371
110000508380
110000508460
110000508503
110000508512
110000508567
110000508656
110000508665
110000508692
110000508718
110000508736
110000508772
110000508790
110000508807
110000508834
110000508870
110000508889
110000508905
110000508914
110000508987
110000509012
110000509183
110000509218
110000509227
110000509245
110000509263
110000509272
110000509281
110000509307
110000509334
110000509343
110000509405
110000509432
110000509441
110000509469
110000509478
110000509487
110000509557
110000509566
110000509628
110000509637
110000509655
110000509664
110000509673
110000509726
110000509744
110000509762
110000509771
110000509824
110000509879
110000509913
110000509986
110000510046
110000510064
110000510153
110000510162
110000510224
110000510340
110000510359
110000510420
110000510536
110000510634
110000510643
110000510698
110000510705
110000510769
110000510901
110000510938
110000510947
110000510956
110000510965
110000510974
110000510992
110000511009
110000511018
110000511027
110000511036
110000511063
110000511081
110000511107
110000511161
110000511189
110000511214
110000511303
110000511312
110000511358
110000511367
110000511376
110000511508
110000511517
110000511535
110000511651
110000511660
110000511679
110000511704
110000511731
110000511768
110000511786
110000511811
110000511875
110000511884
