110000611357
110000611375
110000611384
110000611446
110000611473
110000611482
110000611491
110000611507
110000611525
110000611534
110000611543
110000611552
110000611561
110000611589
110000611598
110000611605
110000611623
110000611641
110000611669
110000611678
110000611687
110000611696
110000611703
110000611712
110000611730
110000611758
110000611776
110000611785
110000611801
110000611829
110000611838
110000611856
110000611865
110000611883
110000613435
110000613471
110000613499
110000613505
110000613514
110000613523
110000613532
110000613541
110000613550
110000613612
110000613621
110000613630
110000613649
110000613667
110000613676
110000615013
110000615022
110000615031
110000615040
110000615059
110000615068
110000616753
110000616780
110000616799
110000616824
110000616851
110000616860
110000616913
110000616940
110000616968
110000616977
110000617020
110000617039
110000617066
110000617084
110000617128
110000617137
110000617182
110000617235
110000617244
110000617253
110000617262
110000617271
110000617280
110000617306
110000617315
110000617324
110000617413
110000617431
110000617468
110000617501
110000617510
110000617529
110000617538
110000617565
110000617592
110000617618
110000617672
110000617681
110000617725
110000617770
110000617798
110000617823
110000618742
110000618779
110000618877
110000618902
110000618911
110000618993
110000619000
110000619019
110000619028
110000619046
110000619064
110000619073
110000619082
110000619108
110000619117
110000620356
110000620917
110000620926
110000620935
110000620962
110000621710
110000621738
110000621783
110000621792
110000700028
110000700046
110000700055
110000700420
110000700439
110000700457
110000700466
110000700493
110000700527
110000701447
110000701465
110000701474
110000701483
110000701535
110000701544
110000701624
110000701642
110000701688
110000701713
110000701731
110000702017
110000702044
110000702053
110000702071
110000702080
110000702099
110000704550
110000705577
110000706380
110000706941
110000707165
110000707174
110000707254
110000707511
110000707762
110000707995
110000708789
110000709573
110000709984
110000710115
110000710124
110000710133
110000710311
110000710428
110000710437
110000710605
110000710892
110000711301
110000711310
110000711329
110000711347
110000711365
110000711524
110000712300
110000712729
110000712747
110000712943
110000713069
110000713817
110000714371
110000714530
110000715254
110000715290
110000715646
110000716253
110000716413
110000717047
110000717074
110000717172
110000717270
110000717350
110000717528
110000717537
110000717626
110000717877
110000717957
110000718484
110000718901
110000718983
110000719027
110000719036
110000719045
110000719072
110000719134
110000719152
110000719394
110000719624
110000719697
110000720140
110000720569
110000721292
110000721327
110000721381
110000721773
110000721906
110000721933
110000722228
110000722246
110000722264
110000722326
110000722353
110000722371
110000723352
110000723361
110000723441
110000723913
110000724379
110000725467
110000725733
110000725742
110000725939
110000726055
110000726251
110000726260
110000726322
110000726723
110000726787
110000727125
110000727385
110000727394
110000727697
110000727955
110000727955
110000728160
110000728197
110000728400
110000728543
110000728632
110000728687
110000728829
110000728847
110000729043
110000729212
110000729392
110000730200
110000731110
110000731156
110000731165
110000731174
110000731183
110000732208
110000732217
110000732226
110000732235
110000732244
110000732253
110000732262
110000732271
110000732299
110000732315
110000732324
110000732333
110000732351
110000732379
110000733957
110000733966
110000733984
110000734019
110000735198
110000735269
110000735278
110000735303
110000735321
110000735330
110000735349
110000735376
110000735394
110000735401
110000735438
110000735474
110000735526
110000736419
110000736730
110000736776
110000737221
110000737542
110000737551
110000737560
110000737579
110000737588
110000738621
110000738774
110000739372
110000739452
110000740805
110000740814
110000740850
110000740869
110000740878
110000740887
110000740896
110000740912
110000740921
110000740949
110000740958
110000740967
110000740985
110000741010
110000741029
110000741047
110000741083
110000741092
110000741109
110000741127
110000741145
110000741172
110000741216
110000741225
110000741234
110000741243
110000741270
110000741298
110000741314
110000741332
110000741341
110000741350
110000741369
110000741403
110000741421
110000741430
110000741449
110000741467
110000741476
110000741485
110000741500
110000741537
110000741546
110000741582
110000741591
110000741608
110000741635
110000741699
110000741706
110000741715
110000741724
110000741733
110000741742
110000741760
110000741779
110000741788
110000741797
110000741804
110000744400
110000744614
110000745310
110000745338
110000745356
110000745365
110000745374
110000745383
110000745445
110000745472
110000745515
110000745524
110000745551
110000745560
110000745579
110000745604
110000745622
110000745631
110000745659
110000745668
110000745677
110000745686
110000745702
110000745711
110000745720
110000745739
110000745757
110000745766
110000746738
110000746747
110000746818
110000746827
110000746845
110000746890
110000746916
110000746925
110000746934
110000746943
110000746952
110000746961
110000746970
110000746998
110000747489
110000747666
110000747675
110000747684
110000747746
110000747755
110000747764
110000747773
110000747791
110000747817
110000747835
110000747844
110000748200
110000748344
110000748549
110000748558
110000748629
110000748656
110000748709
110000749003
110000749174
110000749600
110000750054
110000750072
110000750875
110000751008
110000751017
110000751035
110000751142
110000751151
110000751419
110000751561
110000751605
110000751730
110000751810
110000751856
110000751909
110000751927
110000751963
110000752720
110000752766
110000752800
110000752962
110000753104
110000753177
110000753319
110000753328
110000753426
110000753596
110000753649
110000753685
110000753827
110000753836
110000753934
110000754149
110000754318
110000754602
110000754620
110000754657
110000755102
110000755175
110000755353
110000755503
110000755718
110000756138
110000756192
110000756496
110000756762
110000756824
110000756959
110000756977
110000756995
110000757182
110000757379
110000757501
110000757663
110000757681
110000757770
110000757887
110000758109
110000758172
110000758190
110000759180
110000759527
110000759705
110000759714
110000759723
110000759732
110000759741
110000760588
110000760677
110000760695
110000761104
110000761373
110000761471
110000761621
110000762050
110000762130
110000762149
110000762513
110000762559
110000764548
110000765048
110000765057
110000765119
110000765128
110000765146
110000765155
110000765164
110000765173
110000765208
110000765217
110000765226
110000765235
110000765244
110000765253
110000765262
110000765299
110000765315
110000765324
110000765333
110000765342
110000765379
110000765388
110000765397
110000765404
110000765422
110000765431
110000765440
110000765459
110000765468
110000765477
110000765495
110000765501
110000765529
110000765538
110000765547
110000765556
110000765565
110000765574
110000765583
110000765592
110000765618
110000765636
110000765654
110000765663
110000765681
110000765690
110000765707
110000765752
110000765761
110000765789
110000765798
110000765805
110000765814
110000765823
110000765832
110000765869
110000765878
110000765887
110000765903
110000765912
110000765930
110000765949
110000765967
110000765976
110000765985
110000765994
110000766001
110000766029
110000766038
110000766056
110000766065
110000766092
110000766118
110000766127
110000766136
110000766145
110000766163
110000766181
110000766207
110000766216
110000766225
110000766234
110000766261
110000766261
110000766270
110000766289
110000766298
110000766305
110000766332
110000766341
110000766350
110000766369
110000766378
110000766387
110000766396
110000766403
110000766421
110000766430
110000766458
110000766467
110000766476
110000766485
110000766494
110000766500
110000766519
110000766528
110000766537
110000766546
110000766564
110000766573
110000766582
110000766591
110000766617
110000766751
110000766760
110000766779
110000771255
110000771406
110000771415
110000771576
110000771692
110000771709
110000771816
110000775242
110000780101
110000780110
110000780129
110000780156
110000780165
110000780174
110000780192
110000780209
110000780236
110000780254
110000780281
110000780307
110000780316
110000780325
110000780334
110000780343
110000780352
110000780361
110000780370
110000780389
110000780398
110000780414
110000780423
110000780432
110000780441
110000780450
110000780469
110000784919
110000787444
110000787471
110000787514
110000787541
110000787569
110000787578
110000787587
110000787596
110000787603
110000787612
110000787658
110000787667
110000787685
110000787701
110000787710
110000787729
110000787738
110000787756
110000787765
110000787783
110000787792
110000787809
110000787827
110000787836
110000787845
110000787863
110000787872
110000787881
110000787890
110000787907
110000787916
110000787925
110000787934
110000787952
110000787961
110000788005
110000788014
110000788032
110000788041
110000788130
110000788158
110000788167
110000788176
110000788185
110000788194
110000788210
110000788229
110000788238
110000788256
110000788265
110000788336
110000788363
110000788407
110000788416
110000788434
110000788443
110000788461
110000788498
110000788504
110000788522
110000788540
110000788559
110000788577
110000788595
110000788602
110000788611
110000788666
110000788684
110000788693
110000788700
110000788746
110000788755
110000788773
110000788808
110000788835
110000788844
110000788933
110000788942
110000788960
110000788979
110000788988
110000789022
110000789031
110000789040
110000789086
110000789120
110000789148
110000789166
110000789184
110000789228
110000789237
110000790047
110000792759
110000793516
110000793525
110000793534
110000793589
110000793605
110000793614
110000793623
110000793632
110000793669
110000793696
110000793712
110000793721
110000793730
110000793749
110000793758
110000793767
110000793785
110000793794
110000793801
110000793829
110000793847
110000793856
110000793865
110000793909
110000793918
110000793927
110000793936
110000793945
110000793954
110000793963
110000793972
110000793981
110000793990
110000794016
110000794034
110000794043
110000794052
110000794061
110000794089
110000794105
110000794114
110000794132
110000794141
110000794150
110000799388
110000799397
110000799404
110000799413
110000799431
110000799440
110000799459
110000799468
110000799477
110000799486
110000799501
110000799510
110000799547
110000799556
110000799565
110000800198
110000814076
110000814101
110000814110
110000814129
110000814209
110000814281
110000814290
110000814307
110000814325
110000814432
110000814478
110000814502
110000814548
110000814575
110000814600
110000814628
110000814673
110000814682
110000814735
110000814762
110000814771
110000814780
110000814815
110000814842
110000814904
110000814922
110000814931
110000814940
110000815011
110000815020
110000815057
110000815100
110000815155
110000815164
110000815191
110000815271
110000815306
110000815388
110000815413
110000815468
110000815495
110000815501
110000815538
110000815592
110000815636
110000815654
110000815690
110000815716
110000815725
110000815734
110000815752
110000815770
110000815805
110000815814
110000815832
110000815841
110000815850
110000815869
110000815878
110000815912
110000815949
110000815958
110000815967
110000816001
110000816010
110000816047
110000816118
110000816127
110000816136
110000816154
110000816163
110000816172
110000816190
110000816234
110000816261
110000816289
110000816305
110000816314
110000816341
110000816350
110000816369
110000820185
110000820201
110000820210
110000820238
110000820256
110000820265
110000820292
110000820309
110000820318
110000820327
110000820336
110000820345
110000820354
110000820363
110000820372
110000820381
110000820407
110000820461
110000820470
110000820498
110000820504
110000820522
110000820531
110000820540
110000820559
110000820568
110000820602
110000820611
110000820620
110000820639
110000820648
110000820657
110000820666
110000820675
110000820693
110000820700
110000820746
110000820755
110000820764
110000820791
110000820817
110000820826
110000820835
110000820844
110000820871
110000820899
110000820915
110000820942
110000820960
110000820979
110000820988
110000820997
110000821013
110000821022
110000821031
110000821068
110000821095
110000821111
110000821148
110000821166
110000822860
110000823280
110000823351
110000823360
110000823397
110000823431
110000823495
110000823501
110000823949
110000824369
110000824760
110000824966
110000825331
110000825527
110000825590
110000825625
110000825723
110000825741
110000825803
110000827160
110000830423
110000830469
110000830487
110000830496
110000830511
110000830539
110000832653
110000832662
110000832680
110000832699
110000832715
110000832733
110000832751
110000832760
110000832788
110000832822
110000832840
110000832868
110000832877
110000832886
110000832911
110000832920
110000832948
110000832966
110000832984
110000833046
110000833073
