110000833091
110000833108
110000834385
110000834401
110000834410
110000834438
110000834465
110000834483
110000834492
110000834508
110000834526
110000834544
110000834553
110000834562
110000834580
110000836043
110000836052
110000836061
110000840154
110000840181
110000840216
110000840298
110000840305
110000840323
110000840332
110000840387
110000840396
110000840412
110000840430
110000840458
110000840494
110000840519
110000840528
110000840555
110000840591
110000840617
110000840626
110000840635
110000840653
110000840662
110000840680
110000840751
110000840760
110000840788
110000840831
110000840859
110000840868
110000840886
110000840895
110000842036
110000842045
110000842054
110000842063
110000842134
110000842143
110000842152
110000842161
110000842170
110000842189
110000843990
110000844016
110000845195
110000845248
110000845257
110000845293
110000845319
110000845337
110000845382
110000845391
110000845417
110000845426
110000845435
110000845444
110000845471
110000845480
110000845514
110000845523
110000845532
110000845541
110000846425
110000846443
110000846452
110000846461
110000846489
110000846531
110000846737
110000849823
110000849850
110000849896
110000849903
110000849958
110000849994
110000850044
110000850080
110000850106
110000850115
110000850124
110000850133
110000850179
110000850204
110000850222
110000850231
110000850240
110000850268
110000850570
110000850589
110000850605
110000850614
110000850669
110000850678
110000850909
110000851025
110000851052
110000851338
110000851711
110000853933
110000853960
110000854139
110000854184
110000854200
110000854237
110000854291
110000854326
110000854344
110000854371
110000854442
110000854479
110000854503
110000854512
110000854530
110000854576
110000854594
110000854601
110000854610
110000854629
110000856342
110000856486
110000856495
110000856501
110000856510
110000856529
110000856538
110000856583
110000856869
110000856985
110000857289
110000857305
110000857350
110000857369
110000857378
110000857430
110000857449
110000857494
110000857500
110000858661
110000858821
110000858910
110000858974
110000859090
110000859189
110000859198
110000859205
110000859214
110000859232
110000859250
110000859278
110000859312
110000859358
110000859367
110000859376
110000859401
110000859429
110000859447
110000859456
110000859483
110000859492
110000859508
110000859571
110000859599
110000859633
110000859704
110000859731
110000859759
110000859768
110000859777
110000859786
110000859795
110000859811
110000859820
110000859848
110000859857
110000859928
110000859982
110000860015
110000860122
110000860186
110000860186
110000860248
110000860284
110000860300
110000860417
110000860426
110000860453
110000860462
110000860471
110000860499
110000862497
110000862512
110000862549
110000862585
110000862594
110000862665
110000862718
110000862745
110000862763
110000862825
110000862834
110000862852
110000862870
110000862905
110000862941
110000862950
110000862969
110000862978
110000862987
110000862996
110000863049
110000863281
110000863496
110000863511
110000863520
110000863557
110000863575
110000863584
110000863995
110000864226
110000864235
110000864244
110000864315
110000864324
110000864342
110000864529
110000864547
110000864663
110000864716
110000864805
110000865056
110000865127
110000865145
110000865163
110000865378
110000865519
110000865797
110000866117
110000869007
110000869016
110000869034
110000869098
110000869169
110000869187
110000869294
110000869631
110000869668
110000870077
110000870111
110000870120
110000870184
110000870193
110000870200
110000870228
110000870273
110000870282
110000870497
110000870512
110000870558
110000870585
110000870772
110000870790
110000870834
110000871021
110000871076
110000871101
110000871183
110000871502
110000871520
110000871593
110000871762
110000871913
110000871922
110000871922
110000871968
110000871977
110000871986
110000871995
110000872048
110000872057
110000872075
110000872084
110000872093
110000872100
110000872119
110000872137
110000872164
110000872191
110000872244
110000872333
110000872342
110000872351
110000872360
110000872397
110000872440
110000872477
110000872486
110000872510
110000872556
110000872583
110000872627
110000872681
110000872752
110000872814
110000872841
110000872878
110000872903
110000872912
110000872930
110000872967
110000873010
110000873047
110000873065
110000873127
110000873154
110000873378
110000873396
110000873458
110000873984
110000874224
110000874242
110000874377
110000874402
110000874439
110000874616
110000874643
110000874670
110000874705
110000874732
110000874769
110000874787
110000874858
110000874867
110000874894
110000874983
110000875278
110000875287
110000875394
110000875465
110000875465
110000875651
110000875660
110000875679
110000875688
110000876259
110000876339
110000876357
110000876393
110000876455
110000876552
110000876598
110000876758
110000876776
110000876785
110000876801
110000876838
110000876865
110000877141
110000877169
110000877196
110000877365
110000877855
110000877873
110000878024
110000878088
110000878257
110000878275
110000878541
110000878658
110000879023
110000879210
110000879229
110000879522
110000879540
110000879559
110000879568
110000879620
110000879675
110000879997
110000880039
110000880093
110000880146
110000880155
110000880164
110000880191
110000880636
110000880716
110000880725
110000881145
110000881172
110000881190
110000881261
110000881270
110000881332
110000881378
110000881582
110000881617
110000881662
110000881671
110000881699
110000881715
110000881742
110000881751
110000881779
110000881788
110000881797
110000881813
110000881831
110000881859
110000882625
110000882732
110000882929
110000883009
110000883321
110000883456
110000883526
110000883553
110000883615
110000883651
110000883866
110000884099
110000884106
110000884124
110000884151
110000884160
110000884179
110000884197
110000885105
110000885524
110000885631
110000888077
110000888139
110000888148
110000888157
110000888184
110000888193
110000888237
110000888255
110000888273
110000888282
110000888308
110000888317
110000890135
110000890171
110000890199
110000890206
110000890215
110000891189
110000891232
110000891241
110000891250
110000891278
110000891287
110000891376
110000893052
110000893114
110000893132
110000893187
110000893196
110000893212
110000893221
110000893249
110000893258
110000893267
110000893276
110000893285
110000893301
110000893310
110000893356
110000893374
110000893383
110000893392
110000893445
110000893472
110000893481
110000893490
110000893506
110000893551
110000893560
110000893579
110000893588
110000893597
110000893613
110000893622
110000893659
110000893677
110000893695
110000893711
110000893739
110000893748
110000893757
110000893784
110000893855
110000893864
110000893882
110000893935
110000893944
110000893953
110000893962
110000893999
110000894006
110000894042
110000894060
110000894104
110000894131
110000894140
110000894168
110000894177
110000894202
110000894211
110000894220
110000894239
110000894248
110000894257
110000894266
110000894284
110000894293
110000894300
110000894337
110000895194
110000895201
110000895210
110000895229
110000895238
110000895265
110000895274
110000895292
110000895309
110000895318
110000895327
110000895336
110000895381
110000895390
110000895407
110000895434
110000895452
110000895979
110000896219
110000896264
110000898226
110000899118
110000899136
110000899145
110000899154
110000899172
110000899207
110000899216
110000899225
110000899234
110000899243
110000899779
110000899804
110000900277
110000900302
110000901025
110000901061
110000901070
110000901089
110000901132
110000901178
110000901203
110000901230
110000901249
110000901258
110000901267
110000901506
110000901515
110000901533
110000901542
110000901551
110000901579
110000901597
110000903176
110000903185
110000903194
110000903657
110000903666
110000903675
110000903684
110000904585
110000904594
110000904601
110000904610
110000904629
110000904638
110000904665
110000904674
110000904683
110000904692
110000904718
110000904727
110000904736
110000904745
110000904790
110000904807
110000904834
110000905012
110000905021
110000905049
110000905058
110000905067
110000905101
110000905753
110000906066
110000906075
110000906146
110000906182
110000906226
110000906306
110000906486
110000906716
110000906841
110000907029
110000907261
110000907341
110000907350
110000907369
110000907387
110000907396
110000907403
110000907421
110000907476
110000907494
110000907500
110000907662
110000907671
110000907680
110000907886
110000907911
110000908359
110000908386
110000909018
110000909214
110000909517
110000909544
110000910202
110000910649
110000910667
110000910685
110000910854
110000910863
110000910881
110000910907
110000910916
110000910925
110000910934
110000910943
110000910970
110000910989
110000911087
110000911425
110000911434
110000911737
110000911746
110000912031
110000912077
110000912095
110000912184
110000912228
110000912380
110000912638
110000912816
110000912825
110000913058
110000913281
110000913539
110000913548
110000913566
110000913593
110000914379
110000914529
110000914556
110000914592
110000914761
110000914770
110000914832
110000914841
110000914850
110000914869
110000914887
110000914903
110000914921
110000915243
110000915261
110000915305
110000915314
110000915403
110000915608
110000915984
110000916000
110000916037
110000916064
110000916180
110000916224
110000916279
110000916607
110000916652
110000916750
110000916812
110000916894
110000917358
110000917580
110000917624
110000917633
110000917642
110000917973
110000917982
110000918044
110000918197
110000918204
110000918231
110000918348
110001097205
110001100433
110001102020
110001102271
110001102672
110001102681
110001102690
110001103868
110001108051
110001119986
110001119995
110001120000
110001120028
110001121599
110001121633
110001123276
110001123436
110001123445
110001123490
110001123524
110001123720
110001123757
110001128388
110001128397
110001128404
110001128404
110001128422
110001128459
110001128486
110001128495
110001128501
110001128510
110001128529
110001128538
110001128547
110001128556
110001128565
110001128583
110001128609
110001128627
110001128636
110001128654
110001128681
110001128690
110001128716
110001128734
110001128743
110001128752
110001128770
110001128798
110001128823
110001128832
110001128841
110001128850
110001128869
110001128887
110001128896
110001128912
110001128921
110001128930
110001128949
110001128958
110001128967
110001128976
110001128985
110001128994
110001129001
110001129029
110001129047
110001129065
110001129083
110001129092
110001129109
110001129127
110001129145
110001129172
110001129181
110001129207
110001129216
110001129225
110001129234
110001129261
110001129314
110001129323
110001129341
110001129350
110001129369
110001129378
110001129387
110001129403
110001129412
110001129430
110001129458
110001129467
110001129476
110001129485
110001129494
110001129519
110001129537
110001129546
110001129582
110001129591
110001129617
110001129626
110001129635
110001129644
110001133737
110001134861
110001135192
110001135441
110001135628
110001135655
110001135682
110001135744
110001135753
110001136725
110001136832
110001136841
110001137083
110001137127
110001137270
110001137289
110001137314
110001137341
110001137369
110001137494
110001137680
110001137706
110001137715
110001137760
110001137779
110001137788
110001138162
110001138180
110001138304
110001138484
110001138493
110001138714
110001138750
110001138769
110001138938
110001139571
110001140042
110001140293
110001140337
110001140444
110001140550
110001140667
110001141461
110001141764
110001144841
110001144850
110001144887
110001144903
110001144912
110001144921
110001144958
110001144985
110001144994
110001146475
110001146554
110001146590
110001146625
110001146634
110001146643
110001146885
110001146938
110001146992
110001147081
110001147170
110001147312
110001147330
110001147385
110001147394
110001147401
110001147474
110001147483
110001147937
110001148062
110001149025
110001149347
110001167816
110001168691
110001168717
110001170456
110001174540
110001208728
110001217601
110001218851
110001224746
110001224773
110001225175
110001225184
110001225193
110001225200
110001226824
110001229064
110001229073
110001229082
110001229091
110001229144
110001229162
110001229180
110001231783
110001231809
110001231827
110001231836
110001231872
110001231881
110001231890
110001232112
110001232130
110001232256
110001232283
110001232336
110001233111
110001233148
110001233157
110001233166
110001233175
110001233184
110001233193
110001233200
110001233237
110001233255
110001233273
110001234094
110001234101
110001234307
110001234316
110001234325
110001234628
110001234655
110001234673
110001234682
110001234726
110001235681
110001235716
110001236494
110001236500
110001236528
110001236537
110001236546
110001236564
110001236573
110001236582
110001236635
110001236680
110001236706
110001236895
110001236902
110001236920
110001236948
110001236966
110001236975
110001236984
110001236993
110001237000
110001237019
110001237028
110001237055
110001237082
110001237475
110001237484
110001237493
110001237509
110001237518
110001237545
110001238232
110001238241
110001238296
110001238447
