110001238508
110001238517
110001238526
110001238544
110001238580
110001238606
110001238633
110001238642
110001238651
110001238660
110001242566
110001242575
110001242584
110001242593
110001242637
110001242655
110001242673
110001242682
110001242708
110001242753
110001242833
110001242851
110001242879
110001242888
110001242904
110001242931
110001242940
110001242959
110001242977
110001242986
110001243011
110001243057
110001243075
110001243084
110001243093
110001243100
110001243119
110001243128
110001243137
110001243155
110001243226
110001243244
110001243262
110001243299
110001243306
110001243315
110001243333
110001243351
110001243422
110001243486
110001243618
110001243645
110001243681
110001243690
110001243707
110001243743
110001243752
110001243770
110001243789
110001243798
110001243841
110001243869
110001243896
110001243912
110001243949
110001243958
110001243967
110001243994
110001244010
110001244029
110001244047
110001244083
110001244092
110001244136
110001244145
110001244154
110001244163
110001244172
110001244314
110001244458
110001244467
110001244476
110001244485
110001244494
110001244662
110001244671
110001244680
110001244699
110001244715
110001248481
110001252064
110001305365
110001305524
110001305944
110001305953
110001305971
110001305980
110001306006
110001306015
110001306024
110001306042
110001306569
110001306578
110001306596
110001306621
110001306630
110001306658
110001306667
110001306685
110001307951
110001307960
110001307979
110001308022
110001308040
110001308068
110001308120
110001308148
110001308166
110001308175
110001308184
110001308193
110001308228
110001308308
110001308353
110001308362
110001308406
110001308433
110001308442
110001308451
110001308460
110001308497
110001308521
110001308558
110001308567
110001308576
110001308585
110001308594
110001308610
110001308638
110001308656
110001321515
110001321524
110001321551
110001321560
110001321579
110001321588
110001321597
110001321604
110001321613
110001321631
110001322328
110001322355
110001322373
110001322382
110001322391
110001322408
110001322417
110001322426
110001322480
110001322499
110001322514
110001322523
110001322532
110001322550
110001322569
110001322578
110001322587
110001322658
110001322676
110001322685
110001322701
110001322756
110001322774
110001322783
110001322792
110001323416
110001323434
110001323443
110001323461
110001323522
110001323531
110001323559
110001323586
110001323595
110001323611
110001323639
110001323666
110001323675
110001323853
110001323871
110001323880
110001323899
110001324120
110001324139
110001324148
110001324184
110001324193
110001324200
110001324237
110001324264
110001324273
110001324282
110001324326
110001325281
110001325307
110001325316
110001325334
110001325343
110001325762
110001325799
110001325806
110001325815
110001325842
110001325860
110001325897
110001325904
110001325940
110001325977
110001325986
110001325995
110001326002
110001326011
110001326039
110001326057
110001326066
110001326093
110001326244
110001326253
110001326262
110001326271
110001326342
110001326654
110001326663
110001326672
110001326681
110001326690
110001327984
110001327993
110001328019
110001328028
110001328064
110001328073
110001328091
110001360312
110001360321
110001360358
110001360376
110001360385
110001360394
110001360465
110001360474
110001360483
110001360508
110001370285
110001370301
110001370338
110001370365
110001370392
110001370409
110001370445
110001370454
110001370463
110001370481
110001370506
110001370515
110001370542
110001370551
110001370560
110001370597
110001370604
110001370631
110001370668
110001370686
110001370720
110001370748
110001370766
110001370775
110001370784
110001370819
110001370828
110001370837
110001370855
110001370882
110001373932
110001373950
110001374003
110001374030
110001374076
110001374094
110001374101
110001374129
110001374138
110001374147
110001374156
110001374183
110001374236
110001375315
110001375324
110001375342
110001375351
110001375360
110001375397
110001375404
110001375422
110001375495
110001375501
110001376412
110001376421
110001376485
110001376494
110001376500
110001376519
110001376537
110001376546
110001376564
110001376582
110001376591
110001376635
110001376644
110001376671
110001376699
110001376706
110001383459
110001383477
110001383486
110001383495
110001383501
110001383529
110001383547
110001383556
110001383583
110001383592
110001383618
110001383627
110001383681
110001383690
110001384742
110001384751
110001384760
110001384957
110001384984
110001387151
110001387160
110001387552
110001387570
110001387589
110001387623
110001388604
110001388622
110001388631
110001388640
110001388659
110001388668
110001388686
110001388695
110001388702
110001388739
110001388828
110001388837
110001388846
110001388864
110001388873
110001388891
110001388908
110001388926
110001388944
110001388953
110001388962
110001388980
110001389024
110001389033
110001389042
110001389051
110001389079
110001389088
110001389097
110001389104
110001389113
110001389159
110001389168
110001389177
110001389186
110001389220
110001389248
110001389266
110001389275
110001389284
110001389300
110001389319
110001389328
110001389355
110001389382
110001389391
110001389417
110001389426
110001389435
110001389444
110001389462
110001389471
110001389499
110001389514
110001389541
110001389550
110001389578
110001389587
110001410465
110001410474
110001410535
110001410544
110001410562
110001410571
110001410624
110001410633
110001410642
110001410660
110001410697
110001410722
110001410731
110001410759
110001410802
110001410811
110001410820
110001410848
110001410857
110001411035
110001411044
110001411071
110001411124
110001411151
110001411204
110001411231
110001411268
110001411286
110001411302
110001411311
110001411320
110001411339
110001411357
110001411366
110001411375
110001411384
110001411400
110001411419
110001411446
110001411455
110001411464
110001411473
110001411491
110001411507
110001411525
110001411543
110001411570
110001411589
110001411598
110001411623
110001411641
110001411650
110001411669
110001411678
110001411687
110001411696
110001411703
110001411712
110001411721
110001411721
110001411730
110001411749
110001411776
110001411794
110001411801
110001411810
110001411829
110001411847
110001411874
110001411909
110001411927
110001411936
110001411945
110001411954
110001411963
110001411972
110001412007
110001412052
110001412061
110001412105
110001412114
110001412123
110001412132
110001412141
110001412150
110001412169
110001412187
110001412203
110001412221
110001412230
110001412249
110001412258
110001412267
110001412276
110001412285
110001412301
110001412310
110001412338
110001412356
110001412374
110001412383
110001412409
110001412613
110001412622
110001412757
110001412766
110001412775
110001412784
110001412819
110001412828
110001412837
110001412855
110001412864
110001412873
110001412882
110001412908
110001412917
110001412926
110001412935
110001412944
110001412971
110001412980
110001412999
110001413006
110001413015
110001413024
110001413033
110001413042
110001413051
110001413079
110001413088
110001413097
110001413104
110001413113
110001413122
110001413159
110001413177
110001413186
110001413195
110001413211
110001413220
110001413239
110001413248
110001413257
110001413275
110001413284
110001413293
110001413300
110001413328
110001413337
110001413346
110001413355
110001413373
110001413382
110001413408
110001413417
110001413426
110001413444
110001413453
110001413462
110001413471
110001413499
110001413505
110001413514
110001413523
110001413532
110001413541
110001413550
110001413569
110001413578
110001413587
110001413596
110001413603
110001413612
110001413621
110001413649
110001413658
110001413676
110001413685
110001413694
110001413701
110001413729
110001413738
110001413756
110001413765
110001413774
110001413783
110001413792
110001413809
110001413818
110001413845
110001413854
110001413863
110001413872
110001413881
110001413890
110001413934
110001413943
110001413952
110001413961
110001413970
110001413989
110001414050
110001414078
110001414096
110001414103
110001414112
110001414121
110001414130
110001414149
110001414158
110001414176
110001414185
110001414201
110001414229
110001414238
110001414265
110001414283
110001414292
110001414318
110001414327
110001414336
110001414363
110001414390
110001414407
110001414416
110001414425
110001414434
110001414443
110001414470
110001414489
110001414559
110001414577
110001414595
110001414620
110001414657
110001414666
110001414693
110001414700
110001414728
110001414746
110001414755
110001414773
110001414791
110001414817
110001414826
110001414835
110001414844
110001414853
110001414862
110001414871
110001414880
110001414899
110001414906
110001414915
110001414924
110001414933
110001414942
110001414951
110001414960
110001414979
110001414988
110001415004
110001415013
110001415022
110001415031
110001415040
110001415059
110001415077
110001415095
110001415102
110001415111
110001415148
110001415175
110001415200
110001415219
110001415228
110001415237
110001415246
110001415291
110001415308
110001415344
110001415353
110001415371
110001415380
110001415399
110001415406
110001415415
110001415424
110001415433
110001415451
110001415479
110001415488
110001415497
110001415503
110001415512
110001415530
110001415549
110001415558
110001415567
110001415576
110001415585
110001415594
110001415601
110001415638
110001415647
110001415656
110001415665
110001415674
110001415683
110001415692
110001415709
110001415718
110001415727
110001415736
110001415745
110001415772
110001415781
110001415790
110001415807
110001415825
110001415834
110001415843
110001415852
110001415870
110001415889
110001415898
110001415923
110001415932
110001415941
110001415950
110001415969
110001415987
110001415996
110001416003
110001416012
110001416021
110001416058
110001416067
110001416076
110001416085
110001416094
110001416101
110001416110
110001416129
110001416138
110001416147
110001416156
110001416165
110001416174
110001416183
110001416192
110001416227
110001416236
110001416245
110001416254
110001416263
110001416272
110001416281
110001416290
110001416307
110001416316
110001416325
110001416343
110001416352
110001416389
110001416405
110001416423
110001416432
110001416441
110001416450
110001416469
110001416478
110001416487
110001416496
110001416502
110001416511
110001416520
110001416548
110001416557
110001416575
110001416600
110001416619
110001416628
110001416637
110001416646
110001416655
110001416673
110001416682
110001416708
110001416726
110001416744
110001416753
110001416762
110001416771
110001416815
110001416824
110001416833
110001416851
110001416860
110001416897
110001416940
110001416968
110001416986
110001416995
110001417002
110001417066
110001417075
110001417084
110001417093
110001417119
110001417128
110001417137
110001417146
110001417155
110001417164
110001417173
110001417182
110001417191
110001417208
110001417217
110001417226
110001417235
110001417244
110001417253
110001417262
110001417271
110001417299
110001417315
110001417324
110001417342
110001417351
110001417360
110001417388
110001417397
110001417431
110001417440
110001417468
110001417486
110001417495
110001417501
110001417574
110001417592
110001417618
110001417636
110001417654
110001417672
110001417716
110001417734
110001417743
110001417752
110001417761
110001417770
110001417798
110001417805
110001417814
110001417823
110001417832
110001417841
110001417850
110001417878
110001417887
110001417896
110001417912
110001417921
110001417949
110001417958
110001417985
110001417994
110001418001
110001418010
110001418047
110001418056
110001418074
110001418083
110001418092
110001418109
110001418118
110001418136
110001418145
110001418163
110001418172
110001418181
110001418190
110001418207
110001418216
110001418225
110001418261
110001418270
110001418298
110001418305
110001418314
110001418332
110001418350
110001418369
110001418378
110001418387
110001418396
110001418403
110001418412
110001418449
110001418458
110001418467
110001418476
110001418485
110001418528
110001418537
110001418555
110001418573
110001418582
110001418626
110001418635
110001418653
110001418706
110001418715
110001418724
110001418733
110001418742
110001418751
110001418760
110001418779
110001418788
110001418804
110001418813
110001418822
110001418831
110001418840
110001418859
110001418868
110001418877
110001418886
110001418895
110001418902
110001418911
110001418920
110001418939
110001418966
110001418975
110001418984
110001418993
110001419000
110001419019
110001419028
110001419037
110001419046
110001419055
110001419064
110001419082
110001419091
110001419108
110001419117
110001419126
110001419144
110001419153
110001419162
110001419171
110001419180
110001419206
110001419215
110001419224
110001419260
110001419279
110001419297
110001419313
110001419322
110001419359
110001419368
110001419377
110001419386
110001419402
110001419411
110001419448
110001419457
110001419466
110001419475
110001419484
110001419493
110001419509
110001419518
110001419527
110001419536
110001419545
110001419563
110001419572
110001419581
110001419590
110001419607
110001419625
110001419634
110001419652
110001419661
110001419689
110001419698
110001419705
110001419714
