110001419723
110001419732
110001419741
110001419769
110001419778
110001419849
110001419867
110001419885
110001419910
110001419938
110001419956
110001419965
110001419983
110001420016
110001420025
110001420034
110001420070
110001420098
110001420105
110001420114
110001420123
110001420132
110001420141
110001420150
110001420178
110001420187
110001420196
110001420203
110001420221
110001420230
110001420249
110001420258
110001420267
110001420276
110001420294
110001420301
110001420338
110001420347
110001420383
110001420409
110001420418
110001420427
110001420436
110001420454
110001420463
110001420490
110001420506
110001420515
110001420524
110001420533
110001420542
110001420551
110001420560
110001420579
110001420588
110001420597
110001420613
110001420640
110001420659
110001420668
110001420677
110001420686
110001420702
110001420748
110001420748
110001420757
110001420766
110001420775
110001420793
110001420837
110001420846
110001420855
110001420882
110001420917
110001420926
110001420944
110001420962
110001420980
110001420999
110001421006
110001421015
110001421033
110001421042
110001421051
110001421060
110001421088
110001421122
110001421177
110001421195
110001421202
110001421211
110001421220
110001421239
110001421248
110001421275
110001421284
110001421319
110001421346
110001421364
110001421382
110001421408
110001421417
110001421453
110001421462
110001421471
110001421532
110001421569
110001421578
110001421587
110001421596
110001421612
110001421621
110001421667
110001421676
110001421701
110001421729
110001421738
110001421747
110001421756
110001421765
110001421774
110001421783
110001421792
110001421809
110001421827
110001421863
110001421890
110001421916
110001421925
110001421934
110001421943
110001421952
110001421961
110001421970
110001422014
110001422023
110001422032
110001422078
110001422096
110001422121
110001422130
110001422158
110001422167
110001422185
110001422201
110001422229
110001422238
110001422247
110001422265
110001422283
110001422292
110001422309
110001422318
110001422336
110001422345
110001422354
110001422363
110001422390
110001422407
110001422425
110001422452
110001422461
110001422489
110001422498
110001422504
110001422513
110001422531
110001422568
110001422577
110001422595
110001422611
110001422639
110001422648
110001422657
110001422666
110001422675
110001422684
110001422693
110001422719
110001422728
110001422755
110001422782
110001422791
110001422808
110001422817
110001422844
110001422853
110001422915
110001422924
110001422933
110001422951
110001422960
110001422997
110001423013
110001423022
110001423040
110001423068
110001423095
110001423102
110001423139
110001423148
110001423157
110001423184
110001423264
110001423273
110001423291
110001423308
110001423326
110001423344
110001423353
110001423362
110001423406
110001423415
110001423424
110001423433
110001423479
110001423503
110001423512
110001423521
110001423530
110001423549
110001423558
110001423567
110001423585
110001423601
110001423610
110001423638
110001423665
110001423674
110001423709
110001423736
110001423745
110001423754
110001423781
110001423790
110001423807
110001423816
110001423834
110001423852
110001423905
110001423914
110001423932
110001423941
110001423969
110001423978
110001423987
110001423996
110001424003
110001424030
110001424049
110001424067
110001424076
110001424094
110001424101
110001424110
110001424129
110001424138
110001424147
110001424156
110001424165
110001424174
110001424183
110001424192
110001424209
110001424227
110001424236
110001424245
110001424254
110001424263
110001424272
110001424290
110001424307
110001424325
110001424334
110001424343
110001424352
110001424361
110001424370
110001424389
110001424398
110001424405
110001424414
110001424423
110001424432
110001424478
110001424496
110001424502
110001424511
110001424520
110001424539
110001424548
110001424557
110001424584
110001424593
110001424600
110001424619
110001424628
110001424655
110001424664
110001424682
110001424691
110001424717
110001424726
110001424735
110001424762
110001424771
110001424780
110001424815
110001424833
110001424860
110001424879
110001424888
110001424904
110001424913
110001424922
110001424931
110001424940
110001424968
110001424986
110001424995
110001425002
110001425011
110001425039
110001425048
110001425057
110001425066
110001425093
110001425100
110001425119
110001425155
110001425164
110001425182
110001425208
110001425217
110001425244
110001425253
110001425271
110001425280
110001425315
110001425324
110001425333
110001425351
110001425379
110001425388
110001425397
110001425413
110001425422
110001425431
110001425459
110001425477
110001425495
110001425501
110001425547
110001425556
110001425574
110001425627
110001425636
110001425645
110001425654
110001425663
110001425672
110001425716
110001425725
110001425743
110001425752
110001425770
110001425789
110001425798
110001425805
110001425814
110001425823
110001425832
110001425841
110001425850
110001425869
110001425878
110001425887
110001425896
110001425903
110001425912
110001425921
110001425949
110001425958
110001425967
110001425976
110001425985
110001425994
110001426001
110001426010
110001426029
110001426038
110001426047
110001426056
110001426065
110001426074
110001426083
110001426092
110001426109
110001426118
110001426127
110001426136
110001426154
110001426163
110001426172
110001426181
110001426190
110001426207
110001426216
110001426225
110001426234
110001426243
110001426252
110001426261
110001426270
110001426289
110001426298
110001426305
110001426314
110001426323
110001426332
110001426341
110001426350
110001426369
110001426378
110001426387
110001426396
110001426412
110001426421
110001426430
110001426467
110001426485
110001426519
110001426537
110001426546
110001426555
110001426582
110001426591
110001426608
110001426617
110001426644
110001426653
110001426662
110001426680
110001426706
110001426715
110001426724
110001426733
110001426742
110001426751
110001426760
110001426779
110001426797
110001426804
110001426822
110001426859
110001426868
110001426877
110001426886
110001426895
110001426911
110001426939
110001426948
110001426957
110001426993
110001427028
110001427037
110001427055
110001427064
110001427082
110001427091
110001427117
110001427153
110001427171
110001427180
110001427199
110001427206
110001427215
110001427224
110001427233
110001427242
110001427251
110001427260
110001427288
110001427304
110001427313
110001427322
110001427340
110001427368
110001427377
110001427386
110001427395
110001427402
110001427411
110001427420
110001471452
110001471522
110001471568
110001471602
110001471639
110001471657
110001471666
110001471675
110001471693
110001471746
110001471791
110001471808
110001471826
110001471844
110001471871
110001471899
110001471906
110001471915
110001471942
110001471951
110001471960
110001471979
110001471988
110001472004
110001472013
110001472031
110001472059
110001472077
110001472095
110001472139
110001472237
110001472264
110001472273
110001472291
110001472317
110001472335
110001472344
110001472380
110001472399
110001472415
110001472460
110001472479
110001472488
110001472497
110001472521
110001472530
110001472549
110001472567
110001472576
110001472585
110001472601
110001472629
110001472638
110001472647
110001472656
110001472665
110001472674
110001472692
110001472718
110001472727
110001472754
110001472781
110001472790
110001472825
110001472834
110001472843
110001472861
110001472870
110001472923
110001472932
110001472950
110001472987
110001472996
110001473003
110001473030
110001473058
110001473094
110001473101
110001473110
110001473129
110001473138
110001473147
110001473174
110001473183
110001473218
110001473236
110001473245
110001473254
110001473263
110001473272
110001473281
110001473307
110001473343
110001473352
110001473361
110001473370
110001473389
110001473398
110001473405
110001473414
110001473423
110001473432
110001473441
110001473450
110001473469
110001473478
110001473496
110001473502
110001473511
110001473520
110001473539
110001473548
110001473557
110001473566
110001473584
110001473593
110001473600
110001473619
110001473628
110001473637
110001473646
110001473664
110001473673
110001473682
110001473691
110001483458
110001487490
110001493875
110001617509
110001617545
110001617698
110001617787
110001617812
110001617901
110001617910
110001617929
110001617983
110001618018
110001618045
110001618125
110001618134
110001618161
110001618189
110001618205
110001618214
110001618232
110001618241
110001618296
110001618303
110001618349
110001618385
110001618410
110001618438
110001618456
110001618474
110001618483
110001618492
110001618508
110001618517
110001618535
110001618651
110001618688
110001618713
110001618722
110001618731
110001618759
110001618848
110001618866
110001618893
110001618964
110001618982
110001619017
110001619115
110001619179
110001619188
110001619204
110001619213
110001619277
110001619295
110001619302
110001619339
110001619348
110001619366
110001619375
110001619384
110001619400
110001619632
110001619641
110001619767
110001619838
110001619856
110001619927
110001619936
110001619945
110001619963
110001619981
110001619990
110001620014
110001620023
110001620032
110001620069
110001620121
110001620130
110001620149
110001620167
110001620292
110001620318
110001620327
110001620336
110001620345
110001620407
110001620461
110001620489
110001620504
110001620513
110001620522
110001620540
110001620586
110001620620
110001620657
110001620666
110001620684
110001620755
110001620951
110001621040
110001621111
110001621148
110001621166
110001621200
110001621219
110001621228
110001621273
110001621371
110001621399
110001621424
110001621442
110001621488
110001621512
110001621549
110001621567
110001621576
110001621647
110001621692
110001621709
110001621718
110001621745
110001621754
110001621807
110001621816
110001621825
110001621834
110001621843
110001621861
110001621870
110001621898
110001621905
110001621932
110001621941
110001621969
110001621987
110001622021
110001622030
110001622085
110001622101
110001622575
110001622584
110001622600
110001622619
110001622637
110001622646
110001622682
110001622691
110001622799
110001622806
110001622815
110001622833
110001622842
110001622860
110001622879
110001622888
110001623128
110001623146
110001623164
110001623191
110001623244
110001623262
110001623280
110001623404
110001623468
110001623477
110001623501
110001623510
110001623556
110001623636
110001623645
110001623654
110001623672
110001623690
110001623716
110001623743
110001623761
110001623789
110001623798
110001623814
110001623869
110001623878
110001623967
110001623994
110001624001
110001624038
110001624207
110001624234
110001624243
110001624261
110001624412
110001624421
110001625803
110001626465
110001627482
110001627589
110001627614
110001627632
110001627641
110001627650
110001627669
110001627678
110001627687
110001627785
110001627794
110001627838
110001627972
110001628007
110001628061
110001628123
110001628132
110001628187
110001628203
110001628212
110001628472
110001628622
110001628775
110001628846
110001628855
110001628864
110001628873
110001628917
110001628953
110001629006
110001629033
110001629042
110001629051
110001629621
110001629658
110001629729
110001629738
110001630003
110001630085
110001630129
110001630138
110001630165
110001630174
110001630183
110001630192
110001630218
110001630236
110001630263
110001630272
110001630343
110001630405
110001630414
110001630441
110001630502
110001630655
110001630691
110001630708
110001630726
110001630842
110001630851
110001630860
110001630922
110001630968
110001631002
110001631066
110001631084
110001631182
110001631226
110001631235
110001631244
110001631306
110001664645
110001664663
110001664672
110001664681
110001664690
110001664716
110001664725
110001664752
110001664789
110001664823
110001664832
110001664869
110001664878
110001664887
110001664896
110001664921
110001664976
110001665751
110001665788
110001665804
110001665813
110001665840
110001665859
110001666046
110001666055
110001666162
110001666171
110001666215
110001666233
110001666304
110001666313
110001666484
110001666493
110001666509
110001666518
110001666527
110001666536
110001666554
110001666572
110001666590
110001666616
110001666652
110001666698
110001666705
110001666714
110001666723
110001666750
110001666769
110001666787
110001666812
110001666830
110001666876
110001666929
110001666947
110001667027
110001667036
110001667045
110001667321
110001667456
110001667474
110001667483
110001667508
110001667688
110001667697
110001667704
110001667713
110001667722
110001667731
110001667777
110001667795
110001667802
110001668160
110001668687
110001668703
110001668730
110001668749
110001668758
110001668767
110001668776
110001668785
110001668801
110001668810
110001668936
110001668954
110001668972
110001668981
110001668990
110001669007
110001669061
110001669070
110001669123
110001669132
110001669141
110001669267
110001669338
110001669374
110001669409
110001669454
110001669515
110001669613
110001669631
110001669640
110001669659
110001669702
110001669720
110001669766
110001669873
110001669891
110001669944
110001669953
110001670004
110001670077
110001670086
110001670120
110001670139
110001670148
110001670157
