110001670219
110001670273
110001670308
110001670317
110001670326
110001670344
110001670442
110001670451
110001670460
110001670521
110001670683
110001670692
110001670727
110001670745
110001670763
110001670807
110001670843
110001670905
110001670932
110001670987
110001670996
110001671049
110001671058
110001671085
110001671094
110001671129
110001671183
110001671218
110001671227
110001671263
110001671272
110001671352
110001671469
110001671487
110001671496
110001671557
110001671566
110001671575
110001671619
110001671628
110001671664
110001671673
110001671833
110001671888
110001671897
110001671977
110001671995
110001672066
110001672075
110001672119
110001672164
110001672191
110001672315
110001672422
110001672486
110001672510
110001672538
110001672547
110001672556
110001672565
110001672574
110001672583
110001672592
110001672618
110001672627
110001672636
110001672654
110001672690
110001672725
110001672752
110001672832
110001673001
110001673010
110001673029
110001673172
110001673181
110001673252
110001673387
110001673396
110001673403
110001673412
110001673458
110001673494
110001673564
110001673573
110001673582
110001673706
110001673715
110001673724
110001673742
110001673779
110001673788
110001673797
110001673804
110001673813
110001673984
110001674108
110001674126
110001674162
110001674215
110001674288
110001674411
110001674420
110001674439
110001674457
110001674493
110001674509
110001674518
110001674527
110001674607
110001674643
110001674661
110001674670
110001674689
110001674705
110001674750
110001674769
110001674812
110001674830
110001674849
110001674867
110001674876
110001674894
110001674938
110001674974
110001674983
110001674992
110001675107
110001675134
110001675143
110001675198
110001675223
110001675232
110001675241
110001675269
110001675349
110001675367
110001675376
110001675385
110001675401
110001675429
110001675456
110001675465
110001675492
110001675492
110001675544
110001675553
110001675580
110001675599
110001675606
110001675615
110001675624
110001675633
110001675679
110001675688
110001675697
110001675759
110001675768
110001675777
110001675786
110001675795
110001675811
110001675900
110001675946
110001675955
110001675964
110001675982
110001675991
110001676142
110001676151
110001676179
110001676641
110001676650
110001676678
110001676687
110001676703
110001676712
110001676721
110001676758
110001676776
110001676785
110001676856
110001676865
110001676874
110001676883
110001676909
110001676918
110001676936
110001676963
110001676972
110001676981
110001677034
110001677043
110001677052
110001677061
110001677070
110001677098
110001677105
110001677123
110001677132
110001677141
110001677150
110001677169
110001677178
110001677187
110001677196
110001677203
110001677212
110001677221
110001677230
110001677249
110001677258
110001712781
110001712790
110001712816
110001712843
110001712861
110001712870
110001712889
110001712898
110001712914
110001712923
110001712932
110001712950
110001712969
110001712987
110001712996
110001713003
110001713012
110001713021
110001713030
110001713049
110001713058
110001713067
110001713076
110001713085
110001713094
110001713101
110001713129
110001713138
110001713156
110001713165
110001713174
110001713183
110001713209
110001713227
110001713245
110001713254
110001713316
110001713325
110001713334
110001713352
110001713370
110001713398
110001713405
110001713423
110001713432
110001713441
110001713450
110001713469
110001713478
110001713487
110001713496
110001713502
110001713520
110001713539
110001713548
110001713557
110001713584
110001713593
110001713600
110001713619
110001713628
110001713637
110001713655
110001713664
110001713673
110001713682
110001713717
110001713735
110001713744
110001713753
110001713771
110001713780
110001713799
110001713824
110001713833
110001713842
110001713851
110001713860
110001713879
110001713897
110001713904
110001713913
110001713922
110001713931
110001713959
110001713968
110001713977
110001713986
110001713995
110001714002
110001714020
110001714039
110001714048
110001714057
110001714066
110001714084
110001714093
110001714100
110001714137
110001714146
110001714155
110001714173
110001714182
110001714217
110001714226
110001714235
110001714244
110001714253
110001714262
110001714271
110001714306
110001714315
110001714360
110001714388
110001714397
110001714404
110001714413
110001714422
110001714431
110001714440
110001714459
110001714468
110001714477
110001714486
110001714501
110001714538
110001714547
110001714565
110001714574
110001714583
110001714609
110001714636
110001714654
110001714663
110001714672
110001714681
110001714690
110001714707
110001714716
110001714725
110001714743
110001714752
110001714761
110001714789
110001714798
110001714805
110001714823
110001714832
110001714850
110001714869
110001714896
110001714903
110001714921
110001714967
110001714985
110001714994
110001715010
110001715038
110001715065
110001715109
110001715118
110001715136
110001715207
110001715216
110001715225
110001715234
110001715243
110001715252
110001715261
110001715270
110001715305
110001715314
110001715323
110001715332
110001715341
110001715369
110001715387
110001715421
110001715430
110001715467
110001715476
110001715485
110001715494
110001715500
110001715519
110001715528
110001715546
110001715555
110001715573
110001715591
110001715608
110001715635
110001715644
110001715653
110001715662
110001715671
110001715680
110001715706
110001715733
110001715742
110001715751
110001715760
110001715779
110001715788
110001715813
110001715822
110001715859
110001715877
110001715886
110001715911
110001715948
110001715984
110001715993
110001716019
110001716028
110001716037
110001716064
110001716073
110001716082
110001716091
110001716126
110001716135
110001716144
110001716153
110001716171
110001716180
110001716199
110001716233
110001716260
110001716288
110001716297
110001716304
110001716313
110001716322
110001716340
110001716359
110001716368
110001716368
110001716377
110001716386
110001716420
110001716457
110001716466
110001716475
110001716484
110001716518
110001716536
110001716581
110001716590
110001716607
110001716616
110001716643
110001716652
110001716670
110001716689
110001716698
110001716705
110001716732
110001716750
110001716787
110001716796
110001716812
110001716821
110001716858
110001716885
110001716910
110001716965
110001716983
110001716992
110001717018
110001717027
110001717045
110001717054
110001736863
110001736925
110001736943
110001736952
110001736961
110001736998
110001737005
110001737014
110001737069
110001737087
110001737103
110001737112
110001737130
110001737158
110001737167
110001737201
110001737229
110001737238
110001737247
110001737256
110001737265
110001737274
110001737309
110001737318
110001737327
110001737345
110001737363
110001737372
110001737381
110001737390
110001737407
110001737425
110001737434
110001737452
110001737504
110001737513
110001737540
110001737577
110001737586
110001737602
110001737611
110001737620
110001737639
110001737648
110001737657
110001737666
110001737675
110001737719
110001737728
110001737764
110001737773
110001737782
110001737791
110001737808
110001737817
110001737853
110001737862
110001737880
110001737899
110001737906
110001737915
110001737924
110001737979
110001738004
110001738040
110001738059
110001738068
110001738077
110001738095
110001738139
110001738148
110001738157
110001738184
110001738237
110001738246
110001738264
110001738273
110001738291
110001738308
110001738317
110001738326
110001738344
110001738399
110001738415
110001738424
110001738451
110001738479
110001738497
110001738503
110001738512
110001738521
110001738567
110001738576
110001738601
110001738638
110001738647
110001738656
110001738665
110001738683
110001738692
110001738727
110001738736
110001738745
110001738781
110001738816
110001738834
110001738843
110001738861
110001738898
110001738905
110001738923
110001738932
110001738941
110001738969
110001738978
110001738987
110001738996
110001739003
110001739012
110001739021
110001739030
110001739049
110001739058
110001739067
110001739076
110001739085
110001739094
110001739101
110001739110
110001739129
110001739147
110001739156
110001739165
110001739174
110001739183
110001739192
110001739209
110001739218
110001739227
110001739245
110001739254
110001739263
110001739272
110001739281
110001739290
110001739316
110001739325
110001739334
110001739352
110001739361
110001739370
110001739389
110001739405
110001739414
110001739423
110001739432
110001739441
110001739450
110001739469
110001739478
110001739487
110001739496
110001739502
110001739511
110001739520
110001739539
110001739548
110001739557
110001739566
110001739575
110001739584
110001739593
110001739600
110001739619
110001739628
110001739646
110001739664
110001739673
110001739682
110001739708
110001739717
110001739726
110001739735
110001739744
110001739753
110001739762
110001739771
110001739799
110001739815
110001739824
110001739833
110001739842
110001739860
110001739879
110001739888
110001739897
110001739913
110001739922
110001739931
110001739940
110001739959
110001739968
110001739977
110001739995
110001740019
110001740064
110001740073
110001740082
110001740091
110001740108
110001740117
110001740126
110001740135
110001740144
110001740153
110001740162
110001740199
110001740206
110001740242
110001740251
110001740260
110001740279
110001740297
110001740313
110001740322
110001740331
110001740340
110001740368
110001740377
110001740386
110001740395
110001740402
110001740411
110001740420
110001740448
110001740457
110001740466
110001740475
110001740493
110001740509
110001740518
110001740527
110001740536
110001740545
110001740554
110001740563
110001740572
110001740581
110001740607
110001740616
110001740652
110001740689
110001740698
110001740705
110001740714
110001740723
110001740732
110001740741
110001740750
110001740769
110001740778
110001740796
110001740803
110001740821
110001740849
110001740858
110001740876
110001740901
110001740929
110001740965
110001740974
110001740983
110001740992
110001741009
110001741018
110001741027
110001741036
110001741063
110001741081
110001741116
110001741134
110001741143
110001741152
110001741161
110001741189
110001741198
110001741223
110001741241
110001741250
110001741269
110001741278
110001741296
110001741312
110001741321
110001741330
110001741349
110001741367
110001741385
110001741394
110001741401
110001741429
110001741438
110001741447
110001741465
110001741474
110001741483
110001741526
110001741544
110001741553
110001741580
110001741599
110001741606
110001741615
110001741624
110001741633
110001741651
110001741660
110001741697
110001741704
110001741740
110001741759
110001741768
110001741777
110001741786
110001741795
110001741802
110001741811
110001741820
110001741839
110001741857
110001741866
110001741884
110001741893
110001741900
110001741919
110001741928
110001741937
110001741946
110001741955
110001741964
110001741973
110001741982
110001741991
110001742017
110001742044
110001742062
110001742071
110001742099
110001742115
110001742124
110001742160
110001742179
110001742188
110001742197
110001742204
110001742213
110001742222
110001742231
110001742240
110001742268
110001742277
110001742286
110001742295
110001742302
110001742339
110001742357
110001742366
110001742384
110001742393
110001742400
110001742419
110001742428
110001742437
110001742473
110001742491
110001742516
110001742525
110001742570
110001742598
110001742623
110001742641
110001742669
110001742678
110001742687
110001742696
110001742721
110001742730
110001742749
110001742776
110001742810
110001742838
110001742847
110001742856
110001742865
110001742874
110001742892
110001742909
110001742918
110001742927
110001742945
110001742972
110001742981
110001742990
110001743016
110001743025
110001743043
110001743061
110001743114
110001743132
110001743150
110001743178
110001743187
110001743203
110001743212
110001743249
110001743258
110001743285
110001743329
110001743338
110001743356
110001743365
110001743374
110001743392
110001743418
110001743445
110001743463
110001743472
110001743481
110001743506
110001743515
110001743533
110001743579
110001743604
110001743631
110001748789
110001748798
110001748841
110001748887
110001748912
110001748921
110001748949
110001748985
110001748994
110001749010
110001749029
110001749038
110001749047
110001749065
110001749074
110001749083
110001749092
110001749109
110001749118
110001749127
110001749136
110001749154
110001749163
110001749172
110001749181
110001749190
110001749207
110001749216
110001749225
110001749234
110001749243
110001749252
110001749261
110001749298
110001749305
110001749314
110001749323
110001749332
110001749341
110001749350
110001749369
110001749403
110001749421
110001749430
110001749449
110001749467
110001749476
110001749485
110001749494
110001749500
110001749537
110001749555
110001749564
110001749582
110001749591
110001749608
110001749617
110001749626
110001749644
110001749662
110001749671
110001749680
110001749699
110001749706
110001749715
110001749724
110001749733
110001749742
110001749751
110001749760
110001749804
110001749822
110001749840
110001749859
110001749868
110001749877
110001749886
110001749895
110001749911
110001749957
110001749966
