110001749975
110001749984
110001750007
110001750016
110001750025
110001750034
110001750043
110001750052
110001750070
110001750089
110001750105
110001750114
110001750123
110001750132
110001750141
110001750169
110001750178
110001750187
110001750196
110001750203
110001750212
110001750230
110001750267
110001750276
110001750294
110001750301
110001750310
110001750329
110001750338
110001750347
110001750356
110001750365
110001750374
110001750409
110001750427
110001750445
110001750454
110001750463
110001750472
110001750481
110001750506
110001750524
110001750542
110001750551
110001750560
110001750579
110001750588
110001750597
110001750604
110001750622
110001750659
110001750677
110001750686
110001750695
110001750711
110001750748
110001750766
110001750775
110001750784
110001750793
110001750800
110001750828
110001750837
110001750864
110001750873
110001750891
110001750908
110001750935
110001750953
110001750971
110001750999
110001751015
110001751024
110001751033
110001751042
110001751051
110001751088
110001751104
110001751113
110001751131
110001751140
110001751186
110001751202
110001751220
110001751239
110001751248
110001751257
110001751266
110001751284
110001751300
110001751319
110001751346
110001751364
110001751373
110001751382
110001751391
110001751408
110001751417
110001751444
110001751453
110001751471
110001751523
110001751532
110001751541
110001751550
110001751569
110001751578
110001751603
110001751621
110001751649
110001751658
110001751667
110001751676
110001751685
110001751694
110001751710
110001751729
110001751747
110001751765
110001751774
110001751792
110001751827
110001751836
110001751845
110001751872
110001751907
110001751916
110001751934
110001751943
110001751952
110001751961
110001751989
110001751998
110001752005
110001752014
110001752032
110001752041
110001752050
110001752069
110001752087
110001752096
110001752103
110001752130
110001752149
110001752158
110001752167
110001752185
110001752201
110001752238
110001752247
110001752256
110001752265
110001752274
110001752283
110001752292
110001752309
110001752318
110001752327
110001752336
110001752345
110001752354
110001752363
110001752372
110001752407
110001752416
110001752425
110001752434
110001752443
110001752452
110001752461
110001752470
110001752489
110001752498
110001752504
110001752513
110001752522
110001752531
110001752559
110001752577
110001752611
110001752620
110001752666
110001752684
110001752700
110001752719
110001752728
110001752755
110001756733
110001756742
110001756788
110001756797
110001756804
110001756813
110001756822
110001756859
110001756886
110001756895
110001756911
110001756920
110001756939
110001756957
110001756966
110001756975
110001756984
110001756993
110001757000
110001758811
110001758839
110001758857
110001758866
110001758875
110001758893
110001758900
110001758919
110001758937
110001758946
110001758964
110001758973
110001759008
110001759017
110001759026
110001759053
110001759062
110001759071
110001759080
110001759106
110001759115
110001759133
110001759142
110001759151
110001759160
110001759179
110001759188
110001759197
110001759204
110001759222
110001759231
110001759240
110001759259
110001759277
110001759286
110001759311
110001759320
110001759348
110001759357
110001759366
110001759375
110001759384
110001759393
110001759419
110001759428
110001759446
110001759455
110001759464
110001759473
110001759491
110001759507
110001759525
110001759543
110001759589
110001759598
110001759614
110001759623
110001759632
110001759687
110001759712
110001759721
110001759730
110001759767
110001759776
110001759794
110001759801
110001759874
110001759883
110001759892
110001759954
110001759963
110001759972
110001759981
110001759990
110001760005
110001760032
110001760041
110001760050
110001760069
110001760112
110001760121
110001760130
110001760158
110001760167
110001760176
110001760185
110001760194
110001760201
110001760247
110001760265
110001760274
110001760283
110001760318
110001760345
110001762290
110001762334
110001762343
110001762352
110001762370
110001762389
110001762405
110001762414
110001762423
110001762441
110001762450
110001762478
110001762502
110001762511
110001762539
110001762557
110001762566
110001762584
110001762593
110001764092
110001764109
110001764118
110001764127
110001764136
110001764145
110001764154
110001764163
110001764172
110001764181
110001764190
110001764207
110001764216
110001764225
110001764234
110001764243
110001764252
110001764261
110001764270
110001764289
110001764298
110001764305
110001764314
110001764332
110001764341
110001764350
110001764387
110001764412
110001764458
110001764467
110001764476
110001764485
110001764528
110001764546
110001764573
110001764582
110001764617
110001764644
110001764653
110001764662
110001764680
110001764699
110001764715
110001764724
110001764733
110001764751
110001764760
110001764788
110001764797
110001764804
110001764822
110001764840
110001764859
110001764895
110001764911
110001764948
110001764957
110001764966
110001764975
110001764984
110001765064
110001765073
110001765091
110001765108
110001765135
110001765153
110001765368
110001765395
110001765411
110001765448
110001765457
110001765475
110001765484
110001765493
110001765509
110001765518
110001765527
110001765536
110001765545
110001765554
110001765563
110001765572
110001765581
110001765590
110001765607
110001765616
110001765625
110001765634
110001765643
110001765652
110001765661
110001765670
110001765689
110001765698
110001765705
110001765714
110001765723
110001765732
110001765741
110001765750
110001765778
110001766401
110001766410
110001766438
110001766447
110001766456
110001766474
110001766483
110001766492
110001766508
110001766517
110001766535
110001766553
110001766562
110001766571
110001766599
110001766624
110001766633
110001766642
110001766651
110001766679
110001766688
110001766697
110001766713
110001766731
110001766740
110001766768
110001766777
110001766786
110001766802
110001766811
110001766820
110001766839
110001766857
110001766866
110001766900
110001766919
110001766928
110001766946
110001766955
110001766964
110001766982
110001767008
110001767026
110001767035
110001767053
110001767062
110001767071
110001767099
110001826178
110001838780
110001855449
110001855626
110001855699
110001855724
110001855760
110001855797
110001855804
110001855831
110001855840
110001855859
110001855868
110001855911
110001855939
110001855957
110001856019
110001856046
110001856055
110001856073
110001856091
110001856108
110001856135
110001856153
110001856215
110001856233
110001856251
110001856279
110001856340
110001856359
110001856386
110001856395
110001856402
110001856420
110001856439
110001856475
110001856484
110001856493
110001856518
110001856527
110001856536
110001856554
110001856572
110001856581
110001856590
110001856607
110001856625
110001856643
110001856670
110001856723
110001856741
110001856787
110001856796
110001856803
110001856812
110001856929
110001856938
110001857018
110001857027
110001857036
110001857045
110001857054
110001857072
110001857081
110001857090
110001857107
110001857125
110001857161
110001857170
110001857205
110001857214
110001857269
110001857278
110001857287
110001857296
110001857303
110001857312
110001857321
110001857330
110001857358
110001857367
110001857376
110001857385
110001857447
110001857465
110001857474
110001857483
110001857508
110001857517
110001857535
110001857544
110001857553
110001857562
110001857580
110001857599
110001857606
110001857624
110001857633
110001857642
110001857651
110001857660
110001857688
110001857697
110001857704
110001857722
110001857731
110001857768
110001857795
110001857820
110001857839
110001857866
110001857875
110001857884
110001857919
110001857937
110001857955
110001857973
110001857991
110001858017
110001858026
110001858044
110001858053
110001858062
110001858071
110001858099
110001858124
110001858133
110001858142
110001858188
110001858204
110001858222
110001858240
110001858259
110001858277
110001858320
110001858357
110001858400
110001858419
110001858437
110001858446
110001858455
110001858464
110001858482
110001858491
110001858507
110001858516
110001858525
110001858543
110001858561
110001858605
110001858614
110001858641
110001858650
110001858669
110001858678
110001858687
110001858703
110001858721
110001858730
110001858758
110001858776
110001858785
110001858794
110001858829
110001858847
110001858865
110001858874
110001858883
110001858909
110001858918
110001858927
110001858936
110001858954
110001858963
110001859007
110001859016
110001859043
110001859052
110001859061
110001859070
110001859089
110001859123
110001859132
110001859178
110001859203
110001859221
110001859230
110001859249
110001859267
110001859285
110001859294
110001859301
110001859310
110001859338
110001859347
110001859409
110001859427
110001859436
110001859445
110001859463
110001859472
110001859515
110001859524
110001859533
110001859551
110001859579
110001859588
110001859631
110001859659
110001859677
110001859711
110001859739
110001859766
110001859784
110001859800
110001859819
110001859837
110001859873
110001859891
110001859908
110001859926
110001859935
110001859953
110001859971
110001859980
110001859999
110001860004
110001860013
110001860022
110001860031
110001860059
110001860068
110001860120
110001860148
110001860175
110001860184
110001860200
110001860237
110001860246
110001860255
110001860264
110001860273
110001860282
110001860308
110001860326
110001860335
110001860344
110001860353
110001860371
110001860399
110001860406
110001860424
110001860442
110001860451
110001860479
110001860488
110001860497
110001860503
110001860512
110001860521
110001860530
110001860549
110001860558
110001860567
110001860576
110001860585
110001860601
110001860610
110001860629
110001860638
110001860647
110001860656
110001860665
110001860674
110001860692
110001860727
110001860736
110001860754
110001860772
110001860790
110001860807
110001860816
110001860825
110001860861
110001860870
110001860889
110001860898
110001860914
110001860923
110001860923
110001860941
110001860950
110001860978
110001860996
110001861021
110001861030
110001861049
110001861067
110001861085
110001861101
110001861129
110001861209
110001861236
110001861245
110001861263
110001861272
110001861290
110001861316
110001861325
110001861334
110001861343
110001861352
110001861370
110001861389
110001861398
110001861405
110001861414
110001861450
110001861478
110001861487
110001861502
110001861511
110001861539
110001861548
110001861566
110001861584
110001861593
110001861600
110001861637
110001861646
110001861673
110001861708
110001861726
110001861735
110001861744
110001861753
110001861771
110001861806
110001861815
110001861824
110001861833
110001861842
110001861888
110001861913
110001861922
110001861931
110001861959
110001861995
110001862011
110001862039
110001862048
110001862057
110001862084
110001862119
110001862128
110001862137
110001862146
110001862155
110001862164
110001862173
110001862208
110001862217
110001862226
110001862235
110001862244
110001862262
110001862271
110001862280
110001862299
110001862306
110001862315
110001862324
110001862333
110001862342
110001862379
110001862388
110001862397
110001862404
110001862422
110001862431
110001862440
110001862459
110001862468
110001862538
110001862547
110001862556
110001862574
110001862592
110001862609
110001862627
110001862645
110001862672
110001862681
110001862716
110001862725
110001862743
110001862752
110001862761
110001862770
110001862798
110001862805
110001862814
110001862869
110001862878
110001862887
110001862903
110001862921
110001862930
110001862958
110001862985
110001862994
110001863047
110001863083
110001863109
110001863118
110001863154
110001863163
110001863172
110001863207
110001863216
110001863225
110001863234
110001863243
110001863252
110001863270
110001863289
110001863298
110001863305
110001863314
110001863323
110001863350
110001863369
110001863378
110001863387
110001863430
110001863467
110001863485
110001863519
110001863537
110001863546
110001863555
110001863582
110001863591
110001863644
110001863662
110001863671
110001863680
110001863699
110001863706
110001863724
110001863733
110001863742
110001863751
110001863760
110001863788
110001863804
110001863822
110001863831
110001863840
110001863877
110001863886
110001863895
110001863939
110001863957
110001863966
110001863975
110001863984
110001864019
110001864037
110001864046
110001864064
110001864073
110001864091
110001864108
110001864135
110001864162
110001864180
110001864199
110001864215
110001864233
110001864242
110001864251
110001864260
110001864288
110001864313
110001864322
110001864331
110001864340
110001864359
110001864368
110001864377
110001864386
110001864402
110001864411
110001864439
110001864448
110001864457
110001864466
110001864475
110001864484
110001864518
110001864527
110001864545
110001864554
110001864572
110001864590
110001864616
110001864625
110001864643
110001864670
110001864698
110001864705
110001864732
110001864741
110001864750
110001864787
110001864796
110001864803
110001864812
110001864821
110001864830
110001864858
110001864867
110001864876
110001864910
110001864947
110001864956
110001865009
110001865018
110001865036
110001865063
110001865072
