110001865081
110001865107
110001865143
110001865152
110001865161
110001865205
110001865223
110001865232
110001865241
110001865278
110001865287
110001865296
110001865303
110001865312
110001865330
110001865349
110001865358
110001865367
110001865376
110001865447
110001865456
110001865492
110001865526
110001865535
110001865544
110001865553
110001865562
110001865571
110001865580
110001865599
110001865642
110001865651
110001865660
110001865679
110001865688
110001865697
110001865704
110001865768
110001865777
110001865786
110001865802
110001865811
110001865820
110001865839
110001865848
110001865866
110001865875
110001865884
110001865893
110001865900
110001865919
110001865928
110001865937
110001865955
110001865973
110001865982
110001866008
110001866017
110001866044
110001866053
110001866080
110001866099
110001866115
110001866133
110001866151
110001866179
110001866197
110001866204
110001887414
110001890892
110001892792
110001894157
110001895361
110001895986
110001907214
110001934042
110001934060
110001934211
110001934239
110001935666
110001935773
110001935899
110001936166
110001936763
110001936889
110001936898
110001936914
110001937030
110001955260
110001955670
110001955714
110001955741
110001960414
110001960496
110001960511
110001960520
110001960619
110001960628
110001962617
110001963322
110001963340
110001963821
110001963830
110001963858
110001964063
110001964786
110001964973
110001965197
110001965259
110001965277
110001965286
110001965295
110001969576
110001969647
110001969692
110001969718
110001969727
110001969763
110001969772
110001969781
110001969790
110001969807
110001969816
110001969825
110001969834
110001969843
110001969861
110001969889
110001969898
110001969905
110001969914
110001969923
110001969932
110001969941
110001969950
110001969978
110001969987
110001969996
110001970001
110001970010
110001970038
110001970047
110001970056
110001970065
110001970074
110001970136
110001970145
110001970154
110001970163
110001970172
110001970181
110001970190
110001970207
110001970216
110001970225
110001970243
110001970252
110001970298
110001970305
110001970323
110001970332
110001970341
110001970350
110001970369
110001970403
110001970412
110001970421
110001970458
110001970476
110001970485
110001970494
110001970500
110001970519
110001970528
110001970537
110001970555
110001970573
110001970591
110001970608
110001970617
110001970626
110001970662
110001970671
110001970699
110001970724
110001970742
110001970751
110001970788
110001970804
110001970877
110001970886
110001970895
110001970939
110001970975
110001971000
110001971028
110001971046
110001971082
110001971108
110001971117
110001971126
110001971135
110001971144
110001971153
110001971162
110001971171
110001971206
110001971260
110001971279
110001971304
110001971322
110001971331
110001971340
110001971359
110001971386
110001971395
110001971402
110001971420
110001971439
110001971448
110001971457
110001971466
110001976773
110001976782
110001976817
110001976826
110001976835
110001976844
110001976862
110001976871
110001976880
110001976924
110001976933
110001976942
110001976951
110001976979
110001977004
110001977013
110001977022
110001977031
110001977040
110001977059
110001977068
110001977077
110001977086
110001977102
110001977111
110001977120
110001977139
110001977148
110001977157
110001977175
110001977184
110001977193
110001977200
110001977219
110001977228
110001977237
110001977246
110001977255
110001977264
110001977273
110001977282
110001977291
110001977308
110001977317
110001977362
110001977380
110001977399
110001977406
110001977415
110001977424
110001977442
110001977451
110001977479
110001977512
110001977521
110001977558
110001977567
110001977576
110001977585
110001986058
110001986156
110001986218
110001986245
110001986254
110001986423
110001986487
110001986520
110001987360
110001987770
110001987912
110001988038
110001988332
110001988350
110001988369
110001988500
110001991827
110001992087
110001992121
110001992489
110001992648
110001993040
110001993059
110001993166
110001993175
110001993282
110001993433
110001993460
110001993512
110001993558
110001993567
110001993692
110001993736
110001993807
110001993816
110001993825
110001993843
110001993861
110001993889
110001993905
110001993932
110001993950
110001993978
110001993987
110001994058
110001994110
110001994218
110001994272
110001994290
110001994316
110001994325
110001994343
110001994389
110001994423
110001994423
110001994432
110001994450
110001994469
110001994478
110001994502
110001994511
110001994539
110001994566
110001994575
110001994584
110001994593
110001994600
110001994646
110002002617
110002002626
110002002644
110002002662
110002002671
110002002680
110002002699
110002002706
110002002715
110002002733
110002002742
110002002760
110002002788
110002002797
110002002804
110002002813
110002002822
110002002831
110002002859
110002002868
110002002886
110002002911
110002002939
110002002948
110002002993
110002003019
110002003037
110002003055
110002003082
110002007998
110002007998
110002008005
110002008014
110002008023
110002008041
110002008096
110002008103
110002008112
110002008121
110002008158
110002008167
110002008185
110002008194
110002008201
110002008229
110002008238
110002008247
110002008256
110002008274
110002008283
110002008292
110002008309
110002008318
110002008327
110002008345
110002008354
110002008363
110002008372
110002008407
110002008416
110002008443
110002008452
110002008470
110002008489
110002008498
110002009521
110002009549
110002009558
110002009567
110002009585
110002009610
110002009629
110002009665
110002009674
110002009692
110002009709
110002009718
110002009772
110002009807
110002009816
110002009843
110002009870
110002009889
110002009898
110002009914
110002009932
110002009950
110002009969
110002009978
110002009987
110002009996
110002010038
110002010056
110002010065
110002010074
110002010083
110002010092
110002010109
110002010118
110002010136
110002010145
110002011046
110002011064
110002011073
110002011082
110002011117
110002011144
110002011162
110002011171
110002011180
110002011199
110002011206
110002011215
110002011224
110002011233
110002011304
110002011313
110002011322
110002011331
110002011402
110002011420
110002011439
110002011475
110002011493
110002040069
110002040201
110002040201
110002040201
110002040229
110002040327
110002040345
110002040354
110002040363
110002040372
110002040407
110002040540
110002040648
110002040719
110002040782
110002040817
110002040906
110002040915
110002040933
110002040960
110002040988
110002041077
110002041102
110002041228
110002041335
110002041344
110002041371
110002041380
110002041585
110002041594
110002041674
110002041727
110002041754
110002041843
110002041861
110002041898
110002042165
110002042227
110002042487
110002042888
110002042931
110002043066
110002043155
110002043164
110002043306
110002043477
110002044065
110002044387
110002044403
110002044617
110002044626
110002044886
110002044895
110002044911
110002044948
110002044975
110002046571
110002050903
110002052741
110002052778
110002052812
110002052894
110002053474
110002053606
110002053704
110002053795
110002053857
110002053991
110002054071
110002054204
110002054240
110002054277
110002054286
110002054589
110002054598
110002054730
110002054990
110002055089
110002055301
110002055365
110002055418
110002055640
110002055695
110002055748
110002055855
110002055864
110002056006
110002056042
110002057087
110002057256
110002057657
110002058497
110002061704
110002066530
110002066825
110002067067
110002067076
110002067101
110002067263
110002067272
110002067281
110002067325
110002067352
110002067370
110002067389
110002067441
110002067450
110002067478
110002068039
110002068510
110002071249
110002071551
110002071613
110002071622
110002075682
110002076440
110002076459
110002077234
110002077252
110002077314
110002077323
110002077332
110002077341
110002077378
110002077403
110002077412
110002077421
110002077430
110002077485
110002077555
110002077573
110002077617
110002077626
110002077635
110002077644
110002079562
110002079580
110002079642
110002079713
110002082353
110002083129
110002084342
110002084360
110002088614
110002100645
110002100654
110002100672
110002100690
110002100707
110002100716
110002100734
110002100743
110002100752
110002100770
110002100789
110002100832
110002100841
110002100878
110002100896
110002100903
110002100921
110002100930
110002100949
110002100958
110002100985
110002101001
110002101010
110002101029
110002101047
110002101056
110002101065
110002101074
110002101092
110002101127
110002101145
110002101163
110002101172
110002101207
110002101216
110002101234
110002101252
110002101270
110002101289
110002101314
110002101350
110002101369
110002101387
110002101396
110002101403
110002101430
110002101449
110002101458
110002101467
110002101476
110002101494
110002101500
110002101519
110002101528
110002101537
110002101546
110002101555
110002101564
110002101582
110002101591
110002101626
110002101644
110002101653
110002101671
110002101680
110002101706
110002101742
110002101751
110002101760
110002101779
110002101797
110002101813
110002101831
110002101895
110002101902
110002101920
110002101939
110002101957
110002101966
110002102000
110002102055
110002102064
110002102135
110002102144
110002102162
110002102199
110002102206
110002102251
110002102260
110002102288
110002102304
110002102313
110002102322
110002102331
110002102340
110002102359
110002102368
110002102377
110002102395
110002102402
110002102420
110002102439
110002102457
110002102466
110002102475
110002102493
110002102518
110002102527
110002102536
110002102554
110002102563
110002102572
110002102590
110002102607
110002102616
110002102625
110002102634
110002102643
110002102652
110002102661
110002102670
110002102698
110002102714
110002102723
110002102732
110002102741
110002102750
110002102769
110002102796
110002102830
110002102849
110002102858
110002102876
110002102885
110002102901
110002102910
110002102929
110002102938
110002102947
110002102965
110002102983
110002103018
110002103027
110002103072
110002103090
110002103116
110002103134
110002103143
110002103161
110002103189
110002103198
110002103205
110002103214
110002103223
110002103232
110002103241
110002103250
110002103269
110002103278
110002103296
110002103312
110002103358
110002103385
110002103394
110002103401
110002103429
110002103438
110002103447
110002103456
110002103483
110002103492
110002103517
110002103535
110002103642
110002103651
110002103679
110002103688
110002103697
110002103704
110002103713
110002103722
110002103740
110002103759
110002103777
110002103795
110002103802
110002103811
110002103839
110002103848
110002103884
110002103893
110002103919
110002103937
110002103946
110002103955
110002103982
110002104017
110002104017
110002104026
110002104062
110002104071
110002104099
110002104124
110002104160
110002104188
110002104197
110002104222
110002104231
110002104240
110002104259
110002104277
110002104286
110002104295
110002104311
110002104320
110002104348
110002104357
110002104393
110002104400
110002104419
110002104428
110002104446
110002104455
110002104464
110002104473
110002104482
110002104491
110002104525
110002104534
110002104543
110002104552
110002104598
110002104605
110002104623
110002104632
110002104641
110002104678
110002104687
110002104696
110002104703
110002104712
110002104721
110002104730
110002104749
110002104785
110002104794
110002104801
110002104847
110002104865
110002104874
110002104883
110002104909
110002104918
110002104918
110002104927
110002104945
110002104963
110002104972
110002104981
110002105034
110002105043
110002105052
110002105070
110002105089
110002105132
110002105187
110002105196
110002105203
110002105212
110002105221
110002105230
110002105276
110002105285
110002105301
110002105329
110002105347
110002105356
110002105374
110002105383
110002105418
110002105454
110002105472
110002105490
110002105506
110002105515
110002105524
110002105533
110002105542
110002105551
110002105604
110002105613
110002105631
110002105640
110002105659
110002105677
110002105702
110002105711
110002105720
110002105739
110002105748
110002105766
110002105793
110002105828
110002105837
110002105846
110002105855
110002105864
110002105873
110002105891
110002105926
110002105944
110002105953
110002105962
110002105980
110002105999
110002106006
110002106015
110002106024
110002106079
110002106088
110002106104
110002106122
110002106131
110002106140
110002106195
110002106202
110002106220
110002106239
110002106257
110002106266
110002106275
110002106293
110002106300
110002106319
110002106328
110002106337
110002106346
110002106364
110002106382
110002106391
110002106408
110002106417
110002106426
110002106435
110002106444
110002106453
110002106462
110002106480
110002106499
110002106505
110002106541
110002106550
110002106578
110002106596
110002106603
110002106612
110002106667
110002106676
110002106685
110002106694
110002106729
110002106756
110002106792
110002106836
110002106854
110002106872
110002106890
110002106916
110002106970
110002106989
110002107023
110002107032
110002107041
110002107050
110002107069
110002107078
110002107087
110002107096
110002107121
110002107130
110002107158
110002107167
110002107176
