110002107185
110002107194
110002107201
110002107210
110002107229
110002107238
110002107247
110002107274
110002107283
110002107292
110002107336
110002107345
110002107363
110002107372
110002107381
110002107407
110002107434
110002107452
110002107461
110002107470
110002107498
110002107531
110002107540
110002107568
110002107602
110002107611
110002107620
110002107639
110002107648
110002107719
110002107728
110002107737
110002107764
110002107782
110002107791
110002107817
110002107835
110002107844
110002107853
110002107862
110002107862
110002107899
110002107906
110002107915
110002107942
110002107951
110002107979
110002107988
110002107997
110002108004
110002108022
110002108040
110002108059
110002108068
110002108068
110002108086
110002108111
110002108139
110002108157
110002108166
110002108184
110002108200
110002108219
110002108246
110002108264
110002108273
110002108282
110002108291
110002108308
110002108335
110002108344
110002108353
110002108406
110002108415
110002108424
110002108442
110002108460
110002108479
110002108497
110002108503
110002108512
110002108521
110002108530
110002108549
110002108558
110002108576
110002108601
110002108610
110002108656
110002108674
110002108718
110002108727
110002108754
110002108763
110002108772
110002108781
110002108807
110002108816
110002108843
110002108852
110002108870
110002108889
110002108898
110002108905
110002108932
110002108950
110002108987
110002109003
110002109012
110002109021
110002109030
110002109058
110002109076
110002109138
110002109156
110002109165
110002109192
110002109227
110002109236
110002109245
110002109254
110002109263
110002109272
110002109281
110002109290
110002109307
110002109316
110002109325
110002109334
110002109343
110002109352
110002109361
110002109370
110002109389
110002109398
110002109405
110002109414
110002109423
110002109441
110002109450
110002109487
110002109539
110002109548
110002109557
110002109575
110002109584
110002109600
110002109619
110002109637
110002109655
110002109664
110002109673
110002109682
110002109691
110002109708
110002109717
110002109735
110002109744
110002109753
110002109780
110002109799
110002109806
110002109815
110002109824
110002109842
110002109860
110002109897
110002109904
110002109913
110002109931
110002109959
110002109977
110002109986
110002109995
110002110028
110002110046
110002110055
110002110064
110002110091
110002110108
110002110117
110002110126
110002110135
110002110153
110002110171
110002110180
110002110199
110002110206
110002110215
110002110224
110002110233
110002110251
110002110260
110002110279
110002110288
110002110297
110002110331
110002110340
110002110359
110002110368
110002110395
110002110411
110002110439
110002110448
110002110457
110002110466
110002110475
110002110484
110002110493
110002110518
110002110527
110002110536
110002110554
110002110563
110002110572
110002110581
110002110607
110002110616
110002110643
110002110652
110002110670
110002110689
110002110698
110002110705
110002110714
110002110723
110002110732
110002110741
110002110750
110002110778
110002110787
110002110796
110002110803
110002110821
110002110830
110002110849
110002110867
110002110876
110002110885
110002110894
110002110901
110002110910
110002110956
110002110965
110002110983
110002110992
110002111009
110002111018
110002111027
110002111036
110002111072
110002111081
110002111107
110002111125
110002111134
110002111152
110002111161
110002151652
110002151929
110002152269
110002152465
110002152544
110002152697
110002152839
110002152884
110002152964
110002153008
110002174209
110002174218
110002174227
110002174245
110002174254
110002174272
110002174281
110002174316
110002174325
110002174334
110002174343
110002174352
110002174389
110002174398
110002174405
110002174423
110002174441
110002174469
110002174478
110002174487
110002174511
110002174539
110002174548
110002174575
110002174584
110002174593
110002174600
110002174619
110002174628
110002174637
110002174646
110002174655
110002174664
110002174673
110002174682
110002174691
110002174708
110002174717
110002174726
110002174735
110002174744
110002174753
110002174762
110002174771
110002174780
110002174799
110002174806
110002174815
110002174824
110002174833
110002174842
110002174851
110002174860
110002174879
110002174888
110002174897
110002174904
110002174913
110002174922
110002174931
110002174940
110002174959
110002174968
110002174977
110002174986
110002174995
110002175002
110002175011
110002175020
110002175039
110002175048
110002175057
110002175066
110002175075
110002175084
110002175100
110002175119
110002175128
110002175137
110002175146
110002175155
110002175164
110002175173
110002175182
110002175191
110002175226
110002175235
110002175315
110002175324
110002175351
110002175397
110002175413
110002175440
110002175459
110002175468
110002175477
110002175486
110002175510
110002175556
110002175574
110002175583
110002175609
110002175618
110002175627
110002175672
110002175716
110002175725
110002175734
110002175743
110002175752
110002176207
110002176350
110002176369
110002176387
110002176412
110002176430
110002176449
110002176494
110002176500
110002176519
110002176528
110002176537
110002176546
110002176564
110002176573
110002176582
110002176617
110002177475
110002177484
110002177493
110002177509
110002177518
110002177527
110002177536
110002177545
110002177554
110002177563
110002177572
110002177581
110002177607
110002177625
110002177634
110002177643
110002177652
110002177661
110002177670
110002177689
110002177698
110002177705
110002177714
110002177723
110002177741
110002177750
110002177769
110002177778
110002177787
110002177796
110002177803
110002177812
110002177821
110002177830
110002177849
110002177858
110002177867
110002177885
110002177894
110002177901
110002177910
110002177929
110002177938
110002177947
110002177965
110002177974
110002177983
110002177992
110002178009
110002178018
110002178027
110002178045
110002178072
110002178081
110002178090
110002178107
110002178116
110002178125
110002178134
110002178143
110002178152
110002178161
110002178170
110002178189
110002178198
110002178223
110002178232
110002178241
110002178250
110002178269
110002178278
110002178287
110002178296
110002178303
110002178312
110002178321
110002178330
110002178349
110002178358
110002178367
110002178376
110002178385
110002178394
110002178401
110002178410
110002178429
110002178438
110002178447
110002178526
110002178544
110002178562
110002178571
110002178580
110002178599
110002178606
110002178615
110002178688
110002178697
110002178704
110002178759
110002178768
110002178884
110002178919
110002178964
110002178973
110002178982
110002178991
110002179008
110002179044
110002179062
110002179071
110002179080
110002179099
110002179106
110002179115
110002179133
110002179151
110002179179
110002179222
110002179268
110002179277
110002179311
110002179348
110002179357
110002179366
110002179375
110002179393
110002179400
110002179419
110002179446
110002179570
110002179589
110002179598
110002179605
110002179623
110002179687
110002179703
110002179721
110002179767
110002179776
110002179785
110002179801
110002179856
110002179865
110002179909
110002179954
110002179981
110002180023
110002180069
110002180103
110002180130
110002180149
110002180167
110002180201
110002180229
110002180283
110002180292
110002180336
110002180489
110002180540
110002180559
110002180639
110002180657
110002180675
110002180737
110002180791
110002180817
110002180826
110002180844
110002180871
110002180880
110002180906
110002180915
110002180933
110002180942
110002180979
110002180997
110002181013
110002181022
110002181031
110002181059
110002181068
110002181077
110002181139
110002181157
110002181184
110002181237
110002181273
110002181282
110002181291
110002181317
110002181326
110002181380
110002181399
110002181406
110002181424
110002181451
110002181460
110002181479
110002181497
110002181512
110002181521
110002181601
110002181656
110002181709
110002181718
110002181754
110002181772
110002181790
110002181834
110002181843
110002181852
110002181861
110002181889
110002181914
110002182021
110002182049
110002182058
110002182094
110002182101
110002182147
110002182165
110002182174
110002182183
110002182254
110002182272
110002182325
110002182334
110002182343
110002182361
110002182389
110002182398
110002182405
110002182423
110002182441
110002182496
110002182511
110002182539
110002182557
110002182566
110002182628
110002182691
110002182708
110002182717
110002182780
110002182815
110002182842
110002182860
110002182904
110002182940
110002183002
110002183075
110002183128
110002183164
110002183333
110002183397
110002183404
110002183413
110002183486
110002183501
110002183565
110002183609
110002183645
110002183681
110002183823
110002183832
110002183850
110002183869
110002183878
110002183887
110002183903
110002183930
110002183976
110002184010
110002184065
110002184074
110002184092
110002184118
110002184136
110002184145
110002184154
110002184172
110002184216
110002184261
110002184270
110002184289
110002184332
110002184341
110002184378
110002184396
110002184412
110002184430
110002184458
110002184467
110002184476
110002184485
110002184494
110002184519
110002184537
110002184573
110002184582
110002184617
110002184635
110002184671
110002184699
110002184706
110002184760
110002184788
110002184797
110002184840
110002184859
110002184911
110002184939
110002184984
110002185000
110002185019
110002185082
110002185108
110002185117
110002185126
110002185135
110002185144
110002185180
110002185199
110002185224
110002185242
110002185260
110002185313
110002185402
110002185411
110002185420
110002185448
110002185457
110002185563
110002185590
110002185661
110002185698
110002185723
110002185750
110002185812
110002185849
110002185858
110002185901
110002185929
110002185956
110002185974
110002185983
110002185992
110002186009
110002186081
110002186107
110002186116
110002186152
110002186205
110002186214
110002186241
110002186269
110002186303
110002186321
110002186349
110002186447
110002186508
110002186526
110002186544
110002186571
110002186615
110002186660
110002186722
110002186731
110002186768
110002186777
110002186786
110002186811
110002186839
110002186848
110002186857
110002186866
110002186875
110002186893
110002187008
110002187026
110002187044
110002187053
110002187062
110002187080
110002187106
110002187124
110002187160
110002187188
110002187197
110002187213
110002187231
110002187295
110002187302
110002187311
110002187366
110002187384
110002187400
110002187507
110002187552
110002187589
110002187598
110002187641
110002187650
110002187669
110002187678
110002187687
110002187721
110002187730
110002187749
110002187810
110002187829
110002187856
110002187865
110002187874
110002187945
110002187954
110002187981
110002187990
110002188016
110002188025
110002188070
110002188089
110002188221
110002188490
110002188506
110002188533
110002188542
110002188551
110002188640
110002188677
110002188686
110002188775
110002188800
110002188828
110002188837
110002188855
110002188891
110002188917
110002188926
110002188980
110002188999
110002189015
110002189024
110002189033
110002189060
110002189079
110002189088
110002189104
110002189168
110002189177
110002189186
110002189195
110002189202
110002189239
110002189257
110002189266
110002189275
110002189284
110002189293
110002189300
110002189319
110002189328
110002189337
110002189346
110002189355
110002189364
110002189373
110002189382
110002189391
110002189408
110002189417
110002189426
110002189435
110002189444
110002189453
110002189462
110002189471
110002189480
110002189499
110002189505
110002189514
110002189523
110002189532
110002189550
110002189569
110002189578
110002189587
110002189596
110002189603
110002189612
110002189621
110002189630
110002189649
110002189667
110002189676
110002189685
110002189694
110002189701
110002189710
110002190218
110002190432
110002190520
110002191690
110002191707
110002191716
110002191734
110002191743
110002191752
110002191770
110002191789
110002191798
110002191805
110002191814
110002191823
110002191832
110002191841
110002191850
110002191869
110002191878
110002191887
110002191903
110002191912
110002191921
110002191949
110002192154
110002192163
110002192190
110002192216
110002192225
110002192234
110002192243
110002192252
110002192270
110002192289
110002192298
110002192341
110002192350
110002192369
110002192378
110002192396
110002192421
110002192519
110002192528
110002192546
110002192555
110002192564
110002193288
110002193322
110002193439
110002193448
110002193457
110002193466
110002193475
110002193493
110002193509
110002193518
110002193527
110002193545
110002193554
110002193563
110002193634
110002193643
110002193652
110002193661
110002193670
110002193698
110002193705
110002193714
110002193723
110002193750
110002193769
110002193778
110002193803
110002193821
110002193830
110002193858
110002193867
110002193876
110002193894
110002193901
110002193910
110002193929
110002193938
110002193947
110002193956
110002193965
110002194009
110002194018
110002194036
110002194045
110002194081
110002194107
110002194116
110002194125
110002194134
110002194143
110002194152
110002194161
110002194170
110002194189
110002194198
110002194205
110002194214
110002194232
110002194241
