110002194250
110002194269
110002194278
110002194287
110002194296
110002194312
110002194321
110002194330
110002194349
110002194358
110002194367
110002194385
110002194394
110002194401
110002194410
110002194447
110002194456
110002194465
110002194474
110002194483
110002194508
110002194517
110002194526
110002194544
110002194553
110002194562
110002194571
110002194580
110002194599
110002194606
110002194624
110002194633
110002194642
110002194651
110002194679
110002194688
110002194697
110002194704
110002194713
110002194722
110002194731
110002194740
110002194759
110002194768
110002194777
110002194786
110002194795
110002194811
110002194820
110002194839
110002194857
110002194866
110002194875
110002194884
110002194893
110002194900
110002194919
110002194928
110002194937
110002194955
110002194964
110002194973
110002194982
110002194991
110002195008
110002195026
110002195053
110002195062
110002195071
110002195099
110002195106
110002195115
110002195124
110002195133
110002195142
110002195160
110002195179
110002195188
110002195197
110002195204
110002195213
110002195222
110002195231
110002195240
110002195268
110002195277
110002195286
110002195295
110002195302
110002195311
110002195320
110002195339
110002195348
110002195357
110002195366
110002195375
110002195384
110002195393
110002195400
110002195419
110002195428
110002195446
110002195455
110002195464
110002195473
110002195482
110002195491
110002195507
110002195516
110002195543
110002195552
110002195561
110002195589
110002195598
110002195730
110002195749
110002195829
110002195874
110002196016
110002196061
110002196098
110002196132
110002196221
110002196230
110002196249
110002196258
110002196542
110002196757
110002196766
110002196784
110002196837
110002196846
110002196864
110002196873
110002196882
110002196891
110002196953
110002197024
110002198176
110002198185
110002198238
110002198274
110002198283
110002198292
110002198309
110002198327
110002198336
110002198345
110002198354
110002198363
110002198372
110002198381
110002198390
110002198407
110002198416
110002198425
110002198434
110002198443
110002198452
110002198470
110002198489
110002198498
110002198504
110002198513
110002198522
110002198559
110002198568
110002198577
110002198595
110002198602
110002198611
110002198620
110002198639
110002198648
110002198657
110002198666
110002198675
110002198700
110002198719
110002198728
110002198746
110002198755
110002198764
110002198773
110002198782
110002198791
110002198808
110002198817
110002198826
110002198835
110002198844
110002198862
110002198871
110002198880
110002198906
110002198915
110002198924
110002198933
110002198942
110002198951
110002198960
110002198979
110002198988
110002198997
110002199004
110002199022
110002199031
110002199040
110002199059
110002199068
110002199077
110002199086
110002199095
110002199102
110002199111
110002199120
110002199166
110002199193
110002199200
110002199219
110002199228
110002199237
110002199255
110002199264
110002199273
110002199282
110002199308
110002199317
110002199326
110002199335
110002199344
110002199353
110002199362
110002199371
110002199380
110002199399
110002199406
110002199415
110002199424
110002199433
110002199442
110002199451
110002199460
110002199479
110002199488
110002199497
110002199503
110002199512
110002199521
110002199530
110002199558
110002199567
110002199594
110002199610
110002199656
110002199665
110002199727
110002199745
110002199772
110002199781
110002199790
110002199807
110002199816
110002199825
110002199870
110002199905
110002199923
110002199932
110002199941
110002199950
110002199969
110002199978
110002199987
110002199996
110002200001
110002200010
110002200029
110002200038
110002200047
110002200056
110002200065
110002200074
110002200083
110002200092
110002200118
110002200127
110002200136
110002200145
110002200163
110002200172
110002200181
110002200190
110002200207
110002200216
110002200225
110002200234
110002200252
110002200261
110002200270
110002200289
110002200298
110002200314
110002200323
110002200332
110002200341
110002200350
110002200369
110002200387
110002200396
110002200403
110002200412
110002200421
110002200430
110002200449
110002200458
110002200476
110002200485
110002200494
110002200519
110002200528
110002200537
110002200546
110002200555
110002200564
110002200582
110002200591
110002200608
110002200617
110002200626
110002200635
110002200644
110002200653
110002200662
110002200671
110002200680
110002200706
110002200715
110002200724
110002200733
110002200742
110002200760
110002200797
110002201484
110002201493
110002201527
110002201536
110002201545
110002201554
110002201563
110002201572
110002201581
110002201590
110002201607
110002201723
110002201732
110002201769
110002201787
110002201796
110002201803
110002201812
110002201929
110002201947
110002201983
110002202009
110002202964
110002202982
110002203044
110002203062
110002203106
110002203115
110002203142
110002203151
110002203160
110002203179
110002203188
110002203204
110002203302
110002203311
110002203320
110002203339
110002203348
110002203357
110002203366
110002203384
110002203400
110002203428
110002203437
110002203455
110002203464
110002203473
110002203482
110002203491
110002203507
110002203525
110002203552
110002203598
110002203623
110002203641
110002203669
110002203687
110002203703
110002203758
110002203767
110002203776
110002203785
110002203794
110002203801
110002203810
110002203829
110002203838
110002203847
110002203856
110002203865
110002203883
110002203892
110002203909
110002203918
110002203927
110002203936
110002203945
110002203954
110002203963
110002203972
110002203981
110002203990
110002204025
110002204034
110002204052
110002204061
110002204070
110002204098
110002204105
110002204114
110002204123
110002204132
110002204178
110002204187
110002204196
110002204212
110002204221
110002204230
110002204249
110002204267
110002204276
110002204285
110002204294
110002204301
110002204310
110002204329
110002204338
110002204347
110002204356
110002204374
110002204383
110002204392
110002204409
110002204418
110002204427
110002204436
110002204445
110002204454
110002204463
110002204472
110002204481
110002204490
110002204533
110002204542
110002204560
110002204579
110002204597
110002204604
110002204613
110002204622
110002204631
110002204640
110002204659
110002204668
110002204695
110002204702
110002204711
110002204757
110002204784
110002204800
110002204819
110002204828
110002204837
110002204846
110002204855
110002204864
110002204873
110002204882
110002204908
110002204944
110002204953
110002204962
110002204971
110002204999
110002205015
110002205051
110002205088
110002205104
110002205113
110002205122
110002205131
110002205159
110002205168
110002205177
110002205186
110002205202
110002205211
110002205220
110002205239
110002205257
110002205266
110002205275
110002205284
110002205293
110002205300
110002205319
110002205337
110002205355
110002205364
110002205373
110002205382
110002205408
110002205417
110002205435
110002205444
110002205453
110002205462
110002205471
110002205480
110002205514
110002205541
110002205550
110002205569
110002205578
110002205596
110002205630
110002205649
110002205658
110002205667
110002205676
110002205694
110002205710
110002205738
110002205747
110002205756
110002205765
110002205774
110002205783
110002205792
110002205809
110002205818
110002205836
110002205872
110002205881
110002205890
110002205925
110002205934
110002205952
110002205998
110002206014
110002206041
110002206050
110002206078
110002206112
110002206149
110002206158
110002206176
110002206201
110002206229
110002206238
110002206274
110002206283
110002206354
110002206372
110002206381
110002206390
110002206407
110002206416
110002206425
110002206461
110002206470
110002206498
110002206504
110002206522
110002206531
110002206540
110002206559
110002206586
110002206595
110002206602
110002206611
110002206648
110002206675
110002206684
110002206728
110002206737
110002206746
110002206755
110002206773
110002206782
110002206791
110002206817
110002206826
110002206835
110002206844
110002206862
110002206871
110002206899
110002206915
110002206924
110002206933
110002206942
110002206951
110002206979
110002206988
110002206997
110002207004
110002207022
110002207040
110002207059
110002207068
110002207077
110002207086
110002207095
110002207102
110002207111
110002207120
110002207139
110002207148
110002207157
110002207166
110002207175
110002207193
110002207219
110002207237
110002207246
110002207264
110002207273
110002207282
110002207291
110002207308
110002207326
110002207353
110002207371
110002207415
110002207424
110002207442
110002207451
110002207460
110002207479
110002207497
110002207503
110002207512
110002207530
110002207549
110002207558
110002207567
110002207585
110002207594
110002207601
110002207610
110002207629
110002207638
110002207656
110002207665
110002207674
110002207683
110002207692
110002207709
110002207718
110002207727
110002207736
110002207745
110002207754
110002207763
110002207781
110002207790
110002207816
110002207825
110002207834
110002207870
110002207898
110002207905
110002207914
110002207923
110002207941
110002207978
110002207987
110002207996
110002208003
110002208021
110002208049
110002208058
110002208076
110002208085
110002208094
110002208110
110002208129
110002208138
110002208147
110002208156
110002208165
110002208192
110002208209
110002208218
110002208227
110002208236
110002208254
110002208263
110002208281
110002208307
110002208325
110002208334
110002208352
110002208361
110002208370
110002208389
110002208398
110002208405
110002208414
110002208423
110002208432
110002208441
110002208469
110002208478
110002208502
110002208520
110002208548
110002208557
110002208575
110002208600
110002208619
110002208637
110002208646
110002208655
110002208664
110002208682
110002208708
110002208717
110002208726
110002208744
110002208780
110002208799
110002208806
110002208833
110002208842
110002208851
110002208860
110002208879
110002208888
110002208897
110002208904
110002208913
110002208922
110002208931
110002208940
110002208968
110002208977
110002208995
110002209002
110002209039
110002209057
110002209066
110002209075
110002209084
110002209093
110002209100
110002209155
110002209173
110002209182
110002209191
110002209208
110002209217
110002209226
110002209235
110002209244
110002209253
110002209262
110002209271
110002209280
110002209315
110002209333
110002209342
110002209379
110002209397
110002209404
110002209413
110002209422
110002209431
110002209440
110002209459
110002209486
110002209501
110002209547
110002209618
110002209627
110002209636
110002209645
110002209690
110002209707
110002209716
110002209725
110002209734
110002209743
110002209761
110002209770
110002209789
110002209805
110002209814
110002209912
110002209930
110002209949
110002209958
110002209967
110002209976
110002209985
110002210009
110002210027
110002210036
110002210045
110002210054
110002210063
110002210072
110002210081
110002210090
110002210107
110002210116
110002210143
110002210152
110002210161
110002210170
110002210189
110002210205
110002210214
110002210232
110002210241
110002210278
110002210287
110002210303
110002210349
110002210358
110002210376
110002210385
110002210401
110002210429
110002210438
110002210447
110002210456
110002210465
110002210483
110002210492
110002210508
110002210535
110002210544
110002210553
110002210580
110002210599
110002210606
110002210615
110002210624
110002210633
110002210642
110002210651
110002210660
110002210679
110002210688
110002210704
110002210713
110002210722
110002210759
110002210768
110002210777
110002210786
110002210795
110002210811
110002210839
110002210848
110002210866
110002210875
110002210884
110002210893
110002210900
110002210919
110002210955
110002210964
110002210973
110002210982
110002211008
110002211026
110002211035
110002211062
110002211071
110002211099
110002211124
110002211133
110002211142
110002211151
110002211160
110002211179
110002211188
110002211204
110002211259
110002211286
110002211295
110002211302
110002211339
110002211348
110002211366
110002211375
110002211384
110002211393
110002211419
110002211428
110002211437
110002211455
110002211464
110002211473
110002211507
110002211525
110002211534
110002211543
110002211552
110002211570
110002211605
110002211614
110002211623
110002211632
110002211650
110002211669
110002211678
110002211696
110002211703
110002211712
110002211721
110002211730
110002211749
110002211758
110002211767
110002211785
110002211801
110002211838
110002211847
110002211856
110002211865
110002211883
110002211909
110002211927
110002211954
110002211963
110002211972
110002211981
110002211990
110002212016
110002212025
110002212034
110002212043
110002212070
110002212089
110002212098
110002212123
110002212132
110002212141
110002212169
110002212178
110002212196
110002212212
110002212230
110002212249
110002212267
110002212285
110002212294
110002212301
110002212310
110002212329
110002212338
110002212374
110002212383
110002212392
110002212409
110002212454
110002212463
110002212472
110002212481
110002212490
110002212506
110002212515
110002212524
110002212533
110002212542
110002212551
110002212588
110002212597
110002212659
110002212695
110002212720
110002212748
110002212766
