110002212775
110002212784
110002212800
110002212819
110002212837
110002212864
110002212873
110002212882
110002212908
110002212917
110002212971
110002212980
110002212999
110002213024
110002213033
110002213051
110002213060
110002213079
110002213088
110002213097
110002213122
110002213131
110002213140
110002213159
110002213168
110002213239
110002213248
110002213275
110002213319
110002213337
110002213346
110002213355
110002213364
110002213382
110002213391
110002213408
110002213417
110002213426
110002213444
110002213453
110002213462
110002213471
110002213480
110002213505
110002213514
110002213541
110002213550
110002213569
110002213578
110002213587
110002213612
110002213630
110002213649
110002213658
110002213667
110002213676
110002213685
110002213701
110002213738
110002213765
110002213783
110002213792
110002213809
110002213827
110002213845
110002213854
110002213863
110002213890
110002213907
110002213934
110002213943
110002213952
110002213961
110002213970
110002213998
110002214023
110002214069
110002214078
110002214121
110002214130
110002214158
110002214176
110002214185
110002214194
110002214265
110002214283
110002214292
110002214318
110002214345
110002214354
110002214372
110002214381
110002214416
110002214425
110002214452
110002214522
110002214540
110002214559
110002214586
110002214595
110002214602
110002214611
110002214620
110002214639
110002214648
110002214675
110002214700
110002214728
110002214746
110002214755
110002214764
110002214773
110002214782
110002214791
110002214808
110002214835
110002214853
110002214862
110002214880
110002214906
110002214915
110002214924
110002214933
110002214942
110002214951
110002214988
110002214997
110002215004
110002215013
110002215040
110002215059
110002215077
110002215111
110002215120
110002215148
110002215200
110002215219
110002215228
110002215237
110002215246
110002215264
110002215273
110002215291
110002215335
110002215353
110002215362
110002215399
110002215406
110002215415
110002215424
110002215433
110002215442
110002215460
110002215479
110002215497
110002215512
110002215521
110002215530
110002215549
110002215558
110002215594
110002215601
110002215610
110002215629
110002215656
110002215665
110002215683
110002215692
110002215709
110002215727
110002215736
110002215745
110002215781
110002215790
110002215816
110002215825
110002215870
110002215889
110002215898
110002215914
110002215923
110002215950
110002215978
110002215987
110002215996
110002216003
110002216058
110002216085
110002216101
110002216110
110002216129
110002216138
110002216156
110002216174
110002216183
110002216209
110002216218
110002216227
110002216236
110002216245
110002216254
110002216263
110002216272
110002216307
110002216325
110002216334
110002216343
110002216405
110002216414
110002216423
110002216432
110002216441
110002216469
110002216478
110002216487
110002216496
110002216511
110002216520
110002216539
110002216548
110002216557
110002216566
110002216575
110002216584
110002216593
110002216619
110002216646
110002216682
110002216708
110002216735
110002216744
110002216753
110002216799
110002216806
110002216842
110002216851
110002216860
110002216879
110002216888
110002216897
110002216913
110002216922
110002216931
110002216968
110002216977
110002216986
110002216995
110002217011
110002217039
110002217048
110002217057
110002217066
110002217075
110002217084
110002217093
110002217100
110002217119
110002217137
110002217146
110002217155
110002217164
110002217182
110002217191
110002217208
110002217217
110002217244
110002217253
110002217262
110002217271
110002217280
110002217299
110002217315
110002217324
110002217333
110002217342
110002217351
110002217360
110002217388
110002217397
110002217404
110002217440
110002217459
110002217468
110002217477
110002217486
110002217501
110002217510
110002217529
110002217538
110002217547
110002217556
110002217565
110002217574
110002217609
110002217627
110002217645
110002217663
110002217672
110002217681
110002217707
110002217716
110002217725
110002217734
110002217743
110002217752
110002217761
110002217770
110002217789
110002217798
110002217805
110002217814
110002217832
110002217841
110002217850
110002217869
110002217878
110002217887
110002217896
110002217903
110002217912
110002217921
110002217930
110002217949
110002217958
110002217967
110002217976
110002217985
110002217994
110002218001
110002218029
110002218038
110002218047
110002218056
110002218118
110002218127
110002218145
110002218154
110002218181
110002218190
110002218216
110002218225
110002218234
110002218261
110002218270
110002218298
110002218305
110002218314
110002218341
110002218350
110002218369
110002218378
110002218387
110002218403
110002218412
110002218430
110002218449
110002218494
110002218500
110002218519
110002218537
110002218546
110002218555
110002218564
110002218573
110002218582
110002218591
110002218608
110002218626
110002218635
110002218644
110002218653
110002218662
110002218671
110002218680
110002218699
110002218715
110002218724
110002218733
110002218751
110002218760
110002218779
110002218788
110002218797
110002218804
110002218813
110002218822
110002218831
110002218859
110002218868
110002218886
110002218902
110002218911
110002218920
110002218939
110002218948
110002218957
110002218966
110002218975
110002218984
110002218993
110002219000
110002219019
110002219028
110002219037
110002219046
110002219055
110002219064
110002219073
110002219082
110002219108
110002219117
110002219126
110002219135
110002219144
110002219153
110002219162
110002219171
110002219180
110002219215
110002219224
110002219233
110002219251
110002219260
110002219279
110002219288
110002219304
110002219313
110002219322
110002219331
110002219340
110002219359
110002219368
110002219377
110002219386
110002219395
110002219402
110002219411
110002219420
110002219439
110002219448
110002219457
110002219466
110002219475
110002219484
110002219509
110002219518
110002219527
110002219536
110002219545
110002219563
110002219572
110002219581
110002219590
110002219607
110002219616
110002219625
110002219634
110002219643
110002219652
110002219670
110002219689
110002219698
110002219705
110002219714
110002219723
110002219732
110002219741
110002219769
110002219778
110002219787
110002219796
110002219803
110002219812
110002219821
110002219830
110002219849
110002219867
110002219876
110002219885
110002219894
110002219901
110002219910
110002219929
110002219938
110002219947
110002219956
110002219965
110002219974
110002219983
110002219992
110002220007
110002220016
110002220034
110002220070
110002220098
110002220114
110002220123
110002220141
110002220150
110002220178
110002220203
110002220212
110002220221
110002220230
110002220249
110002220258
110002220267
110002220276
110002220294
110002220301
110002220310
110002220347
110002220356
110002220374
110002220392
110002220409
110002220418
110002220427
110002220436
110002220454
110002220463
110002220472
110002220481
110002220490
110002220533
110002220542
110002220560
110002220588
110002220597
110002220604
110002220613
110002220622
110002220640
110002220659
110002220668
110002220677
110002220695
110002220702
110002220711
110002220720
110002220739
110002220757
110002220766
110002220775
110002220784
110002220793
110002220800
110002220819
110002220837
110002220846
110002220864
110002220873
110002220882
110002220917
110002220926
110002220935
110002220944
110002220971
110002220980
110002220999
110002221006
110002221015
110002221024
110002221060
110002221088
110002221104
110002221113
110002221122
110002221131
110002221159
110002221177
110002221186
110002221195
110002221202
110002221211
110002221220
110002221257
110002221275
110002221293
110002221300
110002221319
110002221328
110002221337
110002221346
110002221355
110002221373
110002221408
110002221417
110002221426
110002221444
110002221453
110002221462
110002221471
110002221480
110002221499
110002221505
110002221514
110002221532
110002221541
110002221550
110002221569
110002221578
110002221587
110002221596
110002221603
110002221630
110002221649
110002221667
110002221676
110002221685
110002221701
110002221729
110002221738
110002221747
110002221756
110002221765
110002221774
110002221792
110002221809
110002221827
110002221836
110002221845
110002221863
110002221872
110002221881
110002221890
110002221907
110002221916
110002221925
110002221934
110002221970
110002221989
110002221998
110002222005
110002222014
110002222032
110002222041
110002222050
110002222069
110002222078
110002222087
110002222103
110002222112
110002222130
110002222149
110002222158
110002222176
110002222194
110002222210
110002222229
110002222247
110002222256
110002222265
110002222283
110002222292
110002222309
110002222318
110002222354
110002222363
110002222372
110002222381
110002222407
110002222416
110002222425
110002222443
110002222461
110002222489
110002222498
110002222504
110002222513
110002222522
110002222540
110002222559
110002222577
110002222595
110002222611
110002222657
110002222675
110002222684
110002222693
110002222700
110002222719
110002222728
110002222737
110002222746
110002222755
110002222773
110002222782
110002222791
110002222808
110002222817
110002222853
110002222862
110002222871
110002222880
110002222899
110002222906
110002222915
110002222924
110002222933
110002222942
110002222951
110002222960
110002222979
110002222988
110002222997
110002223004
110002223013
110002223022
110002223031
110002223059
110002223068
110002223086
110002223095
110002223102
110002223111
110002223120
110002223139
110002223148
110002223157
110002223166
110002223175
110002223184
110002223193
110002223200
110002223219
110002223228
110002223237
110002223246
110002223255
110002223264
110002223273
110002223282
110002223291
110002223308
110002223317
110002223335
110002223344
110002223353
110002223362
110002223371
110002223380
110002223399
110002223406
110002223415
110002223424
110002223433
110002223451
110002223460
110002223479
110002223497
110002223503
110002223512
110002223521
110002223530
110002223549
110002223558
110002223567
110002223585
110002223594
110002223610
110002223629
110002223647
110002223665
110002223683
110002223692
110002223709
110002223718
110002223727
110002223736
110002223745
110002223754
110002223763
110002223772
110002223781
110002223790
110002223807
110002223816
110002223825
110002223834
110002223843
110002223852
110002223861
110002223870
110002223889
110002223898
110002223905
110002223914
110002223923
110002223932
110002223950
110002223969
110002223987
110002223996
110002224003
110002224012
110002224021
110002224030
110002224049
110002224058
110002224085
110002224110
110002224129
110002224147
110002224156
110002224165
110002224174
110002224183
110002224192
110002224209
110002224236
110002224245
110002224254
110002224263
110002224272
110002224281
110002224290
110002224307
110002224316
110002224325
110002224343
110002224352
110002224361
110002224389
110002224423
110002224432
110002224450
110002224478
110002224496
110002224511
110002224520
110002224548
110002224557
110002224575
110002224584
110002224600
110002224628
110002224646
110002224655
110002224664
110002224673
110002224682
110002224691
110002224708
110002224717
110002224726
110002224735
110002224753
110002224771
110002224780
110002224799
110002224815
110002224824
110002224833
110002224842
110002224897
110002224904
110002224922
110002224931
110002224959
110002224977
110002224986
110002224995
110002225002
110002225011
110002225020
110002225039
110002225057
110002225075
110002225084
110002225093
110002225119
110002225146
110002225173
110002225182
110002225191
110002225226
110002225235
110002225244
110002225253
110002225262
110002225271
110002225306
110002225324
110002225333
110002225342
110002225360
110002225379
110002225388
110002225440
110002225477
110002225495
110002225501
110002225547
110002225556
110002225565
110002225574
110002225609
110002225618
110002225627
110002225636
110002225663
110002225672
110002225707
110002225716
110002225734
110002225734
110002225761
110002225789
110002225805
110002225869
110002225878
110002225887
110002225896
110002225903
110002225912
110002225930
110002225958
110002225967
110002225976
110002225985
110002225994
110002226001
110002226029
110002226056
110002226065
110002226145
110002226154
110002226163
110002226172
110002226181
110002226190
110002226207
110002226225
110002226234
110002226243
110002226261
110002226289
110002226314
110002226323
110002226332
110002226341
110002226350
110002226378
110002226387
110002226412
110002226430
110002226458
110002226467
110002226485
110002226500
110002226519
110002226528
110002226537
110002226546
110002226555
110002226564
110002226573
110002226582
110002226608
110002226617
110002226626
110002226635
110002226644
110002226653
110002226671
110002226680
110002226699
110002226706
110002226742
110002226751
110002226760
110002226788
110002226797
110002226804
110002226813
110002226822
110002226840
110002226859
110002226868
110002226877
110002226895
110002226911
110002226920
110002226939
110002226948
110002226957
110002226966
110002226975
110002226984
110002227000
110002227019
110002227028
110002227064
110002227073
110002227091
110002227108
110002227117
110002227126
110002227135
