110002227144
110002227153
110002227162
110002227171
110002227199
110002227206
110002227224
110002227242
110002227251
110002227260
110002227279
110002227288
110002227297
110002227304
110002227313
110002227322
110002227331
110002227340
110002227359
110002227377
110002227386
110002227402
110002227411
110002227420
110002227439
110002227448
110002227457
110002227466
110002227475
110002227484
110002227493
110002227509
110002227518
110002227536
110002227545
110002227563
110002227572
110002227607
110002227634
110002227643
110002227652
110002227670
110002227705
110002227723
110002227732
110002227741
110002227750
110002227778
110002227787
110002227796
110002227812
110002227858
110002227894
110002227901
110002227929
110002227947
110002227956
110002227974
110002228009
110002228018
110002228027
110002228036
110002228045
110002228054
110002228081
110002228090
110002228107
110002228116
110002228125
110002228134
110002228143
110002228152
110002228161
110002228170
110002228189
110002228198
110002228205
110002228214
110002228223
110002228232
110002228241
110002228269
110002228296
110002228303
110002228312
110002228321
110002228349
110002228358
110002228367
110002228376
110002228385
110002228429
110002228456
110002228465
110002228474
110002228483
110002228492
110002228508
110002228517
110002228526
110002228535
110002228544
110002228553
110002228562
110002228571
110002228580
110002228599
110002228606
110002228615
110002228624
110002228633
110002228642
110002228651
110002228679
110002228704
110002228713
110002228795
110002228848
110002229160
110002229179
110002229197
110002229222
110002229231
110002229240
110002229268
110002229277
110002229286
110002229295
110002229543
110002229552
110002229561
110002229570
110002229589
110002229598
110002229605
110002229614
110002229641
110002229650
110002229678
110002229785
110002229794
110002229801
110002229810
110002229829
110002229838
110002229847
110002229856
110002229865
110002229883
110002229892
110002229909
110002229927
110002229936
110002229963
110002229990
110002230372
110002230381
110002230452
110002230461
110002230504
110002230531
110002230595
110002230693
110002230719
110002230746
110002230755
110002230764
110002230773
110002230782
110002230791
110002230808
110002230817
110002230906
110002230915
110002230933
110002230942
110002231184
110002231193
110002231219
110002231237
110002231264
110002231308
110002231344
110002231353
110002231399
110002231442
110002231460
110002231503
110002231549
110002231594
110002231763
110002231816
110002231834
110002231852
110002231898
110002231969
110002231987
110002232012
110002232049
110002232398
110002232405
110002232423
110002232496
110002232548
110002232637
110002232744
110002232815
110002232833
110002232968
110002232977
110002232986
110002233002
110002233119
110002233128
110002233155
110002233164
110002233191
110002233217
110002233235
110002233315
110002233397
110002233413
110002233422
110002233459
110002233510
110002233609
110002233618
110002233636
110002233663
110002233707
110002233734
110002233743
110002233832
110002233878
110002233949
110002234056
110002234065
110002234083
110002234109
110002234172
110002234190
110002234207
110002234289
110002234298
110002234314
110002234332
110002234341
110002234350
110002234369
110002234387
110002234403
110002234412
110002234421
110002234458
110002234500
110002234519
110002234546
110002234617
110002234626
110002234644
110002234653
110002234779
110002234788
110002234840
110002234868
110002234877
110002234911
110002234984
110002234993
110002235037
110002235073
110002235091
110002235117
110002235144
110002235153
110002235233
110002235242
110002235260
110002235313
110002235439
110002235448
110002235475
110002235493
110002235527
110002235661
110002235723
110002235741
110002235803
110002235821
110002235867
110002235885
110002235947
110002235956
110002235974
110002235983
110002236009
110002236018
110002236036
110002236072
110002236081
110002236090
110002236143
110002236205
110002236232
110002236241
110002236269
110002236303
110002236312
110002236429
110002236580
110002236599
110002236606
110002236615
110002236624
110002236642
110002236679
110002236697
110002236713
110002236731
110002236786
110002236795
110002236857
110002236893
110002237008
110002237017
110002237124
110002237142
110002237160
110002237179
110002237204
110002237231
110002237268
110002237311
110002237393
110002237455
110002237473
110002237507
110002237534
110002237561
110002237687
110002237696
110002237703
110002237767
110002237785
110002237838
110002237847
110002237936
110002237954
110002237990
110002238007
110002238043
110002238052
110002238070
110002238105
110002238150
110002238169
110002238294
110002238347
110002238374
110002238409
110002238445
110002238515
110002238524
110002238579
110002238604
110002238631
110002238640
110002238668
110002238677
110002238686
110002238720
110002238748
110002238793
110002238953
110002238980
110002239015
110002239104
110002239131
110002239248
110002239319
110002239337
110002239355
110002239408
110002239417
110002239435
110002239499
110002239505
110002239514
110002239596
110002239612
110002239621
110002239710
110002239738
110002239809
110002239818
110002239836
110002239854
110002239872
110002239890
110002239907
110002239916
110002239925
110002239934
110002239943
110002239952
110002239961
110002239970
110002239989
110002239998
110002240003
110002240012
110002240021
110002240030
110002240049
110002240058
110002240067
110002240076
110002240085
110002240094
110002240101
110002240110
110002240129
110002240147
110002240156
110002240165
110002240174
110002240183
110002240218
110002240227
110002240236
110002240245
110002240254
110002240263
110002240272
110002240281
110002240290
110002240334
110002240352
110002240370
110002240389
110002240398
110002240405
110002240414
110002240423
110002240432
110002240441
110002240450
110002240469
110002241342
110002242555
110002242715
110002242788
110002243153
110002243171
110002245419
110002245446
110002245570
110002245589
110002245605
110002245614
110002245623
110002245632
110002245641
110002245650
110002245669
110002245678
110002245687
110002245696
110002245703
110002245712
110002245721
110002245730
110002245749
110002245963
110002245972
110002246061
110002246070
110002246123
110002246141
110002246150
110002246276
110002246285
110002246310
110002246329
110002247505
110002247612
110002247621
110002247630
110002247649
110002247667
110002247685
110002247694
110002247701
110002247747
110002247756
110002247854
110002247872
110002247881
110002247907
110002247925
110002247934
110002247952
110002247970
110002247989
110002248014
110002248032
110002248041
110002248050
110002248069
110002248078
110002248096
110002248103
110002248112
110002248130
110002248149
110002248158
110002248194
110002248210
110002248229
110002248247
110002248274
110002248283
110002248309
110002248318
110002248327
110002248336
110002248345
110002248354
110002248363
110002248372
110002248381
110002248390
110002248407
110002248416
110002248425
110002248443
110002248461
110002248470
110002248489
110002248498
110002248504
110002248513
110002248522
110002248531
110002248540
110002248559
110002248568
110002248577
110002248586
110002248595
110002248602
110002248611
110002248620
110002248639
110002248648
110002248657
110002248675
110002248684
110002248693
110002248700
110002248719
110002248728
110002248755
110002248764
110002248808
110002248817
110002248826
110002248835
110002248844
110002248853
110002248862
110002248871
110002248880
110002248899
110002248924
110002248942
110002248951
110002248960
110002248979
110002248988
110002248997
110002249004
110002249013
110002249022
110002249031
110002249040
110002249059
110002249068
110002249077
110002249086
110002249095
110002249102
110002249120
110002249139
110002249148
110002249157
110002249166
110002249175
110002249184
110002249193
110002249200
110002249219
110002249228
110002249237
110002249246
110002249255
110002249264
110002249273
110002249282
110002249291
110002249308
110002249317
110002249326
110002249335
110002249353
110002249362
110002249371
110002249380
110002249399
110002249406
110002249415
110002249424
110002249433
110002249442
110002249460
110002249479
110002249497
110002249503
110002249512
110002249521
110002249530
110002249549
110002249558
110002249567
110002249576
110002249594
110002249601
110002249629
110002249638
110002249647
110002249656
110002249665
110002249674
110002249683
110002249692
110002249709
110002249718
110002249727
110002249736
110002249745
110002249754
110002249763
110002249772
110002249781
110002249790
110002249807
110002249816
110002249825
110002249843
110002249852
110002249861
110002249870
110002249889
110002249898
110002249914
110002249923
110002249932
110002249941
110002249950
110002249969
110002249978
110002250000
110002250019
110002250028
110002250037
110002250046
110002250055
110002250073
110002250082
110002250091
110002250108
110002250117
110002250126
110002250144
110002250153
110002250162
110002250180
110002250199
110002250206
110002250215
110002250224
110002250233
110002250251
110002250260
110002250279
110002250288
110002250297
110002250313
110002250322
110002250359
110002250368
110002250377
110002250386
110002250395
110002250402
110002250411
110002250420
110002250439
110002250448
110002250457
110002250466
110002250475
110002250484
110002250493
110002250509
110002250527
110002250536
110002250545
110002250554
110002250572
110002250607
110002250616
110002250625
110002250643
110002250652
110002250661
110002250670
110002250689
110002250698
110002250723
110002250732
110002250741
110002250750
110002250769
110002250778
110002250787
110002250803
110002250812
110002250821
110002250830
110002250849
110002250858
110002250867
110002250876
110002250885
110002250894
110002250901
110002250929
110002250938
110002250965
110002250974
110002250983
110002250992
110002251009
110002251018
110002251027
110002251036
110002251045
110002251054
110002251063
110002251072
110002251081
110002251090
110002251107
110002251116
110002251125
110002251134
110002251143
110002251152
110002251161
110002251170
110002251198
110002251205
110002251214
110002251223
110002251232
110002251241
110002251250
110002251269
110002251278
110002251287
110002251303
110002251312
110002251321
110002251349
110002251367
110002251376
110002251438
110002251599
110002251633
110002251660
110002251811
110002251919
110002252080
110002252099
110002252142
110002252197
110002252286
110002252295
110002252302
110002252972
110002253007
110002253016
110002253089
110002253098
110002253105
110002253114
110002253132
110002253203
110002253249
110002256264
110002256282
110002256291
110002256308
110002256317
110002256326
110002256335
110002256344
110002256353
110002256362
110002256380
110002256399
110002256406
110002256424
110002256433
110002256442
110002256451
110002256460
110002256479
110002256488
110002256497
110002256503
110002256521
110002256549
110002256558
110002256567
110002256576
110002256585
110002256594
110002256610
110002256629
110002256638
110002256656
110002256665
110002256683
110002256692
110002256709
110002256718
110002256727
110002256736
110002256745
110002256754
110002256781
110002256790
110002256807
110002256816
110002256825
110002256843
110002256852
110002256861
110002256870
110002256889
110002256898
110002256905
110002256914
110002256923
110002256950
110002256969
110002256978
110002256996
110002257003
110002257012
110002257021
110002257030
110002257049
110002257058
110002257067
110002257076
110002257085
110002257094
110002257101
110002257138
110002257147
110002257156
110002257165
110002257174
110002257183
110002257192
110002257209
110002257218
110002257227
110002257236
110002257263
110002257272
110002257281
110002257290
110002257307
110002257316
110002257325
110002257334
110002257343
110002257352
110002257361
110002257370
110002257389
110002257398
110002257405
110002257414
110002257423
110002257441
110002257450
110002257469
110002257478
110002257487
110002257496
110002257502
110002257511
110002257520
110002257539
110002257548
110002257557
110002257575
110002257584
110002257593
110002257600
110002257619
110002257628
110002257637
110002257646
110002257655
110002257664
110002257673
110002257682
110002257691
110002257708
110002257717
110002257726
110002257735
110002257744
110002257753
110002257762
110002257771
110002257780
110002257806
110002257815
110002257824
110002257833
110002257842
110002257851
110002257860
110002257879
110002257888
110002257897
110002257904
110002257913
110002257922
110002257931
110002257940
110002257959
110002257977
110002257986
110002257995
110002258002
110002258011
110002258020
110002258039
110002258048
110002258057
110002258066
110002258084
110002258093
110002258100
110002258119
110002258137
110002258164
110002258173
110002258182
110002258217
110002258226
110002258244
110002258253
110002258262
110002258271
110002258299
110002258333
110002258388
110002258397
110002258404
110002258422
110002258431
110002258459
110002258477
110002258501
110002258510
110002258547
110002258556
110002258592
110002258654
110002258672
110002258725
