110002258770
110002258805
110002258841
110002258850
110002258869
110002258887
110002258896
110002258903
110002258921
110002258930
110002258949
110002258958
110002258967
110002258976
110002258985
110002258994
110002259010
110002259029
110002259038
110002259047
110002259056
110002259065
110002259074
110002259127
110002259190
110002259207
110002259216
110002259225
110002259234
110002259243
110002259332
110002259341
110002259350
110002259369
110002259378
110002259387
110002259396
110002259403
110002259412
110002259421
110002259430
110002259449
110002259458
110002259467
110002259485
110002259494
110002259519
110002259528
110002259537
110002259555
110002259573
110002260222
110002260277
110002260311
110002260357
110002260384
110002260428
110002260437
110002261196
110002261221
110002261258
110002261267
110002305531
110002305700
110002305728
110002305737
110002305746
110002305764
110002305817
110002305835
110002305844
110002305862
110002305871
110002305906
110002305915
110002305924
110002305933
110002305951
110002305988
110002305997
110002306031
110002306040
110002306077
110002306086
110002306102
110002306111
110002306120
110002306139
110002306148
110002306166
110002306175
110002306193
110002306200
110002306228
110002306237
110002306246
110002306255
110002306282
110002306291
110002306308
110002306317
110002306326
110002306335
110002306353
110002306362
110002306371
110002306380
110002306399
110002306406
110002306442
110002306451
110002306460
110002306479
110002306488
110002306503
110002306512
110002306521
110002306530
110002306549
110002306558
110002306567
110002306576
110002306594
110002306601
110002306736
110002306763
110002306772
110002306790
110002306807
110002306816
110002306843
110002306852
110002306861
110002306898
110002306905
110002306914
110002306923
110002306950
110002306969
110002306978
110002306987
110002306996
110002307012
110002307021
110002307030
110002307058
110002307067
110002307076
110002307085
110002307094
110002307101
110002307110
110002307129
110002307138
110002307147
110002307156
110002307165
110002307174
110002307183
110002307192
110002307209
110002307218
110002307227
110002307245
110002307254
110002307263
110002307272
110002307281
110002307290
110002307307
110002307325
110002307334
110002307343
110002307352
110002307361
110002307389
110002307398
110002307405
110002307414
110002307432
110002307450
110002307496
110002307511
110002307520
110002307548
110002307557
110002307566
110002307584
110002307593
110002307619
110002307646
110002307655
110002307664
110002307673
110002307682
110002307708
110002307717
110002307726
110002307753
110002307762
110002307771
110002307780
110002307799
110002307806
110002307815
110002307824
110002307833
110002307842
110002307851
110002307860
110002307879
110002307888
110002307897
110002307904
110002307913
110002307922
110002307931
110002307959
110002307977
110002307986
110002307995
110002308002
110002308011
110002308048
110002308057
110002308075
110002308100
110002308119
110002308128
110002308146
110002308155
110002308164
110002308173
110002308191
110002308217
110002308226
110002308244
110002308262
110002308280
110002308306
110002308324
110002308342
110002308360
110002308379
110002308422
110002308440
110002308477
110002308495
110002308501
110002308510
110002308538
110002308556
110002308565
110002308583
110002308609
110002308618
110002308627
110002308645
110002308654
110002308672
110002308681
110002308690
110002308707
110002308725
110002308752
110002308770
110002308789
110002308798
110002308805
110002308832
110002308841
110002308850
110002308896
110002308949
110002308967
110002308976
110002308985
110002308994
110002309001
110002309010
110002309029
110002309083
110002309172
110002309270
110002309289
110002309449
110002309485
110002309537
110002309555
110002309573
110002309626
110002309644
110002309699
110002309706
110002309715
110002309742
110002309760
110002309822
110002309840
110002309859
110002309877
110002309895
110002309911
110002309948
110002309966
110002309984
110002310008
110002310115
110002310124
110002310179
110002310213
110002310222
110002310259
110002310311
110002310384
110002310400
110002310419
110002310507
110002310543
110002310641
110002310669
110002310678
110002310687
110002310758
110002310829
110002310883
110002310945
110002310954
110002310963
110002311025
110002311034
110002311043
110002311114
110002311196
110002311221
110002311276
110002311294
110002311329
110002311356
110002311392
110002311409
110002311436
110002311445
110002311463
110002311490
110002311506
110002311533
110002311551
110002311588
110002311597
110002311668
110002311775
110002311784
110002311926
110002311944
110002311953
110002311980
110002312006
110002312088
110002312097
110002312113
110002312140
110002312293
110002312328
110002312355
110002312499
110002312587
110002312676
110002312710
110002312783
110002312792
110002312809
110002312845
110002312854
110002312872
110002312881
110002312934
110002312943
110002312989
110002313087
110002313130
110002313229
110002313283
110002313292
110002313336
110002313345
110002313416
110002313452
110002313693
110002313700
110002313719
110002313746
110002313755
110002313764
110002313773
110002313808
110002313862
110002313871
110002314246
110002314255
110002314264
110002314273
110002314282
110002314308
110002314317
110002314335
110002314344
110002314353
110002314362
110002314380
110002314415
110002314433
110002314442
110002314610
110002314665
110002314683
110002314709
110002314905
110002314914
110002314941
110002314950
110002314978
110002314987
110002314996
110002316565
110002316574
110002316592
110002316609
110002316645
110002316681
110002316690
110002316707
110002316716
110002316725
110002316743
110002316752
110002316798
110002316805
110002316814
110002316823
110002316832
110002316841
110002316869
110002316887
110002316921
110002316930
110002316949
110002316958
110002316967
110002319090
110002319107
110002319134
110002319321
110002319394
110002319456
110002320079
110002320952
110002320998
110002321005
110002321023
110002321041
110002321434
110002321728
110002323539
110002323548
110002323557
110002323566
110002323575
110002323619
110002323628
110002323637
110002323646
110002323655
110002323664
110002323708
110002323717
110002323726
110002323735
110002323744
110002323753
110002323762
110002323780
110002323799
110002323815
110002323824
110002323860
110002323879
110002323888
110002323897
110002323904
110002323913
110002323922
110002323931
110002323940
110002323959
110002323968
110002323977
110002323986
110002323995
110002324002
110002324020
110002324048
110002324075
110002324100
110002324119
110002324128
110002324137
110002324146
110002324155
110002324164
110002324173
110002324182
110002324191
110002324208
110002324217
110002324226
110002324235
110002324244
110002324253
110002324262
110002324280
110002324299
110002324306
110002324315
110002324324
110002324342
110002324351
110002324360
110002324388
110002324397
110002324404
110002324422
110002324431
110002324440
110002324468
110002324486
110002324495
110002324501
110002324510
110002324538
110002324547
110002324583
110002324592
110002324609
110002324627
110002324672
110002324681
110002324707
110002324716
110002324743
110002324805
110002324814
110002324841
110002324850
110002324869
110002324878
110002324887
110002324896
110002324903
110002324921
110002324930
110002324949
110002324967
110002324976
110002324985
110002324994
110002325001
110002325010
110002325029
110002325038
110002325047
110002325056
110002325074
110002325083
110002325092
110002325109
110002325118
110002325127
110002325136
110002325145
110002325154
110002325163
110002325181
110002325190
110002325207
110002325216
110002325225
110002325234
110002325243
110002325261
110002325270
110002325289
110002325298
110002325305
110002325314
110002325323
110002325332
110002325341
110002325369
110002325378
110002325387
110002325396
110002325403
110002325412
110002325421
110002325430
110002325449
110002325458
110002325476
110002325485
110002325494
110002325500
110002325519
110002325528
110002325537
110002325546
110002325555
110002325564
110002325573
110002325582
110002325608
110002325617
110002325626
110002325635
110002325653
110002325662
110002325671
110002325706
110002325715
110002325724
110002325733
110002325742
110002325760
110002325779
110002325788
110002325797
110002325804
110002325822
110002325831
110002325840
110002325868
110002325886
110002325895
110002325902
110002325920
110002325939
110002325948
110002325957
110002325966
110002325984
110002325993
110002326000
110002326028
110002326046
110002326055
110002326073
110002326082
110002326108
110002326135
110002326144
110002326162
110002326180
110002326199
110002326215
110002326224
110002326233
110002326242
110002326251
110002326279
110002326288
110002326313
110002326322
110002326331
110002326359
110002326377
110002326386
110002326395
110002326411
110002326439
110002326448
110002326457
110002326475
110002326484
110002326493
110002326527
110002326536
110002326545
110002326554
110002326572
110002326581
110002326590
110002326607
110002326616
110002326634
110002326643
110002326652
110002326661
110002326670
110002326698
110002326714
110002326723
110002326732
110002326741
110002326750
110002326769
110002326778
110002326803
110002326812
110002326830
110002326858
110002326867
110002326885
110002326894
110002326910
110002326974
110002326992
110002327009
110002327018
110002327036
110002327054
110002327063
110002327081
110002327090
110002327125
110002327143
110002327161
110002327170
110002327189
110002327232
110002327241
110002327278
110002327287
110002327303
110002327349
110002327367
110002327376
110002327385
110002327394
110002327401
110002327410
110002327438
110002327447
110002327456
110002327474
110002327483
110002327492
110002327508
110002327544
110002327553
110002327562
110002327571
110002327599
110002327606
110002327615
110002327624
110002327651
110002327660
110002327679
110002327688
110002327704
110002327713
110002327722
110002327740
110002327768
110002327777
110002327786
110002327795
110002327802
110002327811
110002327848
110002327866
110002327875
110002327884
110002327893
110002327937
110002327955
110002327964
110002327973
110002327982
110002327991
110002328008
110002328017
110002328035
110002328044
110002328053
110002328062
110002328071
110002328080
110002328106
110002328115
110002328124
110002328473
110002328482
110002328507
110002328534
110002328561
110002328570
110002328589
110002328598
110002328605
110002328614
110002328623
110002328632
110002328641
110002328650
110002328721
110002328730
110002329114
110002329123
110002329132
110002329141
110002329150
110002329212
110002329230
110002329249
110002329258
110002329329
110002329365
110002329374
110002329392
110002329409
110002329427
110002329551
110002329560
110002329597
110002329622
110002329695
110002329702
110002329711
110002329720
110002329739
110002329775
110002329784
110002329828
110002329855
110002329873
110002329891
110002329917
110002329944
110002329971
110002329980
110002330022
110002330040
110002330095
110002330157
110002330291
110002330326
110002330335
110002330344
110002330353
110002330362
110002330371
110002330380
110002330399
110002330415
110002330460
110002330479
110002330488
110002330512
110002330558
110002330567
110002330594
110002330610
110002330638
110002330647
110002330665
110002330674
110002330683
110002330692
110002330709
110002331003
110002331012
110002331021
110002331030
110002331049
110002331058
110002331067
110002331076
110002331094
110002331110
110002331138
110002331147
110002331165
110002331174
110002331183
110002331192
110002331209
110002331227
110002331254
110002331263
110002331281
110002331290
110002331307
110002331325
110002331575
110002335045
110002335517
110002335820
110002336749
110002338514
110002338523
110002338532
110002338569
110002338603
110002338621
110002338649
110002338658
110002338685
110002338710
110002338738
110002338756
110002338774
110002338792
110002338809
110002338836
110002338854
110002338863
110002341305
110002341350
110002341449
110002341715
110002342073
110002342493
110002342554
110002342572
110002342581
110002342625
110002342643
110002342661
110002342698
110002342705
110002342714
110002342723
110002342732
110002342956
110002343465
110002344179
110002344507
110002344543
110002344570
110002344721
110002345463
110002345631
110002345677
110002346195
110002346202
110002346391
110002346462
110002346462
110002346621
110002346667
110002346756
110002346845
110002347112
110002347121
110002347194
110002347210
110002347639
110002347719
110002347764
110002347880
110002347899
110002348255
110002348745
110002348941
110002348987
110002349085
110002349218
110002349290
110002349352
110002349799
110002349815
110002351268
110002351794
110002351838
110002351847
110002351865
110002351874
110002351883
110002351918
110002351927
110002351936
110002351990
110002352016
110002352123
110002352132
110002352141
110002352150
110002352178
110002352187
110002354407
110002355727
110002355754
110002355763
110002355772
110002355781
110002355807
110002355834
110002357501
110002357510
