110002368517
110002368526
110002368606
110002368660
110002370498
110002370522
110002370531
110002370559
110002371004
110002371059
110002371068
110002371077
110002371111
110002371120
110002371200
110002371282
110002371497
110002371503
110002371521
110002371558
110002371576
110002371585
110002371601
110002371610
110002371647
110002371656
110002371665
110002371674
110002371683
110002371709
110002371718
110002371727
110002371736
110002371763
110002373271
110002373280
110002373315
110002373333
110002373342
110002373351
110002373388
110002373397
110002373413
110002373422
110002373431
110002374109
110002374136
110002374145
110002374154
110002374163
110002374172
110002374181
110002374190
110002374216
110002375251
110002376303
110002376697
110002376704
110002376848
110002376919
110002376928
110002376937
110002377366
110002377874
110002377883
110002377892
110002377945
110002378034
110002378089
110002378132
110002378150
110002378169
110002378178
110002378187
110002378196
110002378212
110002378221
110002378249
110002378258
110002378329
110002378347
110002378445
110002378579
110002378631
110002378659
110002394579
110002394597
110002394640
110002394695
110002394748
110002394766
110002394775
110002394793
110002395015
110002395042
110002395159
110002395177
110002395186
110002395248
110002395337
110002399020
110002399235
110002399244
110002399271
110002399280
110002407333
110002432449
110002433554
110002434330
110002434358
110002434740
110002434759
110002434768
110002434777
110002434786
110002436098
110002436105
110002436114
110002436686
110002437391
110002437426
110002437827
110002438103
110002438185
110002438372
110002438568
110002438577
110002438586
110002438595
110002438924
110002438960
110002438979
110002438997
110002439022
110002439040
110002439086
110002439095
110002439102
110002439111
110002439120
110002439148
110002439157
110002439166
110002440172
110002440216
110002440341
110002441206
110002441251
110002441279
110002441288
110002441297
110002441304
110002442535
110002442624
110002442633
110002442651
110002442660
110002443785
110002443794
110002443801
110002443810
110002443829
110002443838
110002443874
110002443883
110002443892
110002443918
110002443936
110002443945
110002443954
110002443963
110002443972
110002444016
110002444052
110002444070
110002444089
110002444114
110002444132
110002444178
110002444196
110002444221
110002444551
110002444677
110002444695
110002444702
110002444720
110002444748
110002444775
110002444784
110002445042
110002445051
110002445060
110002445774
110002446684
110002446915
110002447291
110002447335
110002447362
110002447594
110002447665
110002447674
110002447683
110002447718
110002447807
110002447825
110002447861
110002447932
110002447941
110002447950
110002448156
110002448165
110002448174
110002448272
110002449761
110002449896
110002450561
110002450570
110002451383
110002451436
110002451677
110002451917
110002451944
110002451953
110002451980
110002452088
110002452186
110002452462
110002452603
110002452701
110002452756
110002452881
110002452890
110002452916
110002453318
110002453345
110002453390
110002453407
110002453443
110002453470
110002453513
110002453675
110002453684
110002453728
110002453746
110002453755
110002453808
110002453817
110002453862
110002453906
110002453924
110002453933
110002453942
110002453951
110002453960
110002454059
110002454139
110002454148
110002454184
110002454193
110002454344
110002454353
110002454362
110002454371
110002454442
110002454521
110002454576
110002454594
110002454683
110002454718
110002454727
110002454736
110002455012
110002455227
110002455405
110002455487
110002455753
110002456510
110002456538
110002457029
110002458359
110002461620
110002462102
110002462558
110002463067
110002463815
110002464191
110002464208
110002464217
110002464244
110002464253
110002464262
110002464271
110002464280
110002464324
110002464333
110002464351
110002464379
110002464388
110002464397
110002464413
110002464422
110002464440
110002464459
110002464468
110002464477
110002464495
110002464501
110002464510
110002464547
110002464592
110002464618
110002464627
110002464636
110002464645
110002464654
110002464672
110002464681
110002464716
110002464725
110002465369
110002465378
110002465699
110002465975
110002466019
110002466046
110002466055
110002466064
110002466082
110002466153
110002466162
110002466206
110002466215
110002466224
110002466251
110002466670
110002466705
110002466723
110002466732
110002466750
110002466769
110002466778
110002466796
110002466803
110002466812
110002466858
110002466901
110002466938
110002466947
110002466965
110002466974
110002466983
110002466992
110002467009
110002467045
110002467054
110002467063
110002467072
110002467081
110002467107
110002467125
110002467134
110002467143
110002467152
110002467161
110002467170
110002467189
110002467214
110002467223
110002467232
110002467241
110002467303
110002467321
110002467330
110002467349
110002467385
110002467394
110002467410
110002467429
110002467438
110002467447
110002467456
110002467474
110002467483
110002467492
110002467553
110002467562
110002470914
110002470932
110002470941
110002471021
110002471058
110002471094
110002471094
110002471129
110002471156
110002471290
110002471370
110002471398
110002471405
110002471414
110002471487
110002471496
110002471502
110002472002
110002472011
110002472761
110002472949
110002472994
110002473001
110002473029
110002473083
110002473519
110002473573
110002473582
110002473617
110002473635
110002473644
110002473662
110002473671
110002473699
110002473715
110002473724
110002473751
110002473788
110002473797
110002473813
110002473868
110002473886
110002473911
110002473920
110002473939
110002473966
110002473975
110002474019
110002474028
110002474028
110002474037
110002474046
110002474073
110002474082
110002474108
110002474126
110002474144
110002474153
110002474171
110002474199
110002474215
110002474242
110002474251
110002474279
110002474297
110002474313
110002474331
110002474340
110002474359
110002474368
110002474377
110002474386
110002474402
110002474411
110002474420
110002474439
110002474457
110002474466
110002474484
110002474509
110002474518
110002474527
110002474554
110002474563
110002474590
110002474607
110002474625
110002474634
110002474661
110002474698
110002474723
110002474821
110002474876
110002474885
110002474894
110002474901
110002474910
110002474983
110002475054
110002475063
110002475072
110002475081
110002475090
110002475107
110002475134
110002475143
110002475349
110002475367
110002475385
110002475401
110002475410
110002475429
110002475438
110002475447
110002475456
110002475474
110002475483
110002475508
110002475544
110002475553
110002475562
110002475571
110002475651
110002475660
110002475704
110002475713
110002475722
110002475731
110002495345
110002514734
110002514743
110002514752
110002514761
110002514770
110002514789
110002514798
110002514805
110002514814
110002514823
110002514832
110002514841
110002514850
110002514869
110002514878
110002514887
110002514896
110002514903
110002514912
110002514921
110002514930
110002514949
110002514958
110002514967
110002514976
110002514985
110002514994
110002515001
110002515010
110002515029
110002515038
110002515047
110002515065
110002515074
110002515083
110002515092
110002515109
110002515118
110002515127
110002515136
110002515145
110002515154
110002515163
110002515172
110002515181
110002515190
110002515207
110002515216
110002515225
110002515234
110002515243
110002515252
110002515261
110002515270
110002515289
110002515298
110002515305
110002515314
110002515323
110002515332
110002515341
110002515350
110002515369
110002515378
110002515387
110002515396
110002515403
110002515412
110002515421
110002515430
110002515449
110002515458
110002515467
110002515485
110002515494
110002515500
110002515519
110002515528
110002515537
110002515555
110002515564
110002515573
110002515582
110002515591
110002515608
110002515617
110002515626
110002515635
110002515644
110002515653
110002515662
110002515671
110002515680
110002515699
110002515706
110002515715
110002515724
110002515733
110002515742
110002515751
110002515760
110002515779
110002515788
110002515797
110002515804
110002515813
110002515822
110002515831
110002515840
110002515868
110002515877
110002515886
110002515895
110002515902
110002515911
110002515939
110002515948
110002515957
110002515966
110002515975
110002515984
110002515993
110002516000
110002516019
110002516028
110002516037
110002516055
110002516064
110002516073
110002516091
110002516108
110002516117
110002516126
110002516135
110002516144
110002516153
110002516162
110002516171
110002516180
110002516199
110002516206
110002516215
110002516224
110002516233
110002516242
110002516251
110002516260
110002516279
110002516288
110002516297
110002516304
110002516313
110002516322
110002516331
110002516340
110002516359
110002516368
110002516377
110002516402
110002516411
110002516420
110002516439
110002516448
110002516457
110002516466
110002516484
110002516493
110002516509
110002516518
110002516527
110002516536
110002516545
110002516554
110002516563
110002516572
110002516581
110002516590
110002516607
110002516616
110002516625
110002516634
110002516643
110002516652
110002516661
110002516670
110002516689
110002516698
110002516705
110002516714
110002516732
110002516741
110002516750
110002516769
110002516778
110002516787
110002516796
110002516803
110002516812
110002516821
110002516830
110002516849
110002516858
110002516876
110002516885
110002516894
110002516901
110002516910
110002516929
110002516938
110002516947
110002516956
110002516965
110002516974
110002516983
110002516992
110002517009
110002517018
110002517036
110002517054
110002517063
110002517072
110002517081
110002517090
110002517107
110002517116
110002517125
110002517143
110002517152
110002517161
110002517170
110002517198
110002517205
110002517214
110002517223
110002517232
110002517241
110002517250
110002517269
110002517278
110002517287
110002517296
110002517303
110002517321
110002517349
110002517358
110002517367
110002517376
110002517385
110002517394
110002517401
110002517410
110002517429
110002517438
110002517447
110002517456
110002517465
110002517474
110002517483
110002517492
110002517508
110002517517
110002517526
110002517535
110002517544
110002517553
110002517562
110002517571
110002517580
110002517599
110002517606
110002517615
110002517633
110002517642
110002517651
110002517660
110002517679
110002517688
110002517697
110002517704
110002517713
110002517722
110002517731
110002517740
110002517759
110002517768
110002517777
110002517786
110002517795
110002517802
110002517811
110002517820
110002517839
110002517848
110002517857
110002517866
110002517875
110002517884
110002517893
110002517900
110002517919
110002517928
110002517937
110002517955
110002517964
110002517973
110002517982
110002517991
110002518008
110002518017
110002518026
110002518035
110002518044
110002518053
110002518062
110002518071
110002518080
110002518099
110002518106
110002518115
110002518124
110002518133
110002518142
110002518151
110002518160
110002518179
110002518188
110002518197
110002518204
110002518213
110002518222
110002518231
110002518240
110002518259
110002518268
110002518277
110002518286
110002518295
110002518302
110002518311
110002518320
110002518339
110002518348
110002518357
110002518366
110002518384
110002518393
110002518400
110002518419
110002518428
110002518437
110002518446
110002518455
110002518464
110002518473
110002518482
110002518507
110002518525
110002518534
110002518543
110002518552
110002518561
110002518570
110002518589
110002518598
110002518605
110002518614
110002518623
110002518641
110002518650
110002518669
110002518678
110002518687
110002518696
110002518703
110002518721
110002518730
110002518749
110002518758
110002518767
110002518776
110002518794
110002518801
110002518810
110002518829
110002518838
110002518847
110002518856
110002518865
110002518874
110002518883
110002518892
110002518909
110002518918
110002518936
110002518945
110002518954
110002518963
110002518972
110002518981
110002518990
110002519007
110002519016
110002519034
110002519052
110002519061
110002519070
110002519089
110002519098
110002519105
110002519114
110002519123
110002519132
110002519141
110002519150
110002519169
110002519178
110002519187
110002519196
110002519212
110002519221
110002519230
110002519249
110002519258
110002519276
110002519285
110002519294
110002519301
110002519310
110002519329
110002519338
110002519347
110002519356
110002519365
110002519374
110002519383
110002519392
110002519418
110002519427
110002519436
110002519445
110002519454
110002519463
110002519472
110002519481
110002519490
110002519506
110002519515
110002519524
110002519533
110002519542
110002519551
110002519579
110002519588
110002519604
110002519613
110002519622
110002519631
110002519640
110002519659
110002519668
110002519686
110002519695
110002519702
110002519711
110002519720
110002519739
110002519748
110002519757
110002519766
110002519775
110002519784
110002519793
110002519800
110002519828
110002519837
110002519846
110002519855
110002519864
110002519873
110002519882
110002519891
110002519908
110002519917
110002519926
110002519935
