110002519944
110002519953
110002519962
110002519971
110002519980
110002520004
110002520013
110002520022
110002520031
110002520040
110002520059
110002520068
110002520077
110002520086
110002520095
110002520102
110002520120
110002520139
110002520148
110002520157
110002520166
110002520175
110002520184
110002520193
110002520200
110002520228
110002520237
110002520246
110002520255
110002520264
110002520273
110002520282
110002520291
110002520308
110002520317
110002520326
110002520335
110002520344
110002520353
110002520362
110002520371
110002520380
110002520399
110002520406
110002520415
110002520424
110002520433
110002520442
110002520451
110002520460
110002520479
110002520488
110002520497
110002520503
110002520512
110002520521
110002520530
110002520549
110002520558
110002520567
110002520576
110002520585
110002520594
110002520601
110002520610
110002520629
110002520638
110002520647
110002520656
110002520665
110002520674
110002520683
110002520692
110002520709
110002520718
110002520727
110002520736
110002520754
110002520763
110002520772
110002520781
110002520790
110002520807
110002520816
110002520825
110002520834
110002520843
110002520852
110002520861
110002520870
110002520889
110002520898
110002520905
110002520923
110002520932
110002520941
110002520950
110002520969
110002520978
110002520987
110002520996
110002521003
110002521012
110002521021
110002521030
110002521049
110002521058
110002521067
110002521076
110002521085
110002521094
110002521101
110002521110
110002521129
110002521138
110002521147
110002521156
110002521165
110002521174
110002521183
110002521192
110002521209
110002521218
110002521227
110002521236
110002521245
110002521254
110002521263
110002521272
110002521281
110002521290
110002521316
110002521325
110002521334
110002521352
110002521361
110002521370
110002521389
110002521398
110002521405
110002521414
110002521423
110002521432
110002521441
110002521450
110002521469
110002521478
110002521487
110002521496
110002521502
110002521511
110002521520
110002521539
110002521548
110002521557
110002521566
110002521575
110002521584
110002521593
110002521619
110002521628
110002521637
110002521646
110002521655
110002521664
110002521673
110002521691
110002521708
110002521717
110002521726
110002521735
110002521744
110002521762
110002521771
110002521780
110002521799
110002521806
110002521815
110002521824
110002521833
110002521842
110002521851
110002521879
110002521888
110002521897
110002521904
110002521922
110002521931
110002521940
110002521959
110002521968
110002521977
110002521986
110002521995
110002522002
110002522011
110002522020
110002522039
110002522048
110002522057
110002522066
110002522075
110002522084
110002522100
110002522119
110002522128
110002522137
110002522146
110002522155
110002522164
110002522182
110002522191
110002522208
110002522217
110002522226
110002522235
110002522244
110002522253
110002522262
110002522271
110002522280
110002522306
110002522324
110002522333
110002522342
110002522351
110002522360
110002522379
110002522388
110002522397
110002522404
110002522413
110002522422
110002522431
110002522440
110002522459
110002522468
110002522477
110002522495
110002522501
110002522510
110002522529
110002522538
110002522547
110002522556
110002522565
110002522574
110002522583
110002522592
110002522609
110002522618
110002522627
110002522636
110002522654
110002522663
110002522672
110002522681
110002522690
110002522707
110002522716
110002522725
110002522734
110002522743
110002522752
110002522761
110002522770
110002522789
110002522798
110002522805
110002522814
110002522823
110002522832
110002522841
110002522850
110002522869
110002522878
110002522887
110002522896
110002522903
110002522912
110002522921
110002522930
110002522949
110002522958
110002522967
110002522976
110002522985
110002522994
110002523001
110002523010
110002523029
110002523038
110002523047
110002523056
110002523065
110002523074
110002523083
110002523109
110002523118
110002523127
110002523136
110002523145
110002523154
110002523163
110002523172
110002523181
110002523190
110002523207
110002523216
110002523225
110002523234
110002523243
110002523252
110002523261
110002523270
110002523289
110002523298
110002523305
110002523323
110002523332
110002523341
110002523350
110002523369
110002523378
110002523387
110002523403
110002523412
110002523421
110002523430
110002523458
110002523467
110002523476
110002523485
110002523494
110002523500
110002523519
110002523528
110002523537
110002523546
110002523555
110002523564
110002523573
110002523582
110002523591
110002523608
110002523617
110002523626
110002523635
110002523644
110002523653
110002523662
110002523671
110002523680
110002523699
110002523706
110002523715
110002523724
110002523733
110002523742
110002523751
110002523760
110002523779
110002523788
110002523797
110002523804
110002523813
110002523822
110002523831
110002523840
110002523859
110002523868
110002523877
110002523902
110002523911
110002523920
110002523939
110002523948
110002523966
110002523975
110002523984
110002523993
110002524000
110002524019
110002524028
110002524037
110002524055
110002524064
110002524082
110002524091
110002524108
110002524117
110002524135
110002524171
110002524199
110002524206
110002524224
110002524242
110002524251
110002524260
110002524279
110002524304
110002524313
110002524322
110002524331
110002524340
110002524359
110002524368
110002524377
110002524386
110002524395
110002524402
110002524411
110002524420
110002524439
110002524448
110002524457
110002524466
110002524475
110002524484
110002524518
110002524527
110002524536
110002524545
110002524563
110002524572
110002524581
110002524590
110002524607
110002524616
110002524625
110002524634
110002524643
110002524661
110002524689
110002524698
110002524705
110002524714
110002524723
110002524732
110002524741
110002524750
110002524769
110002524787
110002524796
110002524803
110002524821
110002524830
110002524849
110002524867
110002524876
110002524885
110002524901
110002524910
110002524929
110002524938
110002524947
110002524956
110002524965
110002524974
110002524983
110002524992
110002525009
110002525018
110002525036
110002525045
110002525054
110002525072
110002525081
110002525090
110002525107
110002525116
110002525134
110002525143
110002525152
110002525161
110002525189
110002525198
110002525205
110002525214
110002525223
110002525232
110002525241
110002525250
110002525269
110002525278
110002525287
110002525296
110002525303
110002525312
110002525321
110002525330
110002525349
110002525358
110002525367
110002525376
110002525385
110002525394
110002525401
110002525410
110002525438
110002525456
110002525474
110002525483
110002525492
110002525508
110002525517
110002525526
110002525535
110002525544
110002525553
110002525562
110002525571
110002525580
110002525599
110002525606
110002525615
110002525624
110002525633
110002525642
110002525651
110002525660
110002525679
110002525688
110002525697
110002525704
110002525722
110002525731
110002525740
110002525759
110002525768
110002525777
110002525786
110002525795
110002525802
110002525811
110002525820
110002525839
110002525848
110002525857
110002525866
110002525875
110002525884
110002525893
110002525900
110002525919
110002525928
110002525937
110002525946
110002525955
110002525964
110002525973
110002525982
110002525991
110002526008
110002526017
110002526035
110002526044
110002526053
110002526062
110002526071
110002526080
110002526106
110002526115
110002526124
110002526133
110002526151
110002526160
110002526179
110002526197
110002526204
110002526213
110002526222
110002526231
110002526240
110002526259
110002526277
110002526286
110002526295
110002526302
110002526311
110002526320
110002526339
110002526348
110002526357
110002526375
110002526384
110002526393
110002526400
110002526437
110002526446
110002526455
110002526464
110002526473
110002526482
110002526491
110002526507
110002526516
110002526525
110002526534
110002526543
110002526561
110002526570
110002526589
110002526598
110002526605
110002526614
110002526623
110002526632
110002526641
110002526650
110002526687
110002526696
110002526703
110002526712
110002526721
110002526730
110002526749
110002526758
110002526767
110002526776
110002526785
110002526794
110002526801
110002526810
110002526838
110002526847
110002526856
110002526865
110002526874
110002526909
110002526918
110002526927
110002526936
110002526945
110002526954
110002526963
110002526972
110002526981
110002526990
110002527007
110002527016
110002527025
110002527052
110002527061
110002527070
110002527089
110002527105
110002527114
110002527123
110002527132
110002527141
110002527169
110002527178
110002527187
110002527196
110002527203
110002527212
110002527221
110002527230
110002527249
110002527258
110002527276
110002527285
110002527294
110002527301
110002527310
110002527329
110002527338
110002527347
110002527356
110002527365
110002527374
110002527383
110002527392
110002527409
110002527418
110002527427
110002527436
110002527445
110002527454
110002527463
110002527472
110002527481
110002527490
110002527506
110002527515
110002527524
110002527533
110002527551
110002527560
110002527579
110002527597
110002527604
110002527613
110002527622
110002527631
110002527640
110002527659
110002527668
110002527677
110002527686
110002527695
110002527702
110002527739
110002527748
110002527757
110002527766
110002527775
110002527784
110002527793
110002527800
110002527819
110002527828
110002527837
110002527846
110002527855
110002527864
110002527873
110002527882
110002527891
110002527908
110002527917
110002527926
110002527935
110002527944
110002527953
110002527962
110002527971
110002527980
110002527999
110002528006
110002528015
110002528024
110002528033
110002528042
110002528060
110002528079
110002528088
110002528097
110002528104
110002528113
110002528122
110002528131
110002528140
110002528159
110002528168
110002528177
110002528186
110002528195
110002528202
110002528211
110002528220
110002528239
110002528248
110002528257
110002528266
110002528275
110002528284
110002528293
110002528300
110002528319
110002528328
110002528337
110002528346
110002528355
110002528364
110002528373
110002528382
110002528391
110002528417
110002528426
110002528435
110002528444
110002528453
110002528462
110002528471
110002528480
110002528499
110002528505
110002528514
110002528523
110002528532
110002528541
110002528569
110002528578
110002528587
110002528596
110002528612
110002528621
110002528630
110002528649
110002528658
110002528667
110002528676
110002528685
110002528694
110002528701
110002528710
110002528729
110002528738
110002528747
110002528756
110002528765
110002528774
110002528783
110002528792
110002528809
110002528818
110002528827
110002528836
110002528845
110002528854
110002528854
110002528863
110002528872
110002528881
110002528890
110002528907
110002528916
110002528925
110002528934
110002528943
110002528952
110002528961
110002528970
110002528998
110002529005
110002529014
110002529032
110002529041
110002529050
110002529069
110002529078
110002529087
110002529103
110002529112
110002529121
110002529130
110002529149
110002529158
110002529167
110002529176
110002529185
110002529194
110002529201
110002529229
110002529238
110002529247
110002529256
110002529265
110002529274
110002529292
110002529309
110002529318
110002529327
110002529336
110002529345
110002529354
110002529363
110002529372
110002529381
110002529390
110002529407
110002529416
110002529425
110002529434
110002529443
110002529452
110002529461
110002529470
110002529489
110002529498
110002529504
110002529513
110002529531
110002529540
110002529559
110002529568
110002529577
110002529586
110002529595
110002529602
110002529611
110002529620
110002529639
110002529648
110002529657
110002529666
110002529675
110002529684
110002529693
110002529700
110002529719
110002529728
110002529737
110002529746
110002529755
110002529764
110002529773
110002529782
110002529791
110002529808
110002529817
110002529826
110002529835
110002529844
110002529853
110002529862
110002529871
110002529880
110002529899
110002529906
110002529915
110002529924
110002529933
110002529942
110002529951
110002529960
110002529988
110002529997
110002530002
110002530011
110002530020
110002530039
110002530048
110002530057
110002530066
110002530075
110002530084
110002530093
110002530119
110002530128
110002530137
110002530146
110002530155
110002530164
110002530173
110002530182
110002530191
110002530208
110002530235
110002530244
110002530253
110002530262
110002530271
110002530280
110002530299
110002530306
110002530315
110002530324
110002530333
110002530342
110002530351
110002530360
110002530379
110002530388
110002530397
110002530404
110002530422
110002530440
110002530459
110002530468
110002530477
110002530486
110002530495
110002530501
110002530510
110002530529
110002530538
110002530547
110002530556
110002530565
110002530574
110002530592
110002530609
110002530618
110002530627
110002530636
110002530645
110002530654
110002530672
110002530690
110002530707
110002530716
110002530725
110002530734
110002530743
110002530752
110002530761
110002530770
110002530789
110002530798
110002530805
110002530814
110002530823
110002530850
110002530869
110002530878
110002530887
110002530896
