110002530903
110002530912
110002530921
110002530930
110002530949
110002530958
110002530967
110002530976
110002530985
110002530994
110002531001
110002531010
110002531029
110002531038
110002531047
110002531056
110002531065
110002531074
110002531083
110002531092
110002531109
110002531127
110002531136
110002531145
110002531154
110002531172
110002531181
110002531190
110002531207
110002531216
110002531225
110002531234
110002531243
110002531252
110002531261
110002531270
110002531289
110002531298
110002531314
110002531323
110002531332
110002531341
110002531350
110002531369
110002531387
110002531396
110002531403
110002531412
110002531421
110002531430
110002531449
110002531458
110002531467
110002531476
110002531485
110002531494
110002531500
110002531519
110002531528
110002531537
110002531546
110002531555
110002531564
110002531573
110002531582
110002531591
110002531608
110002531617
110002531626
110002531635
110002531644
110002531653
110002531662
110002531671
110002531680
110002531706
110002531715
110002531724
110002531733
110002531751
110002531760
110002531779
110002531788
110002531797
110002531804
110002531813
110002531822
110002531831
110002531840
110002531859
110002531868
110002531877
110002531886
110002531895
110002531911
110002531920
110002531939
110002531948
110002531957
110002531966
110002531975
110002531984
110002531993
110002532000
110002532019
110002532028
110002532037
110002532046
110002532055
110002532064
110002532073
110002532082
110002532091
110002532108
110002532117
110002532126
110002532135
110002532144
110002532153
110002532162
110002532171
110002532215
110002532224
110002532233
110002532242
110002532251
110002532260
110002532279
110002532288
110002532297
110002532304
110002532313
110002532322
110002532331
110002532340
110002532359
110002532368
110002532377
110002532386
110002532395
110002532402
110002532411
110002532420
110002532439
110002532448
110002532457
110002532466
110002532475
110002532484
110002532493
110002532509
110002532518
110002532527
110002532536
110002532554
110002532563
110002532572
110002532581
110002532590
110002532616
110002532625
110002532634
110002532643
110002532652
110002532661
110002532689
110002532698
110002532705
110002532714
110002532723
110002532732
110002532741
110002532750
110002532769
110002532778
110002532787
110002532796
110002532821
110002532830
110002532849
110002532858
110002532867
110002532876
110002532885
110002532894
110002532901
110002532910
110002532929
110002532947
110002532956
110002532965
110002532974
110002532983
110002532992
110002533009
110002533018
110002533036
110002533045
110002533054
110002533063
110002533072
110002533081
110002533090
110002533107
110002533116
110002533125
110002533134
110002533143
110002533152
110002533170
110002533189
110002533198
110002533205
110002533214
110002533223
110002533232
110002533241
110002533250
110002533269
110002533278
110002533287
110002533296
110002533303
110002533312
110002533321
110002533330
110002533349
110002533358
110002533367
110002533376
110002533385
110002533394
110002533401
110002533410
110002533429
110002533438
110002533447
110002533456
110002533465
110002533474
110002533483
110002533492
110002533508
110002533517
110002533526
110002533535
110002533544
110002533553
110002533562
110002533571
110002533580
110002533599
110002533606
110002533615
110002533624
110002533633
110002533642
110002533651
110002533660
110002533679
110002533688
110002533704
110002533713
110002533722
110002533731
110002533740
110002533759
110002533768
110002533777
110002533786
110002533795
110002533811
110002533820
110002533839
110002533848
110002533857
110002533866
110002533875
110002533884
110002533893
110002533900
110002533928
110002533946
110002533955
110002533964
110002533973
110002533982
110002533991
110002534008
110002534017
110002534026
110002534035
110002534044
110002534053
110002534062
110002534071
110002534080
110002534099
110002534106
110002534115
110002534124
110002534133
110002534142
110002534151
110002534160
110002534179
110002534188
110002534197
110002534204
110002534213
110002534222
110002534231
110002534240
110002534259
110002534268
110002534277
110002534295
110002534302
110002534320
110002534339
110002534348
110002534357
110002534366
110002534384
110002534393
110002534400
110002534419
110002534428
110002534437
110002534446
110002534455
110002534464
110002534473
110002534482
110002534491
110002534507
110002534516
110002534525
110002534534
110002534543
110002534552
110002534561
110002534589
110002534598
110002534614
110002534623
110002534632
110002534641
110002534650
110002534669
110002534678
110002534687
110002534696
110002534703
110002534712
110002534721
110002534730
110002534749
110002534758
110002534767
110002534776
110002534785
110002534794
110002534801
110002534810
110002534829
110002534838
110002534847
110002534856
110002534865
110002534874
110002534883
110002534892
110002534909
110002534918
110002534936
110002534945
110002534954
110002534963
110002534972
110002534990
110002535007
110002535016
110002535034
110002535043
110002535052
110002535061
110002535070
110002535089
110002535098
110002535105
110002535114
110002535123
110002535132
110002535141
110002535150
110002535169
110002535178
110002535187
110002535196
110002535203
110002535212
110002535221
110002535230
110002535249
110002535258
110002535267
110002535276
110002535285
110002535294
110002535301
110002535329
110002535356
110002535365
110002535392
110002535409
110002535418
110002535427
110002535436
110002535454
110002535463
110002535472
110002535481
110002535490
110002535506
110002535515
110002535524
110002535533
110002535542
110002535551
110002535560
110002535579
110002535588
110002535597
110002535604
110002535613
110002535622
110002535631
110002535640
110002535659
110002535668
110002535677
110002535686
110002535695
110002535702
110002535711
110002535720
110002535739
110002535748
110002535757
110002535766
110002535775
110002535784
110002535800
110002535819
110002535828
110002535837
110002535846
110002535855
110002535864
110002535873
110002535882
110002535891
110002535908
110002535917
110002535926
110002535935
110002535944
110002535953
110002535962
110002535971
110002535980
110002535999
110002536006
110002536015
110002536024
110002536042
110002536051
110002536060
110002536079
110002536088
110002536097
110002536104
110002536113
110002536122
110002536131
110002536140
110002536159
110002536168
110002536177
110002536195
110002536202
110002536211
110002536220
110002536239
110002536248
110002536257
110002536266
110002536275
110002536284
110002536293
110002536300
110002536319
110002536328
110002536337
110002536346
110002536355
110002536364
110002536373
110002536391
110002536417
110002536426
110002536435
110002536444
110002536453
110002536462
110002536471
110002536480
110002536499
110002536514
110002536523
110002536532
110002536541
110002536550
110002536569
110002536578
110002536587
110002536596
110002536603
110002536621
110002536630
110002536649
110002536658
110002536667
110002536676
110002536685
110002536694
110002536701
110002536710
110002536729
110002536738
110002536756
110002536765
110002536774
110002536783
110002536809
110002536818
110002536827
110002536836
110002536845
110002536854
110002536863
110002536872
110002536881
110002536890
110002536907
110002536916
110002536925
110002536934
110002536943
110002536952
110002536961
110002536970
110002536989
110002536998
110002537005
110002537014
110002537032
110002537041
110002537050
110002537069
110002537078
110002537087
110002537096
110002537103
110002537121
110002537130
110002537158
110002537167
110002537176
110002537185
110002537194
110002537201
110002537229
110002537238
110002537247
110002537256
110002537265
110002537283
110002537292
110002537309
110002537318
110002537336
110002537345
110002537354
110002537363
110002537372
110002537390
110002537407
110002537416
110002537425
110002537434
110002537443
110002537452
110002537461
110002537470
110002537489
110002537498
110002537504
110002537513
110002537522
110002537531
110002537540
110002537559
110002537568
110002537577
110002537586
110002537595
110002537602
110002537611
110002537620
110002537639
110002537648
110002537666
110002537675
110002537684
110002537693
110002537700
110002537719
110002537728
110002537737
110002537746
110002537755
110002537764
110002537782
110002537791
110002537808
110002537817
110002537826
110002537835
110002537844
110002537853
110002537862
110002537871
110002537899
110002537906
110002537915
110002537924
110002537933
110002537942
110002537951
110002537960
110002537979
110002537988
110002537997
110002538004
110002538013
110002538031
110002538040
110002538059
110002538068
110002538077
110002538095
110002538102
110002538111
110002538120
110002538139
110002538148
110002538157
110002538166
110002538175
110002538184
110002538193
110002538200
110002538219
110002538228
110002538237
110002538246
110002538255
110002538264
110002538273
110002538282
110002538291
110002538308
110002538317
110002538326
110002538335
110002538344
110002538353
110002538362
110002538371
110002538380
110002538399
110002538406
110002538415
110002538424
110002538433
110002538451
110002538460
110002538479
110002538497
110002538503
110002538521
110002538530
110002538549
110002538558
110002538567
110002538576
110002538594
110002538601
110002538610
110002538629
110002538638
110002538647
110002538656
110002538665
110002538674
110002538683
110002538692
110002538709
110002538718
110002538727
110002538736
110002538772
110002538790
110002538807
110002538816
110002538825
110002538843
110002538852
110002538861
110002538870
110002538889
110002538898
110002538914
110002538923
110002538932
110002538941
110002538950
110002538969
110002538978
110002538996
110002539003
110002539012
110002539021
110002539049
110002539058
110002539067
110002539076
110002539085
110002539094
110002539101
110002539110
110002539129
110002539138
110002539147
110002539156
110002539165
110002539174
110002539183
110002539192
110002539209
110002539218
110002539227
110002539236
110002539245
110002539254
110002539263
110002539272
110002539281
110002539290
110002539307
110002539316
110002539325
110002539334
110002539343
110002539352
110002539361
110002539370
110002539389
110002539398
110002539405
110002539414
110002539423
110002539432
110002539441
110002539450
110002539469
110002539487
110002539496
110002539502
110002539511
110002539520
110002539539
110002539557
110002539566
110002539584
110002539593
110002539600
110002539619
110002539628
110002539637
110002539646
110002539655
110002539664
110002539673
110002539682
110002539691
110002539726
110002539735
110002539744
110002539753
110002539762
110002539771
110002539780
110002539799
110002539806
110002539815
110002539824
110002539833
110002539842
110002539860
110002539879
110002539888
110002539897
110002539904
110002539913
110002539922
110002539931
110002539940
110002539959
110002539968
110002539986
110002539995
110002540000
110002540019
110002540028
110002540037
110002540046
110002540055
110002540064
110002540073
110002540082
110002540091
110002540108
110002540117
110002540135
110002540144
110002540153
110002540162
110002540171
110002540180
110002540199
110002540206
110002540215
110002540224
110002540242
110002540251
110002540260
110002540279
110002540288
110002540297
110002540304
110002540313
110002540322
110002540331
110002540340
110002540359
110002540368
110002540377
110002540386
110002540395
110002540402
110002540411
110002540420
110002540439
110002540448
110002540457
110002540466
110002540475
110002540484
110002540493
110002540509
110002540518
110002540527
110002540536
110002540545
110002540554
110002540563
110002540572
110002540590
110002540607
110002540616
110002540625
110002540634
110002540643
110002540652
110002540661
110002540670
110002540689
110002540698
110002540714
110002540723
110002540732
110002540741
110002540750
110002540769
110002540778
110002540787
110002540796
110002540803
110002540812
110002540821
110002540830
110002540849
110002540858
110002540867
110002540876
110002540885
110002540894
110002540910
110002540929
110002540938
110002540947
110002540956
110002540965
110002540974
110002540983
110002540992
110002541009
110002541018
110002541036
110002541045
110002541054
110002541063
110002541081
110002541090
110002541107
110002541116
110002541125
110002541134
110002541152
110002541161
110002541170
110002541189
110002541198
110002541205
110002541214
110002541223
110002541232
110002541241
110002541250
110002541278
110002541287
110002541296
110002541303
110002541312
110002541321
110002541330
110002541349
110002541358
110002541367
110002541376
110002541385
110002541394
110002541401
110002541410
110002541429
110002541438
110002541447
110002541456
110002541465
110002541474
110002541483
110002541492
110002541508
110002541517
110002541526
110002541535
110002541544
110002541553
110002541562
110002541571
110002541599
110002541606
110002541615
110002541642
110002541651
110002541660
110002541679
110002541688
110002541697
110002541704
110002541713
110002541722
110002541731
110002541740
110002541768
110002541777
110002541786
