110002541795
110002541802
110002541811
110002541820
110002541848
110002541857
110002541866
110002541884
110002541893
110002541900
110002541919
110002541937
110002541946
110002541955
110002541964
110002541973
110002541982
110002541991
110002542008
110002542017
110002542026
110002542035
110002542044
110002542053
110002542062
110002542071
110002542080
110002542099
110002542106
110002542115
110002542124
110002542133
110002542142
110002542160
110002542179
110002542197
110002542204
110002542213
110002542222
110002542259
110002542268
110002542277
110002542286
110002542311
110002542320
110002542339
110002542348
110002542357
110002542366
110002542375
110002542384
110002542393
110002542400
110002542419
110002542428
110002542437
110002542446
110002542455
110002542464
110002542473
110002542482
110002542491
110002542507
110002542516
110002542534
110002542543
110002542552
110002542561
110002542570
110002542589
110002542598
110002542605
110002542614
110002542623
110002542632
110002542641
110002542650
110002542678
110002542687
110002542696
110002542703
110002542712
110002542721
110002542730
110002542749
110002542776
110002542785
110002542794
110002542801
110002542810
110002542829
110002542838
110002542847
110002542856
110002542865
110002542874
110002542883
110002542909
110002542918
110002542927
110002542936
110002542945
110002542954
110002542963
110002542972
110002542990
110002543016
110002543034
110002543043
110002543052
110002543061
110002543089
110002543098
110002543105
110002543114
110002543123
110002543132
110002543141
110002543150
110002543169
110002543178
110002543187
110002543196
110002543203
110002543212
110002543221
110002543230
110002543249
110002543267
110002543276
110002543285
110002543294
110002543301
110002543310
110002543329
110002543338
110002543347
110002543356
110002543365
110002543374
110002543383
110002543392
110002543409
110002543418
110002543427
110002543436
110002543445
110002543454
110002543463
110002543472
110002543481
110002543490
110002543506
110002543515
110002543524
110002543533
110002543542
110002543551
110002543560
110002543579
110002543588
110002543597
110002543604
110002543622
110002543631
110002543640
110002543659
110002543668
110002543677
110002543695
110002543702
110002543711
110002543720
110002543739
110002543748
110002543757
110002543766
110002543775
110002543784
110002543793
110002543800
110002543819
110002543828
110002543837
110002543846
110002543855
110002543864
110002543873
110002543882
110002543891
110002543908
110002543917
110002543935
110002543944
110002543953
110002543971
110002543999
110002544006
110002544015
110002544024
110002544033
110002544042
110002544051
110002544060
110002544079
110002544088
110002544097
110002544104
110002544113
110002544122
110002544140
110002544159
110002544168
110002544177
110002544186
110002544195
110002544211
110002544220
110002544239
110002544248
110002544257
110002544266
110002544275
110002544284
110002544293
110002544300
110002544319
110002544328
110002544337
110002544346
110002544364
110002544373
110002544391
110002544408
110002544417
110002544426
110002544435
110002544444
110002544453
110002544462
110002544480
110002544499
110002544505
110002544514
110002544523
110002544532
110002544541
110002544550
110002544569
110002544578
110002544587
110002544596
110002544603
110002544612
110002544621
110002544630
110002544649
110002544658
110002544667
110002544676
110002544685
110002544694
110002544701
110002544710
110002544738
110002544747
110002544756
110002544765
110002544774
110002544783
110002544792
110002544818
110002544827
110002544836
110002544845
110002544854
110002544863
110002544890
110002544907
110002544916
110002544925
110002544934
110002544943
110002544961
110002544970
110002544989
110002544998
110002545005
110002545014
110002545041
110002545050
110002545069
110002545078
110002545096
110002545103
110002545121
110002545130
110002545149
110002545158
110002545176
110002545194
110002545201
110002545210
110002545229
110002545238
110002545247
110002545256
110002545265
110002545274
110002545283
110002545292
110002545309
110002545336
110002545345
110002545354
110002545372
110002545381
110002545390
110002545416
110002545425
110002545434
110002545443
110002545452
110002545470
110002545489
110002545498
110002545504
110002545513
110002545522
110002545531
110002545540
110002545559
110002545568
110002545577
110002545586
110002545595
110002545602
110002545611
110002545620
110002545639
110002545648
110002545657
110002545666
110002545675
110002545684
110002545693
110002545700
110002545719
110002545728
110002545737
110002545746
110002545755
110002545764
110002545773
110002545782
110002545791
110002545808
110002545835
110002545844
110002545853
110002545862
110002545871
110002545880
110002545899
110002545906
110002545915
110002545924
110002545933
110002545942
110002545951
110002545960
110002545979
110002545988
110002545997
110002546004
110002546013
110002546022
110002546031
110002546040
110002546059
110002546068
110002546077
110002546086
110002546102
110002546111
110002546120
110002546139
110002546148
110002546157
110002546166
110002546175
110002546184
110002546193
110002546200
110002546219
110002546228
110002546237
110002546246
110002546255
110002546264
110002546273
110002546282
110002546291
110002546308
110002546317
110002546326
110002546335
110002546344
110002546353
110002546362
110002546371
110002546380
110002546399
110002546406
110002546415
110002546424
110002546433
110002546442
110002546451
110002546460
110002546479
110002546488
110002546497
110002546503
110002546512
110002546521
110002546530
110002546549
110002546558
110002546567
110002546576
110002546585
110002546594
110002546601
110002546610
110002546629
110002546638
110002546647
110002546656
110002546665
110002546674
110002546683
110002546692
110002546709
110002546718
110002546727
110002546736
110002546745
110002546754
110002546763
110002546772
110002546781
110002546790
110002546807
110002546816
110002546825
110002546843
110002546852
110002546861
110002546870
110002546898
110002546905
110002546914
110002546923
110002546932
110002546941
110002546950
110002546969
110002546978
110002546987
110002546996
110002547003
110002547012
110002547021
110002547030
110002547058
110002547067
110002547076
110002547085
110002547094
110002547101
110002547110
110002547129
110002547138
110002547147
110002547156
110002547174
110002547183
110002547209
110002547218
110002547227
110002547236
110002547245
110002547254
110002547272
110002547290
110002547307
110002547316
110002547334
110002547343
110002547352
110002547361
110002547370
110002547389
110002547414
110002547423
110002547432
110002547441
110002547450
110002547469
110002547478
110002547487
110002547496
110002547502
110002547511
110002547520
110002547539
110002547548
110002547557
110002547575
110002547584
110002547593
110002547600
110002547619
110002547628
110002547637
110002547646
110002547655
110002547664
110002547673
110002547682
110002547691
110002547726
110002547744
110002547753
110002547762
110002547771
110002547780
110002547799
110002547806
110002547815
110002547824
110002547842
110002547851
110002547860
110002547879
110002547897
110002547904
110002547913
110002547922
110002547931
110002547940
110002547959
110002547968
110002547977
110002547986
110002547995
110002548002
110002548011
110002548020
110002548039
110002548048
110002548057
110002548066
110002548075
110002548084
110002548093
110002548100
110002548119
110002548128
110002548137
110002548146
110002548155
110002548164
110002548173
110002548182
110002548191
110002548208
110002548217
110002548226
110002548235
110002548244
110002548253
110002548262
110002548271
110002548280
110002548299
110002548306
110002548315
110002548324
110002548333
110002548342
110002548351
110002548360
110002548379
110002548388
110002548397
110002548404
110002548413
110002548422
110002548431
110002548459
110002548468
110002548477
110002548486
110002548495
110002548501
110002548510
110002548529
110002548538
110002548547
110002548556
110002548574
110002548583
110002548592
110002548609
110002548618
110002548627
110002548636
110002548645
110002548663
110002548672
110002548681
110002548690
110002548707
110002548716
110002548725
110002548734
110002548743
110002548752
110002548761
110002548770
110002548789
110002548798
110002548805
110002548814
110002548823
110002548841
110002548850
110002548878
110002548887
110002548896
110002548903
110002548912
110002548921
110002548930
110002548949
110002548958
110002548967
110002548976
110002548985
110002548994
110002549001
110002549010
110002549029
110002549047
110002549056
110002549065
110002549074
110002549083
110002549092
110002549109
110002549118
110002549136
110002549145
110002549154
110002549163
110002549172
110002549181
110002549190
110002549207
110002549216
110002549234
110002549243
110002549252
110002549261
110002549270
110002549289
110002549298
110002549305
110002549314
110002549323
110002549332
110002549341
110002549350
110002549369
110002549378
110002549387
110002549396
110002549403
110002549412
110002549421
110002549430
110002549449
110002549458
110002549467
110002549485
110002549494
110002549519
110002549528
110002549537
110002549546
110002549555
110002549564
110002549573
110002549582
110002549591
110002549608
110002549617
110002549626
110002549635
110002549644
110002549653
110002549662
110002549671
110002549680
110002549699
110002549706
110002549715
110002549724
110002549733
110002549742
110002549751
110002549760
110002549779
110002549797
110002549804
110002549813
110002549822
110002549831
110002549840
110002549859
110002549868
110002549877
110002549886
110002549895
110002549902
110002549911
110002549920
110002549939
110002549948
110002549957
110002549966
110002549984
110002549993
110002550007
110002550016
110002550025
110002550034
110002550043
110002550052
110002550061
110002550070
110002550089
110002550098
110002550105
110002550114
110002550123
110002550132
110002550141
110002550150
110002550169
110002550178
110002550187
110002550196
110002550203
110002550212
110002550221
110002550230
110002550249
110002550258
110002550267
110002550276
110002550285
110002550294
110002550301
110002550310
110002550329
110002550347
110002550356
110002550365
110002550374
110002550383
110002550392
110002550409
110002550418
110002550427
110002550436
110002550445
110002550454
110002550463
110002550472
110002550481
110002550490
110002550506
110002550515
110002550524
110002550533
110002550542
110002550551
110002550560
110002550579
110002550588
110002550597
110002550604
110002550622
110002550631
110002550640
110002550659
110002550668
110002550677
110002550686
110002550695
110002550702
110002550711
110002550720
110002550739
110002550748
110002550757
110002550766
110002550775
110002550784
110002550793
110002550800
110002550828
110002550837
110002550855
110002550864
110002550873
110002550882
110002550891
110002550908
110002550917
110002550926
110002550935
110002550944
110002550953
110002550962
110002550971
110002550980
110002550999
110002551006
110002551015
110002551024
110002551033
110002551042
110002551051
110002551060
110002551079
110002551088
110002551097
110002551104
110002551113
110002551122
110002551131
110002551159
110002551168
110002551177
110002551186
110002551195
110002551202
110002551211
110002551220
110002551239
110002551248
110002551257
110002551266
110002551275
110002551284
110002551293
110002551300
110002551319
110002551328
110002551337
110002551346
110002551355
110002551364
110002551373
110002551382
110002551391
110002551408
110002551417
110002551426
110002551435
110002551444
110002551453
110002551462
110002551471
110002551480
110002551499
110002551505
110002551514
110002551523
110002551532
110002551541
110002551550
110002551569
110002551578
110002551587
110002551596
110002551603
110002551612
110002551621
110002551630
110002551649
110002551658
110002551667
110002551676
110002551685
110002551694
110002551701
110002551710
110002551729
110002551738
110002551747
110002551756
110002551765
110002551774
110002551783
110002551792
110002551809
110002551818
110002551827
110002551836
110002551845
110002551854
110002551863
110002551872
110002551881
110002551907
110002551916
110002551925
110002551934
110002551943
110002551952
110002551961
110002551970
110002551989
110002551998
110002552005
110002552014
110002552023
110002552032
110002552041
110002552050
110002552069
110002552078
110002552087
110002552096
110002552103
110002552112
110002552121
110002552130
110002552149
110002552158
110002552167
110002552176
110002552185
110002552194
110002552201
110002552210
110002552229
110002552238
110002552247
110002552256
110002552265
110002552283
110002552292
110002552309
110002552318
110002552327
110002552336
110002552345
110002552354
110002552363
110002552372
110002552381
110002552390
110002552407
110002552416
110002552425
110002552434
110002552443
110002552452
110002552470
110002552489
110002552504
110002552513
110002552522
110002552531
110002552540
110002552559
110002552568
110002552577
110002552586
110002552595
110002552602
110002552611
110002552620
110002552648
