110002552657
110002552666
110002552675
110002552684
110002552693
110002552700
110002552719
110002552728
110002552737
110002552746
110002552755
110002552764
110002552773
110002552782
110002552791
110002552808
110002552817
110002552826
110002552835
110002552844
110002552853
110002552862
110002552880
110002552899
110002552906
110002552915
110002552933
110002552942
110002552960
110002552979
110002552988
110002552997
110002553004
110002553013
110002553031
110002553040
110002553059
110002553068
110002553077
110002553086
110002553095
110002553102
110002553111
110002553120
110002553139
110002553148
110002553157
110002553166
110002553175
110002553184
110002553193
110002553200
110002553219
110002553228
110002553237
110002553246
110002553264
110002553273
110002553282
110002553291
110002553308
110002553317
110002553326
110002553335
110002553344
110002553353
110002553362
110002553371
110002553380
110002553399
110002553406
110002553415
110002553424
110002553433
110002553442
110002553451
110002553460
110002553479
110002553488
110002553497
110002553503
110002553512
110002553521
110002553530
110002553549
110002553558
110002553567
110002553576
110002553585
110002553594
110002553601
110002553610
110002553629
110002553638
110002553656
110002553665
110002553674
110002553683
110002553692
110002553709
110002553718
110002553727
110002553736
110002553745
110002553754
110002553763
110002553772
110002553781
110002553790
110002553807
110002553825
110002553834
110002553843
110002553852
110002553861
110002553870
110002553889
110002553898
110002553905
110002553914
110002553923
110002553932
110002553941
110002553950
110002553969
110002553978
110002553987
110002553996
110002554003
110002554012
110002554021
110002554030
110002554049
110002554067
110002554076
110002554085
110002554094
110002554101
110002554110
110002554129
110002554138
110002554147
110002554156
110002554165
110002554174
110002554183
110002554192
110002554209
110002554218
110002554227
110002554236
110002554245
110002554254
110002554272
110002554281
110002554290
110002554307
110002554316
110002554325
110002554334
110002554343
110002554352
110002554361
110002554370
110002554389
110002554398
110002554405
110002554414
110002554423
110002554432
110002554441
110002554450
110002554469
110002554478
110002554487
110002554496
110002554502
110002554511
110002554520
110002554539
110002554548
110002554566
110002554575
110002554584
110002554593
110002554600
110002554619
110002554628
110002554637
110002554646
110002554655
110002554664
110002554673
110002554682
110002554691
110002554708
110002554717
110002554726
110002554735
110002554744
110002554753
110002554762
110002554771
110002554780
110002554799
110002554806
110002554815
110002554824
110002554833
110002554851
110002554860
110002554879
110002554888
110002554904
110002554931
110002554940
110002554959
110002554968
110002554977
110002554986
110002554995
110002555011
110002555020
110002555039
110002555048
110002555057
110002555066
110002555075
110002555084
110002555093
110002555100
110002555119
110002555128
110002555137
110002555146
110002555155
110002555164
110002555173
110002555182
110002555191
110002555208
110002555217
110002555226
110002555235
110002555244
110002555253
110002555262
110002555271
110002555280
110002555299
110002555306
110002555315
110002555324
110002555333
110002555342
110002555351
110002555360
110002555379
110002555388
110002555397
110002555404
110002555413
110002555422
110002555431
110002555440
110002555459
110002555468
110002555477
110002555486
110002555495
110002555501
110002555510
110002555529
110002555556
110002555565
110002555574
110002555583
110002555592
110002555609
110002555618
110002555636
110002555645
110002555654
110002555663
110002555672
110002555690
110002555707
110002555716
110002555725
110002555734
110002555743
110002555752
110002555761
110002555770
110002555789
110002555798
110002555805
110002555814
110002555823
110002555832
110002555841
110002555850
110002555869
110002555878
110002555887
110002555903
110002555912
110002555921
110002555930
110002555949
110002555958
110002555967
110002555976
110002555985
110002555994
110002556001
110002556010
110002556029
110002556038
110002556056
110002556065
110002556074
110002556083
110002556109
110002556118
110002556127
110002556136
110002556145
110002556154
110002556163
110002556172
110002556181
110002556190
110002556207
110002556216
110002556225
110002556234
110002556243
110002556252
110002556261
110002556270
110002556289
110002556298
110002556305
110002556314
110002556323
110002556332
110002556341
110002556350
110002556369
110002556378
110002556387
110002556396
110002556412
110002556421
110002556430
110002556449
110002556458
110002556467
110002556485
110002556494
110002556500
110002556519
110002556528
110002556546
110002556555
110002556564
110002556573
110002556582
110002556591
110002556617
110002556626
110002556635
110002556644
110002556653
110002556662
110002556671
110002556680
110002556699
110002556706
110002556715
110002556724
110002556733
110002556742
110002556751
110002556760
110002556779
110002556788
110002556797
110002556804
110002556813
110002556822
110002556831
110002556840
110002556859
110002556868
110002556877
110002556886
110002556895
110002556902
110002556911
110002556920
110002556939
110002556948
110002556957
110002556975
110002556984
110002556993
110002557000
110002557019
110002557028
110002557037
110002557046
110002557055
110002557064
110002557091
110002557108
110002557117
110002557126
110002557135
110002557153
110002557162
110002557171
110002557180
110002557199
110002557206
110002557215
110002557224
110002557233
110002557242
110002557251
110002557260
110002557279
110002557288
110002557297
110002557304
110002557313
110002557322
110002557331
110002557340
110002557359
110002557377
110002557386
110002557395
110002557402
110002557411
110002557420
110002557439
110002557448
110002557457
110002557466
110002557475
110002557484
110002557493
110002557509
110002557518
110002557527
110002557545
110002557554
110002557563
110002557572
110002557581
110002557590
110002557607
110002557616
110002557634
110002557643
110002557652
110002557661
110002557670
110002557689
110002557698
110002557705
110002557714
110002557723
110002557732
110002557741
110002557750
110002557769
110002557778
110002557787
110002557796
110002557803
110002557812
110002557821
110002557830
110002557849
110002557858
110002557867
110002557876
110002557885
110002557894
110002557901
110002557910
110002557929
110002557938
110002557947
110002557956
110002557965
110002557974
110002557983
110002557992
110002558009
110002558018
110002558027
110002558036
110002558045
110002558054
110002558063
110002558072
110002558081
110002558107
110002558116
110002558125
110002558134
110002558143
110002558152
110002558161
110002558170
110002558189
110002558198
110002558205
110002558214
110002558223
110002558232
110002558241
110002558250
110002558269
110002558278
110002558287
110002558303
110002558312
110002558330
110002558349
110002558358
110002558367
110002558376
110002558385
110002558394
110002558401
110002558429
110002558438
110002558447
110002558456
110002558465
110002558474
110002558483
110002558492
110002558508
110002558526
110002558535
110002558544
110002558553
110002558562
110002558571
110002558599
110002558606
110002558615
110002558624
110002558633
110002558642
110002558651
110002558660
110002558679
110002558704
110002558722
110002558731
110002558740
110002558759
110002558768
110002558777
110002558786
110002558795
110002558802
110002558811
110002558820
110002558839
110002558848
110002558857
110002558866
110002558875
110002558884
110002558893
110002558900
110002558919
110002558937
110002558946
110002558955
110002558964
110002558973
110002558982
110002558991
110002559008
110002559017
110002559026
110002559035
110002559044
110002559053
110002559062
110002559071
110002559080
110002559099
110002559106
110002559115
110002559124
110002559133
110002559142
110002559151
110002559160
110002559179
110002559188
110002559197
110002559204
110002559213
110002559222
110002559231
110002559240
110002559259
110002559268
110002559277
110002559286
110002559295
110002559320
110002559339
110002559348
110002559357
110002559366
110002559375
110002559384
110002559393
110002559400
110002559419
110002559428
110002559437
110002559446
110002559455
110002559464
110002559473
110002559482
110002559491
110002559516
110002559525
110002559534
110002559552
110002559561
110002559570
110002559589
110002559598
110002559605
110002559614
110002559623
110002559632
110002559641
110002559650
110002559669
110002559678
110002559687
110002559696
110002559703
110002559712
110002559721
110002559730
110002559758
110002559767
110002559776
110002559785
110002559794
110002559801
110002559810
110002559829
110002559838
110002559847
110002559856
110002559865
110002559874
110002559883
110002559892
110002559909
110002559918
110002559927
110002559936
110002559945
110002559954
110002559963
110002559972
110002559981
110002559990
110002560005
110002560014
110002560023
110002560032
110002560041
110002560050
110002560069
110002560078
110002560087
110002560096
110002560103
110002560112
110002560121
110002560130
110002560149
110002560158
110002560167
110002560176
110002560194
110002560201
110002560210
110002560229
110002560238
110002560247
110002560256
110002560265
110002560274
110002560283
110002560292
110002560309
110002560327
110002560336
110002560345
110002560354
110002560363
110002560372
110002560381
110002560390
110002560407
110002560416
110002560425
110002560434
110002560443
110002560452
110002560461
110002560470
110002560489
110002560498
110002560504
110002560513
110002560522
110002560540
110002560559
110002560568
110002560577
110002560586
110002560595
110002560602
110002560620
110002560639
110002560648
110002560657
110002560666
110002560675
110002560693
110002560700
110002560719
110002560728
110002560737
110002560746
110002560755
110002560764
110002560773
110002560782
110002560791
110002560808
110002560817
110002560826
110002560835
110002560844
110002560862
110002560871
110002560880
110002560906
110002560915
110002560924
110002560933
110002560942
110002560951
110002560960
110002560979
110002560988
110002560997
110002561004
110002561013
110002561031
110002561040
110002561059
110002561068
110002561077
110002561086
110002561095
110002561102
110002561111
110002561120
110002561139
110002561148
110002561157
110002561166
110002561175
110002561184
110002561193
110002561200
110002561219
110002561228
110002561237
110002561255
110002561264
110002561273
110002561291
110002561308
110002561317
110002561326
110002561335
110002561344
110002561353
110002561362
110002561371
110002561380
110002561399
110002561406
110002561415
110002561424
110002561433
110002561442
110002561451
110002561460
110002561488
110002561497
110002561503
110002561512
110002561521
110002561530
110002561558
110002561576
110002561585
110002561594
110002561601
110002561610
110002561629
110002561638
110002561647
110002561656
110002561665
110002561674
110002561683
110002561692
110002561709
110002561718
110002561727
110002561736
110002561745
110002561754
110002561763
110002561772
110002561781
110002561790
110002561807
110002561816
110002561825
110002561834
110002561843
110002561870
110002561889
110002561898
110002561914
110002561923
110002561932
110002561941
110002561978
110002561987
110002561996
110002562003
110002562012
110002562021
110002562049
110002562058
110002562067
110002562076
110002562085
110002562094
110002562101
110002562110
110002562129
110002562138
110002562147
110002562156
110002562165
110002562174
110002562183
110002562192
110002562209
110002562218
110002562227
110002562236
110002562245
110002562254
110002562263
110002562272
110002562281
110002562290
110002562307
110002562316
110002562325
110002562334
110002562343
110002562352
110002562361
110002562370
110002562398
110002562405
110002562423
110002562432
110002562441
110002562450
110002562469
110002562478
110002562487
110002562496
110002562502
110002562511
110002562520
110002562539
110002562548
110002562557
110002562566
110002562575
110002562584
110002562593
110002562600
110002562619
110002562628
110002562637
110002562646
110002562655
110002562664
110002562673
110002562682
110002562717
110002562726
110002562735
110002562744
110002562753
110002562762
110002562771
110002562780
110002562799
110002562806
110002562815
110002562833
110002562842
110002562851
110002562860
110002562879
110002562888
110002562897
110002562904
110002562913
110002562931
110002562940
110002562959
110002562968
110002562977
110002562986
110002563002
110002563011
110002563020
110002563039
110002563048
110002563057
110002563066
110002563075
110002563084
110002563093
110002563100
110002563119
110002563128
110002563137
110002563146
110002563155
110002563164
110002563173
110002563182
110002563191
110002563208
110002563217
110002563226
110002563235
110002563244
110002563253
110002563262
110002563271
110002563280
110002563299
110002563306
110002563315
110002563324
110002563333
110002563342
110002563351
110002563360
110002563379
110002563388
