110002563397
110002563404
110002563413
110002563431
110002563440
110002563459
110002563468
110002563477
110002563486
110002563495
110002563501
110002563510
110002563529
110002563538
110002563547
110002563556
110002563565
110002563574
110002563583
110002563592
110002563609
110002563618
110002563627
110002563636
110002563645
110002563654
110002563663
110002563672
110002563681
110002563690
110002563707
110002563716
110002563725
110002563743
110002563752
110002563761
110002563770
110002563789
110002563798
110002563805
110002563814
110002563823
110002563832
110002563841
110002563850
110002563869
110002563878
110002563887
110002563896
110002563912
110002563921
110002563930
110002563949
110002563958
110002563967
110002563976
110002563985
110002563994
110002564001
110002564029
110002564038
110002564047
110002564056
110002564065
110002564074
110002564083
110002564092
110002564109
110002564118
110002564127
110002564136
110002564145
110002564154
110002564163
110002564172
110002564181
110002564207
110002564216
110002564225
110002564234
110002564243
110002564252
110002564270
110002564289
110002564298
110002564314
110002564323
110002564332
110002564341
110002564369
110002564378
110002564387
110002564396
110002564403
110002564412
110002564421
110002564430
110002564449
110002564458
110002564467
110002564476
110002564485
110002564494
110002564500
110002564519
110002564528
110002564537
110002564546
110002564555
110002564564
110002564573
110002564582
110002564591
110002564608
110002564617
110002564626
110002564644
110002564653
110002564662
110002564671
110002564680
110002564706
110002564715
110002564724
110002564733
110002564742
110002564751
110002564779
110002564788
110002564797
110002564804
110002564813
110002564822
110002564831
110002564840
110002564859
110002564868
110002564877
110002564886
110002564895
110002564902
110002564911
110002564920
110002564939
110002564948
110002564957
110002564966
110002564975
110002564984
110002564993
110002565000
110002565028
110002565046
110002565073
110002565082
110002565108
110002565117
110002565126
110002565135
110002565144
110002565153
110002565162
110002565171
110002565180
110003021747
110003021756
110003021774
110003021783
110003021809
110003021818
110003021827
110003021845
110003021854
110003021863
110003021872
110003021890
110003021907
110003021916
110003021934
110003021943
110003021970
110003021989
110003022005
110003022032
110003022041
110003022050
110003022069
110003022078
110003022087
110003022096
110003022103
110003022112
110003022121
110003022130
110003022149
110003022158
110003022176
110003022185
110003022194
110003022201
110003022210
110003022229
110003022238
110003022256
110003022265
110003022274
110003022283
110003022292
110003022318
110003022327
110003022336
110003022345
110003022363
110003022372
110003022390
110003022434
110003022452
110003022470
110003022489
110003022504
110003022513
110003022522
110003022531
110003022559
110003022568
110003022577
110003022586
110003022595
110003022602
110003022620
110003022639
110003022648
110003022657
110003022666
110003022675
110003022684
110003022693
110003022700
110003022728
110003022737
110003022746
110003022755
110003022764
110003022773
110003022782
110003022808
110003022817
110003022826
110003022835
110003022844
110003022871
110003022880
110003022899
110003022906
110003022915
110003022924
110003022933
110003022942
110003022951
110003022960
110003022988
110003022997
110003023004
110003023013
110003023022
110003023031
110003023040
110003023059
110003023068
110003023077
110003023086
110003023095
110003023102
110003023111
110003023139
110003023148
110003023157
110003023166
110003023175
110003023184
110003023193
110003023200
110003023219
110003023228
110003023237
110003023246
110003023255
110003023264
110003023273
110003023291
110003023308
110003023317
110003023326
110003023362
110003023371
110003023380
110003023424
110003023451
110003023460
110003023497
110003023503
110003023512
110003023521
110003023549
110003023558
110003023576
110003023585
110003023601
110003023629
110003023638
110003023647
110003023656
110003023665
110003023683
110003023692
110003023709
110003023718
110003023727
110003023736
110003023754
110003023763
110003023781
110003023825
110003023834
110003023843
110003023852
110003023861
110003023870
110003023889
110003023898
110003023905
110003023914
110003023923
110003023932
110003023941
110003023950
110003023969
110003023978
110003024003
110003024012
110003024021
110003024030
110003024049
110003024058
110003024067
110003024076
110003024085
110003024094
110003024101
110003024110
110003024129
110003024138
110003024147
110003024156
110003024165
110003024174
110003024183
110003024192
110003024218
110003024236
110003024245
110003024254
110003024281
110003024290
110003024307
110003024316
110003024325
110003024334
110003024343
110003024352
110003024361
110003024370
110003024389
110003024398
110003024414
110003024432
110003024441
110003024450
110003024469
110003024478
110003024487
110003024496
110003024502
110003024511
110003024520
110003024539
110003024557
110003024566
110003024575
110003024584
110003024593
110003024600
110003024619
110003024628
110003024637
110003024646
110003024664
110003024673
110003024691
110003024708
110003024717
110003024726
110003024744
110003024753
110003024762
110003024780
110003024799
110003024806
110003024815
110003024824
110003024833
110003024842
110003024860
110003024879
110003024897
110003024904
110003024922
110003024940
110003024959
110003024968
110003024977
110003024986
110003024995
110003025002
110003025011
110003025020
110003025039
110003025048
110003025057
110003025066
110003025075
110003025084
110003025093
110003025119
110003025128
110003025137
110003025146
110003025155
110003025164
110003025173
110003025182
110003025191
110003025208
110003025217
110003025226
110003025235
110003025253
110003025262
110003025271
110003025299
110003025306
110003025315
110003025324
110003025333
110003025351
110003025360
110003025379
110003025388
110003025397
110003025404
110003025413
110003025422
110003025431
110003025440
110003025459
110003025468
110003025477
110003025486
110003025495
110003025501
110003025510
110003025529
110003025538
110003025547
110003025556
110003025565
110003025574
110003025583
110003025592
110003025609
110003025618
110003025627
110003025636
110003025645
110003025654
110003025663
110003025672
110003025681
110003025690
110003025707
110003025716
110003025725
110003025734
110003025743
110003025752
110003025761
110003025770
110003025789
110003025798
110003025805
110003025814
110003025823
110003025832
110003025850
110003025869
110003025878
110003025887
110003025896
110003025903
110003025912
110003025921
110003025930
110003025949
110003025967
110003025976
110003025985
110003025994
110003026001
110003026010
110003026029
110003026038
110003026047
110003026056
110003026065
110003026074
110003026083
110003026109
110003026118
110003026127
110003026136
110003026145
110003026154
110003026163
110003026172
110003026190
110003026207
110003026216
110003026225
110003026234
110003026243
110003026252
110003026261
110003026270
110003026289
110003026298
110003026305
110003026314
110003026323
110003026332
110003026341
110003026350
110003026369
110003026378
110003026387
110003026403
110003026412
110003026421
110003026430
110003026449
110003026458
110003026467
110003026476
110003026485
110003026494
110003026519
110003026528
110003026537
110003026555
110003026564
110003026573
110003026582
110003026591
110003026608
110003026626
110003026635
110003026653
110003026662
110003026671
110003026680
110003026699
110003026706
110003026715
110003026724
110003026742
110003026751
110003026760
110003026779
110003026788
110003026797
110003026804
110003026813
110003026831
110003026840
110003026859
110003026868
110003026877
110003026886
110003026902
110003026911
110003026920
110003026939
110003026948
110003026957
110003026975
110003026984
110003026993
110003027000
110003027019
110003027037
110003027046
110003027073
110003027082
110003027091
110003027117
110003027126
110003027135
110003027144
110003027153
110003027162
110003027171
110003027199
110003027251
110003027279
110003027313
110003027359
110003027377
110003027395
110003027411
110003027420
110003027439
110003027448
110003027475
110003027484
110003027493
110003027509
110003027518
110003027527
110003027536
110003027545
110003027563
110003027572
110003027581
110003027590
110003027616
110003027634
110003027643
110003027652
110003027661
110003027670
110003027689
110003027723
110003027732
110003027741
110003027750
110003027769
110003027778
110003027787
110003027796
110003027803
110003027812
110003027821
110003027830
110003027849
110003027858
110003027867
110003027876
110003027885
110003027894
110003027910
110003027938
110003027965
110003027992
110003028009
110003028018
110003028027
110003028036
110003028045
110003028054
110003028063
110003028072
110003028081
110003028090
110003028107
110003028125
110003028143
110003028161
110003028198
110003028205
110003028223
110003028241
110003028250
110003028269
110003028278
110003028303
110003028312
110003028321
110003028330
110003028349
110003028358
110003028367
110003028376
110003028385
110003028394
110003028401
110003028410
110003028438
110003028447
110003028456
110003028465
110003028474
110003028483
110003028492
110003028508
110003028526
110003028535
110003028544
110003028553
110003028562
110003028571
110003028580
110003028599
110003028606
110003028615
110003028624
110003028633
110003028642
110003028651
110003028660
110003028688
110003028697
110003028704
110003028713
110003028722
110003028731
110003028740
110003028759
110003028768
110003028777
110003028786
110003028795
110003028820
110003028839
110003028848
110003028857
110003028884
110003028900
110003028919
110003028928
110003028937
110003028946
110003028955
110003028964
110003028973
110003028982
110003028991
110003029008
110003029017
110003029035
110003029053
110003029071
110003029080
110003029099
110003029106
110003029115
110003029124
110003029133
110003029142
110003029151
110003029160
110003029188
110003029197
110003029204
110003029222
110003029231
110003029240
110003029259
110003029268
110003029277
110003029286
110003029302
110003029311
110003029320
110003029339
110003029348
110003029357
110003029366
110003029375
110003029384
110003029400
110003029419
110003029446
110003029455
110003029464
110003029491
110003029507
110003029516
110003029525
110003029534
110003029543
110003029552
110003029561
110003029570
110003029598
110003029605
110003029614
110003029623
110003029632
110003029650
110003029669
110003029678
110003029687
110003029703
110003029712
110003029721
110003029749
110003029758
110003029767
110003029785
110003029794
110003029829
110003029838
110003029847
110003029856
110003029865
110003029874
110003029883
110003029892
110003029909
110003029918
110003029936
110003029945
110003029954
110003029963
110003029972
110003030005
110003030014
110003030041
110003030078
110003030087
110003030096
110003030103
110003030112
110003030121
110003030130
110003030149
110003030158
110003030167
110003030176
110003030185
110003030201
110003030229
110003030238
110003030247
110003030256
110003030274
110003030283
110003030292
110003030309
110003030318
110003030327
110003030336
110003030345
110003030354
110003030363
110003030372
110003030390
110003030407
110003030416
110003030434
110003030452
110003030489
110003030498
110003030504
110003030513
110003030522
110003030531
110003030540
110003030559
110003030577
110003030586
110003030595
110003030602
110003030611
110003030639
110003030657
110003030666
110003030675
110003030684
110003030693
110003030719
110003030728
110003030737
110003030755
110003030764
110003030773
110003030808
110003030817
110003030826
110003030835
110003030844
110003030853
110003030862
110003030871
110003030880
110003030899
110003030906
110003030915
110003030924
110003030942
110003030951
110003030979
110003030988
110003030997
110003031004
110003031013
110003031031
110003031059
110003031068
110003031086
110003031095
110003031102
110003031111
110003031120
110003031148
110003031157
110003031166
110003031175
110003031193
110003031200
110003031228
110003031246
110003031264
110003031273
110003031282
110003031291
110003031308
110003031317
110003031326
110003031335
110003031344
110003031353
110003031371
110003031380
110003031399
110003031406
110003031415
110003031424
110003031433
110003031442
110003031451
110003031460
110003031479
110003031488
110003031497
110003031503
110003031512
110003031521
110003031530
110003031549
110003031558
110003031567
110003031585
110003031594
110003031601
110003031610
110003031629
110003031647
110003031656
110003031665
110003031674
110003031683
110003031692
110003031709
110003031718
110003031736
110003031745
110003031754
110003031763
110003031772
110003031781
110003031790
110003031807
110003031816
110003031834
110003031843
110003031852
110003031861
110003031870
110003031898
110003031905
110003031914
110003031923
110003031932
110003031941
110003031950
110003031969
110003031978
110003031996
110003032003
110003032012
