110003032021
110003032030
110003032049
110003032067
110003032076
110003032085
110003032094
110003032101
110003032110
110003032129
110003032147
110003032156
110003032165
110003032183
110003032192
110003032209
110003032218
110003032236
110003032245
110003032263
110003032272
110003032281
110003032290
110003032307
110003032316
110003032334
110003032343
110003032352
110003032361
110003032370
110003032389
110003032398
110003032405
110003032414
110003032423
110003032432
110003032469
110003032478
110003032487
110003032502
110003032511
110003032520
110003032539
110003032557
110003032575
110003032593
110003032600
110003032619
110003032628
110003032637
110003032646
110003032655
110003032664
110003032673
110003032682
110003032691
110003032708
110003032717
110003032726
110003032735
110003032744
110003032780
110003032799
110003032806
110003032815
110003032824
110003032842
110003032851
110003032860
110003032879
110003032888
110003032897
110003032904
110003032913
110003032922
110003032931
110003032940
110003032968
110003032977
110003032995
110003033002
110003033011
110003033020
110003033039
110003033075
110003033084
110003033093
110003033100
110003033119
110003033128
110003033137
110003033155
110003033164
110003033191
110003033208
110003033217
110003033226
110003033244
110003033262
110003033271
110003033280
110003033299
110003033324
110003033333
110003033360
110003033379
110003033397
110003033404
110003033413
110003033422
110003033431
110003033440
110003033459
110003033468
110003033495
110003033501
110003033510
110003033529
110003033556
110003033565
110003033574
110003033583
110003033609
110003033618
110003033636
110003033645
110003033654
110003033663
110003033672
110003033690
110003033707
110003033716
110003033725
110003033743
110003033752
110003033761
110003033770
110003033789
110003033798
110003033805
110003033814
110003033823
110003033841
110003033869
110003033878
110003033896
110003033903
110003033912
110003033921
110003033930
110003033949
110003033958
110003033967
110003033976
110003033985
110003033994
110003034001
110003034010
110003034029
110003034038
110003034047
110003034056
110003034065
110003034074
110003034092
110003034109
110003034118
110003034127
110003034136
110003034145
110003034154
110003034163
110003034172
110003034190
110003034207
110003034216
110003034234
110003034243
110003034252
110003034261
110003034270
110003034289
110003034298
110003034305
110003034314
110003034323
110003034341
110003034350
110003034369
110003034378
110003034387
110003034396
110003034430
110003034449
110003034476
110003034485
110003034494
110003034500
110003034519
110003034528
110003034537
110003034546
110003034555
110003034564
110003034573
110003034582
110003034591
110003034608
110003034617
110003034635
110003034644
110003034653
110003034662
110003034671
110003034680
110003034706
110003034715
110003034724
110003034733
110003034742
110003034751
110003034760
110003034788
110003034797
110003034804
110003034813
110003034822
110003034831
110003034859
110003034868
110003034877
110003034886
110003034895
110003034902
110003034911
110003034920
110003034939
110003034948
110003034966
110003034975
110003034984
110003034993
110003035000
110003035019
110003035028
110003035046
110003035055
110003035064
110003035091
110003035126
110003035135
110003035144
110003035153
110003035162
110003035171
110003035180
110003035199
110003035206
110003035242
110003035251
110003035279
110003035288
110003035297
110003035304
110003035313
110003035322
110003035331
110003035340
110003035359
110003035368
110003035377
110003035386
110003035395
110003035402
110003035411
110003035420
110003035439
110003035448
110003035466
110003035475
110003035484
110003035493
110003035509
110003035518
110003035527
110003035536
110003035545
110003035554
110003035572
110003035581
110003035590
110003035616
110003035625
110003035643
110003035652
110003035689
110003035698
110003035705
110003035741
110003035750
110003035778
110003035787
110003035796
110003035803
110003035821
110003035830
110003035849
110003035858
110003035867
110003035885
110003035894
110003035901
110003035910
110003035929
110003035938
110003035947
110003035956
110003035974
110003035983
110003035992
110003036009
110003036027
110003036036
110003036054
110003036063
110003036090
110003036107
110003036116
110003036134
110003036152
110003036161
110003036170
110003036189
110003036198
110003036205
110003036214
110003036223
110003036232
110003036250
110003036278
110003036287
110003036296
110003036303
110003036312
110003036321
110003036330
110003036349
110003036367
110003036376
110003036385
110003036401
110003036438
110003036447
110003036456
110003036465
110003036492
110003036508
110003036526
110003036535
110003036544
110003036553
110003036562
110003036571
110003036580
110003036599
110003036606
110003036768
110003036786
110003216412
110003216430
110003216485
110003216494
110003216500
110003216528
110003216564
110003216573
110003216608
110003216617
110003216626
110003216635
110003216662
110003216680
110003216706
110003216742
110003216751
110003216760
110003216779
110003216788
110003216797
110003216804
110003216813
110003216822
110003216831
110003216840
110003216868
110003216902
110003216920
110003216939
110003216948
110003216957
110003216975
110003217000
110003217028
110003217046
110003217108
110003217117
110003217126
110003217153
110003217162
110003217171
110003217206
110003217233
110003217279
110003217297
110003217304
110003217331
110003217377
110003217395
110003217411
110003217466
110003217484
110003217493
110003217554
110003217563
110003217572
110003217607
110003217625
110003217634
110003217643
110003217652
110003217670
110003217689
110003217741
110003217769
110003217778
110003217787
110003217796
110003217858
110003217901
110003217929
110003217938
110003217947
110003217956
110003217974
110003217983
110003217992
110003218036
110003218045
110003218054
110003218063
110003218081
110003218090
110003218134
110003218143
110003218152
110003218161
110003218189
110003218214
110003218223
110003218296
110003218330
110003218349
110003218358
110003218376
110003218385
110003218401
110003218429
110003218447
110003218465
110003218474
110003218517
110003218553
110003218562
110003218606
110003218660
110003218688
110003218697
110003218704
110003218759
110003218777
110003218786
110003218811
110003218820
110003218848
110003218875
110003218900
110003218919
110003218937
110003218955
110003218964
110003219008
110003219017
110003219062
110003219099
110003219106
110003219151
110003219179
110003219188
110003219213
110003219231
110003219295
110003219302
110003219311
110003219339
110003219348
110003219357
110003219366
110003219375
110003219428
110003219464
110003219473
110003219491
110003219507
110003219543
110003219552
110003219589
110003219598
110003219623
110003219632
110003219687
110003219767
110003219785
110003219801
110003219810
110003219838
110003219865
110003219883
110003219945
110003219972
110003219981
110003219990
110003220005
110003220023
110003220032
110003220103
110003220121
110003220149
110003220167
110003220185
110003220194
110003220201
110003220229
110003220274
110003220283
110003220292
110003220309
110003220327
110003220345
110003220363
110003220372
110003220390
110003220407
110003220416
110003220425
110003220434
110003220443
110003220452
110003220470
110003220489
110003220498
110003220504
110003220513
110003220522
110003220531
110003220559
110003220568
110003220577
110003220602
110003220611
110003220620
110003220639
110003220648
110003220693
110003220700
110003220719
110003220737
110003220746
110003220755
110003220773
110003220791
110003220808
110003220817
110003220826
110003220835
110003220844
110003220853
110003220862
110003220871
110003220880
110003220899
110003220906
110003220915
110003220924
110003220951
110003220979
110003220997
110003221004
110003221013
110003221068
110003221077
110003221086
110003221095
110003221111
110003221120
110003221139
110003221148
110003221166
110003221175
110003221200
110003221219
110003221228
110003221264
110003221291
110003221308
110003221317
110003221344
110003221371
110003221433
110003221451
110003221460
110003221488
110003221497
110003221503
110003221512
110003221521
110003221549
110003221558
110003221567
110003221585
110003221594
110003221601
110003221610
110003221665
110003221674
110003221692
110003221709
110003221727
110003221745
110003221772
110003221807
110003221816
110003221825
110003221834
110003221861
110003221870
110003221898
110003221905
110003221914
110003221923
110003221932
110003221941
110003221969
110003221996
110003222003
110003222021
110003222030
110003222049
110003222076
110003222094
110003222101
110003222129
110003222138
110003222147
110003222156
110003222165
110003222209
110003222245
110003222254
110003222263
110003222272
110003222290
110003222325
110003222334
110003222343
110003222352
110003222414
110003222423
110003222441
110003222450
110003222469
110003222487
110003222502
110003222566
110003222575
110003222584
110003222593
110003222600
110003222619
110003222628
110003222637
110003222664
110003222682
110003222726
110003222753
110003222771
110003222799
110003222815
110003222824
110003222851
110003222860
110003222879
110003222888
110003222897
110003222904
110003222940
110003222968
110003222986
110003222995
110003223002
110003223011
110003223039
110003223048
110003223057
110003223066
110003223075
110003223084
110003223100
110003223146
110003223155
110003223164
110003223182
110003223191
110003223208
110003223244
110003223253
110003223299
110003223342
110003223379
110003223388
110003223404
110003223422
110003223440
110003223459
110003223486
110003223495
110003223510
110003223529
110003223538
110003223547
110003223556
110003223583
110003223627
110003223645
110003223654
110003223681
110003223690
110003223743
110003223798
110003223823
110003223832
110003223841
110003223850
110003223869
110003223887
110003223903
110003223921
110003223958
110003223967
110003223976
110003223985
110003223994
110003224038
110003224056
110003224065
110003224083
110003224092
110003224109
110003224127
110003224136
110003224181
110003224207
110003224216
110003224243
110003224261
110003224289
110003224387
110003224403
110003224412
110003224449
110003224458
110003224476
110003224485
110003224494
110003224500
110003224555
110003224564
110003224573
110003224608
110003224626
110003224635
110003224662
110003224706
110003224788
110003224797
110003224831
110003224840
110003224859
110003224868
110003224877
110003224886
110003224902
110003224939
110003224948
110003224984
110003225000
110003225019
110003225037
110003225046
110003225064
110003225073
110003225117
110003225135
110003225144
110003225153
110003225171
110003225180
110003225242
110003225251
110003225260
110003225279
110003225288
110003225297
110003225304
110003225331
110003225359
110003225368
110003225377
110003225395
110003225402
110003225420
110003225439
110003225448
110003225457
110003225466
110003225484
110003225527
110003225536
110003225563
110003225581
110003225590
110003225607
110003225625
110003225634
110003225652
110003225661
110003225670
110003225689
110003225698
110003225705
110003225723
110003225741
110003225769
110003225778
110003225787
110003225796
110003225821
110003225849
110003225858
110003225876
110003225901
110003225910
110003225983
110003226009
110003226027
110003226054
110003226072
110003226107
110003226125
110003226134
110003226143
110003226161
110003226170
110003226269
110003226287
110003226312
110003226321
110003226349
110003226358
110003226367
110003226376
110003226385
110003226394
110003226401
110003226410
110003226438
110003226447
110003226456
110003226465
110003226474
110003226483
110003226508
110003226517
110003226526
110003226544
110003226553
110003226580
110003226624
110003226633
110003226642
110003226651
110003226660
110003226688
110003226704
110003226713
110003226722
110003226731
110003226777
110003226802
110003226820
110003226848
110003226857
110003226866
110003226875
110003226893
110003226900
110003226928
110003226955
110003226991
110003227017
110003227044
110003227053
110003227071
110003227124
110003227133
110003227142
110003227188
110003227197
110003227222
110003227259
110003227268
110003227277
110003227286
110003227320
110003227357
110003227375
110003227428
110003227473
110003227491
110003227516
110003227525
110003227543
110003227561
110003227570
110003227589
110003227641
110003227650
110003227678
110003227696
110003227712
110003227730
110003227749
110003227758
110003227776
110003227794
110003227801
110003227810
110003227847
110003227856
110003227909
110003227927
110003227936
110003227954
110003227963
110003227972
110003227981
110003228016
110003228025
110003228034
110003228052
110003228061
110003228089
110003228098
110003228105
110003228123
110003228141
110003228150
110003228196
110003228203
110003228212
110003228230
110003228249
110003228267
110003228276
110003228294
110003228301
110003228310
110003228329
110003228365
110003228374
110003228383
110003228392
110003228418
110003228427
110003228436
110003228445
110003228463
110003228481
110003228506
110003228515
110003228579
