110003228604
110003228622
110003228659
110003228668
110003228702
110003228748
110003228757
110003228766
110003228775
110003228784
110003228800
110003228819
110003228837
110003228846
110003228855
110003228864
110003228873
110003228882
110003228891
110003228908
110003228935
110003228944
110003228980
110003229006
110003229033
110003229042
110003229060
110003229104
110003229131
110003229140
110003229159
110003229195
110003229202
110003229220
110003229239
110003229266
110003229284
110003229337
110003229373
110003229391
110003229408
110003229417
110003229426
110003229444
110003229453
110003229462
110003229471
110003229480
110003229550
110003229578
110003229587
110003229621
110003229649
110003229667
110003229694
110003229701
110003229710
110003229738
110003229747
110003229756
110003229774
110003229818
110003229872
110003229881
110003229916
110003229934
110003229998
110003230003
110003230030
110003230049
110003230058
110003230076
110003230085
110003230138
110003230147
110003230156
110003230165
110003230174
110003230236
110003230281
110003230307
110003230316
110003230343
110003230361
110003230370
110003230389
110003230405
110003230423
110003230432
110003230441
110003230487
110003230496
110003230511
110003230520
110003230539
110003230548
110003230566
110003230619
110003230691
110003230726
110003230735
110003230744
110003230799
110003230824
110003230833
110003230842
110003230851
110003230860
110003230879
110003230888
110003230897
110003230922
110003230931
110003230977
110003230986
110003231039
110003231048
110003231057
110003231066
110003231075
110003231084
110003231100
110003231119
110003231146
110003231191
110003231217
110003231235
110003231244
110003231299
110003231306
110003231315
110003231351
110003231360
110003231397
110003231413
110003231422
110003231431
110003231440
110003231477
110003231501
110003231510
110003231538
110003231547
110003231556
110003231574
110003231592
110003231609
110003231618
110003231645
110003231654
110003231663
110003231690
110003231707
110003231743
110003231761
110003231798
110003231841
110003231850
110003231896
110003231903
110003231912
110003231921
110003231958
110003231976
110003231985
110003232001
110003232010
110003232029
110003232056
110003232074
110003232083
110003232109
110003232136
110003232154
110003232181
110003232216
110003232243
110003232252
110003232289
110003232332
110003232350
110003232378
110003232396
110003232412
110003232421
110003232449
110003232467
110003232485
110003232494
110003232519
110003232537
110003232546
110003232573
110003232582
110003232608
110003232626
110003232635
110003232644
110003232662
110003232671
110003232706
110003232715
110003232724
110003232751
110003232760
110003232797
110003232813
110003232822
110003232840
110003232859
110003232877
110003232886
110003232902
110003232911
110003232939
110003232957
110003232975
110003233019
110003233037
110003233064
110003233073
110003233082
110003233091
110003233108
110003233126
110003233153
110003233242
110003233260
110003233279
110003233304
110003233313
110003233322
110003233331
110003233359
110003233368
110003233377
110003233386
110003233411
110003233420
110003233457
110003233475
110003233493
110003233536
110003233563
110003233572
110003233581
110003233607
110003233634
110003233670
110003233698
110003233714
110003233723
110003233769
110003233778
110003233821
110003233830
110003233885
110003233894
110003233901
110003233910
110003233947
110003233983
110003233992
110003234018
110003234054
110003234063
110003234090
110003234107
110003234125
110003234134
110003234152
110003234198
110003234214
110003234223
110003234287
110003234296
110003234303
110003234321
110003234349
110003234376
110003234410
110003234429
110003234465
110003234474
110003234483
110003234517
110003234526
110003234544
110003234562
110003234599
110003234606
110003234615
110003234624
110003234633
110003234642
110003234679
110003234688
110003234697
110003234713
110003234740
110003234786
110003234795
110003234811
110003234820
110003234839
110003234848
110003234866
110003234875
110003234893
110003234900
110003234919
110003234928
110003234955
110003234982
110003235008
110003235044
110003235062
110003235071
110003235115
110003235124
110003235133
110003235179
110003235188
110003235204
110003235213
110003235222
110003235286
110003235295
110003235339
110003235357
110003235366
110003235393
110003235419
110003235455
110003235482
110003235507
110003235543
110003235570
110003235589
110003235598
110003235623
110003235641
110003235669
110003235687
110003235749
110003235767
110003235785
110003235794
110003235810
110003235829
110003235838
110003235883
110003235892
110003235918
110003235945
110003235963
110003235990
110003236007
110003236052
110003236061
110003236089
110003236105
110003236123
110003236150
110003236169
110003236196
110003236203
110003236212
110003236230
110003236249
110003236267
110003236276
110003236301
110003236310
110003236365
110003236383
110003236409
110003236418
110003236436
110003236454
110003236472
110003236506
110003236515
110003236524
110003236588
110003236597
110003236604
110003236613
110003236622
110003236640
110003236659
110003236668
110003236677
110003236686
110003236695
110003236702
110003236711
110003236720
110003236739
110003236748
110003236757
110003236766
110003236775
110003236784
110003236793
110003236800
110003236819
110003236837
110003236882
110003236917
110003236926
110003236935
110003236944
110003236999
110003237079
110003237097
110003237113
110003237122
110003237131
110003237140
110003237159
110003237168
110003237195
110003237202
110003237211
110003237239
110003237248
110003237257
110003237266
110003237275
110003237300
110003237319
110003237328
110003237373
110003237426
110003237435
110003237471
110003237499
110003237505
110003237514
110003237532
110003237541
110003237550
110003237569
110003237603
110003237630
110003237658
110003237676
110003237685
110003237747
110003237756
110003237765
110003237783
110003237818
110003237827
110003237845
110003237854
110003237863
110003237943
110003237952
110003238050
110003238130
110003238194
110003238201
110003238256
110003238274
110003238292
110003238318
110003238327
110003238354
110003238372
110003238381
110003238443
110003238461
110003238504
110003238586
110003238611
110003238620
110003238648
110003238657
110003238719
110003238728
110003238746
110003238764
110003238782
110003238853
110003238942
110003238951
110003238988
110003239040
110003239068
110003239086
110003239095
110003239102
110003239111
110003239219
110003239228
110003239326
110003239335
110003239353
110003239399
110003239415
110003239424
110003239433
110003239451
110003239512
110003239521
110003239549
110003239647
110003239683
110003239709
110003239745
110003239754
110003239763
110003239852
110003239861
110003239870
110003239898
110003239905
110003239914
110003239932
110003239950
110003239969
110003239978
110003240010
110003240029
110003240038
110003240056
110003240065
110003240092
110003240154
110003240163
110003240190
110003240216
110003240261
110003240270
110003240314
110003240323
110003240378
110003240412
110003240421
110003240430
110003240458
110003240476
110003240485
110003240500
110003240519
110003240537
110003240555
110003240564
110003240573
110003240591
110003240608
110003240626
110003240644
110003240699
110003240751
110003240804
110003240840
110003240859
110003240877
110003240886
110003240895
110003240902
110003240957
110003240966
110003240984
110003240993
110003241055
110003241108
110003241144
110003241153
110003241162
110003241199
110003241206
110003241215
110003241224
110003241233
110003241242
110003241260
110003241279
110003241288
110003241304
110003241340
110003241359
110003241377
110003241395
110003241402
110003241411
110003241420
110003241439
110003241448
110003241475
110003241484
110003241536
110003241545
110003241581
110003241607
110003241643
110003241689
110003241723
110003241741
110003241787
110003241803
110003241812
110003241830
110003241894
110003241929
110003241965
110003242045
110003242090
110003242143
110003242152
110003242161
110003242189
110003242205
110003242214
110003242223
110003242278
110003242303
110003242330
110003242376
110003242385
110003242401
110003242429
110003242438
110003242447
110003242456
110003242517
110003242526
110003242553
110003242571
110003242580
110003242615
110003242642
110003242651
110003242722
110003242777
110003242795
110003242811
110003242839
110003242848
110003242857
110003242866
110003242875
110003242893
110003242900
110003242928
110003242946
110003242955
110003242964
110003242973
110003242991
110003243026
110003243053
110003243062
110003243080
110003243106
110003243188
110003243213
110003243222
110003243231
110003243240
110003243259
110003243295
110003243302
110003243311
110003243339
110003243357
110003243366
110003243375
110003243384
110003243393
110003243400
110003243419
110003243455
110003243464
110003243473
110003243482
110003243507
110003243516
110003243605
110003243614
110003243632
110003243669
110003243678
110003243687
110003243696
110003243703
110003243712
110003243758
110003243767
110003243801
110003243838
110003243847
110003243856
110003243865
110003243874
110003243945
110003243990
110003244043
110003244070
110003244089
110003244114
110003244123
110003244132
110003244141
110003244150
110003244169
110003244178
110003244187
110003244221
110003244230
110003244267
110003244294
110003244365
110003244374
110003244383
110003244409
110003244427
110003244445
110003244454
110003244472
110003244481
110003244490
110003244515
110003244524
110003244542
110003244551
110003244588
110003244597
110003244604
110003244622
110003244640
110003244659
110003244677
110003244686
110003244695
110003244702
110003244711
110003244720
110003244739
110003244757
110003244775
110003244784
110003244793
110003244855
110003244926
110003244953
110003244971
110003244980
110003244999
110003245015
110003245024
110003245033
110003245051
110003245088
110003245097
110003245104
110003245113
110003245131
110003245140
110003245159
110003245168
110003245177
110003245186
110003245195
110003245202
110003245257
110003245284
110003245293
110003245300
110003245319
110003245328
110003245337
110003245346
110003245373
110003245417
110003245444
110003245453
110003245471
110003245480
110003245532
110003245541
110003245569
110003245587
110003245596
110003245603
110003245630
110003245649
110003245667
110003245676
110003245685
110003245694
110003245710
110003245756
110003245783
110003245809
110003245818
110003245836
110003245845
110003245854
110003245872
110003245881
110003245907
110003245916
110003245925
110003245934
110003245943
110003245952
110003245961
110003246005
110003246014
110003246023
110003246041
110003246050
110003246069
110003246078
110003246087
110003246096
110003246103
110003246112
110003246149
110003246167
110003246176
110003246185
110003246194
110003246201
110003246210
110003246229
110003246238
110003246265
110003246274
110003246283
110003246292
110003246309
110003246318
110003246336
110003246345
110003246354
110003246372
110003246407
110003246434
110003246498
110003246513
110003246522
110003246531
110003246559
110003246577
110003246586
110003246595
110003246602
110003246611
110003246620
110003246639
110003246657
110003246666
110003246675
110003246700
110003246719
110003246728
110003246737
110003246746
110003246817
110003246826
110003246835
110003246844
110003246871
110003246915
110003246924
110003246960
110003246979
110003246988
110003246997
110003247013
110003247059
110003247077
110003247086
110003247111
110003247120
110003247139
110003247148
110003247157
110003247166
110003247184
110003247193
110003247200
110003247219
110003247255
110003247264
110003247308
110003247317
110003247326
110003247335
110003247344
110003247353
110003247362
110003247371
110003247380
110003247399
110003247406
110003247415
110003247424
110003247433
110003247442
110003247451
110003247479
110003247488
110003247497
110003247512
110003247521
110003247530
110003247549
110003247558
110003247567
110003247594
110003247638
110003247647
110003247674
110003247683
110003247692
110003247709
110003247718
110003247727
110003247745
110003247754
110003247763
110003247790
110003247807
110003247816
110003247825
110003247834
110003247852
110003247870
110003247889
110003247923
110003247932
110003247941
110003247987
110003247996
110003248012
110003248021
110003248030
110003248049
110003248058
110003248067
110003248076
110003248094
110003248101
110003248110
110003248138
110003248147
110003248156
110003248165
110003248183
110003248192
110003248218
110003248227
110003248245
110003248263
110003248272
110003248281
110003248290
110003248307
110003248316
110003248325
110003248352
110003248389
110003248398
110003248423
110003248441
110003248450
110003248469
110003248478
110003248487
110003248496
110003248511
110003248520
110003248539
110003248548
110003248566
110003248575
110003248584
110003248593
110003248619
110003248628
110003248637
110003248646
110003248655
110003248664
110003248673
110003248682
110003248717
110003248735
110003248744
110003248753
110003248762
110003248780
110003248815
110003248824
