110003248833
110003248842
110003248851
110003248860
110003248888
110003248904
110003248913
110003248922
110003248931
110003248940
110003248968
110003248977
110003248986
110003248995
110003249002
110003249020
110003249039
110003249048
110003249057
110003249066
110003249075
110003249093
110003249100
110003249128
110003249146
110003249164
110003249173
110003249182
110003249191
110003249208
110003249217
110003249226
110003249235
110003249244
110003249280
110003249306
110003249315
110003249333
110003249342
110003249351
110003249360
110003249379
110003249388
110003249397
110003249404
110003249413
110003249422
110003249440
110003249459
110003249495
110003249510
110003249529
110003249538
110003249547
110003249556
110003249565
110003249583
110003249609
110003249618
110003249627
110003249636
110003249654
110003249663
110003249672
110003249690
110003249707
110003249716
110003249725
110003249734
110003249743
110003249752
110003249761
110003249770
110003249789
110003249798
110003249805
110003249823
110003249832
110003249841
110003249850
110003249869
110003249878
110003249887
110003249896
110003249903
110003249921
110003249930
110003249949
110003249976
110003249985
110003250008
110003250017
110003250026
110003250044
110003250053
110003250062
110003250071
110003250080
110003250106
110003250115
110003250124
110003250133
110003250142
110003250151
110003250160
110003250179
110003250204
110003250213
110003250240
110003250268
110003250277
110003250286
110003250295
110003250302
110003250311
110003250320
110003250339
110003250357
110003250366
110003250393
110003250400
110003250419
110003250428
110003250446
110003250455
110003250464
110003250482
110003250491
110003250507
110003250516
110003250525
110003250534
110003250543
110003250552
110003250561
110003250570
110003250589
110003250598
110003250614
110003250623
110003250641
110003250650
110003250669
110003250678
110003250687
110003250696
110003250712
110003250721
110003250730
110003250758
110003250767
110003250785
110003250794
110003250801
110003250810
110003250829
110003250838
110003250847
110003250856
110003250865
110003250874
110003250883
110003250918
110003250927
110003250945
110003250954
110003250963
110003250981
110003250990
110003251007
110003251016
110003251025
110003251034
110003251043
110003251052
110003251061
110003251070
110003251089
110003251098
110003251105
110003251114
110003251123
110003251141
110003251169
110003251178
110003251187
110003251212
110003251221
110003251230
110003251249
110003251267
110003251276
110003251285
110003251294
110003251301
110003251310
110003251329
110003251356
110003251365
110003251374
110003251383
110003251392
110003251409
110003251418
110003251427
110003251436
110003251454
110003251463
110003251472
110003251481
110003251515
110003251524
110003251533
110003251542
110003251551
110003251560
110003251579
110003251588
110003251613
110003251622
110003251659
110003251668
110003251686
110003251711
110003251720
110003251739
110003251748
110003251757
110003251766
110003251784
110003251793
110003251800
110003251819
110003251828
110003251837
110003251846
110003251855
110003251873
110003251882
110003251891
110003251917
110003251935
110003251944
110003251962
110003251971
110003251980
110003251999
110003252015
110003252024
110003252033
110003252051
110003252060
110003252079
110003252088
110003252104
110003252113
110003252122
110003252131
110003252140
110003252159
110003252168
110003252177
110003252186
110003252195
110003252202
110003252211
110003252220
110003252248
110003252257
110003252275
110003252284
110003252293
110003252319
110003252328
110003252337
110003252346
110003252355
110003252364
110003252382
110003252391
110003252408
110003252417
110003252426
110003252435
110003252444
110003252462
110003252471
110003252480
110003252499
110003252505
110003252514
110003252523
110003252532
110003252541
110003252550
110003252569
110003252578
110003252587
110003252603
110003252612
110003252621
110003252649
110003252658
110003252676
110003252694
110003252701
110003252710
110003252747
110003252765
110003252774
110003252783
110003252792
110003252809
110003252827
110003252836
110003252845
110003252863
110003252872
110003252881
110003252890
110003252907
110003252916
110003252925
110003252943
110003252952
110003252961
110003252970
110003252998
110003253005
110003253014
110003253023
110003253041
110003253069
110003253078
110003253087
110003253096
110003253103
110003253112
110003253121
110003253130
110003253149
110003253167
110003253185
110003253194
110003253210
110003253229
110003253238
110003253247
110003253283
110003253292
110003253336
110003253354
110003253363
110003253372
110003253381
110003253390
110003253407
110003253416
110003253425
110003253434
110003253443
110003253452
110003253489
110003253498
110003253504
110003253513
110003253522
110003253531
110003253540
110003253568
110003253602
110003253620
110003253639
110003253666
110003253675
110003253700
110003253719
110003253728
110003253755
110003253764
110003253773
110003253817
110003253826
110003253835
110003253844
110003253853
110003253862
110003253871
110003253880
110003253899
110003253906
110003253915
110003253924
110003253933
110003253942
110003253960
110003253979
110003253988
110003253997
110003254031
110003254040
110003254068
110003254077
110003254095
110003254102
110003254111
110003254120
110003254139
110003254148
110003254157
110003254175
110003254193
110003254200
110003254219
110003254228
110003254237
110003254255
110003254264
110003254273
110003254282
110003254291
110003254308
110003254317
110003254344
110003254362
110003254371
110003254380
110003254399
110003254406
110003254415
110003254424
110003254433
110003254442
110003254451
110003254460
110003254479
110003254488
110003254497
110003254503
110003254512
110003254521
110003254549
110003254558
110003254576
110003254585
110003254594
110003254601
110003254610
110003254629
110003254656
110003254674
110003254709
110003254718
110003254745
110003254754
110003254763
110003254790
110003254807
110003254816
110003254843
110003254852
110003254861
110003254889
110003254898
110003254905
110003254923
110003254932
110003254969
110003254978
110003254987
110003254996
110003255003
110003255012
110003255030
110003255058
110003255067
110003255085
110003255094
110003255101
110003255129
110003255138
110003255147
110003255165
110003255174
110003255183
110003255192
110003255218
110003255227
110003255245
110003255254
110003255263
110003255281
110003255290
110003255307
110003255325
110003255343
110003255361
110003255370
110003255389
110003255398
110003255423
110003255432
110003255441
110003255450
110003255469
110003255478
110003255487
110003255496
110003255502
110003255511
110003255539
110003255548
110003255557
110003255566
110003255584
110003255600
110003255619
110003255628
110003255646
110003255655
110003255682
110003255691
110003255708
110003255735
110003255744
110003255753
110003255762
110003255771
110003255799
110003255806
110003255815
110003255824
110003255833
110003255842
110003255851
110003255860
110003255879
110003255888
110003255904
110003255913
110003255922
110003255940
110003255959
110003255977
110003255995
110003256002
110003256011
110003256020
110003256039
110003256048
110003256066
110003256075
110003256093
110003256100
110003256128
110003256137
110003256155
110003256164
110003256173
110003256182
110003256191
110003256208
110003256217
110003256226
110003256235
110003256244
110003256253
110003256271
110003256280
110003256299
110003256315
110003256324
110003256333
110003256351
110003256360
110003256379
110003256397
110003256431
110003256459
110003256468
110003256477
110003256486
110003256529
110003256547
110003256556
110003256574
110003256583
110003256609
110003256618
110003256627
110003256636
110003256645
110003256672
110003256681
110003256707
110003256716
110003256725
110003256734
110003256752
110003256761
110003256770
110003256798
110003256805
110003256814
110003256823
110003256841
110003256850
110003256869
110003256887
110003256896
110003256903
110003256912
110003256921
110003256930
110003256949
110003256958
110003256967
110003256976
110003257010
110003257029
110003257038
110003257056
110003257065
110003257074
110003257109
110003257136
110003257145
110003257154
110003257163
110003257172
110003257181
110003257190
110003257234
110003257243
110003257252
110003257261
110003257270
110003257298
110003257305
110003257314
110003257323
110003371734
110003371743
110003371752
110003371761
110003371814
110003371832
110003371869
110003371887
110003371896
110003371903
110003371912
110003371921
110003371930
110003371949
110003371958
110003371967
110003371976
110003372001
110003372010
110003372038
110003372047
110003372056
110003372065
110003372074
110003372092
110003372109
110003372118
110003372136
110003372145
110003372154
110003372163
110003372172
110003372181
110003372190
110003372207
110003372216
110003372225
110003372234
110003372243
110003372252
110003372261
110003372270
110003372289
110003372298
110003372305
110003372314
110003372323
110003372332
110003372341
110003372350
110003372369
110003372378
110003372396
110003372403
110003372412
110003372421
110003372430
110003372449
110003372458
110003372467
110003372476
110003372485
110003372494
110003372500
110003372519
110003372528
110003372537
110003372546
110003372564
110003372591
110003372608
110003372617
110003372644
110003372653
110003372662
110003372671
110003372680
110003372699
110003372715
110003372733
110003372751
110003372760
110003372779
110003372788
110003372797
110003372804
110003372813
110003372822
110003372831
110003372859
110003372868
110003372886
110003372895
110003372902
110003372920
110003372948
110003372957
110003372966
110003372975
110003372984
110003372993
110003373000
110003373019
110003373028
110003373037
110003373064
110003373091
110003373108
110003373126
110003373135
110003373144
110003373153
110003373162
110003373199
110003373206
110003373224
110003373242
110003373251
110003373260
110003373279
110003373288
110003373297
110003373304
110003373313
110003373322
110003373331
110003373359
110003373368
110003373377
110003373386
110003373395
110003373402
110003373411
110003373420
110003373439
110003373448
110003373457
110003373466
110003373475
110003373484
110003373493
110003373509
110003373518
110003373527
110003373536
110003373545
110003373554
110003373563
110003373572
110003373581
110003373590
110003373607
110003373616
110003373625
110003373634
110003373643
110003373652
110003373661
110003373670
110003373689
110003373698
110003373705
110003373714
110003373723
110003373732
110003373741
110003373750
110003373769
110003373787
110003373796
110003373812
110003373821
110003373830
110003373849
110003373858
110003373867
110003373876
110003373885
110003373894
110003373901
110003373910
110003373929
110003373947
110003373956
110003373974
110003373983
110003373992
110003374009
110003374018
110003374027
110003374036
110003374045
110003374054
110003374072
110003374081
110003374090
110003374107
110003374116
110003374134
110003374143
110003374152
110003374161
110003374170
110003374189
110003374205
110003374214
110003374223
110003374232
110003374241
110003374250
110003374296
110003374303
110003374321
110003374330
110003374349
110003374358
110003374367
110003374376
110003374385
110003374401
110003374410
110003374429
110003374447
110003374465
110003374474
110003374508
110003374526
110003374535
110003374544
110003374553
110003374562
110003374571
110003374606
110003374615
110003374624
110003374633
110003374642
110003374651
110003374660
110003374679
110003374688
110003374697
110003374704
110003374713
110003374722
110003374731
110003374740
110003374759
110003374768
110003374777
110003374786
110003374795
110003374802
110003374811
110003374820
110003374839
110003374875
110003374884
110003374893
110003374919
110003374928
110003374937
110003374946
110003374955
110003374964
110003374973
110003374982
110003374991
110003375008
110003375026
110003375044
110003375062
110003375071
110003375080
110003375106
110003375115
110003375124
110003375133
110003375142
110003375151
110003375160
110003375188
110003375197
110003375213
110003375222
110003375231
110003375240
110003375259
110003375268
110003375277
110003375311
110003375339
110003375348
110003375357
110003375366
110003375375
110003375384
110003375393
110003375419
110003375428
110003375437
110003375455
110003375473
110003375482
110003375491
110003375507
110003375525
110003375534
110003375543
110003375552
110003375589
110003375605
110003375614
110003375632
110003375641
110003375650
110003375678
110003375687
110003375696
110003375703
110003375712
110003375721
110003375730
110003375749
110003375758
110003375767
110003375776
110003375785
110003375794
110003375801
110003375810
110003375829
110003375838
110003375847
110003375856
110003375865
110003375874
110003375892
110003375918
110003375927
110003375936
110003375945
110003375954
110003375963
110003375972
110003375981
110003375990
110003376007
110003376016
110003376025
110003376034
110003376043
110003376052
110003376061
110003376070
110003376089
110003376098
110003376105
110003376114
