110003376123
110003376132
110003376141
110003376150
110003376169
110003376178
110003376187
110003376196
110003376203
110003376212
110003376221
110003376230
110003376249
110003376258
110003376267
110003376276
110003376285
110003376294
110003376301
110003376310
110003376329
110003376338
110003376347
110003376356
110003376374
110003376383
110003376392
110003376409
110003376436
110003376445
110003376463
110003376472
110003376481
110003376506
110003376515
110003376524
110003376533
110003376542
110003376551
110003376560
110003376588
110003376597
110003376613
110003376622
110003376631
110003376640
110003376659
110003376668
110003376677
110003376686
110003376695
110003376711
110003376739
110003376748
110003376757
110003376766
110003376775
110003376793
110003376819
110003376828
110003376837
110003376846
110003376855
110003376864
110003376873
110003376882
110003376891
110003376908
110003376917
110003376926
110003376935
110003376944
110003376962
110003376971
110003376980
110003376999
110003377006
110003377015
110003377024
110003377033
110003377042
110003377051
110003377060
110003377088
110003377104
110003377131
110003377140
110003377159
110003377168
110003377177
110003377195
110003377202
110003377220
110003377248
110003377257
110003377266
110003377275
110003377293
110003377300
110003377328
110003377337
110003377346
110003377355
110003377364
110003377373
110003377382
110003377391
110003377417
110003377426
110003377435
110003377444
110003377462
110003377471
110003377480
110003377499
110003377505
110003377514
110003377523
110003377532
110003377541
110003377550
110003377569
110003377587
110003377596
110003377621
110003377630
110003377658
110003377676
110003377685
110003377694
110003377701
110003377710
110003377729
110003377738
110003377747
110003377756
110003377765
110003377774
110003377792
110003377809
110003377818
110003377827
110003377836
110003377845
110003377854
110003377863
110003377872
110003377881
110003377907
110003377916
110003377925
110003377934
110003377943
110003377952
110003377961
110003377970
110003377989
110003377998
110003378005
110003378014
110003378041
110003378050
110003378069
110003378078
110003378087
110003378096
110003378103
110003378121
110003378130
110003378149
110003378158
110003378167
110003378176
110003378185
110003378210
110003378229
110003378247
110003378256
110003378265
110003378274
110003378283
110003378292
110003378309
110003378318
110003378327
110003378336
110003378345
110003378354
110003378372
110003378381
110003378390
110003378407
110003378416
110003378425
110003378434
110003378443
110003378461
110003378489
110003378498
110003378504
110003378513
110003378531
110003378540
110003378568
110003378577
110003378586
110003378595
110003378602
110003378639
110003378648
110003378657
110003378666
110003378675
110003378684
110003378693
110003378700
110003378719
110003378728
110003378737
110003378746
110003378764
110003378773
110003378782
110003378791
110003378808
110003378817
110003378826
110003378835
110003378844
110003378853
110003378862
110003378899
110003378906
110003378915
110003378924
110003378933
110003378942
110003378960
110003378988
110003378997
110003379004
110003379013
110003379022
110003379031
110003379040
110003379068
110003379077
110003379086
110003379095
110003379102
110003379111
110003379120
110003379139
110003379148
110003379157
110003379166
110003379184
110003379200
110003379219
110003379228
110003379237
110003379246
110003379255
110003379273
110003379317
110003379326
110003379335
110003379344
110003379353
110003379371
110003379380
110003379399
110003379406
110003379415
110003379424
110003379442
110003379451
110003379460
110003379488
110003379497
110003379503
110003379512
110003379521
110003379530
110003379549
110003379558
110003379567
110003379585
110003379594
110003379601
110003379610
110003379629
110003379647
110003379656
110003379665
110003379674
110003379683
110003379709
110003379718
110003379736
110003379745
110003379754
110003379763
110003379772
110003379781
110003379790
110003379807
110003379816
110003379834
110003379843
110003379852
110003379861
110003379870
110003379889
110003379898
110003379905
110003379932
110003379941
110003379950
110003379978
110003379987
110003379996
110003380010
110003380029
110003380038
110003380047
110003380065
110003380074
110003380083
110003380092
110003380109
110003380118
110003380127
110003380136
110003380145
110003380154
110003380163
110003380172
110003380181
110003380190
110003380207
110003380216
110003380225
110003380234
110003380243
110003380252
110003380261
110003380270
110003380289
110003380298
110003380314
110003380323
110003380332
110003380341
110003380350
110003380378
110003380387
110003380396
110003380403
110003380412
110003380421
110003380430
110003380449
110003380458
110003380476
110003380485
110003380494
110003380500
110003380519
110003380528
110003380537
110003380546
110003380555
110003380564
110003380573
110003380608
110003380626
110003380635
110003380644
110003380653
110003380662
110003380671
110003380680
110003380706
110003380742
110003380751
110003380760
110003380779
110003380788
110003380797
110003380813
110003380822
110003380840
110003380859
110003380868
110003380877
110003380886
110003380895
110003380902
110003380911
110003380920
110003380939
110003380948
110003380957
110003380975
110003380984
110003380993
110003381019
110003381028
110003381037
110003381046
110003381055
110003381064
110003381073
110003381082
110003381091
110003381108
110003381117
110003381126
110003381135
110003381144
110003381153
110003381162
110003381171
110003381180
110003381215
110003381224
110003381233
110003381242
110003381251
110003381260
110003381288
110003381297
110003381313
110003381340
110003381359
110003381386
110003381395
110003381402
110003381411
110003381448
110003381457
110003381466
110003381475
110003381493
110003381509
110003381518
110003381527
110003381536
110003381545
110003381554
110003381563
110003381590
110003381607
110003381616
110003381625
110003381634
110003381643
110003381652
110003381661
110003381670
110003381689
110003381698
110003381705
110003381714
110003381723
110003381732
110003381741
110003381750
110003381769
110003381778
110003381796
110003381803
110003381812
110003381830
110003381849
110003381858
110003381867
110003381876
110003381885
110003381894
110003381910
110003381929
110003381938
110003381956
110003381965
110003381974
110003381983
110003382009
110003382018
110003382027
110003382036
110003382045
110003382072
110003382081
110003382090
110003382107
110003382116
110003382125
110003382134
110003382143
110003382152
110003382161
110003382170
110003382189
110003382198
110003382205
110003382214
110003382223
110003382232
110003382241
110003382250
110003382269
110003382278
110003382287
110003382296
110003382312
110003382321
110003382330
110003382349
110003382358
110003382367
110003382376
110003382385
110003382401
110003382410
110003382429
110003382438
110003382456
110003382465
110003382474
110003382483
110003382492
110003382508
110003382517
110003382526
110003382535
110003382544
110003382553
110003382562
110003382571
110003382580
110003382599
110003382606
110003382615
110003382633
110003382642
110003382660
110003382679
110003382704
110003382713
110003382722
110003382740
110003382759
110003382768
110003382777
110003382786
110003382802
110003382820
110003382839
110003382848
110003382857
110003382866
110003382875
110003382884
110003382893
110003382900
110003382928
110003382937
110003382946
110003382955
110003382982
110003382991
110003383017
110003383026
110003383035
110003383044
110003383053
110003383062
110003383071
110003383080
110003383099
110003383106
110003383115
110003383124
110003383133
110003383142
110003383151
110003383179
110003383188
110003383197
110003383204
110003383222
110003383231
110003383240
110003383259
110003383268
110003383277
110003383295
110003383302
110003383311
110003383320
110003383339
110003383348
110003383357
110003383366
110003383375
110003383384
110003383393
110003383400
110003383419
110003383428
110003383437
110003383446
110003383464
110003383473
110003383491
110003383507
110003383516
110003383525
110003383534
110003383552
110003383561
110003383589
110003383598
110003383605
110003383614
110003383623
110003383632
110003383650
110003383669
110003383678
110003383687
110003383703
110003383712
110003383721
110003383730
110003383758
110003383767
110003383776
110003383785
110003383794
110003383801
110003383810
110003383829
110003383847
110003383865
110003383883
110003383892
110003383927
110003383945
110003383963
110003383981
110003383990
110003384007
110003384016
110003384025
110003384034
110003384043
110003384052
110003384061
110003384070
110003384098
110003384105
110003384114
110003384123
110003384132
110003384141
110003384150
110003384169
110003384178
110003384187
110003384196
110003384203
110003384230
110003384258
110003384267
110003384285
110003384294
110003384301
110003384310
110003384329
110003384347
110003384356
110003384374
110003384383
110003384409
110003384418
110003384427
110003384436
110003384445
110003384472
110003384481
110003384490
110003384524
110003384542
110003384579
110003384588
110003384604
110003384613
110003384622
110003384659
110003384668
110003384677
110003384695
110003384702
110003384711
110003384720
110003384739
110003384757
110003384766
110003384775
110003384793
110003384837
110003384855
110003384864
110003384891
110003384908
110003384926
110003384935
110003384944
110003384953
110003384962
110003384971
110003385015
110003385033
110003385042
110003385051
110003385060
110003385079
110003385088
110003385097
110003385113
110003385122
110003385131
110003385140
110003385159
110003385168
110003385177
110003385186
110003385195
110003385202
110003385211
110003385220
110003385239
110003385248
110003385257
110003385266
110003385275
110003385284
110003385293
110003385300
110003385319
110003385328
110003385337
110003385346
110003385355
110003385364
110003385373
110003385382
110003385391
110003385408
110003385417
110003385426
110003385435
110003385444
110003385453
110003385471
110003385480
110003385499
110003385505
110003385514
110003385523
110003385532
110003385541
110003385550
110003385569
110003385596
110003385603
110003385612
110003385630
110003385649
110003385667
110003385676
110003385685
110003385694
110003385701
110003385710
110003385729
110003385747
110003385756
110003385774
110003385792
110003385809
110003385818
110003385854
110003385872
110003385881
110003385890
110003385907
110003385916
110003385925
110003385934
110003385952
110003385961
110003385970
110003385998
110003386005
110003386014
110003386023
110003386041
110003386050
110003386069
110003386078
110003386087
110003386103
110003386121
110003386130
110003386149
110003386158
110003386167
110003386176
110003386185
110003386201
110003386210
110003386229
110003386247
110003386256
110003386265
110003386274
110003386283
110003386292
110003386309
110003386327
110003386336
110003386345
110003386354
110003386381
110003386390
110003386416
110003386425
110003386434
110003386443
110003386452
110003386461
110003386470
110003386498
110003386504
110003386522
110003386531
110003386559
110003386568
110003386577
110003386586
110003386611
110003386620
110003386648
110003386666
110003386675
110003386684
110003386693
110003386700
110003386719
110003386728
110003386737
110003386746
110003386755
110003386764
110003386773
110003386782
110003386791
110003386808
110003386817
110003386826
110003386835
110003386862
110003386871
110003386880
110003386915
110003386924
110003386942
110003386951
110003386960
110003386979
110003386988
110003387004
110003387013
110003387022
110003387031
110003387040
110003387059
110003387077
110003387095
110003387102
110003387111
110003387120
110003387139
110003387157
110003387175
110003387184
110003387193
110003387200
110003387219
110003387228
110003387237
110003387246
110003387255
110003387273
110003387282
110003387291
110003387308
110003387317
110003387326
110003387344
110003387353
110003387362
110003387380
110003387399
110003387424
110003387433
110003387442
110003387451
110003387479
110003387488
110003387497
110003387503
110003387521
110003387549
110003387558
110003387567
110003387601
110003387629
110003387647
110003387674
110003387692
110003387718
110003387736
110003387754
110003387763
110003387772
110003387781
110003387790
110003387807
110003387816
110003387825
110003387852
110003387870
110003387889
110003387905
110003387914
110003387923
110003387932
110003387941
110003387950
110003387969
110003387987
110003387996
110003388012
110003388021
110003388030
110003388067
110003388085
110003388094
110003388101
110003388110
110003388129
110003388138
110003388147
110003388156
110003388165
110003388174
110003388183
110003388209
110003388218
110003388227
110003388236
110003388254
110003388272
110003388281
110003388290
110003388307
110003388316
110003388325
110003388334
110003388343
110003388361
110003388370
110003388389
110003388398
110003388405
110003388414
110003388423
110003388432
110003388450
110003388469
110003388478
110003388487
110003388502
110003388511
110003388520
