110003388539
110003388548
110003388557
110003388566
110003388584
110003388593
110003388600
110003388619
110003388628
110003388637
110003388646
110003388655
110003388664
110003388682
110003388708
110003388717
110003388726
110003388735
110003388762
110003388771
110003388799
110003388806
110003388842
110003388851
110003388860
110003388897
110003388904
110003388922
110003388931
110003388959
110003388968
110003388977
110003388995
110003389002
110003389011
110003389020
110003389039
110003389048
110003389066
110003389075
110003389093
110003389100
110003389119
110003389128
110003389137
110003389146
110003389155
110003389164
110003389182
110003389191
110003389208
110003389217
110003389226
110003389235
110003389244
110003389253
110003389262
110003389271
110003389280
110003389315
110003389324
110003389333
110003389342
110003389351
110003389360
110003389379
110003389397
110003389404
110003389413
110003389422
110003389431
110003389440
110003389459
110003389468
110003389477
110003389486
110003389501
110003389510
110003389529
110003389538
110003389547
110003389556
110003389583
110003389609
110003389618
110003389627
110003389636
110003389645
110003389663
110003389672
110003389681
110003389690
110003389707
110003389716
110003389725
110003389734
110003389743
110003389752
110003389761
110003389770
110003389798
110003389805
110003389814
110003389823
110003389832
110003389841
110003389850
110003389869
110003389878
110003389887
110003389896
110003389903
110003389912
110003389921
110003389930
110003389949
110003389958
110003389976
110003389994
110003390009
110003390018
110003390027
110003390036
110003390054
110003390063
110003390081
110003390107
110003390116
110003390125
110003390134
110003390143
110003390152
110003390170
110003390189
110003390205
110003390214
110003390223
110003390232
110003390241
110003390250
110003390269
110003390287
110003390296
110003390303
110003390312
110003390321
110003390349
110003390358
110003390367
110003390376
110003390385
110003390394
110003390410
110003390438
110003390447
110003390456
110003390465
110003390474
110003390483
110003390492
110003390508
110003390517
110003390526
110003390544
110003390553
110003390562
110003390571
110003390580
110003390599
110003390615
110003390624
110003390651
110003390660
110003390679
110003390704
110003390713
110003390759
110003390777
110003390786
110003390795
110003390811
110003390820
110003390839
110003390848
110003390857
110003390866
110003390884
110003390900
110003390919
110003390928
110003390937
110003390946
110003390955
110003390964
110003390973
110003390991
110003391008
110003391026
110003391035
110003391044
110003391062
110003391080
110003391099
110003391106
110003391115
110003391124
110003391142
110003391151
110003391160
110003391179
110003391188
110003391197
110003391204
110003391213
110003391222
110003391231
110003391240
110003391259
110003391268
110003391277
110003391286
110003391302
110003391311
110003391320
110003391339
110003391348
110003391357
110003391375
110003534658
110003603459
110003647741
110003995847
110003995856
110003995874
110003995883
110003995927
110003995936
110003995945
110003995954
110003995972
110003995981
110003996007
110003996025
110003996043
110003996089
110003996098
110003996114
110003996123
110003996132
110003996141
110003996150
110003996169
110003996178
110003996203
110003996249
110003996258
110003996285
110003996294
110003996310
110003996329
110003996338
110003996347
110003996365
110003996374
110003996383
110003996392
110003996436
110003996445
110003996454
110003996490
110003996506
110003996515
110003996533
110003996551
110003996560
110003996579
110003996588
110003996597
110003996604
110003996613
110003996622
110003996631
110003996668
110003996686
110003996695
110003996711
110003996720
110003996739
110003996748
110003996766
110003996819
110003996828
110003996837
110003996846
110003996855
110003996864
110003996873
110003996908
110003996917
110003996926
110003996935
110003996944
110003996962
110003996980
110003996999
110003997006
110003997015
110003997024
110003997033
110003997042
110003997051
110003997079
110003997088
110003997097
110003997104
110003997113
110003997131
110003997159
110003997168
110003997177
110003997195
110003997211
110003997220
110003997239
110003997266
110003997275
110003997284
110003997293
110003997300
110003997319
110003997328
110003997337
110003997346
110003997355
110003997373
110003997382
110003997408
110003997435
110003997444
110003997453
110003997462
110003997471
110003997499
110003997505
110003997514
110003997523
110003997532
110003997550
110003997569
110003997578
110003997587
110003997603
110003997621
110003997630
110003997667
110003997676
110003997685
110003997694
110003997701
110003997729
110003997738
110003997747
110003997756
110003997774
110003997783
110003997792
110003997809
110003997827
110003997845
110003997863
110003997872
110003997890
110003997916
110003997943
110003997952
110003997970
110003997989
110003998014
110003998041
110003998050
110003998069
110003998078
110003998096
110003998103
110003998112
110003998121
110003998130
110003998149
110003998158
110003998167
110003998176
110003998185
110003998210
110003998229
110003998265
110003998292
110003998309
110003998345
110003998354
110003998363
110003998381
110003998390
110003998407
110003998416
110003998425
110003998452
110003998461
110003998489
110003998498
110003998513
110003998522
110003998531
110003998540
110003998559
110003998568
110003998577
110003998595
110003998602
110003998620
110003998639
110003998648
110003998657
110003998675
110003998684
110003998700
110003998719
110003998728
110003998746
110003998755
110003998764
110003998782
110003998791
110003998808
110003998817
110003998835
110003998844
110003998853
110003998871
110003998899
110003998906
110003998915
110003998933
110003998960
110003998979
110003999004
110003999013
110003999022
110003999031
110003999059
110003999068
110003999077
110003999086
110003999111
110003999120
110003999139
110003999148
110003999166
110003999175
110003999184
110003999193
110003999200
110003999219
110003999228
110003999246
110003999264
110003999273
110003999282
110003999291
110003999308
110003999317
110003999326
110003999335
110003999344
110003999353
110003999362
110003999371
110003999380
110003999399
110003999406
110003999415
110003999433
110003999442
110003999488
110003999497
110003999503
110003999512
110003999558
110003999567
110003999585
110003999594
110003999647
110003999656
110003999665
110003999674
110003999692
110003999718
110003999727
110003999754
110003999763
110003999781
110003999816
110003999825
110003999861
110003999898
110003999905
110003999914
110003999923
110003999932
110003999941
110003999969
110003999996
110004000009
110004000027
110004000036
110004000045
110004000063
110004000072
110004000081
110004000107
110004000116
110004000134
110004000143
110004000170
110004000189
110004000198
110004000214
110004000223
110004000232
110004000269
110004000287
110004000296
110004000303
110004000312
110004000330
110004000349
110004000358
110004000367
110004000376
110004000385
110004000394
110004000401
110004000429
110004000438
110004000447
110004000456
110004000474
110004000483
110004000508
110004000517
110004000526
110004000544
110004000553
110004000571
110004000580
110004000606
110004000615
110004000624
110004000633
110004000642
110004000651
110004000679
110004000688
110004000697
110004015235
110004018036
110004034857
110004045701
110004057706
110004059562
110004568931
110004568940
110004568968
110004568986
110004568995
110004569002
110004569020
110004569066
110004569119
110004569182
110004569191
110004569235
110004569244
110004569253
110004569271
110004569306
110004569315
110004569333
110004569342
110004569351
110004569413
110004569422
110004569431
110004569440
110004569468
110004569477
110004569495
110004569538
110004569547
110004569556
110004569565
110004569583
110004569618
110004569627
110004569681
110004569690
110004569707
110004569716
110004569789
110004569805
110004569832
110004569841
110004569869
110004569878
110004569921
110004569930
110004569949
110004570036
110004570045
110004570072
110004570081
110004570107
110004570134
110004570143
110004570189
110004570385
110004570394
110004570401
110004570704
110004570713
110004570777
110004570786
110004570839
110004570848
110004570955
110004570982
110004570991
110004571008
110004571017
110004571035
110004571044
110004571053
110004571071
110004571080
110004571099
110004571124
110004571142
110004571160
110004571179
110004571188
110004571204
110004571213
110004571222
110004571286
110004571339
110004571366
110004571375
110004571393
110004571400
110004571419
110004571428
110004571446
110004571473
110004571491
110004571543
110004571605
110004571632
110004571669
110004571696
110004571703
110004571749
110004571801
110004571838
110004571847
110004571865
110004571883
110004571909
110004571918
110004571936
110004571972
110004572025
110004572034
110004572061
110004572098
110004572105
110004572114
110004572123
110004572169
110004572178
110004572221
110004572276
110004572285
110004572294
110004572329
110004572374
110004572392
110004572427
110004572436
110004572445
110004572481
110004572490
110004572506
110004572533
110004572542
110004572551
110004572560
110004572613
110004572622
110004572631
110004572659
110004572668
110004572677
110004572686
110004572695
110004572711
110004572720
110004572739
110004572748
110004572757
110004572775
110004572784
110004572793
110004572828
110004572917
110004572962
110004572999
110004573006
110004573024
110004573033
110004573042
110004573104
110004573131
110004573186
110004573239
110004573257
110004573266
110004573275
110004573300
110004573328
110004573337
110004573346
110004573355
110004573373
110004573426
110004573453
110004573462
110004573471
110004573505
110004573532
110004573596
110004573621
110004573630
110004573676
110004573685
110004573694
110004573710
110004573729
110004573738
110004573783
110004573792
110004573818
110004573827
110004573854
110004573863
110004573872
110004573890
110004573934
110004573943
110004573961
110004573989
110004574005
110004574014
110004574023
110004574121
110004574130
110004574158
110004574247
110004574274
110004574283
110004574336
110004574363
110004574425
110004574452
110004574461
110004574498
110004574522
110004574559
110004574611
110004574639
110004574648
110004574666
110004574675
110004574693
110004574719
110004574746
110004574755
110004574764
110004574773
110004574791
110004574817
110004574835
110004574844
110004574899
110004574915
110004574933
110004574942
110004574988
110004574997
110004575004
110004575013
110004575068
110004575077
110004575102
110004575111
110004575120
110004575308
110004575317
110004575326
110004575362
110004575399
110004575406
110004575415
110004575424
110004575433
110004575503
110004575549
110004575567
110004575610
110004575665
110004575692
110004575709
110004575727
110004575736
110004575772
110004575781
110004575807
110004575843
110004575852
110004575889
110004575905
110004575914
110004575923
110004575978
110004575987
110004576012
110004576058
110004576094
110004576147
110004576183
110004576192
110004576290
110004576307
110004576441
110004576450
110004576478
110004576487
110004576600
110004576799
110004576806
110004576851
110004576860
110004576897
110004576913
110004576922
110004576968
110004577002
110004577057
110004577128
110004577137
110004577155
110004577164
110004577173
110004577182
110004577191
110004577208
110004577235
110004577244
110004577280
110004577299
110004577306
110004577315
110004577324
110004577333
110004577351
110004577360
110004577440
110004577459
110004577477
110004577501
110004577510
110004577547
110004577609
110004577618
110004577627
110004577645
110004577654
110004577707
110004577716
110004577743
110004577770
110004577798
110004577805
110004577823
110004577841
110004577850
110004577903
110004577921
110004577967
110004577976
110004578010
110004578038
110004578047
110004578065
110004578074
110004578136
110004578154
110004578181
110004578190
110004578270
110004578289
110004578314
110004578323
110004578449
110004578528
110004578537
110004578564
110004578608
110004578617
110004578653
110004578671
110004578699
110004578724
110004578751
110004578779
110004578822
110004578868
110004578895
110004578902
110004578911
110004578920
110004578939
110004578975
110004578993
110004579037
110004579055
110004579064
110004579082
110004579108
110004579126
110004579135
110004579144
110004579171
110004579199
110004579215
110004579260
110004579297
110004579322
110004579377
110004579402
110004579457
110004579475
110004579554
110004579563
110004579572
110004579590
110004579607
110004579634
110004579661
110004579723
110004579732
110004579750
110004579769
110004579778
110004579803
110004579812
110004579867
110004579885
110004579901
110004579910
110004579938
110004579947
110004579956
110004579983
110004580016
110004580025
110004580105
110004580114
110004580132
110004580178
110004580187
110004580196
110004580221
110004580285
110004580597
110004580604
110004580631
110004580640
110004580686
110004580702
110004580739
110004580748
