110004580775
110004580793
110004580800
110004580873
110004580953
110004581024
110004581122
110004581131
110004581140
110004581159
110004581168
110004581177
110004581186
110004581266
110004581275
110004581284
110004581300
110004581337
110004581346
110004581355
110004581373
110004581382
110004581417
110004581738
110004581756
110004581765
110004581774
110004581783
110004581792
110004581809
110004581854
110004581961
110004582121
110004582130
110004582149
110004582167
110004582176
110004582238
110004582283
110004582309
110004582318
110004582327
110004582470
110004582513
110004582559
110004582568
110004582586
110004582611
110004582639
110004582648
110004582666
110004582700
110004582737
110004582746
110004582773
110004582791
110004582808
110004582844
110004582853
110004582899
110004582988
110004583077
110004583086
110004583102
110004583111
110004583166
110004583175
110004583193
110004583228
110004583237
110004583317
110004583326
110004583371
110004583415
110004583479
110004583488
110004583503
110004583512
110004583558
110004583567
110004583576
110004583594
110004583647
110004583665
110004583674
110004583683
110004583692
110004583709
110004583718
110004583727
110004583736
110004583745
110004583834
110004583843
110004583852
110004583941
110004583950
110004583969
110004584085
110004584165
110004584254
110004584263
110004584272
110004584316
110004584334
110004584343
110004584361
110004584370
110004584441
110004584450
110004584469
110004584478
110004584487
110004584496
110004584502
110004584511
110004584548
110004584557
110004584566
110004584637
110004584646
110004584655
110004584691
110004584771
110004584806
110004584879
110004584897
110004584931
110004584940
110004585011
110004585048
110004585066
110004585084
110004585093
110004585119
110004585137
110004585191
110004585208
110004585235
110004585253
110004585262
110004585271
110004585280
110004585299
110004585333
110004585351
110004585360
110004585397
110004585468
110004585477
110004585486
110004585510
110004585538
110004585547
110004585574
110004585618
110004585725
110004585734
110004585761
110004585841
110004585903
110004585949
110004585958
110004585985
110004586029
110004586038
110004586056
110004586092
110004586109
110004586127
110004586136
110004586154
110004586181
110004586190
110004586234
110004586298
110004586305
110004586314
110004586412
110004586458
110004586467
110004586476
110004586485
110004586519
110004586528
110004586537
110004586608
110004586626
110004586653
110004586699
110004586724
110004586742
110004586868
110004586877
110004586886
110004586895
110004586948
110004586957
110004586966
110004586984
110004587000
110004587019
110004587028
110004587091
110004587108
110004587135
110004587144
110004587171
110004587199
110004587206
110004587233
110004587251
110004587279
110004587288
110004587322
110004587386
110004587395
110004587411
110004587439
110004587466
110004587475
110004587484
110004587493
110004587527
110004587536
110004587554
110004587563
110004587581
110004587607
110004587616
110004587625
110004587634
110004587652
110004587670
110004587732
110004587741
110004587778
110004587787
110004587796
110004587803
110004587867
110004587876
110004587901
110004587947
110004587965
110004587974
110004587983
110004588045
110004588063
110004588081
110004588090
110004588107
110004588116
110004588125
110004588134
110004588143
110004588152
110004588161
110004588205
110004588214
110004588223
110004588241
110004588278
110004588287
110004588321
110004588330
110004588358
110004588367
110004588394
110004588429
110004588438
110004588580
110004588606
110004588615
110004588624
110004588633
110004588642
110004588651
110004588713
110004588768
110004588795
110004588802
110004588820
110004588875
110004588973
110004588982
110004589026
110004589035
110004589044
110004589053
110004589071
110004589080
110004589099
110004589106
110004589115
110004589142
110004589259
110004589268
110004589277
110004589286
110004589295
110004589302
110004589311
110004589320
110004589375
110004589446
110004589455
110004589464
110004589473
110004589482
110004589507
110004589525
110004589561
110004589589
110004589598
110004589632
110004589650
110004589678
110004589696
110004589703
110004589712
110004589758
110004589767
110004589776
110004589801
110004589810
110004589838
110004589856
110004589883
110004589892
110004589918
110004589927
110004589936
110004589954
110004589963
110004589972
110004589981
110004590005
110004590014
110004590032
110004590041
110004590087
110004590130
110004590149
110004590158
110004590176
110004590185
110004590194
110004590201
110004590354
110004590372
110004590381
110004590407
110004590416
110004590443
110004590657
110004590675
110004590728
110004590737
110004590755
110004590773
110004590791
110004590817
110004590826
110004590835
110004590844
110004590853
110004590862
110004590871
110004590880
110004590899
110004590915
110004590933
110004590960
110004590979
110004590988
110004590997
110004591022
110004591031
110004591040
110004591059
110004591068
110004591077
110004591095
110004591111
110004591120
110004591139
110004591148
110004591157
110004591166
110004591175
110004591184
110004591193
110004591200
110004591228
110004591237
110004591246
110004591255
110004591264
110004591273
110004591282
110004591291
110004591317
110004591326
110004591335
110004591344
110004591353
110004591362
110004591371
110004591380
110004591399
110004591415
110004591424
110004591442
110004591460
110004591479
110004591488
110004591503
110004591512
110004591521
110004591530
110004591549
110004591567
110004591594
110004591610
110004591629
110004591638
110004591647
110004591656
110004591674
110004591692
110004591718
110004591727
110004591745
110004591754
110004591898
110004591941
110004591950
110004591978
110004591987
110004591996
110004592012
110004592021
110004592030
110004592058
110004592076
110004592110
110004592147
110004592156
110004592165
110004592174
110004592183
110004592209
110004592218
110004592227
110004592236
110004592263
110004592272
110004592281
110004592290
110004592307
110004592316
110004592343
110004592352
110004592370
110004592389
110004592414
110004592423
110004592469
110004592478
110004592496
110004592502
110004592511
110004592520
110004592539
110004592548
110004592557
110004592575
110004592637
110004592673
110004592682
110004592708
110004592744
110004592753
110004592771
110004592799
110004592806
110004592851
110004592879
110004592888
110004592897
110004592913
110004592922
110004592940
110004592959
110004592977
110004592995
110004593002
110004593039
110004593057
110004593066
110004593093
110004593100
110004593119
110004593128
110004593137
110004593173
110004593191
110004593262
110004594920
110004594957
110004594966
110004594975
110004594984
110004594993
110004595019
110004595028
110004595037
110004595055
110004595064
110004595082
110004595091
110004595117
110004595126
110004595144
110004595153
110004595171
110004595260
110004595279
110004595288
110004595297
110004595304
110004595340
110004595368
110004595411
110004595420
110004595439
110004595448
110004595457
110004595466
110004595484
110004595509
110004595527
110004595536
110004595545
110004595554
110004595607
110004595616
110004595634
110004595643
110004595652
110004595661
110004595670
110004595698
110004595714
110004595769
110004595787
110004595796
110004595803
110004595821
110004595885
110004595901
110004595910
110004595929
110004595947
110004595956
110004595974
110004595983
110004595992
110004596018
110004596027
110004596036
110004596054
110004596063
110004596081
110004596090
110004596107
110004596116
110004596125
110004596143
110004596152
110004596161
110004596170
110004596198
110004596214
110004596223
110004596241
110004596250
110004596269
110004596296
110004596303
110004596312
110004596456
110004596492
110004596535
110004596544
110004596722
110004596946
110004596955
110004596982
110004596991
110004597008
110004597017
110004597026
110004597035
110004597044
110004597053
110004597071
110004597099
110004597106
110004597133
110004597142
110004597151
110004597179
110004597188
110004597197
110004597222
110004597231
110004597240
110004597320
110004597339
110004597348
110004597366
110004597375
110004597384
110004597419
110004597428
110004597491
110004597507
110004597516
110004597543
110004597570
110004597589
110004597605
110004597614
110004597623
110004597641
110004597650
110004597678
110004597703
110004597712
110004597721
110004597758
110004597767
110004597776
110004597785
110004597794
110004597801
110004597810
110004597829
110004597838
110004597847
110004597856
110004597883
110004597892
110004597909
110004597927
110004597945
110004597963
110004597981
110004597990
110004598025
110004598034
110004598043
110004598052
110004598070
110004598089
110004598114
110004598123
110004598141
110004598178
110004598187
110004598196
110004598203
110004598212
110004598285
110004598329
110004598347
110004598365
110004598374
110004598392
110004598409
110004598418
110004598427
110004598436
110004598445
110004598472
110004598481
110004598524
110004598533
110004598542
110004598551
110004598560
110004598597
110004598604
110004598622
110004598659
110004598784
110004598837
110004598882
110004598891
110004598908
110004598917
110004598926
110004598935
110004598944
110004598962
110004598999
110004599015
110004599024
110004599033
110004599051
110004599104
110004599113
110004599122
110004599131
110004599140
110004599159
110004599168
110004599177
110004599266
110004599293
110004599319
110004599328
110004599337
110004599346
110004599382
110004599391
110004599408
110004599426
110004599471
110004599499
110004599532
110004599569
110004599603
110004599649
110004599658
110004599667
110004599676
110004599694
110004599701
110004599729
110004599738
110004599756
110004599765
110004599854
110004599872
110004599934
110004600334
110004600370
110004600389
110004600398
110004600478
110004600487
110004600496
110004600502
110004600511
110004600520
110004600539
110004600548
110004600557
110004600575
110004600584
110004600593
110004600600
110004600628
110004600637
110004600646
110004600655
110004600673
110004600682
110004600842
110004600851
110004600904
110004601654
110004601672
110004601681
110004601690
110004601707
110004601716
110004601725
110004601734
110004601743
110004601752
110004601761
110004601770
110004601789
110004601798
110004601805
110004601814
110004601823
110004601832
110004601841
110004601850
110004601869
110004601887
110004601896
110004601921
110004601930
110004601949
110004601958
110004601967
110004601976
110004601985
110004601994
110004602001
110004602010
110004602029
110004602038
110004602047
110004602056
110004602074
110004602083
110004602092
110004602118
110004602127
110004602145
110004602154
110004602163
110004602172
110004602181
110004602190
110004602207
110004602216
110004602243
110004602261
110004602270
110004602298
110004602305
110004602314
110004602323
110004602332
110004602341
110004602378
110004602387
110004602396
110004602403
110004602412
110004602421
110004602430
110004602449
110004602458
110004602467
110004602476
110004602485
110004602494
110004602500
110004602519
110004602528
110004602537
110004602546
110004602555
110004602564
110004602573
110004602582
110004602591
110004602608
110004602617
110004602626
110004602644
110004602653
110004602662
110004602671
110004602680
110004602699
110004602706
110004602724
110004602733
110004602742
110004602751
110004602779
110004602788
110004602797
110004602804
110004602813
110004602822
110004602831
110004602840
110004602859
110004602868
110004602877
110004602886
110004602895
110004602902
110004602911
110004602920
110004602939
110004602948
110004602957
110004602993
110004603000
110004603019
110004603322
110004603331
110004603420
110004603439
110004603493
110004603509
110004603518
110004603545
110004603634
110004603643
110004603652
110004603661
110004603670
110004603689
110004603698
110004603705
110004603723
110004603732
110004603787
110004603796
110004603812
110004603849
110004603858
110004603910
110004603983
110004603992
110004604018
110004604027
110004604036
110004604134
110004604143
110004604161
110004604170
110004604189
110004604205
110004604214
110004604250
110004604410
110004604429
110004604438
110004604447
110004604456
110004604465
110004604474
110004604483
110004604535
110004604544
110004604553
110004604580
110004604786
110004604795
110004604811
110004604820
110004604839
110004604848
110004604857
110004604866
110004604875
110004604991
110004605062
110004605071
110004605124
110004605133
110004605142
110004605160
110004605179
110004605197
110004605213
110004605222
110004605277
110004605339
110004605491
110004605507
110004605516
110004605525
110004605598
110004605669
110004605678
110004605687
110004605696
110004605703
110004605721
110004605730
110004605758
110004605767
110004605776
110004605785
110004605794
110004605810
110004605829
110004605847
110004605874
110004605883
110004605909
110004605918
110004605927
110004605936
110004605945
110004605954
110004605963
110004605972
110004605981
110004605990
110004606007
110004606016
110004606025
110004606052
110004606070
