110004606123
110004606132
110004606258
110004606267
110004606276
110004606347
110004606356
110004606365
110004606374
110004606392
110004606409
110004606427
110004606436
110004606445
110004606533
110004606542
110004606766
110004606775
110004606793
110004606800
110004606828
110004606864
110004606891
110004606908
110004606935
110004606953
110004606962
110004606971
110004606980
110004607006
110004607015
110004607024
110004607051
110004607060
110004607079
110004607088
110004607097
110004607131
110004607186
110004607293
110004607328
110004607337
110004607355
110004607373
110004607391
110004607417
110004607426
110004607435
110004607453
110004607462
110004607471
110004607499
110004607505
110004607514
110004607596
110004607621
110004607667
110004607685
110004607701
110004607729
110004607747
110004607756
110004607783
110004607792
110004607809
110004607836
110004607845
110004607863
110004607890
110004607934
110004607943
110004607952
110004607970
110004608005
110004608185
110004608210
110004608238
110004608256
110004608274
110004608327
110004608336
110004608345
110004608363
110004608452
110004608461
110004608489
110004608498
110004608513
110004608531
110004608540
110004608639
110004608666
110004608675
110004608700
110004608719
110004608755
110004608844
110004608871
110004608880
110004608942
110004608951
110004608988
110004608997
110004609022
110004609120
110004609166
110004609228
110004609246
110004609282
110004609291
110004609308
110004609326
110004609344
110004609512
110004609521
110004609530
110004609601
110004609629
110004609638
110004609647
110004609656
110004609692
110004609727
110004609745
110004609754
110004609763
110004609781
110004609790
110004609870
110004609905
110004609923
110004609932
110004610038
110004610074
110004610118
110004610127
110004610136
110004610154
110004610163
110004610172
110004610181
110004610216
110004610225
110004610243
110004610252
110004610289
110004610298
110004610314
110004610323
110004610332
110004610350
110004610369
110004610387
110004610528
110004610546
110004610555
110004610582
110004610626
110004610653
110004610699
110004610715
110004610751
110004610822
110004610831
110004610859
110004610877
110004610902
110004610911
110004611000
110004611037
110004611055
110004611064
110004611091
110004611108
110004611135
110004611144
110004611162
110004611171
110004611199
110004611206
110004611368
110004611395
110004611402
110004611420
110004611466
110004611493
110004611509
110004611527
110004611536
110004611554
110004611563
110004611572
110004611616
110004611625
110004611698
110004611741
110004611849
110004611876
110004611983
110004612027
110004612036
110004612045
110004612072
110004612081
110004612152
110004612214
110004612232
110004612269
110004612330
110004612376
110004612401
110004612438
110004612465
110004612474
110004612571
110004612624
110004612642
110004612651
110004612679
110004612688
110004612802
110004612820
110004613008
110004613017
110004613026
110004613080
110004613099
110004613142
110004613160
110004613268
110004613295
110004613311
110004613348
110004613375
110004613419
110004613446
110004613464
110004613473
110004613482
110004613516
110004613525
110004613614
110004613687
110004613696
110004613712
110004613721
110004613730
110004613749
110004613758
110004613767
110004613785
110004613810
110004613856
110004613865
110004613883
110004613918
110004613936
110004613972
110004613981
110004614016
110004614034
110004614043
110004614052
110004614061
110004614070
110004614267
110004614301
110004614310
110004614392
110004614604
110004614613
110004614622
110004614640
110004614659
110004614668
110004614677
110004614686
110004614702
110004614757
110004614766
110004614775
110004614793
110004614800
110004614819
110004614846
110004614908
110004614917
110004614953
110004615195
110004615211
110004615220
110004615239
110004615257
110004615284
110004615300
110004615328
110004615355
110004615373
110004615382
110004615391
110004615408
110004615435
110004615444
110004615453
110004615505
110004615514
110004615578
110004615587
110004615596
110004615612
110004615630
110004615738
110004615747
110004615765
110004615774
110004615792
110004615809
110004615836
110004615854
110004615863
110004615907
110004615916
110004615925
110004615952
110004615961
110004615970
110004616014
110004616112
110004616121
110004616149
110004616158
110004616167
110004616176
110004616185
110004616210
110004616256
110004616265
110004616274
110004616283
110004616292
110004616309
110004616407
110004616443
110004616452
110004616531
110004616586
110004616755
110004616782
110004616791
110004616853
110004616862
110004616871
110004616942
110004616951
110004617004
110004617166
110004617184
110004617200
110004617219
110004617273
110004617308
110004617317
110004617344
110004617380
110004617399
110004617406
110004617415
110004617594
110004617638
110004617674
110004617683
110004617709
110004617718
110004617727
110004617754
110004617790
110004617852
110004617861
110004617898
110004617905
110004617923
110004617932
110004617941
110004617969
110004617987
110004617996
110004618003
110004618021
110004618076
110004618094
110004618110
110004618129
110004618147
110004618156
110004618165
110004618174
110004618183
110004618192
110004618209
110004618593
110004618619
110004618637
110004618664
110004618673
110004618691
110004618726
110004618735
110004618744
110004618771
110004618780
110004618799
110004618833
110004618842
110004618860
110004618879
110004618888
110004618913
110004618922
110004618940
110004618968
110004618977
110004618986
110004618995
110004619002
110004619011
110004619048
110004619057
110004619066
110004619075
110004619146
110004619164
110004619182
110004619226
110004619262
110004619280
110004619299
110004619306
110004619315
110004619333
110004619342
110004619351
110004619388
110004619431
110004619468
110004619486
110004619529
110004619547
110004619565
110004619609
110004619627
110004619645
110004619681
110004619752
110004619761
110004619823
110004619841
110004620125
110004620152
110004620161
110004620189
110004620205
110004620223
110004620278
110004620303
110004620312
110004620321
110004620330
110004620349
110004620367
110004620429
110004620438
110004620474
110004620483
110004620492
110004620526
110004620562
110004620599
110004620615
110004620633
110004620660
110004620688
110004620722
110004620740
110004620777
110004620964
110004620991
110004621008
110004621017
110004621026
110004621062
110004621348
110004621375
110004621384
110004621419
110004621437
110004621446
110004621464
110004621491
110004621507
110004621534
110004621543
110004621767
110004622007
110004622034
110004622043
110004622052
110004622061
110004622070
110004622098
110004622105
110004622114
110004622132
110004622150
110004622169
110004622178
110004622187
110004622212
110004622221
110004622230
110004622249
110004622258
110004622276
110004622294
110004622310
110004622329
110004622338
110004622347
110004622427
110004622436
110004622445
110004622454
110004622472
110004622481
110004622490
110004622551
110004622560
110004622597
110004622613
110004622622
110004622677
110004622686
110004622935
110004622953
110004622999
110004623015
110004623024
110004623033
110004623060
110004623088
110004623168
110004623202
110004623220
110004623257
110004623293
110004623300
110004623355
110004623373
110004623471
110004623499
110004623541
110004623569
110004623603
110004623612
110004623649
110004623685
110004623747
110004623783
110004623818
110004623845
110004623872
110004623881
110004623916
110004623943
110004623952
110004623961
110004623998
110004624014
110004624087
110004624096
110004624103
110004624112
110004624121
110004624130
110004624309
110004624327
110004624381
110004624407
110004624416
110004624425
110004624434
110004624443
110004624461
110004624577
110004624657
110004624675
110004624700
110004624755
110004624764
110004624773
110004624817
110004624844
110004624862
110004624871
110004624880
110004624906
110004624915
110004624924
110004625193
110004625200
110004625228
110004625255
110004625264
110004625282
110004625326
110004625353
110004625380
110004625399
110004625424
110004625460
110004625488
110004625503
110004625709
110004625718
110004625736
110004625745
110004625763
110004625807
110004625861
110004625870
110004625889
110004625905
110004625914
110004625923
110004625932
110004625950
110004625978
110004625987
110004626094
110004626138
110004626281
110004626290
110004626316
110004626343
110004626389
110004626405
110004626423
110004626432
110004626441
110004626450
110004626487
110004626520
110004626557
110004626566
110004626575
110004626584
110004626717
110004626735
110004626959
110004626968
110004626977
110004626986
110004627020
110004627039
110004627048
110004627084
110004627093
110004627100
110004627137
110004627146
110004627155
110004627164
110004627173
110004627191
110004627208
110004627315
110004627342
110004627404
110004627565
110004627574
110004627592
110004627618
110004627645
110004627672
110004627690
110004627716
110004627743
110004627770
110004627814
110004627823
110004627832
110004627841
110004627850
110004627878
110004627887
110004627896
110004627903
110004627921
110004627958
110004627976
110004628172
110004628181
110004628190
110004628207
110004628270
110004628298
110004628323
110004628467
110004628519
110004628608
110004628662
110004628671
110004628724
110004628788
110004628797
110004628813
110004628840
110004628859
110004628868
110004628877
110004628886
110004628895
110004628920
110004628939
110004628966
110004628975
110004629117
110004629144
110004629153
110004629199
110004629215
110004629224
110004629242
110004629386
110004629395
110004629402
110004629411
110004629420
110004629439
110004629457
110004629509
110004629518
110004629527
110004629545
110004629554
110004629572
110004629607
110004629616
110004629625
110004629661
110004629670
110004629723
110004629732
110004629741
110004629876
110004629901
110004629910
110004629938
110004629956
110004629974
110004629983
110004630007
110004630043
110004630132
110004630141
110004630294
110004630301
110004630310
110004630329
110004630356
110004630374
110004630392
110004630409
110004630418
110004630427
110004630436
110004630551
110004630579
110004630597
110004630604
110004630622
110004630631
110004630695
110004630748
110004630784
110004630800
110004630819
110004630846
110004630864
110004630882
110004631122
110004631131
110004631202
110004631211
110004631220
110004631248
110004631257
110004631275
110004631284
110004631300
110004631319
110004631328
110004631364
110004631373
110004631382
110004631391
110004631417
110004631426
110004631435
110004631462
110004631649
110004631658
110004631676
110004631701
110004631729
110004631747
110004631756
110004631765
110004631792
110004631809
110004631818
110004631827
110004631836
110004631854
110004631863
110004631881
110004631890
110004631907
110004631916
110004631925
110004631934
110004631943
110004631952
110004631961
110004631989
110004632023
110004632041
110004632103
110004632112
110004632121
110004632130
110004632149
110004632167
110004632201
110004632229
110004632238
110004632345
110004632372
110004632434
110004632443
110004632489
110004632498
110004632504
110004632586
110004632611
110004632657
110004632666
110004632728
110004632737
110004632746
110004632764
110004632773
110004632924
110004632942
110004632951
110004632979
110004632988
110004633031
110004633068
110004633120
110004633166
110004633237
110004633246
110004633344
110004633399
110004633442
110004633497
110004633503
110004633521
110004633558
110004633889
110004633969
110004634012
110004634085
110004634094
110004634101
110004634110
110004634138
110004634147
110004634156
110004634183
110004634192
110004634209
110004634236
110004634245
110004634254
110004634334
110004634343
110004634370
110004634389
110004634398
110004634432
110004634441
110004634487
110004634511
110004634520
110004634548
110004634557
110004634600
110004634619
110004634628
110004634637
110004634655
110004634664
110004634691
110004634708
110004634717
110004634762
110004634771
110004634815
110004634842
110004634851
110004634879
110004634888
110004634897
110004634913
110004634922
110004635020
110004635119
110004635137
110004635182
110004635208
110004635235
110004635333
110004635379
110004635388
110004635397
110004635404
110004635413
110004635422
110004635440
110004635459
110004635468
110004635495
110004635501
110004635529
110004635565
110004635618
110004635636
110004635716
110004635725
110004635734
110004635743
110004635752
110004635761
110004635770
110004635814
110004635832
110004635841
110004635850
110004635869
110004635878
110004635887
110004635903
110004635912
110004635921
110004635958
110004635967
110004635985
110004636001
110004636010
110004636047
110004636056
110004636074
110004636109
110004636172
110004636225
110004636234
110004636243
110004636252
110004636261
110004636289
110004636305
110004636314
110004636341
110004636378
110004636403
110004636430
110004636458
110004636476
110004636494
110004636537
110004636546
110004636555
110004636573
110004636591
110004636608
110004636617
110004636644
110004636653
110004636662
