110004636813
110004636831
110004636840
110004636948
110004636957
110004636993
110004637000
110004637073
110004637091
110004637117
110004637126
110004637260
110004637279
110004637322
110004637331
110004637359
110004637368
110004637395
110004637402
110004637411
110004637420
110004637448
110004637457
110004637466
110004637484
110004637509
110004637518
110004637536
110004637554
110004637616
110004637643
110004637698
110004637714
110004637741
110004637803
110004637821
110004637830
110004637876
110004637947
110004637956
110004637983
110004638036
110004638045
110004638054
110004638063
110004638081
110004638090
110004638107
110004638125
110004638134
110004638143
110004638223
110004638241
110004638250
110004638278
110004638330
110004638358
110004638376
110004638394
110004638438
110004638483
110004638508
110004638553
110004638624
110004638633
110004638642
110004638688
110004638713
110004638722
110004638740
110004638759
110004638777
110004638875
110004638884
110004638946
110004638955
110004638964
110004639026
110004639062
110004639071
110004639106
110004639142
110004639151
110004639160
110004639204
110004639231
110004639339
110004639348
110004639384
110004639400
110004639419
110004639428
110004639437
110004639534
110004639543
110004639552
110004639598
110004639605
110004639632
110004639687
110004639721
110004639758
110004639776
110004639829
110004639847
110004639874
110004639918
110004639945
110004639954
110004639972
110004639990
110004640014
110004640023
110004640032
110004640078
110004640087
110004640103
110004640167
110004640201
110004640229
110004640274
110004640283
110004640309
110004640336
110004640354
110004640381
110004640407
110004640425
110004640443
110004640470
110004640489
110004640498
110004640504
110004640522
110004640540
110004640568
110004640577
110004640595
110004640602
110004640675
110004640684
110004640700
110004640746
110004640782
110004640808
110004640817
110004640844
110004640862
110004640988
110004640997
110004641059
110004641068
110004641077
110004641086
110004641095
110004641166
110004641184
110004641219
110004641237
110004641255
110004641282
110004641326
110004641344
110004641406
110004641451
110004641488
110004641497
110004641521
110004641576
110004641601
110004641656
110004641665
110004641692
110004641727
110004641754
110004641816
110004641834
110004641870
110004641898
110004641978
110004641987
110004642003
110004642012
110004642021
110004642030
110004642049
110004642058
110004642067
110004642101
110004642110
110004642129
110004642138
110004642156
110004642165
110004642174
110004642192
110004642209
110004642218
110004642334
110004642548
110004642584
110004642593
110004642600
110004642619
110004642628
110004642637
110004642646
110004642655
110004642664
110004642682
110004642708
110004642717
110004642744
110004642771
110004642799
110004642922
110004642931
110004642959
110004642968
110004642986
110004643002
110004643020
110004643039
110004643075
110004643119
110004643146
110004643155
110004643164
110004643191
110004643226
110004643262
110004643299
110004643306
110004643315
110004643324
110004643333
110004643342
110004643404
110004643413
110004643431
110004643618
110004643761
110004643789
110004643805
110004643823
110004643832
110004643841
110004643850
110004643869
110004643878
110004643896
110004643903
110004643912
110004643921
110004643985
110004643994
110004644001
110004644010
110004644029
110004644047
110004644056
110004644118
110004644127
110004644145
110004644163
110004644172
110004644190
110004644207
110004644234
110004644243
110004644252
110004644261
110004644270
110004644314
110004644341
110004644369
110004644403
110004644430
110004644458
110004644476
110004644546
110004644751
110004644788
110004644797
110004644804
110004644831
110004644840
110004644886
110004644911
110004644920
110004644984
110004644993
110004645019
110004645028
110004645055
110004645073
110004645091
110004645126
110004645135
110004645206
110004645304
110004645331
110004645402
110004645439
110004645484
110004645509
110004645527
110004645545
110004645572
110004645590
110004645616
110004645652
110004645661
110004645670
110004645723
110004645732
110004645741
110004645750
110004645830
110004645858
110004645910
110004645929
110004645947
110004645956
110004645965
110004645974
110004645983
110004645992
110004646036
110004646063
110004646081
110004646116
110004646125
110004646170
110004646223
110004646241
110004646250
110004646269
110004646278
110004646287
110004646296
110004646303
110004646312
110004646321
110004646330
110004646349
110004646376
110004646394
110004646410
110004646456
110004646465
110004646508
110004646517
110004646526
110004646544
110004646562
110004646571
110004646615
110004646633
110004646651
110004646660
110004646679
110004646688
110004646713
110004646722
110004646768
110004646795
110004646928
110004646946
110004646991
110004647026
110004647044
110004647071
110004647099
110004647124
110004647142
110004647188
110004647204
110004647213
110004647286
110004647295
110004647393
110004647428
110004647437
110004647473
110004647491
110004647525
110004647589
110004647641
110004647678
110004647703
110004647758
110004647776
110004647829
110004647847
110004647865
110004647874
110004647909
110004647954
110004647972
110004647981
110004647990
110004648007
110004648016
110004648025
110004648052
110004648061
110004648105
110004648132
110004648141
110004648150
110004648169
110004648187
110004648196
110004648230
110004648258
110004648294
110004648310
110004648347
110004648356
110004648374
110004648392
110004648418
110004648445
110004648490
110004648515
110004648533
110004648542
110004648551
110004648560
110004648588
110004648597
110004648604
110004648613
110004648622
110004648631
110004648640
110004648659
110004648668
110004648702
110004648720
110004648757
110004648766
110004648775
110004648819
110004648873
110004648891
110004648962
110004648971
110004649015
110004649024
110004649033
110004649060
110004649131
110004649177
110004649211
110004649239
110004649266
110004649319
110004649391
110004649417
110004649426
110004649471
110004649480
110004649596
110004649621
110004649630
110004649649
110004649667
110004649694
110004649809
110004649818
110004649854
110004649872
110004649925
110004649943
110004650011
110004650048
110004650057
110004650084
110004650093
110004650100
110004650137
110004650155
110004650164
110004650173
110004650191
110004650217
110004650226
110004650244
110004650253
110004650271
110004650280
110004650299
110004650342
110004650360
110004650397
110004650413
110004650440
110004650459
110004650495
110004650501
110004650529
110004650547
110004650609
110004650618
110004650636
110004650645
110004650672
110004650681
110004650690
110004650707
110004650743
110004650823
110004650841
110004650869
110004650930
110004650949
110004650976
110004651001
110004651038
110004651047
110004651065
110004651074
110004651109
110004651181
110004651207
110004651252
110004651270
110004651289
110004651305
110004651341
110004651378
110004651387
110004651396
110004651449
110004651467
110004651519
110004651537
110004651555
110004651582
110004651591
110004651671
110004651706
110004651724
110004651733
110004651813
110004651840
110004651859
110004651868
110004651886
110004651966
110004651993
110004652000
110004652073
110004652082
110004652126
110004652153
110004652180
110004652199
110004652242
110004652279
110004652297
110004652304
110004652359
110004652368
110004652493
110004652509
110004652527
110004652536
110004652581
110004652643
110004652661
110004652670
110004652732
110004652741
110004652787
110004652803
110004652812
110004652867
110004652901
110004652956
110004652965
110004652974
110004652983
110004652992
110004653036
110004653045
110004653072
110004653143
110004653170
110004653198
110004653250
110004653287
110004653303
110004653312
110004653321
110004653358
110004653376
110004653385
110004653410
110004653483
110004653492
110004653508
110004653544
110004653571
110004653642
110004653651
110004653660
110004653697
110004653704
110004653722
110004653820
110004653848
110004653857
110004653884
110004653893
110004653900
110004653919
110004653964
110004653973
110004653991
110004654071
110004654080
110004654106
110004654222
110004654302
110004654348
110004654375
110004654419
110004654428
110004654464
110004654491
110004654507
110004654525
110004654561
110004654605
110004654623
110004654669
110004654678
110004654703
110004654749
110004654767
110004654776
110004654785
110004654794
110004654801
110004654856
110004654865
110004654972
110004654981
110004655025
110004655105
110004655132
110004655141
110004655150
110004655285
110004655301
110004655338
110004655347
110004655374
110004655383
110004655472
110004655481
110004655515
110004655560
110004655579
110004655588
110004655597
110004655613
110004655622
110004655631
110004655640
110004655659
110004655668
110004655695
110004655702
110004655720
110004655757
110004655766
110004655793
110004655837
110004655873
110004655935
110004655953
110004655999
110004656006
110004656015
110004656131
110004656195
110004656248
110004656266
110004656275
110004656284
110004656300
110004656373
110004656391
110004656499
110004656523
110004656532
110004656569
110004656578
110004656612
110004656658
110004656667
110004656685
110004656738
110004656756
110004656765
110004656783
110004656827
110004656836
110004656863
110004656970
110004656989
110004657005
110004657014
110004657041
110004657050
110004657096
110004657112
110004657167
110004657176
110004657185
110004657194
110004657201
110004657229
110004657238
110004657283
110004657327
110004657354
110004657390
110004657452
110004657504
110004657522
110004657531
110004657559
110004657568
110004657648
110004657657
110004657675
110004657684
110004657719
110004657728
110004657826
110004657906
110004657951
110004658040
110004658086
110004658139
110004658157
110004658264
110004658326
110004658335
110004658344
110004658362
110004658399
110004658451
110004658479
110004658576
110004658585
110004658601
110004658610
110004658647
110004658683
110004658754
110004658763
110004658772
110004658790
110004658807
110004658816
110004658834
110004658898
110004658905
110004658932
110004658978
110004658987
110004659003
110004659012
110004659067
110004659076
110004659085
110004659138
110004659147
110004659156
110004659218
110004659227
110004659236
110004659272
110004659307
110004659316
110004659325
110004659334
110004659352
110004659361
110004659370
110004659414
110004659423
110004659450
110004659520
110004659548
110004659673
110004659682
110004659708
110004659744
110004659780
110004659860
110004659879
110004659959
110004659977
110004659986
110004659995
110004660000
110004660028
110004660082
110004660091
110004660117
110004660126
110004660144
110004660162
110004660180
110004660206
110004660215
110004660224
110004660251
110004660260
110004660279
110004660288
110004660297
110004660322
110004660377
110004660411
110004660457
110004660484
110004660493
110004660581
110004660590
110004660616
110004660625
110004660634
110004660689
110004660714
110004660723
110004660732
110004660778
110004660796
110004660812
110004660830
110004660885
110004660901
110004660929
110004660965
110004660983
110004661009
110004661018
110004661027
110004661045
110004661072
110004661107
110004661125
110004661134
110004661161
110004661198
110004661205
110004661303
110004661394
110004661456
110004661465
110004661526
110004661535
110004661615
110004661624
110004661651
110004661704
110004661777
110004661811
110004661848
110004661857
110004661866
110004661937
110004661955
110004661964
110004661973
110004662062
110004662080
110004662160
110004662240
110004662259
110004662295
110004662302
110004662357
110004662366
110004662393
110004662428
110004662437
110004662446
110004662473
110004662632
110004662641
110004662678
110004662712
110004662721
110004662730
110004662758
110004662767
110004662785
110004662794
110004662801
110004662838
110004662847
110004662856
110004662963
110004662972
110004663025
110004663034
110004663061
110004663098
110004663105
110004663123
110004663141
110004663178
110004663212
110004663249
110004663258
110004663267
110004663276
110004663294
110004663329
110004663347
110004663356
110004663409
110004663454
110004663472
110004663506
110004663588
110004663613
110004663659
110004663668
110004663739
110004663748
110004663757
110004663766
110004663837
110004663855
110004663864
110004663882
110004663917
110004663935
110004663944
110004663980
110004664060
110004664079
110004664140
110004664211
110004664248
110004664284
110004664408
110004664435
110004664444
110004664471
110004664499
110004664505
110004664550
110004664569
110004664587
110004664649
110004664701
110004664710
110004664792
110004664818
110004664836
110004664916
110004664952
110004664961
110004664970
110004665005
110004665014
110004665023
110004665069
110004665194
110004665201
110004665210
110004665283
110004665309
110004665318
110004665327
110004665336
110004665345
110004665381
110004665434
110004665498
110004665504
110004665568
110004665577
110004665595
110004665611
110004665620
110004665639
110004665657
110004665700
