110004665719
110004665773
110004665782
110004665791
110004665808
110004665817
110004665835
110004665871
110004665906
110004665933
110004665942
110004665951
110004665960
110004666004
110004666022
110004666059
110004666086
110004666095
110004666120
110004666157
110004666237
110004666246
110004666282
110004666308
110004666326
110004666344
110004666399
110004666406
110004666433
110004666451
110004666479
110004666488
110004666503
110004666521
110004666567
110004666610
110004666647
110004666674
110004666692
110004666709
110004666718
110004666736
110004666754
110004666816
110004666852
110004666861
110004666898
110004666905
110004666923
110004666941
110004666950
110004666978
110004666987
110004667003
110004667012
110004667021
110004667049
110004667067
110004667094
110004667110
110004667156
110004667218
110004667227
110004667254
110004667316
110004667334
110004667352
110004667361
110004667398
110004667441
110004667478
110004667511
110004667557
110004667566
110004667575
110004667584
110004667593
110004667600
110004667619
110004667646
110004667664
110004667673
110004667691
110004667708
110004667717
110004667744
110004667753
110004667762
110004667771
110004667780
110004667799
110004667806
110004667815
110004667824
110004667833
110004667842
110004667851
110004667860
110004667879
110004667888
110004667897
110004667904
110004667913
110004667922
110004667931
110004667940
110004667959
110004667968
110004667977
110004667986
110004667995
110004668002
110004668011
110004668020
110004668039
110004668048
110004668057
110004668066
110004668075
110004668084
110004668093
110004668100
110004668119
110004668128
110004668137
110004668146
110004668155
110004668164
110004668173
110004668182
110004668191
110004668208
110004668217
110004668226
110004668235
110004668244
110004668253
110004668262
110004668271
110004668280
110004668299
110004668306
110004668315
110004668324
110004668333
110004668342
110004668351
110004668360
110004668379
110004668388
110004668397
110004668404
110004668413
110004668422
110004668459
110004668468
110004668477
110004668495
110004668538
110004668556
110004668574
110004668583
110004668592
110004668609
110004668654
110004668663
110004668672
110004668690
110004668707
110004668716
110004668725
110004668734
110004668743
110004668752
110004668789
110004668841
110004668850
110004668869
110004668878
110004668887
110004668896
110004668930
110004668949
110004668958
110004669001
110004669056
110004669074
110004669083
110004669181
110004669207
110004669225
110004669261
110004669289
110004669305
110004669323
110004669341
110004669387
110004669396
110004669403
110004669449
110004669500
110004669519
110004669528
110004669537
110004669573
110004669582
110004669653
110004669706
110004669742
110004669751
110004669760
110004669804
110004669813
110004669831
110004669840
110004669859
110004669868
110004669877
110004669920
110004669939
110004669948
110004669966
110004669984
110004669993
110004670017
110004670080
110004670099
110004670151
110004670179
110004670197
110004670213
110004670222
110004670231
110004670240
110004670482
110004670507
110004670516
110004670525
110004670534
110004670552
110004670570
110004670614
110004670623
110004670632
110004670641
110004670669
110004670678
110004670696
110004670703
110004670758
110004670785
110004670801
110004670829
110004670838
110004670847
110004670856
110004670865
110004670874
110004670909
110004670927
110004670936
110004670945
110004670954
110004670972
110004670990
110004671025
110004671034
110004671043
110004671052
110004671061
110004671105
110004671114
110004671132
110004671212
110004671267
110004671276
110004671285
110004671310
110004671365
110004671472
110004671481
110004671490
110004671506
110004671579
110004671613
110004671695
110004671702
110004671711
110004671720
110004671748
110004671766
110004671800
110004671873
110004671908
110004671935
110004671944
110004671962
110004671971
110004671980
110004672015
110004672024
110004672042
110004672060
110004672079
110004672097
110004672122
110004672140
110004672177
110004672284
110004672337
110004672346
110004672355
110004672364
110004672382
110004672391
110004672426
110004672499
110004672523
110004672532
110004672541
110004672587
110004672596
110004672621
110004672630
110004672649
110004672765
110004672774
110004672863
110004672881
110004672890
110004672934
110004672970
110004672998
110004673014
110004673023
110004673087
110004673096
110004673103
110004673121
110004673158
110004673167
110004673176
110004673185
110004673194
110004673210
110004673229
110004673238
110004673247
110004673256
110004673265
110004673274
110004673292
110004673345
110004673354
110004673425
110004673452
110004673461
110004673470
110004673504
110004673522
110004673559
110004673568
110004673577
110004673595
110004673611
110004673620
110004673639
110004673666
110004673675
110004673693
110004673808
110004673817
110004673826
110004673835
110004673844
110004673853
110004673862
110004673880
110004673899
110004673951
110004673988
110004673997
110004674031
110004674040
110004674095
110004674102
110004674120
110004674139
110004674175
110004674200
110004674219
110004674228
110004674237
110004674255
110004674264
110004674326
110004674406
110004674442
110004674451
110004674460
110004674497
110004674503
110004674521
110004674594
110004674601
110004674647
110004674656
110004674683
110004674692
110004674709
110004674718
110004674727
110004674790
110004674834
110004674889
110004674898
110004674914
110004674932
110004674969
110004675003
110004675049
110004675058
110004675067
110004675076
110004675085
110004675147
110004675156
110004675174
110004675218
110004675236
110004675290
110004675352
110004675361
110004675389
110004675398
110004675450
110004675469
110004675496
110004675511
110004675548
110004675557
110004675575
110004675584
110004675628
110004675646
110004675655
110004675673
110004675717
110004675762
110004675780
110004675806
110004675824
110004675833
110004675842
110004675888
110004675897
110004675904
110004675922
110004675959
110004675977
110004675986
110004676020
110004676057
110004676066
110004676100
110004676128
110004676137
110004676155
110004676173
110004676208
110004676226
110004676235
110004676244
110004676271
110004676306
110004676324
110004676342
110004676388
110004676397
110004676404
110004676413
110004676422
110004676440
110004676459
110004676477
110004676486
110004676495
110004676501
110004676529
110004676556
110004676654
110004676663
110004676707
110004676716
110004676761
110004676789
110004676798
110004676841
110004676850
110004676887
110004676903
110004676976
110004677010
110004677029
110004677065
110004677083
110004677092
110004677163
110004677172
110004677190
110004677207
110004677261
110004677270
110004677298
110004677369
110004677378
110004677387
110004677396
110004677412
110004677421
110004677430
110004677449
110004677458
110004677467
110004677476
110004677485
110004677494
110004677519
110004677537
110004677546
110004677573
110004677582
110004677591
110004677608
110004677617
110004677653
110004677662
110004677671
110004677715
110004677733
110004677742
110004677751
110004677797
110004677804
110004677813
110004677822
110004677840
110004677859
110004677868
110004677877
110004677886
110004677895
110004677902
110004677911
110004677920
110004677939
110004677948
110004677957
110004677966
110004677975
110004677984
110004677993
110004678000
110004678019
110004678028
110004678037
110004678046
110004678055
110004678064
110004678082
110004678108
110004678117
110004678126
110004678135
110004678144
110004678153
110004678162
110004678171
110004678199
110004678206
110004678215
110004678224
110004678233
110004678251
110004678260
110004678279
110004678288
110004678297
110004678304
110004678313
110004678331
110004678340
110004678359
110004678368
110004678377
110004678386
110004678395
110004678402
110004678411
110004678420
110004678439
110004678448
110004678457
110004678466
110004678475
110004678484
110004678493
110004678509
110004678518
110004678527
110004678545
110004678554
110004678563
110004678572
110004678581
110004678590
110004678607
110004678616
110004678625
110004678634
110004678689
110004678714
110004678769
110004678778
110004678787
110004679081
110004679189
110004679198
110004679205
110004679214
110004679232
110004679269
110004679358
110004679401
110004679492
110004679508
110004679517
110004679535
110004679624
110004679633
110004679651
110004679697
110004679713
110004679768
110004679777
110004679786
110004679795
110004679811
110004679928
110004679991
110004680006
110004680033
110004680042
110004680079
110004680131
110004680168
110004680186
110004680266
110004680300
110004680328
110004680337
110004680346
110004680373
110004680417
110004680426
110004680435
110004680444
110004680453
110004680471
110004680499
110004680505
110004680541
110004680550
110004680578
110004680587
110004680596
110004680621
110004680658
110004680667
110004680676
110004680685
110004680701
110004680729
110004680756
110004680765
110004680774
110004680809
110004680818
110004680970
110004680989
110004680998
110004681005
110004681078
110004681087
110004681096
110004681103
110004681112
110004681130
110004681158
110004681167
110004681176
110004681185
110004681194
110004681229
110004681238
110004681265
110004681274
110004681292
110004681309
110004681318
110004681363
110004681372
110004681381
110004681443
110004681452
110004681461
110004681470
110004681498
110004681513
110004681531
110004681540
110004681559
110004681568
110004681577
110004681586
110004681602
110004681657
110004681719
110004681728
110004681755
110004681773
110004681808
110004681826
110004681871
110004681942
110004681988
110004682022
110004682031
110004682086
110004682102
110004682120
110004682148
110004682193
110004682237
110004682282
110004682291
110004682308
110004682317
110004682326
110004682335
110004682344
110004682353
110004682362
110004682380
110004682399
110004682406
110004682415
110004682424
110004682433
110004682442
110004682451
110004682460
110004682479
110004682488
110004682503
110004682512
110004682521
110004682530
110004682549
110004682558
110004682567
110004682576
110004682585
110004682601
110004682610
110004682665
110004682674
110004682683
110004682692
110004682727
110004682763
110004682781
110004682790
110004682807
110004682816
110004682825
110004682834
110004682843
110004682861
110004682870
110004682889
110004682898
110004682941
110004682987
110004683003
110004683012
110004683021
110004683049
110004683076
110004683085
110004683094
110004683156
110004683165
110004683174
110004683183
110004683209
110004683218
110004683227
110004683236
110004683272
110004683290
110004683307
110004683370
110004683389
110004683398
110004683405
110004683414
110004683423
110004683496
110004683502
110004683511
110004683520
110004683539
110004683548
110004683557
110004683566
110004683637
110004683646
110004683664
110004683673
110004683691
110004683708
110004683735
110004683744
110004683771
110004683806
110004683833
110004683842
110004683851
110004683860
110004683888
110004683904
110004683913
110004683922
110004683986
110004684002
110004684020
110004684093
110004684100
110004684137
110004684146
110004684155
110004684173
110004684191
110004684226
110004684235
110004684262
110004684299
110004684306
110004684315
110004684333
110004684342
110004684351
110004684360
110004684388
110004684627
110004684663
110004684681
110004684707
110004684752
110004684761
110004684814
110004684850
110004684869
110004684921
110004684930
110004684949
110004684976
110004684994
110004685056
110004685083
110004685092
110004685109
110004685118
110004685163
110004685207
110004685261
110004685270
110004685289
110004685298
110004685305
110004685314
110004685323
110004685332
110004685341
110004685350
110004685387
110004685412
110004685430
110004685458
110004685476
110004685555
110004685608
110004685671
110004685699
110004685724
110004685760
110004685797
110004685804
110004685813
110004685840
110004685877
110004685886
110004685895
110004685911
110004685920
110004686028
110004686064
110004686073
110004686082
110004686091
110004686153
110004686171
110004686199
110004686206
110004686233
110004686395
110004686402
110004686457
110004686527
110004686545
110004686563
110004686572
110004686634
110004686643
110004686670
110004686705
110004686723
110004686741
110004686750
110004686778
110004686796
110004686812
110004686821
110004686830
110004686858
110004686867
110004686876
110004686885
110004686894
110004686901
110004686910
110004686929
110004686947
110004686956
110004686974
110004686983
110004686992
110004687009
110004687018
110004687036
110004687045
110004687054
110004687063
110004687090
110004687107
110004687116
110004687125
110004687143
110004687152
110004687161
110004687170
110004687189
110004687198
110004687205
110004687223
110004687232
110004687241
110004687269
110004687278
110004687287
110004687296
110004687312
110004687321
110004687330
110004687349
110004687358
110004687367
110004687376
110004687394
110004687401
110004687410
110004687429
110004687447
110004687456
110004687465
110004687474
110004687492
110004687508
110004687517
