110004687526
110004687535
110004687544
110004687553
110004687562
110004687571
110004687599
110004687606
110004687615
110004687624
110004687633
110004687642
110004687651
110004687660
110004687679
110004687688
110004687697
110004687704
110004687713
110004687722
110004687731
110004687740
110004687759
110004687795
110004687802
110004687811
110004687820
110004687857
110004687866
110004687875
110004687884
110004687893
110004687900
110004687919
110004687946
110004687964
110004687973
110004687982
110004687991
110004688017
110004688053
110004688080
110004688106
110004688133
110004688142
110004688160
110004688188
110004688197
110004688204
110004688213
110004688222
110004688240
110004688366
110004688375
110004688384
110004688552
110004688570
110004688598
110004688605
110004688614
110004688641
110004688669
110004688687
110004688721
110004689132
110004689542
110004689551
110004689560
110004689604
110004689622
110004689711
110004689720
110004689739
110004689757
110004689766
110004689775
110004689855
110004689864
110004689873
110004689891
110004689944
110004689962
110004689980
110004689999
110004690004
110004690022
110004690031
110004690040
110004690059
110004690077
110004690086
110004690102
110004690111
110004690139
110004690148
110004690157
110004690166
110004690193
110004690219
110004690237
110004690246
110004690255
110004690273
110004690282
110004690291
110004690362
110004690380
110004690424
110004690433
110004690460
110004690479
110004690512
110004690521
110004690576
110004690601
110004690656
110004690665
110004690683
110004690709
110004690727
110004690736
110004690745
110004690914
110004690932
110004690941
110004690950
110004690969
110004690978
110004690987
110004691012
110004691021
110004691030
110004691058
110004691067
110004691085
110004691094
110004691101
110004691138
110004691147
110004691183
110004691192
110004691209
110004691227
110004691236
110004691245
110004691254
110004691281
110004691325
110004691343
110004691361
110004691414
110004691441
110004691478
110004691487
110004691502
110004691511
110004691548
110004691593
110004691600
110004691619
110004691628
110004691673
110004691691
110004691717
110004691726
110004691735
110004691744
110004691753
110004691771
110004691799
110004691806
110004691815
110004691824
110004691833
110004691842
110004691851
110004691860
110004691879
110004691888
110004691897
110004691904
110004691922
110004691931
110004691940
110004691959
110004691986
110004692002
110004692137
110004692146
110004692164
110004692173
110004692208
110004692217
110004692235
110004692262
110004692315
110004692351
110004692360
110004692397
110004692422
110004692431
110004692440
110004692459
110004692468
110004692477
110004692486
110004692495
110004692501
110004692510
110004692529
110004692609
110004692618
110004692627
110004692636
110004692645
110004692654
110004692663
110004692672
110004692681
110004692690
110004692707
110004692734
110004692743
110004692752
110004692798
110004692814
110004692949
110004692958
110004692967
110004692976
110004692994
110004693065
110004693074
110004693083
110004693109
110004693118
110004693127
110004693163
110004693172
110004693252
110004693289
110004693298
110004693314
110004693332
110004693369
110004693396
110004693467
110004693476
110004693485
110004693500
110004693519
110004693537
110004693608
110004693617
110004693635
110004693644
110004693653
110004693671
110004693699
110004693751
110004693797
110004693804
110004693813
110004693831
110004693886
110004693895
110004693911
110004693939
110004693984
110004694135
110004694313
110004694536
110004694545
110004694625
110004694670
110004694705
110004694769
110004694778
110004694787
110004694796
110004694812
110004694876
110004694885
110004694938
110004694956
110004694965
110004694974
110004694992
110004695009
110004695018
110004695054
110004695063
110004695072
110004695081
110004695090
110004695152
110004695161
110004695170
110004695198
110004695205
110004695214
110004695232
110004695269
110004695330
110004695367
110004695385
110004695394
110004695401
110004695429
110004695447
110004695456
110004695465
110004695474
110004695483
110004695535
110004695544
110004695553
110004695571
110004695615
110004695651
110004695731
110004695740
110004695811
110004695820
110004695839
110004695857
110004695866
110004695928
110004695946
110004695973
110004696017
110004696035
110004696044
110004696071
110004696080
110004696099
110004696106
110004696115
110004696142
110004696151
110004696160
110004696188
110004696197
110004696222
110004696231
110004696240
110004696277
110004696286
110004696295
110004696302
110004696311
110004696339
110004696348
110004696357
110004696400
110004696464
110004696491
110004696516
110004696534
110004696552
110004696561
110004696589
110004696598
110004696605
110004696623
110004696632
110004696703
110004696712
110004696721
110004696749
110004696758
110004696785
110004696801
110004696810
110004696847
110004696874
110004696883
110004696892
110004696936
110004696972
110004697007
110004697034
110004697061
110004697070
110004697098
110004697132
110004697178
110004697196
110004697221
110004697249
110004697276
110004697285
110004697294
110004697310
110004697329
110004697338
110004697365
110004697427
110004697454
110004697472
110004697533
110004697560
110004697597
110004697640
110004697686
110004697711
110004697766
110004697775
110004697784
110004697793
110004697828
110004697846
110004697855
110004697873
110004697917
110004697926
110004697935
110004697944
110004697971
110004697980
110004698006
110004698015
110004698024
110004698060
110004698088
110004698104
110004698122
110004698140
110004698159
110004698168
110004698195
110004698220
110004698266
110004698284
110004698319
110004698328
110004698346
110004698355
110004698391
110004698462
110004698471
110004698514
110004698523
110004698532
110004698541
110004698550
110004698569
110004698596
110004698603
110004698649
110004698676
110004698685
110004698710
110004698738
110004698747
110004698765
110004698783
110004698792
110004698827
110004698890
110004698961
110004699032
110004699041
110004699050
110004699121
110004699130
110004699194
110004699247
110004699274
110004699318
110004699336
110004699345
110004699434
110004699461
110004699489
110004699504
110004699531
110004699559
110004699595
110004699602
110004699620
110004699666
110004699684
110004699700
110004699728
110004699737
110004699764
110004699782
110004699844
110004699853
110004699862
110004699871
110004699880
110004699906
110004699915
110004699924
110004699951
110004699960
110004699988
110004699997
110004700002
110004700011
110004700020
110004700039
110004700048
110004700084
110004700093
110004700100
110004700119
110004700173
110004700182
110004700217
110004700253
110004700271
110004700315
110004700324
110004700333
110004700342
110004700379
110004700468
110004700477
110004700486
110004700592
110004700609
110004700627
110004700636
110004700663
110004700707
110004700716
110004700743
110004700752
110004700770
110004700798
110004700814
110004700823
110004700841
110004700887
110004700896
110004700903
110004700912
110004700949
110004701010
110004701074
110004701083
110004701092
110004701109
110004701127
110004701136
110004701145
110004701163
110004701172
110004701181
110004701216
110004701234
110004701243
110004701252
110004701261
110004701289
110004701298
110004701305
110004701314
110004701350
110004701396
110004701412
110004701421
110004701458
110004701476
110004701494
110004701537
110004701555
110004701564
110004701582
110004701591
110004701617
110004701626
110004701635
110004701644
110004701662
110004701715
110004701733
110004701779
110004701788
110004701804
110004701822
110004701831
110004701877
110004701886
110004701902
110004701920
110004701948
110004701975
110004701993
110004702108
110004702117
110004702171
110004702215
110004702224
110004702242
110004702251
110004702340
110004702377
110004702420
110004702439
110004702448
110004702466
110004702475
110004702484
110004702536
110004702563
110004702581
110004702590
110004702607
110004702625
110004702652
110004702670
110004702689
110004702714
110004702741
110004702750
110004702803
110004702821
110004702830
110004702858
110004702867
110004702876
110004702885
110004702901
110004702992
110004703018
110004703027
110004703036
110004703072
110004703081
110004703125
110004703161
110004703205
110004703250
110004703296
110004703321
110004703367
110004703376
110004703385
110004703410
110004703429
110004703438
110004703447
110004703456
110004703465
110004703474
110004703483
110004703492
110004703508
110004703517
110004703544
110004703562
110004703571
110004703580
110004703599
110004703633
110004703651
110004703660
110004703679
110004703786
110004703811
110004703820
110004703875
110004703893
110004703919
110004703928
110004703946
110004704008
110004704035
110004704053
110004704099
110004704124
110004704133
110004704151
110004704179
110004704295
110004704320
110004704348
110004704384
110004704393
110004704400
110004704428
110004704534
110004704561
110004704598
110004704632
110004704641
110004704669
110004704678
110004704696
110004704703
110004704712
110004704721
110004704730
110004704749
110004704758
110004704785
110004704838
110004704892
110004704909
110004704918
110004704954
110004704981
110004705007
110004705070
110004705089
110004705105
110004705132
110004705203
110004705212
110004705221
110004705230
110004705276
110004705301
110004705310
110004705338
110004705356
110004705392
110004705409
110004705490
110004705604
110004705613
110004705640
110004705659
110004705702
110004705748
110004705775
110004705793
110004705846
110004705917
110004705944
110004705953
110004705971
110004706024
110004706042
110004706113
110004706122
110004706195
110004706211
110004706220
110004706248
110004706337
110004706346
110004706355
110004706435
110004706453
110004706462
110004706505
110004706532
110004706569
110004706612
110004706621
110004706649
110004706676
110004706792
110004706809
110004706818
110004706845
110004706863
110004706916
110004706952
110004706970
110004707005
110004707023
110004707121
110004707167
110004707185
110004707194
110004707210
110004707238
110004707274
110004707336
110004707443
110004707452
110004707470
110004707498
110004707513
110004707540
110004707559
110004707675
110004707684
110004707746
110004707755
110004707764
110004707773
110004707817
110004707835
110004707844
110004707862
110004707871
110004707906
110004707924
110004707933
110004707951
110004707960
110004707988
110004707997
110004708022
110004708031
110004708059
110004708077
110004708086
110004708095
110004708111
110004708148
110004708157
110004708166
110004708184
110004708219
110004708228
110004708246
110004708264
110004708291
110004708308
110004708335
110004708399
110004708406
110004708415
110004708424
110004708442
110004708479
110004708488
110004708503
110004708601
110004708610
110004708665
110004708683
110004708718
110004708736
110004708745
110004708763
110004708781
110004708807
110004708834
110004708852
110004708861
110004708870
110004708905
110004708914
110004708923
110004708932
110004708941
110004708950
110004709003
110004709058
110004709085
110004709101
110004709129
110004709147
110004709156
110004709192
110004709209
110004709218
110004709227
110004709263
110004709272
110004709316
110004709334
110004709361
110004709370
110004709389
110004709405
110004709414
110004709441
110004709450
110004709487
110004709511
110004709520
110004709539
110004709575
110004709593
110004709600
110004709619
110004709628
110004709637
110004709646
110004709691
110004709735
110004709744
110004709753
110004709762
110004709771
110004709806
110004709815
110004709824
110004709833
110004709879
110004709897
110004709931
110004709940
110004709959
110004709968
110004709977
110004709986
110004710000
110004710019
110004710028
110004710037
110004710046
110004710091
110004710117
110004710153
110004710224
110004710260
110004710297
110004710304
110004710313
110004710331
110004710420
110004710457
110004710466
110004710475
110004710545
110004710554
110004710563
110004710581
110004710616
110004710625
110004710643
110004710698
110004710714
110004710769
110004710778
110004710787
110004710812
110004710858
110004710885
110004710929
110004710947
110004710983
110004710992
110004711009
110004711027
110004711054
110004711072
110004711161
110004711189
110004711250
110004711278
110004711287
110004711296
110004711303
110004711321
110004711330
110004711349
110004711385
110004711401
110004711410
110004711438
110004711447
110004711456
110004711483
110004711517
110004711544
110004711553
110004711562
110004711580
110004711599
110004711615
110004711624
110004711633
110004711651
110004711688
110004711704
110004711740
110004711768
110004711802
110004711820
110004711839
110004711857
110004711866
110004711875
110004711884
110004711928
110004711946
110004711955
110004711991
110004712044
110004712071
110004712080
110004712099
110004712160
110004712188
110004712197
110004712204
110004712213
110004712240
110004712302
110004712311
110004712339
110004712473
110004712491
110004712507
110004712534
110004712561
110004712570
110004712598
