110004712650
110004712696
110004712703
110004712721
110004712829
110004712847
110004712856
110004712865
110004712874
110004712909
110004712945
110004712963
110004713007
110004713016
110004713043
110004713061
110004713132
110004713169
110004713258
110004713329
110004713347
110004713356
110004713365
110004713383
110004713454
110004713463
110004713506
110004713524
110004713604
110004713622
110004713631
110004713748
110004713775
110004713819
110004713837
110004713917
110004713926
110004713935
110004713944
110004713953
110004713971
110004713980
110004713999
110004714006
110004714015
110004714033
110004714042
110004714051
110004714060
110004714088
110004714104
110004714122
110004714140
110004714159
110004714168
110004714177
110004714202
110004714211
110004714239
110004714284
110004714328
110004714337
110004714364
110004714373
110004714382
110004714391
110004714417
110004714426
110004714444
110004714462
110004714471
110004714480
110004714505
110004714514
110004714523
110004714532
110004714569
110004714603
110004714612
110004714630
110004714685
110004714694
110004714701
110004714710
110004714729
110004714738
110004714774
110004714845
110004714863
110004714881
110004715121
110004715176
110004715185
110004715210
110004715247
110004715256
110004715274
110004715283
110004715292
110004715336
110004715434
110004715452
110004715461
110004715522
110004715531
110004715586
110004715611
110004715620
110004715666
110004715675
110004715700
110004715737
110004715791
110004715826
110004715835
110004715844
110004715853
110004715880
110004715924
110004715942
110004715979
110004716031
110004716040
110004716068
110004716077
110004716086
110004716111
110004716157
110004716166
110004716175
110004716228
110004716273
110004716282
110004716291
110004716326
110004716335
110004716353
110004716362
110004716399
110004716415
110004716424
110004716442
110004716488
110004716512
110004716521
110004716576
110004716638
110004716647
110004716683
110004716692
110004716709
110004716772
110004716781
110004716825
110004716834
110004716843
110004716852
110004716914
110004716932
110004716941
110004716969
110004716978
110004717012
110004717049
110004717076
110004717085
110004717129
110004717138
110004717165
110004717183
110004717192
110004717227
110004717236
110004717281
110004717290
110004717307
110004717334
110004717352
110004717441
110004717487
110004717496
110004717502
110004717511
110004717539
110004717548
110004717566
110004717655
110004717691
110004717717
110004717762
110004717771
110004717780
110004717815
110004717824
110004717833
110004717842
110004717860
110004717888
110004717931
110004717940
110004717959
110004717968
110004717977
110004717986
110004717995
110004718002
110004718011
110004718020
110004718039
110004718048
110004718057
110004718100
110004718146
110004718208
110004718244
110004718271
110004718342
110004718397
110004718413
110004718486
110004718495
110004718501
110004718529
110004718538
110004718547
110004718574
110004718583
110004718592
110004718636
110004718663
110004718716
110004718725
110004718770
110004718789
110004718814
110004718832
110004718878
110004718896
110004718903
110004718912
110004718921
110004718930
110004718949
110004718994
110004719010
110004719047
110004719109
110004719136
110004719181
110004719190
110004719207
110004719225
110004719252
110004719305
110004719341
110004719350
110004719396
110004719403
110004719430
110004719467
110004719485
110004719494
110004719500
110004719635
110004719671
110004719680
110004719715
110004719733
110004719742
110004719751
110004719760
110004719779
110004719788
110004719813
110004719822
110004719831
110004719911
110004719920
110004719939
110004719975
110004719993
110004720008
110004720017
110004720026
110004720071
110004720151
110004720204
110004720268
110004720295
110004720357
110004720366
110004720419
110004720428
110004720552
110004720561
110004720570
110004720589
110004720598
110004720605
110004720614
110004720623
110004720632
110004720641
110004720650
110004720696
110004720749
110004720758
110004720767
110004720776
110004720785
110004720829
110004720847
110004720865
110004720883
110004720892
110004720936
110004720954
110004720972
110004720990
110004721007
110004721105
110004721141
110004721169
110004721187
110004721203
110004721310
110004721338
110004721356
110004721409
110004721436
110004721454
110004721472
110004721481
110004721524
110004721588
110004721597
110004721613
110004721622
110004721640
110004721659
110004721668
110004721686
110004721711
110004721748
110004721757
110004721766
110004721800
110004721882
110004721891
110004721917
110004721935
110004722006
110004722015
110004722033
110004722051
110004722104
110004722113
110004722122
110004722131
110004722186
110004722195
110004722239
110004722248
110004722257
110004722293
110004722328
110004722355
110004722382
110004722408
110004722444
110004722514
110004722523
110004722541
110004722550
110004722596
110004722603
110004722612
110004722658
110004722667
110004722694
110004722710
110004722756
110004722765
110004722845
110004722881
110004722890
110004722916
110004722925
110004722952
110004722961
110004723014
110004723023
110004723032
110004723041
110004723069
110004723096
110004723121
110004723149
110004723158
110004723167
110004723176
110004723185
110004723201
110004723238
110004723247
110004723274
110004723292
110004723318
110004723327
110004723345
110004723354
110004723381
110004723425
110004723498
110004723504
110004723531
110004723540
110004723568
110004723602
110004723620
110004723648
110004723666
110004723817
110004723826
110004723835
110004723844
110004723862
110004723871
110004723880
110004723915
110004723942
110004723951
110004723960
110004723997
110004724013
110004724022
110004724068
110004724077
110004724086
110004724095
110004724139
110004724157
110004724175
110004724193
110004724219
110004724246
110004724282
110004724291
110004724362
110004724371
110004724380
110004724399
110004724415
110004724433
110004724460
110004724488
110004724503
110004724512
110004724549
110004724558
110004724567
110004724610
110004724629
110004724656
110004724665
110004724683
110004724727
110004724736
110004724754
110004724772
110004724834
110004724843
110004724889
110004724898
110004724914
110004724923
110004724932
110004724941
110004724987
110004725030
110004725058
110004725067
110004725147
110004725165
110004725174
110004725183
110004725209
110004725218
110004725227
110004725236
110004725245
110004725263
110004725281
110004725316
110004725361
110004725370
110004725389
110004725398
110004725405
110004725414
110004725423
110004725432
110004725511
110004725539
110004725557
110004725566
110004725575
110004725584
110004725593
110004725646
110004725664
110004725673
110004725691
110004725744
110004725753
110004725780
110004725799
110004725806
110004725824
110004725833
110004725842
110004725851
110004725879
110004725888
110004725904
110004725913
110004725922
110004725931
110004725959
110004725995
110004726011
110004726039
110004726048
110004726066
110004726084
110004726100
110004726128
110004726137
110004726146
110004726155
110004726182
110004726244
110004726262
110004726271
110004726280
110004726299
110004726315
110004726324
110004726333
110004726342
110004726379
110004726404
110004726422
110004726431
110004726440
110004726477
110004726486
110004726529
110004726538
110004726547
110004726574
110004726609
110004726618
110004726672
110004726690
110004726752
110004726770
110004726798
110004726832
110004726921
110004726930
110004727029
110004727065
110004727074
110004727083
110004727154
110004727181
110004727207
110004727216
110004727225
110004727243
110004727252
110004727261
110004727289
110004727298
110004727396
110004727403
110004727421
110004727430
110004727449
110004727467
110004727485
110004727500
110004727555
110004727626
110004727644
110004727662
110004727671
110004727680
110004727706
110004727724
110004727742
110004727751
110004727760
110004727868
110004727886
110004727902
110004727948
110004727957
110004727966
110004727975
110004727984
110004728000
110004728028
110004728055
110004728091
110004728117
110004728135
110004728153
110004728162
110004728199
110004728215
110004728233
110004728251
110004728288
110004728304
110004728322
110004728368
110004728395
110004728402
110004728420
110004728439
110004728466
110004728545
110004728554
110004728581
110004728643
110004728652
110004728661
110004728698
110004728732
110004728750
110004728769
110004728778
110004728787
110004728796
110004728803
110004728821
110004728830
110004728849
110004728858
110004728867
110004728894
110004728938
110004728947
110004728974
110004728992
110004729009
110004729036
110004729045
110004729063
110004729107
110004729125
110004729134
110004729161
110004729223
110004729232
110004729241
110004729250
110004729287
110004729303
110004729312
110004729438
110004729535
110004729544
110004729599
110004729615
110004729633
110004729679
110004729697
110004729731
110004729768
110004729786
110004729973
110004729982
110004729991
110004730006
110004730024
110004730104
110004730122
110004730131
110004730159
110004730168
110004730186
110004730220
110004730239
110004730248
110004730257
110004730275
110004730328
110004730337
110004730346
110004730355
110004730364
110004730391
110004730408
110004730426
110004730435
110004730444
110004730471
110004730499
110004730505
110004730523
110004730532
110004730541
110004730569
110004730621
110004730649
110004730658
110004730667
110004730676
110004730685
110004730694
110004730729
110004730756
110004730774
110004730783
110004730845
110004730881
110004730890
110004730925
110004730934
110004730943
110004730998
110004731005
110004731014
110004731023
110004731032
110004731050
110004731121
110004731176
110004731185
110004731201
110004731247
110004731265
110004731274
110004731283
110004731292
110004731327
110004731345
110004731363
110004731416
110004731443
110004731498
110004731531
110004731586
110004731602
110004731719
110004731737
110004731746
110004731764
110004731782
110004731817
110004731844
110004731853
110004731871
110004731880
110004731915
110004731951
110004732059
110004732068
110004732120
110004732219
110004732228
110004732237
110004732326
110004732344
110004732415
110004732433
110004732442
110004732451
110004732488
110004732503
110004732530
110004732549
110004732585
110004732594
110004732610
110004732629
110004732665
110004732692
110004732709
110004732718
110004732754
110004732763
110004732807
110004732825
110004732834
110004732843
110004732870
110004732941
110004732969
110004732978
110004732987
110004732996
110004733012
110004733021
110004733049
110004733058
110004733076
110004733101
110004733147
110004733156
110004733165
110004733174
110004733192
110004733209
110004733227
110004733236
110004733263
110004733272
110004733290
110004733316
110004733325
110004733334
110004733352
110004733361
110004733370
110004733389
110004733405
110004733423
110004733441
110004733450
110004733469
110004733478
110004733487
110004733502
110004733520
110004733539
110004733548
110004733557
110004733566
110004733593
110004733600
110004733646
110004733664
110004733691
110004733717
110004733735
110004733744
110004733762
110004733780
110004733799
110004733806
110004733815
110004733824
110004733842
110004733897
110004733931
110004733959
110004733968
110004734002
110004734048
110004734057
110004734128
110004734146
110004734164
110004734191
110004734208
110004734235
110004734253
110004734262
110004734306
110004734324
110004734351
110004734360
110004734379
110004734404
110004734413
110004734440
110004734468
110004734501
110004734510
110004734529
110004734538
110004734565
110004734609
110004734618
110004734627
110004734636
110004734645
110004734654
110004734672
110004734690
110004734743
110004734789
110004734798
110004734805
110004734814
110004734823
110004734832
110004734841
110004734869
110004734878
110004734921
110004734958
110004734967
110004734976
110004734994
110004735010
110004735029
110004735047
110004735056
110004735065
110004735074
110004735083
110004735092
110004735109
110004735118
110004735127
110004735163
110004735172
110004735181
110004735207
110004735234
110004735289
110004735298
110004735314
110004735341
110004735369
110004735378
110004735403
110004735494
110004735500
110004735519
110004735537
110004735546
110004735555
110004735573
110004735582
110004735626
110004735635
110004735680
110004735699
110004735715
110004735733
110004735751
110004735760
110004735779
110004735788
110004735804
110004735813
110004735822
110004735831
110004735859
110004735868
110004735902
110004735920
110004735939
110004735948
110004735957
110004735975
110004735993
110004736000
110004736028
110004736046
110004736055
110004736064
110004736073
110004736117
110004736135
110004736171
110004736180
110004736199
110004736224
110004736242
110004736260
110004736297
110004736322
110004736359
110004736368
110004736386
110004736395
110004736420
110004736493
110004736518
110004736536
110004736554
110004736572
110004736616
110004736652
110004736670
110004736705
110004736732
110004736769
110004736778
110004736803
110004736821
110004736858
110004736885
