110004736894
110004736901
110004736929
110004736956
110004736965
110004736974
110004736983
110004737009
110004737036
110004737054
110004737107
110004737116
110004737125
110004737152
110004737189
110004737205
110004737232
110004737241
110004737269
110004737287
110004737312
110004737367
110004737385
110004737401
110004737429
110004737447
110004737456
110004737465
110004737474
110004737483
110004737508
110004737526
110004737544
110004737606
110004737624
110004737651
110004737679
110004737697
110004737704
110004737713
110004737731
110004737740
110004737759
110004737777
110004737848
110004737857
110004737866
110004737900
110004737919
110004737928
110004737937
110004737946
110004737955
110004737964
110004737991
110004738008
110004738017
110004738062
110004738115
110004738124
110004738160
110004738188
110004738231
110004738286
110004738302
110004738311
110004738339
110004738348
110004738384
110004738393
110004738419
110004738428
110004738464
110004738482
110004738491
110004738516
110004738525
110004738543
110004738552
110004738589
110004738598
110004738614
110004738641
110004738687
110004738712
110004738749
110004738758
110004738785
110004738865
110004738909
110004738927
110004738954
110004738972
110004739007
110004739016
110004739025
110004739034
110004739114
110004739141
110004739150
110004739187
110004739212
110004739276
110004739310
110004739329
110004739356
110004739515
110004739533
110004739560
110004739597
110004739604
110004739631
110004739668
110004739757
110004739855
110004739882
110004739908
110004739926
110004739971
110004740022
110004740040
110004740148
110004740184
110004740237
110004740246
110004740308
110004740353
110004740380
110004740451
110004740460
110004740479
110004740488
110004740497
110004740521
110004740530
110004740549
110004740558
110004740576
110004740585
110004740629
110004740656
110004740665
110004740674
110004740745
110004740772
110004740978
110004740996
110004741003
110004741012
110004741030
110004741076
110004741094
110004741101
110004741147
110004741156
110004741165
110004741192
110004741272
110004741281
110004741290
110004741334
110004741352
110004741398
110004741405
110004741450
110004741487
110004741548
110004741584
110004741646
110004741664
110004741673
110004741726
110004741744
110004741771
110004741799
110004741806
110004741815
110004741824
110004741833
110004741851
110004741888
110004741897
110004741913
110004741922
110004741940
110004741959
110004741968
110004741995
110004742011
110004742020
110004742039
110004742057
110004742075
110004742137
110004742235
110004742244
110004742324
110004742333
110004742351
110004742379
110004742397
110004936730
110004936794
110004936829
110004936874
110004936883
110004936918
110004936963
110004936972
110004937034
110004937061
110004937132
110004937178
110004937230
110004937267
110004937276
110004937383
110004937454
110004937515
110004937551
110004937579
110004937597
110004937659
110004937702
110004937711
110004937720
110004937828
110004937855
110004937864
110004938006
110004938015
110004938113
110004938159
110004938284
110004938364
110004938382
110004938499
110004938514
110004938667
110004938676
110004938836
110004938863
110004938881
110004938916
110004938943
110004938961
110004938998
110004939103
110004939185
110004939194
110004939210
110004939238
110004939309
110004939425
110004939434
110004939452
110004939470
110004939513
110004939522
110004939559
110004939595
110004939648
110004939666
110004939773
110004939817
110004939826
110004939880
110004939924
110004939997
110004940011
110004940020
110004940057
110004940093
110004940155
110004940182
110004940191
110004940217
110004940271
110004940379
110004940397
110004940422
110004940431
110004940440
110004940459
110004940477
110004940486
110004940529
110004940538
110004940547
110004940556
110004940565
110004940618
110004940636
110004940654
110004940690
110004940716
110004940734
110004940743
110004940761
110004940770
110004940789
110004940798
110004940878
110004940921
110004940949
110004941065
110004941118
110004941154
110004941172
110004941181
110004941207
110004941234
110004941289
110004941430
110004941555
110004941582
110004941591
110004941626
110004941653
110004941779
110004941788
110004941813
110004941822
110004941831
110004941911
110004941939
110004941975
110004942000
110004942126
110004942171
110004942233
110004942304
110004942411
110004942493
110004942590
110004942607
110004942616
110004942625
110004942634
110004942643
110004942652
110004942670
110004942787
110004942812
110004942974
110004943045
110004943054
110004943063
110004943214
110004943223
110004943401
110004951428
110004951446
110004951455
110004951516
110004951552
110004951589
110004951605
110004951614
110004951641
110004951650
110004951669
110004951678
110004951687
110004951712
110004951730
110004951758
110004951767
110004951829
110004951847
110004951865
110004951892
110004951909
110004951927
110004951954
110004951990
110004952016
110004952070
110004952098
110004952105
110004952114
110004952123
110004952141
110004952169
110004952221
110004952249
110004952258
110004952285
110004952301
110004952329
110004952347
110004952365
110004952392
110004952418
110004952436
110004952454
110004952463
110004952481
110004952506
110004952515
110004952542
110004952613
110004952631
110004952659
110004952695
110004952711
110004952739
110004952748
110004952757
110004952775
110004952793
110004952800
110004952837
110004952846
110004952873
110004952882
110004952891
110004952908
110004952953
110004952962
110004952980
110004953015
110004953024
110004953051
110004953104
110004953113
110004953168
110004953186
110004953195
110004953248
110004953257
110004953266
110004953275
110004953293
110004953300
110004953346
110004953391
110004953417
110004953462
110004953505
110004953523
110004953532
110004953569
110004953621
110004953649
110004953710
110004953738
110004953765
110004953792
110004953836
110004953845
110004953854
110004953863
110004953881
110004953890
110004953907
110004953916
110004953934
110004953952
110004953961
110004953970
110004953989
110004953998
110004954005
110004954023
110004954041
110004954078
110004954103
110004954112
110004954121
110004954130
110004954149
110004954158
110004954176
110004954194
110004954201
110004954229
110004954238
110004954247
110004954256
110004954265
110004954283
110004954292
110004954327
110004954363
110004954381
110004954407
110004954416
110004954425
110004954434
110004954452
110004954461
110004954489
110004954498
110004954522
110004954531
110004954540
110004954577
110004954586
110004954595
110004954611
110004954639
110004954666
110004954675
110004954693
110004954737
110004954755
110004954764
110004954782
110004954791
110004954808
110004954817
110004954853
110004954862
110004954871
110004954942
110004954979
110004954988
110004954997
110004955022
110004955031
110004955068
110004955102
110004955111
110004955120
110004955139
110004955166
110004955175
110004955184
110004955193
110004955228
110004955246
110004955255
110004955291
110004955371
110004955399
110004955406
110004955424
110004955433
110004955451
110004955479
110004955521
110004955576
110004955585
110004955647
110004955674
110004955683
110004955692
110004955709
110004955727
110004955763
110004955781
110004955807
110004955825
110004955825
110004955852
110004955861
110004955870
110004955932
110004955969
110004955987
110004956003
110004956049
110004956101
110004956110
110004956147
110004956165
110004956174
110004956183
110004956192
110004956209
110004956254
110004956263
110004956316
110004956325
110004956370
110004956389
110004956398
110004956405
110004956441
110004956478
110004956502
110004956548
110004956566
110004956575
110004956584
110004956593
110004956600
110004956646
110004956664
110004956673
110004956682
110004956691
110004956708
110004956744
110004956762
110004956771
110004956806
110004956815
110004956860
110004956879
110004956888
110004956897
110004956931
110004956940
110004956959
110004956968
110004956977
110004957002
110004957020
110004957084
110004957182
110004957191
110004957208
110004957217
110004957226
110004957244
110004957306
110004957315
110004957333
110004957342
110004957351
110004957388
110004957397
110004957413
110004957422
110004957440
110004957477
110004957529
110004957538
110004957565
110004957583
110004957618
110004957645
110004957681
110004957690
110004957725
110004957734
110004957752
110004957770
110004957805
110004957878
110004957903
110004957930
110004957949
110004957958
110004957967
110004958001
110004958038
110004958047
110004958065
110004958083
110004958136
110004958181
110004958190
110004958216
110004958243
110004958270
110004958298
110004958305
110004958332
110004958378
110004958396
110004958458
110004958519
110004958546
110004958555
110004958573
110004958582
110004958626
110004958662
110004958671
110004958742
110004958859
110004958868
110004958877
110004958895
110004958911
110004958920
110004959028
110004959037
110004959117
110004959135
110004959162
110004959180
110004959199
110004959215
110004959242
110004959313
110004959331
110004959359
110004959377
110004959386
110004959395
110004959402
110004959439
110004959448
110004959518
110004959545
110004959581
110004959616
110004959634
110004959643
110004959705
110004959714
110004959723
110004959750
110004959787
110004959821
110004959858
110004959876
110004959885
110004959894
110004959956
110004959965
110004959974
110004959983
110004959992
110004960034
110004960070
110004960089
110004960098
110004960105
110004960114
110004960150
110004960178
110004960187
110004960196
110004960249
110004960267
110004960285
110004960294
110004960329
110004960347
110004960392
110004960409
110004960445
110004960463
110004960472
110004960524
110004960579
110004960613
110004960640
110004960677
110004960757
110004960766
110004960775
110004960793
110004960837
110004960855
110004960873
110004960908
110004960926
110004960953
110004960980
110004961024
110004961033
110004961042
110004961051
110004961079
110004961088
110004961097
110004961131
110004961159
110004961177
110004961195
110004961220
110004961239
110004961248
110004961257
110004961275
110004961293
110004961300
110004961319
110004961328
110004961337
110004961364
110004961373
110004961426
110004961435
110004961471
110004961499
110004961505
110004961532
110004961541
110004961550
110004961587
110004961596
110004961612
110004961630
110004961649
110004961658
110004961667
110004961676
110004961694
110004961710
110004961738
110004961774
110004961783
110004961827
110004961845
110004961854
110004961863
110004961925
110004961934
110004961943
110004961970
110004962041
110004962050
110004962087
110004962121
110004962130
110004962149
110004962176
110004962210
110004962247
110004962256
110004962309
110004962327
110004962363
110004962372
110004962390
110004962416
110004962443
110004962522
110004962531
110004962540
110004962559
110004962568
110004962577
110004962586
110004962595
110004962602
110004962611
110004962620
110004962648
110004962666
110004962675
110004962693
110004962764
110004962773
110004962782
110004962791
110004962808
110004962844
110004962853
110004962871
110004962880
110004962906
110004962924
110004962933
110004962951
110004962997
110004963004
110004963022
110004963059
110004963148
110004963166
110004963175
110004963184
110004963219
110004963228
110004963264
110004963308
110004963317
110004963344
110004963353
110004963371
110004963415
110004963433
110004963512
110004963521
110004963558
110004963567
110004963576
110004963585
110004963594
110004963601
110004963610
110004963674
110004963683
110004963709
110004963727
110004963745
110004963754
110004963763
110004963772
110004963790
110004963816
110004963825
110004963852
110004963898
110004963932
110004964021
110004964058
110004964094
110004964101
110004964156
110004964165
110004964192
110004964209
110004964218
110004964236
110004964245
110004964254
110004964263
110004964272
110004964290
110004964307
110004964334
110004964361
110004964389
110004964414
110004964450
110004964469
110004964496
110004964502
110004964511
110004964539
110004964584
110004964593
110004964600
110004964655
110004964673
110004964682
110004964691
110004964708
110004964744
110004964753
110004964771
110004964780
110004964799
110004964815
110004964824
110004964833
110004964842
110004964851
110004964860
110004964879
110004964888
110004964897
110004964913
110004964968
110004964977
110004964995
110004965002
110004965020
110004965039
110004965057
110004965075
110004965128
110004965146
110004965164
110004965173
110004965191
110004965208
110004965271
110004965280
110004965306
110004965315
110004965422
110004965431
110004965440
110004965459
110004965468
110004965477
110004965486
110004965495
110004965501
110004965529
110004965547
110004965565
110004965574
110004965583
110004965609
110004965618
110004965636
110004965645
110004965663
110004965672
110004965681
110004965690
110004965716
110004965734
110004965761
110004965789
110004965798
110004965805
110004965814
110004965823
110004965869
110004965878
110004965896
110004965903
110004965912
110004965921
110004966001
110004966056
110004966083
110004966109
