110004966136
110004966172
110004966207
110004966225
110004966261
110004966298
110004966305
110004966332
110004966341
110004966350
110004966378
110004966387
110004966403
110004966412
110004966430
110004966449
110004966458
110004966467
110004966485
110004966519
110004966528
110004966555
110004966582
110004966608
110004966626
110004966644
110004966653
110004966680
110004966706
110004966715
110004966733
110004966742
110004966751
110004966760
110004966779
110004966804
110004966859
110004966868
110004966877
110004966895
110004966939
110004967000
110004967028
110004967037
110004967046
110004967055
110004967064
110004967082
110004967091
110004967117
110004967135
110004967153
110004967171
110004967215
110004967233
110004967242
110004967251
110004967260
110004967288
110004967304
110004967322
110004967340
110004967386
110004967402
110004967420
110004967448
110004967475
110004967493
110004967509
110004967527
110004967536
110004967545
110004967572
110004967607
110004967616
110004967643
110004967652
110004967661
110004967723
110004967732
110004967741
110004967769
110004967778
110004967796
110004967803
110004967812
110004967821
110004967830
110004967867
110004967876
110004967894
110004967965
110004967974
110004967983
110004968018
110004968027
110004968036
110004968072
110004968116
110004968125
110004968161
110004968170
110004968205
110004968250
110004968287
110004968312
110004968321
110004968349
110004968376
110004968438
110004968465
110004968483
110004968508
110004968517
110004968535
110004968553
110004968562
110004968580
110004968599
110004968615
110004968624
110004968633
110004968660
110004968688
110004968704
110004968786
110004968802
110004968839
110004968848
110004968866
110004968900
110004968919
110004968955
110004969008
110004969017
110004969035
110004969044
110004969053
110004969062
110004969080
110004969106
110004969124
110004969142
110004969197
110004969277
110004969286
110004969295
110004969302
110004969311
110004969320
110004969339
110004969348
110004969375
110004969384
110004969393
110004969400
110004969428
110004969437
110004969455
110004969464
110004969507
110004969516
110004969534
110004969552
110004969589
110004969641
110004969650
110004969669
110004969696
110004969703
110004969730
110004969749
110004969776
110004969838
110004969865
110004969883
110004969918
110004969945
110004969972
110004969981
110004970014
110004970023
110004970032
110004970041
110004970050
110004970103
110004970121
110004970149
110004970158
110004970176
110004970265
110004970292
110004970309
110004970327
110004970336
110004970363
110004970513
110004970522
110004970595
110004970602
110004970684
110004970693
110004970700
110004970728
110004970737
110004970764
110004970791
110004970808
110004970835
110004970871
110004970915
110004970933
110004970951
110004970979
110004970988
110004970997
110004971004
110004971013
110004971040
110004971059
110004971068
110004971086
110004971102
110004971111
110004971157
110004971166
110004971175
110004971184
110004971193
110004971200
110004971219
110004971246
110004971264
110004971291
110004971308
110004971362
110004971380
110004971399
110004971406
110004971415
110004971424
110004971433
110004971442
110004971451
110004971488
110004971503
110004971530
110004971558
110004971567
110004971601
110004971692
110004971718
110004971727
110004971754
110004971763
110004971772
110004971790
110004971807
110004971825
110004971834
110004971843
110004971852
110004971870
110004971889
110004971905
110004971914
110004971969
110004971996
110004972049
110004972058
110004972085
110004972147
110004972165
110004972174
110004972183
110004972245
110004972263
110004972272
110004972361
110004972370
110004972414
110004972423
110004972432
110004972450
110004972478
110004972511
110004972520
110004972548
110004972557
110004972600
110004972628
110004972664
110004972673
110004972682
110004972717
110004972735
110004972753
110004972780
110004972833
110004972860
110004972922
110004972931
110004972977
110004972986
110004973002
110004973011
110004973039
110004973048
110004973066
110004973100
110004973119
110004973128
110004973146
110004973173
110004973182
110004973191
110004973208
110004973217
110004973226
110004973235
110004973253
110004973262
110004973271
110004973280
110004973299
110004973306
110004973315
110004973324
110004973351
110004973360
110004973431
110004973440
110004973459
110004973468
110004973495
110004973501
110004973529
110004973538
110004973556
110004973565
110004973574
110004973583
110004973636
110004973645
110004973654
110004973672
110004973681
110004973690
110004973725
110004973734
110004973743
110004973752
110004973798
110004973814
110004973841
110004973850
110004973869
110004973887
110004973903
110004973912
110004973930
110004973949
110004973985
110004973994
110004974001
110004974010
110004974029
110004974047
110004974074
110004974083
110004974118
110004974127
110004974145
110004974172
110004974216
110004974225
110004974234
110004974261
110004974289
110004974298
110004974305
110004974314
110004974332
110004974378
110004974396
110004974403
110004974421
110004974485
110004974494
110004974519
110004974537
110004974546
110004974555
110004974564
110004974573
110004974582
110004974617
110004974626
110004974680
110004974699
110004974706
110004974733
110004974742
110004974788
110004974797
110004974804
110004974822
110004974831
110004974859
110004974886
110004974920
110004974975
110004974984
110004975019
110004975028
110004975037
110004975064
110004975082
110004975117
110004975126
110004975144
110004975180
110004975251
110004975260
110004975279
110004975322
110004975331
110004975368
110004975386
110004975395
110004975402
110004975439
110004975457
110004975475
110004975493
110004975509
110004975518
110004975536
110004975545
110004975572
110004975581
110004975634
110004975661
110004975698
110004975714
110004975723
110004975741
110004975769
110004975796
110004975830
110004975867
110004975938
110004975965
110004975974
110004975983
110004975992
110004976027
110004976045
110004976054
110004976072
110004976081
110004976090
110004976107
110004976125
110004976134
110004976143
110004976152
110004976198
110004976214
110004976223
110004976241
110004976296
110004976312
110004976349
110004976367
110004976394
110004976401
110004976447
110004976456
110004976465
110004976474
110004976508
110004976517
110004976526
110004976535
110004976580
110004976599
110004976615
110004976633
110004976642
110004976660
110004976679
110004976688
110004976697
110004976704
110004976713
110004976740
110004976768
110004976777
110004976795
110004976802
110004976811
110004976839
110004976866
110004976875
110004976893
110004976900
110004976919
110004976955
110004976991
110004977026
110004977062
110004977071
110004977080
110004977115
110004977133
110004977142
110004977151
110004977188
110004977213
110004977222
110004977268
110004977357
110004977419
110004977437
110004977455
110004977464
110004977482
110004977507
110004977516
110004977525
110004977534
110004977543
110004977561
110004977623
110004977650
110004977687
110004977703
110004977712
110004977730
110004977767
110004977776
110004977785
110004977801
110004977838
110004977847
110004977856
110004977865
110004977874
110004977883
110004977936
110004977945
110004977954
110004977963
110004977972
110004977981
110004978007
110004978089
110004978098
110004978105
110004978123
110004978132
110004978169
110004978178
110004978187
110004978196
110004978203
110004978212
110004978221
110004978230
110004978249
110004978276
110004978294
110004978301
110004978310
110004978356
110004978383
110004978427
110004978436
110004978445
110004978472
110004978481
110004978490
110004978515
110004978551
110004978560
110004978604
110004978622
110004978640
110004978668
110004978677
110004978686
110004978702
110004978739
110004978748
110004978757
110004978766
110004978784
110004978793
110004978819
110004978828
110004978837
110004978846
110004978855
110004978908
110004978926
110004978944
110004978962
110004978999
110004979015
110004979042
110004979079
110004979088
110004979113
110004979122
110004979131
110004979140
110004979159
110004979202
110004979248
110004979257
110004979266
110004979275
110004979293
110004979319
110004979382
110004979471
110004979499
110004979514
110004979532
110004979541
110004979550
110004979578
110004979587
110004979621
110004979630
110004979658
110004979667
110004979676
110004979701
110004979710
110004979738
110004979747
110004979765
110004979774
110004979783
110004979792
110004979827
110004979836
110004979863
110004979872
110004979881
110004979925
110004979989
110004979998
110004980003
110004980012
110004980030
110004980094
110004980110
110004980165
110004980192
110004980227
110004980254
110004980263
110004980272
110004980281
110004980290
110004980325
110004980352
110004980361
110004980389
110004980450
110004980487
110004980496
110004980502
110004980511
110004980539
110004980557
110004980575
110004980619
110004980628
110004980637
110004980646
110004980655
110004980664
110004980673
110004980682
110004980708
110004980726
110004980735
110004980753
110004980762
110004980799
110004980824
110004980860
110004980904
110004980922
110004980940
110004981039
110004981048
110004981057
110004981137
110004981235
110004981280
110004981299
110004981315
110004981342
110004981351
110004981404
110004981431
110004981459
110004981477
110004981486
110004981529
110004981583
110004981618
110004981645
110004981654
110004981663
110004981672
110004981681
110004981690
110004981725
110004981734
110004981752
110004981789
110004981798
110004981823
110004981841
110004981850
110004981878
110004981903
110004981921
110004981949
110004981958
110004981967
110004981976
110004981985
110004981994
110004982038
110004982047
110004982065
110004982083
110004982092
110004982109
110004982118
110004982154
110004982172
110004982190
110004982207
110004982216
110004982270
110004982289
110004982314
110004982341
110004982350
110004982403
110004982430
110004982476
110004982485
110004982555
110004982608
110004982617
110004982626
110004982671
110004982699
110004982706
110004982715
110004982751
110004982760
110004982779
110004982813
110004982822
110004982859
110004982895
110004982911
110004982920
110004982984
110004982993
110004983000
110004983019
110004983046
110004983055
110004983091
110004983117
110004983126
110004983153
110004983180
110004983199
110004983215
110004983242
110004983279
110004983297
110004983331
110004983368
110004983377
110004983386
110004983402
110004983420
110004983457
110004983518
110004983536
110004983563
110004983581
110004983590
110004983643
110004983661
110004983670
110004983705
110004983723
110004983750
110004983769
110004983778
110004983787
110004983830
110004983849
110004983867
110004983894
110004983938
110004983965
110004983974
110004983983
110004983992
110004984018
110004984036
110004984054
110004984063
110004984116
110004984125
110004984198
110004984214
110004984223
110004984232
110004984250
110004984367
110004984385
110004984401
110004984429
110004984438
110004984492
110004984508
110004984553
110004984571
110004984599
110004984688
110004984722
110004984740
110004984759
110004984777
110004984786
110004984802
110004984820
110004984857
110004984875
110004984937
110004984946
110004984955
110004984964
110004984991
110004985008
110004985026
110004985053
110004985062
110004985115
110004985197
110004985204
110004985268
110004985277
110004985286
110004985295
110004985302
110004985366
110004985375
110004985384
110004985393
110004985400
110004985419
110004985428
110004985455
110004985464
110004985482
110004985507
110004985516
110004985534
110004985589
110004985598
110004985623
110004985641
110004985678
110004985687
110004985712
110004985776
110004985801
110004985810
110004985874
110004985918
110004985954
110004985963
110004985981
110004986061
110004986187
110004986203
110004986212
110004986230
110004986249
110004986294
110004986347
110004986356
110004986374
110004986427
110004986436
110004986445
110004986481
110004986524
110004986533
110004986560
110004986588
110004986597
110004986631
110004986677
110004986702
110004986739
110004986757
110004986775
110004986793
110004986800
110004986819
110004986837
110004986873
110004986882
110004986891
110004986908
110004986917
110004986926
110004986935
110004986971
110004986980
110004987006
110004987033
110004987051
110004987060
110004987079
110004987088
110004987097
110004987140
110004987168
110004987195
110004987211
110004987220
110004987239
110004987248
110004987257
110004987266
110004987293
110004987319
110004987346
110004987382
110004987391
110004987408
110004987426
110004987435
110004987505
110004987514
110004987532
110004987541
110004987569
110004987596
110004987603
110004987658
110004987676
110004987685
110004987756
110004987774
110004987836
110004987845
110004987863
110004987881
110004987890
110004987925
110004987943
110004987952
110004987998
110004988005
110004988014
110004988041
110004988078
110004988103
110004988121
110004988149
110004988158
110004988185
110004988201
110004988229
110004988247
110004988265
110004988283
110004988292
110004988309
110004988345
