110004988363
110004988390
110004988416
110004988434
110004988443
110004988489
110004988522
110004988639
110004988657
110004988666
110004988684
110004988700
110004988719
110004988737
110004988746
110004988755
110004988773
110004988782
110004988817
110004988835
110004988871
110004988880
110004988906
110004988933
110004988942
110004988951
110004988960
110004988988
110004988997
110004989022
110004989086
110004989102
110004989184
110004989193
110004989219
110004989237
110004989264
110004989317
110004989326
110004989335
110004989344
110004989371
110004989380
110004989406
110004989415
110004989433
110004989442
110004989479
110004989497
110004989512
110004989521
110004989558
110004989576
110004989629
110004989656
110004989674
110004989692
110004989718
110004989736
110004989745
110004989772
110004989807
110004989861
110004989870
110004989889
110004989898
110004989923
110004989950
110004990065
110004990083
110004990092
110004990145
110004990190
110004990207
110004990252
110004990289
110004990298
110004990314
110004990332
110004990369
110004990378
110004990387
110004990396
110004990403
110004990476
110004990528
110004990537
110004990733
110004990779
110004990788
110004990797
110004990822
110004990859
110004990886
110004990920
110004990957
110004991000
110004991019
110004991037
110004991046
110004991073
110004991091
110004991108
110004991117
110004991135
110004991153
110004991162
110004991171
110004991180
110004991199
110004991224
110004991233
110004991288
110004991304
110004991322
110004991331
110004991359
110004991420
110004991439
110004991448
110004991466
110004991484
110004991536
110004991563
110004991590
110004991607
110004991634
110004991643
110004991670
110004991705
110004991714
110004991723
110004991732
110004991741
110004991769
110004991778
110004991803
110004991830
110004991849
110004991876
110004991885
110004991910
110004991938
110004992018
110004992054
110004992072
110004992081
110004992125
110004992143
110004992152
110004992198
110004992205
110004992214
110004992223
110004992269
110004992278
110004992287
110004992296
110004992349
110004992376
110004992456
110004992465
110004992474
110004992535
110004992553
110004992562
110004992599
110004992624
110004992633
110004992660
110004992679
110004992688
110004992713
110004992759
110004992777
110004992795
110004992802
110004992839
110004992866
110004992884
110004992893
110004992919
110004992964
110004992973
110004993008
110004993017
110004993044
110004993071
110004993080
110004993133
110004993142
110004993179
110004993204
110004993222
110004993231
110004993268
110004993286
110004993295
110004993302
110004993375
110004993428
110004993464
110004993507
110004993516
110004993534
110004993552
110004993570
110004993589
110004993623
110004993641
110004993669
110004993678
110004993687
110004993730
110004993749
110004993758
110004993767
110004993776
110004993794
110004993801
110004993810
110004993838
110004993847
110004993865
110004993874
110004993936
110004993945
110004993963
110004994016
110004994061
110004994070
110004994089
110004994105
110004994114
110004994150
110004994221
110004994230
110004994294
110004994301
110004994374
110004994392
110004994418
110004994427
110004994436
110004994490
110004994506
110004994515
110004994524
110004994551
110004994597
110004994604
110004994622
110004994631
110004994640
110004994668
110004994677
110004994757
110004994775
110004994793
110004994800
110004994819
110004994828
110004994846
110004994864
110004994908
110004994935
110004994944
110004994953
110004994971
110004994980
110004994999
110004995015
110004995024
110004995033
110004995042
110004995051
110004995079
110004995097
110004995104
110004995131
110004995140
110004995177
110004995186
110004995211
110004995248
110004995266
110004995328
110004995355
110004995364
110004995373
110004995391
110004995408
110004995471
110004995523
110004995541
110004995578
110004995587
110004995603
110004995612
110004995621
110004995649
110004995658
110004995667
110004995676
110004995701
110004995710
110004995729
110004995747
110004995756
110004995783
110004995792
110004995854
110004995863
110004995881
110004995916
110004995925
110004995943
110004995998
110004996005
110004996014
110004996078
110004996158
110004996167
110004996185
110004996283
110004996292
110004996309
110004996354
110004996372
110004996381
110004996416
110004996434
110004996513
110004996522
110004996540
110004996577
110004996595
110004996611
110004996648
110004996675
110004996773
110004996791
110004996817
110004996826
110004996862
110004996871
110004996880
110004996906
110004996915
110004996933
110004996960
110004996979
110004996997
110004997004
110004997022
110004997031
110004997040
110004997059
110004997068
110004997102
110004997120
110004997148
110004997184
110004997193
110004997200
110004997219
110004997255
110004997273
110004997291
110004997308
110004997317
110004997415
110004997424
110004997433
110004997442
110004997451
110004997460
110004997503
110004997512
110004997521
110004997567
110004997585
110004997610
110004997629
110004997647
110004997674
110004997709
110004997718
110004997745
110004997754
110004997781
110004997790
110004997843
110004997852
110004997870
110004997898
110004997923
110004997969
110004997987
110004998021
110004998030
110004998049
110004998094
110004998101
110004998156
110004998165
110004998183
110004998227
110004998245
110004998254
110004998263
110004998307
110004998352
110004998450
110004998511
110004998520
110004998539
110004998548
110004998557
110004998600
110004998628
110004998646
110004998655
110004998664
110004998673
110004998744
110004998753
110004998771
110004998780
110004998806
110004998842
110004998851
110004998860
110004998879
110004998897
110004998904
110004998913
110004998922
110004998931
110004998968
110004998977
110004998995
110004999002
110004999011
110004999020
110004999039
110004999048
110004999057
110004999066
110004999075
110004999093
110004999119
110004999128
110004999146
110004999155
110004999217
110004999235
110004999262
110004999271
110004999280
110004999299
110004999306
110004999315
110004999333
110004999342
110004999360
110004999379
110004999397
110004999404
110004999422
110004999431
110004999440
110004999477
110004999510
110004999565
110004999574
110004999583
110004999592
110004999609
110004999618
110004999636
110004999645
110004999654
110004999663
110004999672
110004999707
110004999716
110004999734
110004999752
110004999770
110004999798
110004999814
110004999832
110004999850
110004999869
110004999887
110004999896
110004999903
110004999912
110004999921
110004999930
110004999949
110004999985
110005000015
110005000033
110005000051
110005000060
110005000079
110005000088
110005000097
110005000104
110005000113
110005000122
110005000159
110005000168
110005000186
110005000195
110005000202
110005000211
110005000220
110005000239
110005000248
110005000257
110005000284
110005000293
110005000300
110005000337
110005000346
110005000364
110005000382
110005000391
110005000426
110005000435
110005000444
110005000453
110005000480
110005000499
110005000505
110005000514
110005000523
110005000532
110005000578
110005000603
110005000612
110005000621
110005000630
110005000667
110005000685
110005000694
110005000710
110005000729
110005000738
110005000765
110005000774
110005000783
110005000792
110005000809
110005000836
110005000863
110005000881
110005000890
110005000907
110005000916
110005000925
110005000934
110005000943
110005000952
110005000961
110005000970
110005000998
110005001041
110005001087
110005001112
110005001130
110005001167
110005001176
110005001185
110005001194
110005001238
110005001256
110005001274
110005001283
110005001309
110005001318
110005001345
110005001354
110005001363
110005001372
110005001381
110005001390
110005001407
110005001416
110005001434
110005001452
110005001498
110005001504
110005001513
110005001522
110005001531
110005001540
110005001559
110005001577
110005001586
110005001595
110005001602
110005001611
110005001620
110005001639
110005001666
110005001675
110005001684
110005001693
110005001719
110005001728
110005001755
110005001764
110005001782
110005001835
110005001853
110005001862
110005001880
110005001899
110005001906
110005001924
110005001942
110005001960
110005001988
110005002022
110005002040
110005002059
110005002102
110005002120
110005002157
110005002166
110005002193
110005002200
110005002219
110005002228
110005002326
110005002344
110005002380
110005002406
110005002530
110005002576
110005002629
110005002647
110005002656
110005002709
110005002736
110005002745
110005002754
110005002772
110005002781
110005002807
110005002834
110005002852
110005002870
110005002898
110005002914
110005002941
110005002950
110005002978
110005003003
110005003049
110005003049
110005003067
110005003076
110005003174
110005003183
110005003192
110005003218
110005003236
110005003245
110005003263
110005003290
110005003316
110005003343
110005003370
110005003389
110005003398
110005003423
110005003441
110005003469
110005003478
110005003487
110005003511
110005003520
110005003575
110005003584
110005003593
110005003600
110005003619
110005003628
110005003646
110005003655
110005003664
110005003717
110005003799
110005003806
110005003815
110005003986
110005004011
110005004066
110005004084
110005004093
110005004146
110005004155
110005004217
110005004333
110005004413
110005004440
110005004468
110005004477
110005004592
110005004618
110005004636
110005004654
110005004663
110005004681
110005004707
110005004725
110005004734
110005004789
110005004814
110005004823
110005004869
110005004878
110005004930
110005004949
110005004967
110005004994
110005005038
110005005065
110005005127
110005005145
110005005190
110005005207
110005005225
110005005234
110005005252
110005005314
110005005341
110005005378
110005005403
110005005412
110005005546
110005005573
110005005653
110005005699
110005005706
110005005724
110005005779
110005005788
110005005797
110005005831
110005005840
110005005868
110005005886
110005005902
110005005911
110005005984
110005005993
110005006000
110005006019
110005006028
110005006046
110005006055
110005006135
110005006144
110005006153
110005006162
110005006260
110005006288
110005006297
110005006313
110005006368
110005006377
110005006411
110005006420
110005006448
110005006457
110005006518
110005006527
110005006554
110005006563
110005006572
110005006581
110005006590
110005006634
110005006689
110005006698
110005006750
110005006769
110005006787
110005006849
110005006867
110005006876
110005006956
110005006974
110005007018
110005007036
110005007090
110005007107
110005007143
110005007152
110005007189
110005007241
110005007269
110005007321
110005007349
110005007358
110005007394
110005007429
110005007438
110005007456
110005007474
110005007492
110005007517
110005007553
110005007580
110005007606
110005007633
110005007679
110005007704
110005007722
110005007740
110005007768
110005007848
110005007875
110005007893
110005007919
110005007973
110005007982
110005008008
110005008053
110005008071
110005008080
110005008099
110005008106
110005008124
110005008179
110005008188
110005008204
110005008213
110005008231
110005008259
110005008348
110005008357
110005008384
110005008393
110005008428
110005008464
110005008473
110005008552
110005008570
110005008598
110005008623
110005008641
110005008758
110005008776
110005008847
110005008856
110005008883
110005008892
110005008927
110005008945
110005009043
110005009089
110005009098
110005009123
110005009132
110005009141
110005009169
110005247688
110005271810
110005271829
110005271838
110005271847
110005271856
110005271865
110005271874
110005271883
110005271892
110005271918
110005271927
110005271936
110005271945
110005271954
110005271963
110005271972
110005271981
110005271990
110005272007
110005272016
110005272034
110005272043
110005272052
110005272061
110005272070
110005272089
110005272098
110005272105
110005272114
110005272123
110005272132
110005272141
110005272150
110005272169
110005272178
110005272196
110005272203
110005272212
110005272221
110005272230
110005272249
110005272258
110005272267
110005272276
110005272285
110005272294
110005272301
110005272310
110005272329
110005272338
110005272347
110005272356
110005272365
110005272392
110005272409
110005272418
110005272427
110005272436
110005272445
110005272454
110005272463
110005272481
110005272490
110005272506
110005272515
110005272524
110005272533
110005272542
110005272551
110005272560
110005272579
110005272588
110005272597
110005272613
110005272631
110005272640
110005272659
110005272668
110005272677
110005272686
110005272695
110005272702
110005272711
110005272720
110005272739
110005272748
110005272757
110005272766
110005272775
110005272784
110005272793
110005272800
110005272819
110005272828
110005272837
110005272846
110005272855
110005272864
110005272873
110005272882
110005272891
110005272908
110005272917
110005272926
110005272935
110005272944
110005272953
110005272962
110005272971
110005272980
110005272999
110005273006
110005273015
110005273024
110005273033
110005273042
110005273051
110005273060
110005273079
110005273088
110005273097
110005273104
110005273113
110005273122
110005273131
110005273140
