110005273159
110005273168
110005273186
110005273195
110005273202
110005273211
110005273220
110005273239
110005273248
110005273257
110005273266
110005273284
110005273293
110005273300
110005273319
110005273328
110005273337
110005273346
110005273355
110005273364
110005273373
110005273382
110005273391
110005273408
110005273417
110005273426
110005273435
110005273453
110005273462
110005273471
110005273480
110005273499
110005273505
110005273523
110005273532
110005273541
110005273550
110005273569
110005273578
110005273587
110005273596
110005273603
110005273612
110005273621
110005273630
110005273649
110005273658
110005273667
110005273676
110005273685
110005273694
110005273701
110005273710
110005273738
110005273747
110005273756
110005273765
110005273774
110005273783
110005273809
110005273818
110005273827
110005273836
110005273845
110005273854
110005273863
110005273872
110005273881
110005273890
110005273907
110005273916
110005273925
110005273934
110005273943
110005273952
110005273961
110005273970
110005273989
110005273998
110005274005
110005274014
110005274023
110005274032
110005274041
110005274050
110005274069
110005274078
110005274087
110005274096
110005274112
110005274121
110005274130
110005274149
110005274158
110005274167
110005274185
110005274194
110005274201
110005274210
110005274229
110005274238
110005274247
110005274256
110005274265
110005274274
110005274283
110005274292
110005274309
110005274318
110005274327
110005274336
110005274345
110005274354
110005274372
110005274381
110005274390
110005274407
110005274416
110005274425
110005274434
110005274443
110005274452
110005274461
110005274470
110005274489
110005274498
110005274504
110005274513
110005274522
110005274531
110005274540
110005274559
110005274568
110005274577
110005274586
110005274595
110005274602
110005274611
110005274620
110005274639
110005274648
110005274657
110005274666
110005274675
110005274684
110005274693
110005274700
110005274719
110005274728
110005274737
110005274746
110005274755
110005274764
110005274773
110005274791
110005274808
110005274817
110005274826
110005274835
110005274844
110005274853
110005274862
110005274871
110005274880
110005274899
110005274906
110005274924
110005274933
110005274942
110005274960
110005274979
110005274997
110005275013
110005275022
110005275031
110005275040
110005275059
110005275068
110005275077
110005275086
110005275095
110005275102
110005275111
110005275120
110005275139
110005275148
110005275157
110005275166
110005275175
110005275184
110005275193
110005275200
110005275219
110005275228
110005275237
110005275246
110005275255
110005275264
110005275273
110005275282
110005275291
110005275308
110005275317
110005275326
110005275335
110005275344
110005275353
110005275362
110005275371
110005275380
110005275399
110005275406
110005275415
110005275424
110005275433
110005275442
110005275451
110005275460
110005275479
110005275488
110005275497
110005275503
110005275512
110005275521
110005275530
110005275549
110005275558
110005275567
110005275576
110005275585
110005275594
110005275601
110005275610
110005275629
110005275638
110005275647
110005275656
110005275665
110005275674
110005275683
110005275692
110005275709
110005275718
110005275727
110005275736
110005275745
110005275754
110005275763
110005275772
110005275781
110005275790
110005275807
110005275816
110005275825
110005275834
110005275843
110005275852
110005275861
110005275870
110005275889
110005275898
110005275905
110005275932
110005275941
110005275950
110005275969
110005275978
110005275987
110005275996
110005276003
110005276012
110005276021
110005276030
110005276058
110005276067
110005276076
110005276085
110005276094
110005276101
110005276110
110005276129
110005276138
110005276147
110005276156
110005276165
110005276183
110005276192
110005276209
110005276218
110005276245
110005276254
110005276272
110005276281
110005276290
110005276307
110005276316
110005276325
110005276334
110005276343
110005276352
110005276361
110005276370
110005276398
110005276405
110005276414
110005276423
110005276432
110005276441
110005276450
110005276469
110005276478
110005276487
110005276502
110005276520
110005276548
110005276557
110005276566
110005276575
110005276584
110005276593
110005276600
110005276619
110005276628
110005276637
110005276655
110005276664
110005276673
110005276682
110005276691
110005276708
110005276717
110005276735
110005276744
110005276753
110005276762
110005276771
110005276799
110005276806
110005276824
110005276833
110005276842
110005276851
110005276879
110005276888
110005276897
110005276913
110005276922
110005276931
110005276940
110005276959
110005276968
110005276977
110005276986
110005276995
110005277002
110005277039
110005277057
110005277066
110005277093
110005277100
110005277119
110005277128
110005277137
110005277155
110005277164
110005277173
110005277191
110005277208
110005277217
110005277226
110005277235
110005277244
110005277253
110005277262
110005277271
110005277280
110005277299
110005277306
110005277315
110005277342
110005277351
110005277360
110005277397
110005277404
110005277413
110005277422
110005277431
110005277440
110005277459
110005277468
110005277486
110005277501
110005277529
110005277547
110005277556
110005277565
110005277574
110005277583
110005277609
110005277618
110005277636
110005277645
110005277654
110005277663
110005277672
110005277681
110005277690
110005277707
110005277725
110005277734
110005277743
110005277770
110005277789
110005277798
110005277805
110005277814
110005277823
110005277832
110005277850
110005277869
110005277878
110005277887
110005277896
110005277903
110005277912
110005277921
110005277930
110005277949
110005277967
110005277976
110005277985
110005277994
110005278001
110005278010
110005278038
110005278047
110005278056
110005278065
110005278074
110005278083
110005278092
110005278109
110005278118
110005278127
110005278136
110005278145
110005278154
110005278163
110005278172
110005278181
110005278190
110005278207
110005278216
110005278225
110005278252
110005278270
110005278289
110005278298
110005278305
110005278314
110005278323
110005278332
110005278341
110005278350
110005278369
110005278378
110005278387
110005278396
110005278403
110005278412
110005278430
110005278449
110005278494
110005278500
110005278519
110005278537
110005278546
110005278564
110005278582
110005278591
110005278608
110005278617
110005278626
110005278635
110005278644
110005278653
110005278662
110005278671
110005278680
110005278699
110005278706
110005278715
110005278733
110005278742
110005278751
110005278760
110005278779
110005278788
110005278797
110005278804
110005278813
110005278822
110005278831
110005278840
110005278859
110005278886
110005278895
110005278902
110005278911
110005278939
110005278948
110005278966
110005278975
110005278984
110005278993
110005279000
110005279019
110005279028
110005279037
110005279055
110005279073
110005279082
110005279091
110005279108
110005279117
110005279126
110005279135
110005279144
110005279153
110005279162
110005279171
110005279180
110005279199
110005279206
110005279215
110005279224
110005279233
110005279242
110005279251
110005279260
110005279279
110005279288
110005279297
110005279304
110005279313
110005279322
110005279331
110005279340
110005279359
110005279368
110005279386
110005279395
110005279402
110005279411
110005279420
110005279439
110005279448
110005279457
110005279466
110005279475
110005279484
110005279527
110005279536
110005279545
110005279554
110005279563
110005279572
110005279590
110005279607
110005279616
110005279625
110005279634
110005279652
110005279661
110005279670
110005279698
110005279705
110005279714
110005279723
110005279741
110005279778
110005279787
110005279796
110005279821
110005279849
110005279858
110005279876
110005279894
110005279901
110005279938
110005279947
110005279956
110005279965
110005279983
110005280007
110005280016
110005280025
110005280034
110005280052
110005280070
110005280098
110005280141
110005280150
110005280178
110005280196
110005280203
110005280212
110005280221
110005280249
110005280267
110005280276
110005280285
110005280301
110005280329
110005280338
110005280347
110005280356
110005280365
110005280374
110005280383
110005280392
110005280418
110005280427
110005280454
110005280463
110005280481
110005280490
110005280515
110005280524
110005280533
110005280542
110005280551
110005280560
110005280579
110005280588
110005280597
110005280604
110005280613
110005280622
110005280631
110005280640
110005280659
110005280668
110005280677
110005280686
110005280695
110005280702
110005280711
110005280720
110005280739
110005280748
110005280757
110005280766
110005280775
110005280784
110005280800
110005280828
110005280855
110005280882
110005280908
110005280917
110005280935
110005280944
110005280953
110005280962
110005280971
110005280980
110005280999
110005281006
110005281015
110005281024
110005281033
110005281042
110005281051
110005281060
110005281088
110005281097
110005281104
110005281122
110005281131
110005281159
110005281168
110005281177
110005281195
110005281202
110005281211
110005281220
110005281239
110005281248
110005281257
110005281275
110005281284
110005281293
110005281319
110005281328
110005281355
110005281364
110005281382
110005281408
110005281444
110005281462
110005281514
110005281523
110005281541
110005281550
110005281569
110005281621
110005281630
110005281649
110005281658
110005281667
110005281676
110005281701
110005281710
110005281729
110005281738
110005281747
110005281756
110005281783
110005281809
110005281836
110005281863
110005281872
110005281881
110005281916
110005281925
110005281934
110005281989
110005281998
110005282005
110005282014
110005282023
110005282041
110005282050
110005282078
110005282130
110005282158
110005282167
110005282176
110005282185
110005282194
110005282201
110005282238
110005282247
110005282265
110005282274
110005282283
110005282292
110005282309
110005282318
110005282327
110005282336
110005282345
110005282372
110005282381
110005282407
110005282416
110005282425
110005282443
110005282452
110005282461
110005282470
110005282489
110005282513
110005282522
110005282540
110005282559
110005282568
110005282577
110005282595
110005282620
110005282648
110005282666
110005282684
110005282693
110005282719
110005282737
110005282746
110005282764
110005282773
110005282782
110005282791
110005282808
110005282817
110005282826
110005282835
110005282853
110005282862
110005282880
110005282915
110005282924
110005282942
110005282951
110005282960
110005282988
110005283004
110005283013
110005283022
110005283031
110005283040
110005283059
110005283068
110005283120
110005283157
110005283166
110005283184
110005283193
110005283200
110005283219
110005283228
110005283237
110005283246
110005283264
110005283273
110005283308
110005283371
110005283380
110005283399
110005283406
110005283424
110005283433
110005283460
110005283479
110005283497
110005283503
110005283512
110005283521
110005283530
110005283549
110005283558
110005283567
110005283576
110005283585
110005283594
110005283610
110005283647
110005283656
110005283665
110005283674
110005283683
110005283692
110005283727
110005283736
110005283745
110005283754
110005283781
110005283807
110005283834
110005283852
110005283861
110005283889
110005283898
110005283914
110005283923
110005283932
110005283941
110005283950
110005283969
110005283978
110005283987
110005283996
110005284021
110005284030
110005284049
110005307462
110005313240
110005337180
110005339384
110005344653
110005348748
110005362302
110005386929
110005393699
110005551615
110005584518
110005584527
110005584536
110005584545
110005584554
110005584563
110005584572
110005584581
110005584590
110005584607
110005584616
110005584625
110005584634
110005584643
110005584652
110005584661
110005584670
110005584689
110005584698
110005584705
110005584723
110005584732
110005584741
110005584750
110005584769
110005584787
110005584796
110005584803
110005584830
110005584849
110005584867
110005584876
110005584885
110005584894
110005584901
110005584910
110005584929
110005584938
110005584956
110005584965
110005584974
110005584983
110005584992
110005585009
110005585018
110005585027
110005585036
110005585045
110005585054
110005585063
110005585072
110005585081
110005585090
110005585107
110005585116
110005585125
110005585134
110005585143
110005585152
110005585161
110005585170
110005585189
110005585198
110005585205
110005585214
110005585223
110005585232
110005585241
110005585250
110005585269
110005585278
110005585287
110005585296
110005585303
110005585312
110005585321
110005585330
110005585349
110005585358
110005585367
110005585376
110005585385
110005585394
110005585429
110005585438
110005585447
110005585456
110005585465
110005585474
110005585483
110005585492
110005585508
110005585526
110005585535
110005585544
110005585553
110005585562
110005585571
110005585599
110005585606
110005585615
110005585624
110005585633
110005585642
110005585651
110005585660
110005585679
110005585688
110005585697
110005585704
110005585713
110005585722
110005585731
110005585740
110005585759
110005585768
110005585777
110005585786
110005585795
110005585802
110005585811
110005585820
110005585839
110005585857
110005585866
110005585875
