110005585884
110005585893
110005585900
110005585919
110005585928
110005585937
110005585946
110005585955
110005585964
110005585973
110005585982
110005585991
110005586008
110005586017
110005586026
110005586035
110005586044
110005586053
110005586062
110005586071
110005586080
110005586099
110005586106
110005586115
110005586124
110005586133
110005586142
110005586151
110005586160
110005586179
110005586188
110005586197
110005586204
110005586213
110005586222
110005586231
110005586240
110005586259
110005586268
110005586277
110005586286
110005586295
110005586302
110005586311
110005586320
110005586339
110005586348
110005586357
110005586366
110005586375
110005586384
110005586393
110005586400
110005586419
110005586437
110005586446
110005586455
110005586464
110005586473
110005586482
110005586491
110005586507
110005586516
110005586525
110005586534
110005586552
110005586561
110005586570
110005586589
110005586598
110005586605
110005586614
110005586623
110005586632
110005586641
110005586650
110005586669
110005586678
110005586687
110005586696
110005586703
110005586712
110005586721
110005586730
110005586749
110005586758
110005586767
110005586776
110005586785
110005586794
110005586801
110005586810
110005586829
110005586838
110005586847
110005586856
110005586865
110005586874
110005586883
110005586892
110005586909
110005586918
110005586927
110005586936
110005586945
110005586963
110005586972
110005586981
110005586990
110005587007
110005587025
110005587034
110005587043
110005587052
110005587061
110005587070
110005587089
110005587098
110005587105
110005587114
110005587123
110005587132
110005587141
110005587150
110005587169
110005587178
110005587187
110005587196
110005587203
110005587212
110005587221
110005587230
110005587249
110005587258
110005587267
110005587276
110005587285
110005587294
110005587301
110005587310
110005587338
110005587347
110005587356
110005587365
110005587383
110005587392
110005587409
110005587418
110005587427
110005587436
110005587445
110005587463
110005587472
110005587481
110005587490
110005587506
110005587524
110005587542
110005587551
110005587560
110005587579
110005587588
110005587597
110005587604
110005587613
110005587622
110005587631
110005587640
110005587659
110005587668
110005587677
110005587686
110005587695
110005587720
110005587766
110005587775
110005587784
110005587793
110005587800
110005587819
110005587828
110005587837
110005587846
110005587864
110005587873
110005587882
110005587891
110005587908
110005587917
110005587926
110005587935
110005587944
110005587953
110005587962
110005587971
110005587999
110005588006
110005588015
110005588024
110005588033
110005588060
110005588079
110005588088
110005588097
110005588104
110005588113
110005588122
110005588140
110005588159
110005588168
110005588177
110005588186
110005588195
110005588202
110005588211
110005588220
110005588239
110005588248
110005588257
110005588266
110005588275
110005588284
110005588293
110005588300
110005588319
110005588328
110005588337
110005588346
110005588355
110005588364
110005588373
110005588382
110005588391
110005588408
110005588417
110005588426
110005588435
110005588453
110005588462
110005588480
110005588499
110005588505
110005588514
110005588523
110005588532
110005588541
110005588550
110005588569
110005588578
110005588587
110005588596
110005588603
110005588612
110005588621
110005588630
110005588649
110005588658
110005588667
110005588676
110005588685
110005588694
110005588701
110005588710
110005588729
110005588738
110005588747
110005588756
110005588774
110005588783
110005588818
110005588836
110005588872
110005588881
110005588890
110005588916
110005588925
110005588934
110005588943
110005588952
110005588961
110005588970
110005588989
110005588998
110005589005
110005589014
110005589023
110005589032
110005589041
110005589050
110005589069
110005589087
110005589096
110005589103
110005589112
110005589130
110005589149
110005589158
110005589167
110005589176
110005589194
110005589201
110005589210
110005589229
110005589256
110005589283
110005589292
110005589309
110005589318
110005589327
110005589345
110005589354
110005589363
110005589372
110005589381
110005589390
110005589407
110005589416
110005589425
110005589434
110005589443
110005589452
110005589461
110005589470
110005589489
110005589498
110005589504
110005589513
110005589522
110005589531
110005589540
110005589559
110005589568
110005589577
110005589586
110005589595
110005589602
110005589611
110005589620
110005589648
110005589657
110005589666
110005589675
110005589684
110005589693
110005589700
110005589719
110005589728
110005589737
110005589746
110005589755
110005589764
110005589773
110005589782
110005589791
110005589808
110005589817
110005589826
110005589835
110005589844
110005589853
110005589862
110005589871
110005589880
110005589899
110005589906
110005589915
110005589924
110005589942
110005589951
110005589960
110005589979
110005589988
110005589997
110005590002
110005590011
110005590020
110005590039
110005590048
110005590057
110005590066
110005590075
110005590084
110005590093
110005590100
110005590119
110005590128
110005590137
110005590146
110005590155
110005590164
110005590173
110005590182
110005590191
110005590217
110005590226
110005590235
110005590244
110005590253
110005590262
110005590271
110005590280
110005590299
110005590306
110005590324
110005590333
110005590342
110005590351
110005590360
110005590379
110005590388
110005590397
110005590404
110005590413
110005590422
110005590431
110005590440
110005590459
110005590468
110005590477
110005590486
110005590495
110005590501
110005590510
110005590529
110005590538
110005590547
110005590556
110005590565
110005590574
110005590583
110005590592
110005590609
110005590618
110005590627
110005590636
110005590645
110005590654
110005590663
110005590672
110005590681
110005590690
110005590707
110005590716
110005590725
110005590734
110005590743
110005590752
110005590761
110005590770
110005590789
110005590805
110005590814
110005590823
110005590841
110005590850
110005590869
110005590878
110005590887
110005590903
110005590912
110005590921
110005590930
110005590949
110005590958
110005590967
110005590976
110005590985
110005590994
110005591001
110005591010
110005591029
110005591038
110005591047
110005591056
110005591065
110005591074
110005591083
110005591092
110005591109
110005591118
110005591136
110005591145
110005591154
110005591163
110005591172
110005591181
110005591190
110005591207
110005591216
110005591225
110005591234
110005591243
110005591252
110005591261
110005591270
110005591289
110005591298
110005591305
110005591314
110005591323
110005591332
110005591341
110005591350
110005591369
110005591378
110005591396
110005591403
110005591412
110005591421
110005591430
110005591449
110005591458
110005591476
110005591485
110005591494
110005591500
110005591528
110005591537
110005591546
110005591555
110005591564
110005591573
110005591582
110005591617
110005591626
110005591635
110005591644
110005591662
110005591671
110005591706
110005591715
110005591724
110005591733
110005591742
110005591751
110005591760
110005591779
110005591788
110005591797
110005591813
110005591822
110005591831
110005591840
110005591859
110005591868
110005591877
110005591886
110005591895
110005591902
110005591911
110005591920
110005591939
110005591948
110005591957
110005591966
110005591975
110005591984
110005591993
110005592000
110005592019
110005592028
110005592037
110005592046
110005592055
110005592073
110005592082
110005592108
110005592117
110005592126
110005592135
110005592144
110005592153
110005592162
110005592171
110005592180
110005592199
110005592206
110005592215
110005592224
110005592233
110005592242
110005592251
110005592260
110005592279
110005592288
110005592297
110005592304
110005592313
110005592322
110005592331
110005592340
110005592359
110005592368
110005592377
110005592386
110005592395
110005592402
110005592411
110005592420
110005592439
110005592448
110005592457
110005592466
110005592475
110005592484
110005592493
110005592509
110005592518
110005592527
110005592536
110005592545
110005592554
110005592572
110005592581
110005592590
110005592616
110005592625
110005592634
110005592643
110005592652
110005592661
110005592670
110005592689
110005592698
110005592705
110005592714
110005592723
110005592732
110005592741
110005592750
110005592769
110005592778
110005592787
110005592796
110005592803
110005592830
110005592849
110005592858
110005592867
110005592876
110005592885
110005592894
110005592901
110005592910
110005592929
110005592938
110005592947
110005592956
110005592965
110005592974
110005592983
110005593009
110005593018
110005593027
110005593036
110005593045
110005593054
110005593063
110005593072
110005593081
110005593107
110005593116
110005593125
110005593134
110005593143
110005593152
110005593161
110005593170
110005593189
110005593198
110005593205
110005593214
110005593223
110005593232
110005593241
110005593250
110005593269
110005593278
110005593287
110005593296
110005593303
110005593321
110005593330
110005593349
110005593358
110005593367
110005593376
110005593385
110005593394
110005593401
110005593410
110005593429
110005593438
110005593447
110005593456
110005593465
110005593474
110005593492
110005593508
110005593517
110005593526
110005593535
110005593544
110005593553
110005593562
110005593571
110005593580
110005593599
110005593606
110005593615
110005593624
110005593633
110005593642
110005593651
110005593660
110005593679
110005593688
110005593697
110005593704
110005593713
110005593722
110005593731
110005593740
110005593759
110005593768
110005593777
110005593786
110005593795
110005593802
110005593811
110005593820
110005593839
110005593848
110005593857
110005593866
110005593875
110005593884
110005593893
110005593900
110005593919
110005593928
110005593937
110005593946
110005593955
110005593964
110005593973
110005593982
110005593991
110005594008
110005594026
110005594035
110005594044
110005594053
110005594062
110005594071
110005594080
110005594099
110005594106
110005594115
110005594124
110005594133
110005594142
110005594151
110005594160
110005594179
110005594188
110005594197
110005594204
110005594213
110005594222
110005594231
110005594240
110005594259
110005594268
110005594277
110005594286
110005594295
110005594302
110005594311
110005594320
110005594348
110005594357
110005594366
110005594375
110005594384
110005594400
110005594428
110005594437
110005594446
110005594455
110005594464
110005594473
110005594482
110005594491
110005594507
110005594516
110005594525
110005594534
110005594543
110005594552
110005594561
110005594570
110005594589
110005594598
110005594605
110005594614
110005594623
110005594632
110005594641
110005594650
110005594669
110005594678
110005594687
110005594696
110005594703
110005594712
110005594721
110005594730
110005594749
110005594758
110005594767
110005594776
110005594785
110005594794
110005594801
110005594810
110005594829
110005594838
110005594847
110005594856
110005594865
110005594874
110005594883
110005594892
110005594909
110005594918
110005594927
110005594945
110005594954
110005594963
110005594972
110005594981
110005594990
110005595007
110005595016
110005595025
110005595034
110005595043
110005595052
110005595061
110005595070
110005595089
110005595098
110005595105
110005595114
110005595123
110005595132
110005595141
110005595169
110005595178
110005595187
110005595203
110005595212
110005595221
110005595230
110005595249
110005595258
110005595267
110005595276
110005595285
110005595294
110005595310
110005595338
110005595347
110005595356
110005595365
110005595374
110005595383
110005595392
110005595409
110005595418
110005595427
110005595436
110005595445
110005595454
110005595463
110005595472
110005595481
110005595490
110005595506
110005595524
110005595533
110005595542
110005595551
110005595560
110005595579
110005595588
110005595597
110005595604
110005595613
110005595622
110005595631
110005595640
110005595659
110005595668
110005595686
110005595695
110005595702
110005595711
110005595720
110005595739
110005595748
110005595757
110005595766
110005595775
110005595784
110005595793
110005595800
110005595819
110005595828
110005595837
110005595846
110005595855
110005595864
110005595873
110005595882
110005595891
110005595908
110005595917
110005595926
110005595935
110005595944
110005595953
110005595962
110005595980
110005595999
110005596006
110005596024
110005596033
110005596042
110005596051
110005596060
110005596079
110005596088
110005596097
110005596104
110005596113
110005596122
110005596131
110005596140
110005596159
110005596168
110005596177
110005596186
110005596195
110005596202
110005596211
110005596220
110005596239
110005596248
110005596266
110005596275
110005596284
110005596293
110005596300
110005596319
110005596328
110005596337
110005596346
110005596355
110005596364
110005596373
110005596382
110005596391
110005596408
110005596417
110005596426
110005596435
110005596444
110005596453
110005596462
110005596471
110005596480
110005596505
110005596514
110005596523
110005596532
110005596541
110005596550
110005596578
110005596596
110005596603
110005596612
110005596621
110005596630
110005596658
110005596667
110005596676
110005596685
110005596694
