110005596701
110005596710
110005596729
110005596738
110005596747
110005596756
110005596765
110005596774
110005596783
110005596792
110005596809
110005596818
110005596827
110005596836
110005596845
110005596854
110005596863
110005596881
110005596890
110005596907
110005596916
110005596925
110005596934
110005596943
110005596952
110005596961
110005596970
110005596989
110005596998
110005597005
110005597014
110005597023
110005597032
110005597041
110005597050
110005597069
110005597078
110005597087
110005597096
110005597103
110005597112
110005597121
110005597130
110005597158
110005597167
110005597176
110005597185
110005597194
110005597201
110005597210
110005597229
110005597238
110005597247
110005597256
110005597265
110005597274
110005597283
110005597292
110005597309
110005597318
110005597327
110005597336
110005597345
110005597354
110005597363
110005597372
110005597381
110005597390
110005597407
110005597416
110005597425
110005597434
110005597443
110005597452
110005597461
110005597470
110005597489
110005597498
110005597504
110005597513
110005597522
110005597531
110005597540
110005597559
110005597568
110005597577
110005597586
110005597595
110005597602
110005597611
110005597620
110005597639
110005597657
110005597666
110005597675
110005597684
110005597693
110005597700
110005597719
110005597728
110005597737
110005597746
110005597755
110005597764
110005597773
110005597782
110005597791
110005597808
110005597817
110005597826
110005597835
110005597844
110005597853
110005597862
110005597871
110005597880
110005597899
110005597906
110005597915
110005597924
110005597933
110005597942
110005597951
110005597960
110005597979
110005597988
110005597997
110005598004
110005598013
110005598022
110005598031
110005598040
110005598059
110005598068
110005598077
110005598086
110005598095
110005598102
110005598111
110005598120
110005598139
110005598148
110005598157
110005598166
110005598175
110005598184
110005598193
110005598200
110005598219
110005598228
110005598237
110005598246
110005598255
110005598264
110005598273
110005598282
110005598291
110005598308
110005598317
110005598326
110005598335
110005598344
110005598353
110005598362
110005598371
110005598380
110005598399
110005598406
110005598415
110005598424
110005598433
110005598442
110005598451
110005598460
110005598479
110005598488
110005598497
110005598503
110005598512
110005598521
110005598530
110005598549
110005598558
110005598567
110005598576
110005598585
110005598594
110005598601
110005598610
110005598629
110005598638
110005598647
110005598656
110005598665
110005598674
110005598683
110005598692
110005598709
110005598718
110005598727
110005598736
110005598745
110005598754
110005598763
110005598772
110005598781
110005598790
110005598807
110005598816
110005598825
110005598834
110005598843
110005598852
110005598861
110005598889
110005598898
110005598905
110005598914
110005598923
110005598932
110005598950
110005598969
110005598978
110005598996
110005599003
110005599012
110005599021
110005599030
110005599049
110005599058
110005599067
110005599076
110005599085
110005599094
110005599101
110005599110
110005599129
110005599138
110005599147
110005599156
110005599165
110005599174
110005599183
110005599192
110005599209
110005599218
110005599227
110005599236
110005599245
110005599263
110005599272
110005599281
110005599290
110005599307
110005599316
110005599325
110005599334
110005599343
110005599352
110005599361
110005599370
110005599389
110005599398
110005599405
110005599414
110005599423
110005599432
110005599441
110005599450
110005599469
110005599478
110005599487
110005599496
110005599502
110005599511
110005599520
110005599539
110005599548
110005599557
110005599566
110005599575
110005599584
110005599593
110005599600
110005599619
110005599628
110005599637
110005599646
110005599655
110005599664
110005599673
110005599682
110005599691
110005599708
110005599717
110005599726
110005599735
110005599744
110005599753
110005599762
110005599771
110005599780
110005599806
110005599824
110005599833
110005599842
110005599851
110005599860
110005599879
110005599888
110005599897
110005599904
110005599913
110005599922
110005599931
110005599940
110005599959
110005599968
110005599977
110005599986
110005599995
110005600000
110005600019
110005600028
110005600037
110005600046
110005600055
110005600064
110005600073
110005600082
110005600091
110005600108
110005600117
110005600126
110005600135
110005600144
110005600153
110005600162
110005600171
110005600180
110005600199
110005600206
110005600215
110005600224
110005600233
110005600242
110005600251
110005600260
110005600279
110005600288
110005600297
110005600304
110005600313
110005600322
110005600331
110005600340
110005600359
110005600368
110005600377
110005600386
110005600395
110005600402
110005600411
110005600420
110005600439
110005600448
110005600457
110005600466
110005600484
110005600493
110005600509
110005600518
110005600527
110005600536
110005600545
110005600563
110005600590
110005600607
110005600616
110005600625
110005600634
110005600643
110005600652
110005600661
110005600670
110005600689
110005600698
110005600705
110005600723
110005600732
110005600741
110005600750
110005600769
110005600778
110005600787
110005600796
110005600803
110005600812
110005600821
110005600830
110005600849
110005600858
110005600867
110005600876
110005600885
110005600894
110005600901
110005600910
110005600929
110005600938
110005600947
110005600956
110005600965
110005600974
110005600983
110005600992
110005601009
110005601018
110005601027
110005601045
110005601054
110005601063
110005601072
110005601081
110005601090
110005601107
110005601116
110005601125
110005601134
110005601143
110005601152
110005601161
110005601170
110005601189
110005601198
110005601205
110005601214
110005601223
110005601232
110005601241
110005601250
110005601269
110005601278
110005601287
110005601303
110005601312
110005601321
110005601330
110005601349
110005601358
110005601367
110005601376
110005601385
110005601394
110005601401
110005601410
110005601429
110005601438
110005601456
110005601465
110005601474
110005601483
110005601492
110005601508
110005601517
110005601526
110005601535
110005601544
110005601553
110005601571
110005601580
110005601599
110005601606
110005601615
110005601624
110005601642
110005601651
110005601660
110005601679
110005601688
110005601697
110005601704
110005601713
110005601722
110005601731
110005601740
110005601759
110005601768
110005601777
110005601795
110005601802
110005601811
110005601820
110005601839
110005601848
110005601857
110005601866
110005601875
110005601884
110005601900
110005601919
110005601928
110005601937
110005601955
110005601964
110005601973
110005601982
110005601991
110005602008
110005602017
110005602026
110005602035
110005602044
110005602053
110005602062
110005602071
110005602080
110005602099
110005602106
110005602115
110005602124
110005602133
110005602142
110005602151
110005602160
110005602179
110005602188
110005602197
110005602204
110005602213
110005602222
110005602231
110005602240
110005602259
110005602268
110005602277
110005602286
110005602295
110005602302
110005602311
110005602320
110005602339
110005602348
110005602357
110005602366
110005602375
110005602384
110005602393
110005602400
110005602419
110005602428
110005602437
110005602446
110005602455
110005602464
110005602473
110005602482
110005602491
110005602507
110005602516
110005602525
110005602534
110005602543
110005602552
110005602561
110005602570
110005602589
110005602598
110005602605
110005602614
110005602623
110005602632
110005602641
110005602650
110005602669
110005602678
110005602687
110005602703
110005602721
110005602730
110005602749
110005602758
110005602767
110005602785
110005602794
110005602801
110005602810
110005602838
110005602847
110005602856
110005602865
110005602883
110005602892
110005602909
110005602918
110005602936
110005602945
110005602963
110005602972
110005602990
110005603007
110005603016
110005603025
110005603034
110005603052
110005603061
110005603070
110005603089
110005603098
110005603105
110005603114
110005603123
110005603132
110005603141
110005603150
110005603169
110005603178
110005603187
110005603196
110005603203
110005603212
110005603221
110005603230
110005603249
110005603258
110005603267
110005603276
110005603285
110005603294
110005603301
110005603310
110005603329
110005603338
110005603347
110005603356
110005603365
110005603383
110005603392
110005603409
110005603418
110005603427
110005603436
110005603445
110005603454
110005603463
110005603472
110005603481
110005603490
110005603506
110005603515
110005603524
110005603533
110005603542
110005603551
110005603560
110005603579
110005603588
110005603597
110005603604
110005603613
110005603631
110005603640
110005603659
110005603668
110005603677
110005603686
110005603695
110005603702
110005603720
110005603739
110005603766
110005603775
110005603784
110005603793
110005603800
110005603819
110005603828
110005603837
110005603846
110005603855
110005603864
110005603873
110005603882
110005603891
110005603908
110005603917
110005603926
110005603944
110005603953
110005603962
110005603971
110005603980
110005603999
110005604006
110005604024
110005604033
110005604042
110005604051
110005604060
110005604079
110005604088
110005604097
110005604104
110005604113
110005604122
110005604131
110005604140
110005604159
110005604168
110005604177
110005604186
110005604195
110005604202
110005604220
110005604239
110005604248
110005604257
110005604266
110005604275
110005604284
110005604293
110005604300
110005604319
110005604328
110005604337
110005604346
110005604355
110005604364
110005604373
110005604382
110005604408
110005604417
110005604426
110005604435
110005604444
110005604453
110005604462
110005604471
110005604480
110005604505
110005604523
110005604532
110005604541
110005604550
110005604569
110005604578
110005604587
110005604596
110005604603
110005604612
110005604621
110005604630
110005604649
110005604658
110005604667
110005604676
110005604685
110005604694
110005604701
110005604710
110005604729
110005604738
110005604747
110005604765
110005604774
110005604783
110005604792
110005604809
110005604818
110005604827
110005604836
110005604845
110005604854
110005604863
110005604881
110005604890
110005604907
110005604916
110005604925
110005604934
110005604943
110005604952
110005604961
110005604970
110005604989
110005604998
110005605005
110005605014
110005605023
110005605032
110005605041
110005605050
110005605069
110005605078
110005605087
110005605096
110005605103
110005605112
110005605121
110005605130
110005605149
110005605158
110005605167
110005605176
110005605185
110005605194
110005605210
110005605229
110005605238
110005605247
110005605256
110005605265
110005605274
110005605292
110005605309
110005605318
110005605327
110005605336
110005605345
110005605354
110005605363
110005605372
110005605381
110005605390
110005605407
110005605416
110005605425
110005605434
110005605443
110005605452
110005605461
110005605470
110005605489
110005605498
110005605504
110005605513
110005605522
110005605531
110005605540
110005605568
110005605577
110005605586
110005605595
110005605602
110005605611
110005605620
110005605639
110005605648
110005605657
110005605684
110005605693
110005605700
110005605719
110005605728
110005605737
110005605746
110005605764
110005605773
110005605782
110005605791
110005605808
110005605817
110005605826
110005605835
110005605844
110005605853
110005605862
110005605871
110005605880
110005605899
110005605906
110005605915
110005605924
110005605933
110005605942
110005605951
110005605960
110005605988
110005605997
110005606004
110005606013
110005606022
110005606031
110005606040
110005606059
110005606068
110005606077
110005606086
110005606095
110005606102
110005606111
110005606120
110005606139
110005606148
110005606157
110005606166
110005606175
110005606184
110005606193
110005606200
110005606219
110005606228
110005606237
110005606255
110005606264
110005606273
110005606282
110005606291
110005606308
110005606317
110005606326
110005606335
110005606344
110005606353
110005606362
110005606371
110005606380
110005606399
110005606406
110005606415
110005606424
110005606433
110005606442
110005606451
110005606460
110005606488
110005606503
110005606512
110005606521
110005606530
110005606549
110005606558
110005606567
110005606576
110005606594
110005606601
110005606610
110005606629
110005606638
110005606647
110005606656
110005606665
110005606674
110005606683
110005606692
110005606709
110005606718
110005606727
110005606736
110005606745
110005606754
110005606772
110005606807
110005606816
110005606825
110005606834
110005606843
110005606852
110005606861
110005606870
110005606889
110005606898
110005606905
110005606914
110005606923
110005606941
110005606950
110005606969
110005606978
110005606996
110005607003
110005607012
110005607021
110005607049
110005607058
110005607067
110005607076
110005607085
110005607094
110005607101
110005607110
110005607129
110005607138
110005607147
110005607156
110005607165
110005607174
110005607183
110005607209
110005607218
110005607227
110005607236
110005607245
110005607254
110005607263
110005607272
110005607290
110005607307
110005607316
110005607325
