110005607334
110005607343
110005607352
110005607361
110005607370
110005607389
110005607398
110005607405
110005607414
110005607423
110005607432
110005607441
110005607450
110005607469
110005607478
110005607487
110005607496
110005607502
110005607511
110005607520
110005607539
110005607548
110005607566
110005607584
110005607593
110005607600
110005607619
110005607628
110005607637
110005607655
110005607664
110005607673
110005607682
110005607691
110005607708
110005607717
110005607726
110005607735
110005607744
110005607753
110005607762
110005607771
110005607780
110005607799
110005607806
110005607815
110005607824
110005607833
110005607842
110005607851
110005607860
110005607879
110005607888
110005607897
110005607904
110005607913
110005607922
110005607931
110005607940
110005607959
110005607968
110005607977
110005607986
110005607995
110005608002
110005608011
110005608020
110005608039
110005608048
110005608057
110005608066
110005608084
110005608093
110005608100
110005608119
110005608128
110005608137
110005608146
110005608155
110005608164
110005608173
110005608182
110005608191
110005608208
110005608217
110005608226
110005608235
110005608244
110005608253
110005608262
110005608271
110005608280
110005608299
110005608306
110005608315
110005608324
110005608342
110005608351
110005608360
110005608379
110005608388
110005608397
110005608404
110005608413
110005608422
110005608431
110005608459
110005608468
110005608477
110005608486
110005608495
110005608501
110005608510
110005608529
110005608538
110005608547
110005608556
110005608565
110005608574
110005608583
110005608592
110005608609
110005608618
110005608627
110005608636
110005608645
110005608654
110005608663
110005608672
110005608681
110005608690
110005608707
110005608716
110005608725
110005608734
110005608743
110005608752
110005608761
110005608770
110005608789
110005608798
110005608814
110005608823
110005608832
110005608841
110005608850
110005608869
110005608878
110005608887
110005608896
110005608903
110005608912
110005608921
110005608930
110005608949
110005608958
110005608967
110005608976
110005608985
110005608994
110005609010
110005609029
110005609038
110005609047
110005609056
110005609065
110005609074
110005609083
110005609109
110005609118
110005609127
110005609136
110005609145
110005609154
110005609163
110005609172
110005609181
110005609190
110005609207
110005609216
110005609225
110005609243
110005609252
110005609261
110005609270
110005609289
110005609298
110005609305
110005609314
110005609323
110005609332
110005609341
110005609350
110005609369
110005609378
110005609387
110005609396
110005609403
110005609421
110005609430
110005609449
110005609458
110005609467
110005609476
110005609500
110005609519
110005609537
110005609546
110005609555
110005609564
110005609573
110005609591
110005609608
110005609617
110005609626
110005609635
110005609644
110005609653
110005609662
110005609671
110005609680
110005609699
110005609706
110005609715
110005609724
110005609733
110005609742
110005609751
110005609760
110005609779
110005609788
110005609797
110005609804
110005609813
110005609822
110005609831
110005609840
110005609859
110005609868
110005609877
110005609886
110005609895
110005609902
110005609911
110005609920
110005609939
110005609948
110005609957
110005609966
110005609975
110005609984
110005609993
110005610008
110005610017
110005610026
110005610035
110005610044
110005610053
110005610062
110005610080
110005610099
110005610106
110005610115
110005610124
110005610133
110005610142
110005610151
110005610160
110005610179
110005610188
110005610197
110005610204
110005610213
110005610222
110005610231
110005610259
110005610268
110005610277
110005610286
110005610295
110005610302
110005610311
110005610320
110005610339
110005610348
110005610357
110005610366
110005610375
110005610384
110005610393
110005610400
110005610419
110005610428
110005610437
110005610446
110005610455
110005610464
110005610473
110005610482
110005610491
110005610507
110005610516
110005610525
110005610534
110005610543
110005610552
110005610561
110005610570
110005610589
110005610598
110005610605
110005610614
110005610623
110005610632
110005610641
110005610650
110005610669
110005610678
110005610687
110005610696
110005610703
110005610712
110005610721
110005610730
110005610749
110005610758
110005610767
110005610776
110005610785
110005610794
110005610801
110005610810
110005610829
110005610838
110005610847
110005610865
110005610883
110005610892
110005610909
110005610918
110005610927
110005610936
110005610945
110005610954
110005610963
110005610972
110005610981
110005610990
110005611007
110005611025
110005611034
110005611052
110005611061
110005611070
110005611089
110005611098
110005611114
110005611123
110005611132
110005611150
110005611169
110005611178
110005611187
110005611196
110005611203
110005611221
110005611230
110005611249
110005611258
110005611267
110005611276
110005611285
110005611294
110005611301
110005611310
110005611329
110005611338
110005611347
110005611356
110005611365
110005611374
110005611383
110005611392
110005611409
110005611418
110005611427
110005611436
110005611445
110005611463
110005611472
110005611481
110005611490
110005611506
110005611515
110005611524
110005611533
110005611542
110005611551
110005611579
110005611588
110005611597
110005611604
110005611613
110005611622
110005611631
110005611640
110005611659
110005611668
110005611677
110005611686
110005611695
110005611702
110005611711
110005611739
110005611748
110005611757
110005611766
110005611775
110005611784
110005611793
110005611800
110005611819
110005611828
110005611837
110005611846
110005611855
110005611864
110005611873
110005611882
110005611891
110005611908
110005611917
110005611935
110005611944
110005611953
110005611962
110005611971
110005611980
110005611999
110005612006
110005612015
110005612024
110005612033
110005612042
110005612051
110005612060
110005612079
110005612088
110005612097
110005612104
110005612122
110005612131
110005612140
110005612159
110005612168
110005612177
110005612186
110005612202
110005612211
110005612220
110005612239
110005612248
110005612257
110005612266
110005612275
110005612284
110005612293
110005612300
110005612319
110005612328
110005612337
110005612346
110005612355
110005612364
110005612382
110005612391
110005612408
110005612417
110005612426
110005612435
110005612444
110005612453
110005612462
110005612471
110005612480
110005612499
110005612505
110005612514
110005612550
110005612569
110005612578
110005612587
110005612596
110005612603
110005612621
110005612630
110005612649
110005612658
110005612667
110005612676
110005612685
110005612694
110005612701
110005612710
110005612729
110005612738
110005612747
110005612756
110005612765
110005612774
110005612783
110005612809
110005612818
110005612827
110005612836
110005612845
110005612854
110005612863
110005612872
110005612881
110005612890
110005612907
110005612916
110005612925
110005612934
110005612943
110005612952
110005612961
110005612970
110005612989
110005612998
110005613005
110005613014
110005613023
110005613032
110005613041
110005613050
110005613069
110005613078
110005613087
110005613103
110005613112
110005613121
110005613130
110005613149
110005613158
110005613167
110005613176
110005613185
110005613194
110005613201
110005613210
110005613229
110005613238
110005613247
110005613256
110005613265
110005613274
110005613283
110005613292
110005613309
110005613318
110005613327
110005613336
110005613354
110005613363
110005613372
110005613381
110005613390
110005613407
110005613416
110005613425
110005613434
110005613443
110005613452
110005613461
110005613470
110005613489
110005613498
110005613513
110005613522
110005613531
110005613540
110005613559
110005613568
110005613577
110005613586
110005613595
110005613602
110005613611
110005613620
110005613639
110005613648
110005613657
110005613666
110005613675
110005613684
110005613693
110005613719
110005613728
110005613737
110005613746
110005613755
110005613764
110005613773
110005613782
110005613791
110005613808
110005613817
110005613826
110005613844
110005613853
110005613862
110005613871
110005613880
110005613899
110005613906
110005613915
110005613924
110005613933
110005613942
110005613951
110005613960
110005613979
110005613997
110005614004
110005614013
110005614022
110005614031
110005614040
110005614059
110005614068
110005614077
110005614086
110005614095
110005614102
110005614111
110005614120
110005614139
110005614148
110005614157
110005614166
110005614175
110005614193
110005614200
110005614219
110005614228
110005614237
110005614246
110005614255
110005614264
110005614273
110005614282
110005614291
110005614353
110005614362
110005614371
110005614399
110005614442
110005614451
110005614460
110005614488
110005614497
110005614503
110005614512
110005614521
110005614530
110005614549
110005614558
110005614567
110005614576
110005614585
110005614594
110005614601
110005614629
110005614638
110005614647
110005614656
110005614674
110005614683
110005614692
110005614709
110005614718
110005614736
110005614745
110005614754
110005614763
110005614772
110005614781
110005614790
110005614807
110005614816
110005614825
110005614834
110005614843
110005614852
110005614861
110005614870
110005614889
110005614898
110005614905
110005614914
110005614932
110005614941
110005614950
110005614969
110005614978
110005614987
110005614996
110005615003
110005615012
110005615021
110005615030
110005615049
110005615058
110005615067
110005615076
110005615085
110005615094
110005615101
110005615110
110005615129
110005615138
110005615147
110005615156
110005615165
110005615174
110005615183
110005615209
110005615218
110005615227
110005615236
110005615245
110005615254
110005615263
110005615272
110005615281
110005615307
110005615316
110005615325
110005615334
110005615343
110005615352
110005615361
110005615370
110005615389
110005615398
110005615405
110005615414
110005615423
110005615432
110005615441
110005615450
110005615469
110005615478
110005615487
110005615496
110005615502
110005615511
110005615520
110005615539
110005615548
110005615557
110005615566
110005615575
110005615584
110005615593
110005615600
110005615619
110005615628
110005615637
110005615646
110005615655
110005615664
110005615673
110005615682
110005615691
110005615708
110005615717
110005615735
110005615744
110005615753
110005615762
110005615771
110005615780
110005615799
110005615806
110005615815
110005615824
110005615833
110005615842
110005615851
110005615860
110005615879
110005615888
110005615897
110005615904
110005615913
110005615922
110005615931
110005615940
110005615959
110005615977
110005615995
110005616002
110005616011
110005616020
110005616039
110005616048
110005616057
110005616066
110005616075
110005616084
110005616093
110005616100
110005616119
110005616128
110005616137
110005616146
110005616155
110005616164
110005616173
110005616182
110005616191
110005616208
110005616217
110005616226
110005616235
110005616244
110005616253
110005616262
110005616271
110005616280
110005616299
110005616306
110005616315
110005616324
110005616333
110005616342
110005616351
110005616360
110005616379
110005616388
110005616397
110005616404
110005616413
110005616422
110005616431
110005616440
110005616459
110005616468
110005616477
110005616486
110005616495
110005616501
110005616510
110005616529
110005616547
110005616556
110005616565
110005616574
110005616592
110005616609
110005616618
110005616627
110005616636
110005616645
110005616654
110005616663
110005616672
110005616681
110005616707
110005616716
110005616725
110005616734
110005616743
110005616752
110005616761
110005616770
110005616789
110005616798
110005616805
110005616814
110005616823
110005616832
110005616841
110005616850
110005616869
110005616878
110005616887
110005616896
110005616903
110005616912
110005616921
110005616930
110005616949
110005616958
110005616967
110005616976
110005616985
110005616994
110005617001
110005617010
110005617029
110005617038
110005617047
110005617056
110005617065
110005617074
110005617083
110005617092
110005617109
110005617118
110005617127
110005617136
110005617145
110005617154
110005617163
110005617172
110005617181
110005617190
110005617207
110005617216
110005617225
110005617234
110005617243
110005617252
110005617261
110005617289
110005617298
110005617305
110005617314
110005617323
110005617332
110005617341
110005617350
110005617369
110005617378
110005617387
110005617396
110005617403
110005617412
110005617421
110005617430
110005617449
110005617458
110005617467
110005617476
110005617485
110005617494
110005617500
110005617519
110005617528
110005617537
110005617546
110005617555
110005617564
110005617573
110005617582
110005617591
110005617608
110005617617
110005617626
110005617635
110005617644
110005617653
110005617662
110005617671
110005617680
110005617699
110005617706
110005617715
110005617724
110005617733
110005617742
110005617751
110005617760
110005617788
110005617804
110005617813
110005617822
110005617831
110005617840
110005617859
110005617868
110005617877
110005617886
110005617895
110005617902
110005617911
110005617939
110005617948
110005617957
110005617966
110005617975
110005617984
110005617993
110005618000
110005618019
110005618028
