110005618037
110005618046
110005618055
110005618064
110005618073
110005618082
110005618091
110005618108
110005618117
110005618126
110005618135
110005618144
110005618153
110005618162
110005618171
110005618180
110005618199
110005618206
110005618224
110005618233
110005618242
110005618251
110005618260
110005618279
110005618288
110005618297
110005618313
110005618322
110005618331
110005618340
110005618359
110005618368
110005618377
110005618386
110005618395
110005618402
110005618420
110005618439
110005618448
110005618457
110005618466
110005618475
110005618493
110005618509
110005618518
110005618527
110005618536
110005618545
110005618554
110005618563
110005618572
110005618581
110005618590
110005618607
110005618616
110005618625
110005618634
110005618643
110005618652
110005618661
110005618670
110005618689
110005618705
110005618714
110005618723
110005618732
110005618741
110005618750
110005618769
110005618778
110005618787
110005618796
110005618803
110005618812
110005618821
110005618830
110005618849
110005618858
110005618867
110005618876
110005618885
110005618894
110005618901
110005618910
110005618938
110005618947
110005618956
110005618965
110005618974
110005618983
110005618992
110005619009
110005619018
110005619027
110005619036
110005619045
110005619054
110005619063
110005619081
110005619116
110005619134
110005619143
110005619152
110005619161
110005619170
110005619189
110005619198
110005619205
110005619214
110005619223
110005619232
110005619241
110005619250
110005619269
110005619278
110005619287
110005619296
110005619303
110005619312
110005619321
110005619330
110005619349
110005619358
110005619367
110005619376
110005619385
110005619394
110005619401
110005619410
110005619429
110005619438
110005619447
110005619456
110005619465
110005619474
110005619483
110005619492
110005619508
110005619517
110005619526
110005619535
110005619544
110005619553
110005619562
110005619571
110005619580
110005619599
110005619615
110005619624
110005619633
110005619642
110005619651
110005619679
110005619688
110005619697
110005619704
110005619713
110005619722
110005619731
110005619740
110005619759
110005619768
110005619786
110005619795
110005619802
110005619811
110005619820
110005619839
110005619848
110005619857
110005619866
110005619875
110005619884
110005619893
110005619900
110005619919
110005619937
110005619946
110005619955
110005619964
110005619973
110005619982
110005619991
110005620006
110005620015
110005620024
110005620033
110005620042
110005620051
110005620060
110005620088
110005620097
110005620104
110005620113
110005620122
110005620131
110005620140
110005620159
110005620177
110005620186
110005620195
110005620202
110005620211
110005620220
110005620239
110005620248
110005620257
110005620266
110005620275
110005620284
110005620293
110005620300
110005620319
110005620328
110005620337
110005620346
110005620364
110005620373
110005620382
110005620391
110005620408
110005620417
110005620426
110005620435
110005620444
110005620453
110005620462
110005620471
110005620480
110005620499
110005620505
110005620514
110005620523
110005620532
110005620541
110005620550
110005620569
110005620578
110005620587
110005620596
110005620603
110005620612
110005620621
110005620630
110005620649
110005620658
110005620667
110005620676
110005620685
110005620694
110005620701
110005620710
110005620729
110005620738
110005620747
110005620756
110005620765
110005620774
110005620783
110005620792
110005620809
110005620818
110005620827
110005620836
110005620845
110005620854
110005620863
110005620872
110005620881
110005620890
110005620907
110005620916
110005620925
110005620934
110005620943
110005620952
110005620961
110005620970
110005620989
110005620998
110005621005
110005621014
110005621023
110005621032
110005621041
110005621050
110005621069
110005621078
110005621096
110005621103
110005621112
110005621121
110005621130
110005621149
110005621158
110005621176
110005621185
110005621194
110005621201
110005621210
110005621229
110005621238
110005621247
110005621256
110005621265
110005621274
110005621283
110005621292
110005621318
110005621327
110005621336
110005621345
110005621354
110005621363
110005621372
110005621381
110005621390
110005621407
110005621416
110005621425
110005621434
110005621443
110005621452
110005621461
110005621470
110005621489
110005621498
110005621504
110005621513
110005621522
110005621531
110005621540
110005621559
110005621568
110005621577
110005621595
110005621602
110005621611
110005621620
110005621639
110005621648
110005621657
110005621666
110005621675
110005621684
110005621693
110005621700
110005621719
110005621728
110005621737
110005621746
110005621755
110005621764
110005621773
110005621782
110005621791
110005621808
110005621817
110005621826
110005621835
110005621853
110005621862
110005621871
110005621899
110005621915
110005621924
110005621933
110005621942
110005621951
110005621960
110005621979
110005621988
110005621997
110005622004
110005622013
110005622022
110005622031
110005622040
110005622059
110005622068
110005622077
110005622086
110005622102
110005622111
110005622120
110005622139
110005622148
110005622157
110005622166
110005622175
110005622184
110005622193
110005622200
110005622219
110005622228
110005622237
110005622246
110005622255
110005622264
110005622273
110005622282
110005622291
110005622308
110005622317
110005622326
110005622335
110005622344
110005622362
110005622371
110005622380
110005622399
110005622406
110005622415
110005622424
110005622433
110005622442
110005622451
110005622460
110005622479
110005622488
110005622503
110005622512
110005622521
110005622530
110005622549
110005622558
110005622567
110005622576
110005622585
110005622594
110005622601
110005622610
110005622629
110005622638
110005622647
110005622656
110005622674
110005622683
110005622692
110005622709
110005622718
110005622727
110005622736
110005622745
110005622754
110005622763
110005622772
110005622781
110005622790
110005622807
110005622816
110005622825
110005622834
110005622843
110005622852
110005622861
110005622870
110005622889
110005622898
110005622905
110005622914
110005622923
110005622932
110005622941
110005622950
110005622969
110005622987
110005622996
110005623003
110005623012
110005623021
110005623030
110005623049
110005623058
110005623067
110005623076
110005623085
110005623094
110005623101
110005623110
110005623129
110005623138
110005623147
110005623156
110005623174
110005623183
110005623192
110005623209
110005623218
110005623227
110005623245
110005623254
110005623263
110005623272
110005623281
110005623290
110005623307
110005623316
110005623325
110005623343
110005623352
110005623361
110005623389
110005623398
110005623405
110005623414
110005623423
110005623432
110005623441
110005623450
110005623469
110005623478
110005623487
110005623496
110005623502
110005623511
110005623520
110005623539
110005623548
110005623557
110005623566
110005623575
110005623584
110005623593
110005623619
110005623628
110005623637
110005623646
110005623655
110005623664
110005623673
110005623682
110005623691
110005623708
110005623717
110005623726
110005623735
110005623744
110005623753
110005623762
110005623771
110005623780
110005623799
110005623806
110005623815
110005623824
110005623833
110005623842
110005623851
110005623860
110005623879
110005623888
110005623897
110005623904
110005623913
110005623922
110005623931
110005623940
110005623959
110005623968
110005623977
110005623986
110005623995
110005624002
110005624011
110005624020
110005624039
110005624048
110005624057
110005624066
110005624075
110005624084
110005624093
110005624100
110005624119
110005624128
110005624137
110005624146
110005624155
110005624164
110005624173
110005624182
110005624191
110005624208
110005624217
110005624226
110005624235
110005624244
110005624253
110005624262
110005624271
110005624280
110005624306
110005624315
110005624324
110005624333
110005624342
110005624351
110005624360
110005624379
110005624388
110005624404
110005624413
110005624422
110005624431
110005624440
110005624459
110005624468
110005624477
110005624486
110005624495
110005624501
110005624510
110005624529
110005624538
110005624547
110005624556
110005624565
110005624574
110005624583
110005624592
110005624609
110005624618
110005624627
110005624636
110005624645
110005624654
110005624663
110005624672
110005624681
110005624707
110005624716
110005624725
110005624734
110005624743
110005624770
110005624789
110005624798
110005624805
110005624814
110005624823
110005624832
110005624841
110005624850
110005624869
110005624878
110005624887
110005624896
110005624903
110005624912
110005624921
110005624930
110005624949
110005624958
110005624967
110005624976
110005624985
110005624994
110005625001
110005625010
110005625029
110005625038
110005625047
110005625056
110005625065
110005625074
110005625083
110005625092
110005625109
110005625118
110005625127
110005625136
110005625145
110005625154
110005625163
110005625172
110005625181
110005625190
110005625207
110005625216
110005625225
110005625234
110005625243
110005625252
110005625261
110005625270
110005625289
110005625298
110005625305
110005625314
110005625323
110005625332
110005625341
110005625350
110005625369
110005625378
110005625387
110005625396
110005625403
110005625412
110005625421
110005625430
110005625449
110005625458
110005625467
110005625476
110005625485
110005625494
110005625500
110005625519
110005625528
110005625537
110005625546
110005625555
110005625564
110005625573
110005625582
110005625591
110005625608
110005625617
110005625626
110005625635
110005625644
110005625653
110005625662
110005625671
110005625680
110005625699
110005625706
110005625715
110005625724
110005625733
110005625742
110005625751
110005625760
110005625779
110005625788
110005625797
110005625804
110005625813
110005625822
110005625831
110005625840
110005625859
110005625868
110005625877
110005625886
110005625902
110005625911
110005625920
110005625939
110005625948
110005625975
110005625984
110005625993
110005626000
110005626019
110005626028
110005626037
110005626046
110005626055
110005626064
110005626073
110005626082
110005626091
110005626108
110005626117
110005626126
110005626135
110005626144
110005626153
110005626162
110005626180
110005626199
110005626206
110005626224
110005626233
110005626242
110005626251
110005626260
110005626279
110005626288
110005626297
110005626304
110005626313
110005626322
110005626331
110005626340
110005626359
110005626368
110005626377
110005626386
110005626395
110005626402
110005626411
110005626420
110005626439
110005626448
110005626457
110005626466
110005626475
110005626484
110005626493
110005626509
110005626518
110005626536
110005626545
110005626554
110005626563
110005626572
110005626590
110005626607
110005626616
110005626625
110005626634
110005626643
110005626652
110005626661
110005626670
110005626689
110005626698
110005626705
110005626714
110005626723
110005626732
110005626741
110005626750
110005626769
110005626778
110005626787
110005626796
110005626803
110005626812
110005626821
110005626830
110005626849
110005626858
110005626867
110005626885
110005626894
110005626901
110005626910
110005626929
110005626938
110005626947
110005626956
110005626965
110005626974
110005626983
110005626992
110005627009
110005627018
110005627027
110005627045
110005627054
110005627063
110005627072
110005627081
110005627090
110005627107
110005627116
110005627125
110005627134
110005627143
110005627152
110005627161
110005627170
110005627189
110005627198
110005627205
110005627214
110005627223
110005627241
110005627250
110005627269
110005627278
110005627287
110005627296
110005627303
110005627312
110005627321
110005627330
110005627349
110005627358
110005627367
110005627376
110005627385
110005627394
110005627401
110005627410
110005627438
110005627447
110005627456
110005627465
110005627474
110005627483
110005627492
110005627508
110005627517
110005627526
110005627544
110005627553
110005627562
110005627571
110005627580
110005627599
110005627606
110005627615
110005627624
110005627633
110005627642
110005627651
110005627660
110005627679
110005627688
110005627697
110005627704
110005627713
110005627722
110005627740
110005627768
110005627777
110005627786
110005627795
110005627802
110005627811
110005627820
110005627839
110005627848
110005627857
110005627866
110005627875
110005627884
110005627893
110005627900
110005627919
110005627928
110005627937
110005627946
110005627955
110005627964
110005627973
110005627982
110005628026
110005628053
110005628099
110005628115
110005628268
110005628302
110005628339
110005628348
110005628357
110005628366
110005628375
110005628384
110005628393
110005628400
110005628419
110005628428
110005628437
110005628446
110005628464
110005628473
110005628482
110005628491
110005628507
110005628516
110005628525
110005628543
110005628561
110005628570
110005628589
110005628598
110005628605
110005628614
110005628623
110005628632
110005628641
110005628650
110005628669
110005628678
110005628687
110005628696
110005628703
110005628712
110005628721
110005628730
110005628749
110005628758
110005628767
110005628776
110005628785
110005628794
110005628801
110005628810
110005628829
110005628838
110005628847
110005628856
110005628865
