110005628874
110005628883
110005628892
110005628909
110005628918
110005628927
110005628936
110005628945
110005628954
110005628963
110005628981
110005628990
110005629007
110005629016
110005629025
110005629034
110005629043
110005629052
110005629061
110005629070
110005629089
110005629098
110005629105
110005629114
110005629123
110005629132
110005629141
110005629150
110005629169
110005629178
110005629196
110005629203
110005629212
110005629221
110005629230
110005629249
110005629258
110005629267
110005629276
110005629285
110005629294
110005629301
110005629310
110005629329
110005629338
110005629347
110005629356
110005629365
110005629383
110005629392
110005629409
110005629418
110005629427
110005629445
110005629454
110005629463
110005629472
110005629481
110005629490
110005629506
110005629515
110005629524
110005629533
110005629542
110005629551
110005629560
110005629579
110005629588
110005629597
110005629604
110005629613
110005629622
110005629631
110005629640
110005629659
110005629668
110005629677
110005629686
110005629695
110005629702
110005629711
110005629720
110005629739
110005629748
110005629775
110005629784
110005629793
110005629800
110005629819
110005629828
110005629837
110005629846
110005629855
110005629864
110005629873
110005629882
110005629891
110005629908
110005629917
110005629926
110005629935
110005629944
110005629953
110005629962
110005629971
110005629980
110005629999
110005630004
110005630013
110005630022
110005630031
110005630040
110005630059
110005630068
110005630077
110005630086
110005630095
110005630102
110005630111
110005630120
110005630139
110005630148
110005630157
110005630166
110005630175
110005630193
110005630200
110005630219
110005630228
110005630237
110005630246
110005630255
110005630264
110005630273
110005630282
110005630291
110005630308
110005630326
110005630335
110005630344
110005630353
110005630362
110005630371
110005630380
110005630399
110005630406
110005630415
110005630424
110005630433
110005630442
110005630451
110005630460
110005630479
110005630497
110005630503
110005630512
110005630521
110005630530
110005630549
110005630558
110005630567
110005630576
110005630585
110005630594
110005630601
110005630610
110005630629
110005630638
110005630647
110005630665
110005630674
110005630683
110005630692
110005630709
110005630718
110005630727
110005630736
110005630745
110005630754
110005630763
110005630772
110005630781
110005630790
110005630807
110005630816
110005630825
110005630834
110005630843
110005630852
110005630861
110005630870
110005630889
110005630898
110005630905
110005630914
110005630923
110005630932
110005630941
110005630969
110005630978
110005630987
110005630996
110005631003
110005631030
110005631049
110005631058
110005631067
110005631076
110005631085
110005631094
110005631101
110005631110
110005631129
110005631138
110005631147
110005631156
110005631165
110005631174
110005631183
110005631192
110005631218
110005631227
110005631236
110005631245
110005631254
110005631272
110005631307
110005631316
110005631325
110005631334
110005631343
110005631352
110005631361
110005631370
110005631389
110005631398
110005631405
110005631414
110005631423
110005631432
110005631441
110005631450
110005631469
110005631478
110005631487
110005631520
110005631539
110005631548
110005631557
110005631566
110005631575
110005631584
110005631600
110005631619
110005631628
110005631637
110005631646
110005631655
110005631673
110005631682
110005631691
110005631708
110005631717
110005631726
110005631735
110005631744
110005631753
110005631762
110005631771
110005631780
110005631799
110005631806
110005631815
110005631824
110005631833
110005631842
110005631851
110005631860
110005631879
110005631888
110005631897
110005631904
110005631913
110005631922
110005631931
110005631940
110005631959
110005631968
110005631977
110005631986
110005631995
110005632002
110005632011
110005632020
110005632039
110005632048
110005632057
110005632066
110005632075
110005632084
110005632093
110005632100
110005632119
110005632137
110005632146
110005632155
110005632164
110005632173
110005632182
110005632191
110005632208
110005632217
110005632226
110005632235
110005632253
110005632262
110005632271
110005632324
110005632333
110005632342
110005632351
110005632360
110005632379
110005632388
110005632397
110005632404
110005632422
110005632431
110005632440
110005632459
110005632468
110005632477
110005632486
110005632495
110005632501
110005632510
110005632529
110005632538
110005632547
110005632556
110005632565
110005632574
110005632583
110005632592
110005632609
110005632618
110005632627
110005632645
110005632654
110005632663
110005632672
110005632681
110005632690
110005632707
110005632716
110005632725
110005632734
110005632743
110005632752
110005632761
110005632770
110005632789
110005632798
110005632805
110005632814
110005632832
110005632841
110005632850
110005632869
110005632878
110005632896
110005632903
110005632912
110005632921
110005632930
110005632949
110005632958
110005632967
110005632976
110005632985
110005632994
110005633001
110005633029
110005633038
110005633047
110005633056
110005633065
110005633074
110005633083
110005633109
110005633118
110005633127
110005633136
110005633154
110005633163
110005633172
110005633181
110005633190
110005633207
110005633216
110005633225
110005633234
110005633243
110005633252
110005633261
110005633270
110005633289
110005633298
110005633305
110005633314
110005633323
110005633332
110005633341
110005633369
110005633378
110005633387
110005633403
110005633412
110005633421
110005633430
110005633449
110005633458
110005633467
110005633476
110005633485
110005633494
110005633500
110005633519
110005633528
110005633537
110005633555
110005633564
110005633573
110005633582
110005633591
110005633608
110005633617
110005633626
110005633635
110005633644
110005633653
110005633662
110005633671
110005633680
110005633699
110005633706
110005633715
110005633724
110005633733
110005633742
110005633751
110005633760
110005633779
110005633788
110005633797
110005633804
110005633813
110005633822
110005633831
110005633840
110005633868
110005633877
110005633886
110005633895
110005633911
110005633920
110005633939
110005633948
110005633957
110005633966
110005633975
110005633984
110005633993
110005634000
110005634019
110005634028
110005634037
110005634046
110005634055
110005634073
110005634082
110005634091
110005634108
110005634117
110005634126
110005634135
110005634144
110005634153
110005634162
110005634171
110005634180
110005634199
110005634206
110005634215
110005634224
110005634233
110005634242
110005634251
110005634260
110005634279
110005634288
110005634297
110005634304
110005634313
110005634322
110005634331
110005634340
110005634359
110005634368
110005634377
110005634386
110005634395
110005634402
110005634411
110005634420
110005634439
110005634448
110005634466
110005634475
110005634484
110005634493
110005634509
110005634527
110005634536
110005634545
110005634554
110005634563
110005634572
110005634581
110005634590
110005634616
110005634634
110005634643
110005634652
110005634661
110005634670
110005634698
110005634705
110005634714
110005634723
110005634732
110005634741
110005634750
110005634769
110005634787
110005634796
110005634821
110005634830
110005634849
110005634858
110005634867
110005634876
110005634885
110005634894
110005634910
110005634929
110005634938
110005634947
110005634956
110005634965
110005634983
110005634992
110005635009
110005635018
110005635027
110005635036
110005635045
110005635054
110005635063
110005635072
110005635081
110005635090
110005635107
110005635116
110005635125
110005635134
110005635143
110005635152
110005635161
110005635170
110005635189
110005635205
110005635214
110005635223
110005635232
110005635241
110005635250
110005635269
110005635278
110005635287
110005635296
110005635303
110005635312
110005635321
110005635330
110005635349
110005635358
110005635367
110005635376
110005635394
110005635401
110005635410
110005635429
110005635438
110005635447
110005635456
110005635465
110005635474
110005635483
110005635492
110005635508
110005635517
110005635526
110005635535
110005635544
110005635553
110005635562
110005635571
110005635580
110005635599
110005635606
110005635615
110005635624
110005635651
110005635660
110005635679
110005635688
110005635697
110005635704
110005635713
110005635722
110005635731
110005635740
110005635759
110005635768
110005635777
110005635786
110005635795
110005635802
110005635811
110005635839
110005635848
110005635857
110005635866
110005635875
110005635884
110005635900
110005635919
110005635928
110005635937
110005635946
110005635955
110005635964
110005635973
110005635982
110005635991
110005636008
110005636017
110005636026
110005636035
110005636044
110005636053
110005636062
110005636071
110005636080
110005636099
110005636106
110005636115
110005636133
110005636142
110005636151
110005636160
110005636179
110005636188
110005636197
110005636204
110005636213
110005636222
110005636231
110005636240
110005636259
110005636268
110005636277
110005636286
110005636295
110005636302
110005636311
110005636320
110005636339
110005636348
110005636357
110005636366
110005636384
110005636393
110005636400
110005636419
110005636428
110005636437
110005636446
110005636455
110005636464
110005636473
110005636482
110005636491
110005636507
110005636516
110005636525
110005636534
110005636543
110005636552
110005636561
110005636570
110005636589
110005636598
110005636605
110005636614
110005636623
110005636632
110005636650
110005636669
110005636678
110005636687
110005636696
110005636703
110005636712
110005636721
110005636730
110005636749
110005636758
110005636767
110005636785
110005636794
110005636801
110005636810
110005636829
110005636838
110005636847
110005636856
110005636865
110005636874
110005636883
110005636892
110005636909
110005636927
110005636936
110005636945
110005636954
110005636963
110005636972
110005636981
110005636990
110005637016
110005637025
110005637034
110005637043
110005637052
110005637061
110005637070
110005637089
110005637098
110005637105
110005637114
110005637123
110005637132
110005637141
110005637150
110005637178
110005637187
110005637196
110005637203
110005637212
110005637221
110005637230
110005637249
110005637258
110005637267
110005637276
110005637285
110005637294
110005637301
110005637310
110005637329
110005637338
110005637347
110005637356
110005637365
110005637374
110005637383
110005637392
110005637409
110005637418
110005637427
110005637436
110005637445
110005637454
110005637463
110005637472
110005637481
110005637490
110005637506
110005637515
110005637524
110005637533
110005637542
110005637551
110005637588
110005637597
110005637604
110005637613
110005637622
110005637631
110005637640
110005637659
110005637668
110005637677
110005637686
110005637695
110005637702
110005637720
110005637739
110005637748
110005637757
110005637766
110005637775
110005637784
110005637793
110005637800
110005637819
110005637828
110005637837
110005637846
110005637855
110005637864
110005637873
110005637882
110005637891
110005637908
110005637917
110005637926
110005637935
110005637944
110005637953
110005637971
110005637999
110005638006
110005638015
110005638024
110005638033
110005638042
110005638051
110005638060
110005638079
110005638088
110005638097
110005638104
110005638113
110005638122
110005638131
110005638140
110005638159
110005638168
110005638177
110005638186
110005638195
110005638202
110005638211
110005638220
110005638239
110005638248
110005638257
110005638266
110005638275
110005638284
110005638293
110005638300
110005638328
110005638337
110005638346
110005638355
110005638364
110005638373
110005638382
110005638391
110005638408
110005638417
110005638426
110005638435
110005638444
110005638453
110005638462
110005638471
110005638480
110005638499
110005638505
110005638514
110005638523
110005638532
110005638541
110005638550
110005638578
110005638587
110005638596
110005638603
110005638621
110005638630
110005638649
110005638658
110005638667
110005638676
110005638685
110005638694
110005638701
110005638710
110005638729
110005638738
110005638756
110005638774
110005638783
110005638792
110005638809
110005638818
110005638827
110005638836
110005638845
110005638854
110005638863
110005638872
110005638881
110005638890
110005638907
110005638916
110005638925
110005638943
110005638952
110005638961
110005638970
110005638989
110005638998
110005639005
110005639014
110005639023
110005639032
110005639041
110005639050
110005639069
110005639078
110005639087
110005639096
110005639103
110005639112
110005639121
110005639130
110005639149
110005639158
110005639167
110005639176
110005639185
110005639194
110005639201
110005639210
110005639229
110005639238
110005639247
110005639256
110005639265
110005639274
110005639283
110005639292
110005639309
110005639318
110005639327
110005639336
110005639345
110005639354
110005639363
110005639372
110005639381
110005639390
110005639407
110005639416
110005639434
110005639443
110005639452
110005639461
110005639470
110005639489
110005639498
110005639504
110005639513
110005639522
110005639531
110005639540
110005639559
110005639568
110005639577
110005639586
110005639595
110005639602
110005639611
110005639620
