110005639639
110005639648
110005639657
110005639666
110005639675
110005639684
110005639693
110005639700
110005639719
110005639728
110005639737
110005639746
110005639755
110005639764
110005639773
110005639791
110005639808
110005639817
110005639826
110005639835
110005639844
110005639853
110005639862
110005639871
110005639880
110005639906
110005639915
110005639924
110005639933
110005639942
110005639951
110005639960
110005639988
110005640002
110005640011
110005640020
110005640039
110005640048
110005640057
110005640066
110005640075
110005640084
110005640093
110005640119
110005640128
110005640137
110005640146
110005640155
110005640173
110005640182
110005640191
110005640208
110005640217
110005640226
110005640235
110005640244
110005640253
110005640262
110005640280
110005640299
110005640306
110005640315
110005640324
110005640333
110005640342
110005640351
110005640360
110005640379
110005640388
110005640397
110005640404
110005640413
110005640422
110005640431
110005640440
110005640459
110005640468
110005640477
110005640486
110005640495
110005640501
110005640510
110005640529
110005640538
110005640547
110005640556
110005640565
110005640574
110005640583
110005640592
110005640609
110005640618
110005640627
110005640636
110005640645
110005640654
110005640663
110005640672
110005640681
110005640690
110005640716
110005640725
110005640734
110005640743
110005640752
110005640761
110005640789
110005640798
110005640805
110005640814
110005640823
110005640832
110005640841
110005640850
110005640869
110005640878
110005640887
110005640896
110005640903
110005640912
110005640930
110005640949
110005640958
110005640967
110005640976
110005640994
110005641010
110005641029
110005641038
110005641047
110005641056
110005641065
110005641074
110005641083
110005641092
110005641109
110005641118
110005641127
110005641136
110005641145
110005641154
110005641163
110005641172
110005641181
110005641216
110005641225
110005641234
110005641243
110005641252
110005641261
110005641270
110005641289
110005641298
110005641305
110005641314
110005641323
110005641332
110005641341
110005641350
110005641369
110005641378
110005641387
110005641396
110005641403
110005641412
110005641421
110005641430
110005641449
110005641458
110005641467
110005641476
110005641485
110005641494
110005641500
110005641519
110005641528
110005641537
110005641546
110005641555
110005641564
110005641573
110005641582
110005641591
110005641608
110005641617
110005641626
110005641635
110005641644
110005641653
110005641662
110005641671
110005641680
110005641699
110005641706
110005641715
110005641724
110005641733
110005641742
110005641751
110005641760
110005641779
110005641788
110005641797
110005641804
110005641813
110005641822
110005641831
110005641840
110005641859
110005641868
110005641877
110005641886
110005641895
110005641902
110005641911
110005641920
110005641939
110005641948
110005641957
110005641966
110005641975
110005641984
110005641993
110005642000
110005642019
110005642028
110005642037
110005642046
110005642055
110005642064
110005642073
110005642082
110005642091
110005642108
110005642117
110005642126
110005642135
110005642144
110005642180
110005642199
110005642215
110005642224
110005642233
110005642242
110005642251
110005642260
110005642279
110005642288
110005642297
110005642304
110005642313
110005642322
110005642331
110005642340
110005642359
110005642368
110005642377
110005642395
110005642402
110005642411
110005642420
110005642439
110005642448
110005642457
110005642466
110005642475
110005642484
110005642493
110005642509
110005642518
110005642527
110005642536
110005642545
110005642554
110005642563
110005642572
110005642581
110005642590
110005642607
110005642616
110005642625
110005642634
110005642643
110005642652
110005642661
110005642670
110005642689
110005642698
110005642705
110005642714
110005642723
110005642732
110005642741
110005642750
110005642778
110005642796
110005642812
110005642821
110005642830
110005642849
110005642858
110005642867
110005642876
110005642885
110005642894
110005642901
110005642910
110005642929
110005642938
110005642947
110005642956
110005642965
110005642974
110005642983
110005642992
110005643009
110005643018
110005643027
110005643036
110005643045
110005643054
110005643063
110005643072
110005643081
110005643090
110005643107
110005643116
110005643125
110005643134
110005643143
110005643152
110005643161
110005643170
110005643189
110005643198
110005643205
110005643214
110005643223
110005643232
110005643241
110005643250
110005643269
110005643278
110005643287
110005643296
110005643303
110005643312
110005643321
110005643330
110005643349
110005643358
110005643367
110005643376
110005643385
110005643394
110005643401
110005643410
110005643429
110005643438
110005643447
110005643456
110005643465
110005643474
110005643492
110005643508
110005643517
110005643526
110005643535
110005643544
110005643553
110005643562
110005643571
110005643580
110005643599
110005643606
110005643624
110005643633
110005643642
110005643651
110005643660
110005643679
110005643688
110005643697
110005643704
110005643713
110005643722
110005643740
110005643759
110005643768
110005643777
110005643786
110005643795
110005643802
110005643811
110005643820
110005643839
110005643848
110005643857
110005643866
110005643875
110005643884
110005643893
110005643900
110005643919
110005643928
110005643937
110005643946
110005643955
110005643964
110005643973
110005643991
110005644008
110005644017
110005644026
110005644035
110005644044
110005644053
110005644062
110005644071
110005644080
110005644099
110005644106
110005644115
110005644124
110005644133
110005644142
110005644151
110005644160
110005644179
110005644188
110005644197
110005644204
110005644213
110005644222
110005644231
110005644240
110005644259
110005644268
110005644286
110005644295
110005644302
110005644311
110005644320
110005644339
110005644348
110005644357
110005644366
110005644375
110005644384
110005644393
110005644400
110005644419
110005644437
110005644446
110005644455
110005644464
110005644473
110005644482
110005644491
110005644507
110005644516
110005644525
110005644534
110005644543
110005644552
110005644561
110005644570
110005644589
110005644598
110005644605
110005644614
110005644623
110005644632
110005644650
110005644669
110005644678
110005644687
110005644696
110005644703
110005644712
110005644721
110005644730
110005644749
110005644758
110005644767
110005644776
110005644785
110005644794
110005644801
110005644810
110005644838
110005644847
110005644856
110005644865
110005644883
110005644892
110005644909
110005644918
110005644927
110005644936
110005644945
110005644954
110005644963
110005644972
110005644990
110005645007
110005645016
110005645043
110005645052
110005645061
110005645070
110005645098
110005645105
110005645114
110005645123
110005645132
110005645141
110005645150
110005645169
110005645178
110005645187
110005645196
110005645203
110005645212
110005645221
110005645230
110005645249
110005645267
110005645276
110005645294
110005645301
110005645310
110005645329
110005645338
110005645347
110005645356
110005645365
110005645374
110005645392
110005645409
110005645418
110005645427
110005645436
110005645445
110005645454
110005645463
110005645472
110005645481
110005645490
110005645506
110005645515
110005645524
110005645533
110005645551
110005645560
110005645579
110005645588
110005645597
110005645604
110005645613
110005645622
110005645631
110005645640
110005645659
110005645668
110005645677
110005645686
110005645702
110005645711
110005645720
110005645739
110005645748
110005645757
110005645766
110005645775
110005645784
110005645793
110005645800
110005645819
110005645828
110005645837
110005645846
110005645855
110005645864
110005645873
110005645882
110005645891
110005645908
110005645917
110005645926
110005645935
110005645944
110005645953
110005645962
110005645971
110005645980
110005645999
110005646006
110005646015
110005646042
110005646051
110005646060
110005646079
110005646088
110005646097
110005646104
110005646113
110005646131
110005646140
110005646159
110005646168
110005646177
110005646186
110005646202
110005646211
110005646220
110005646239
110005646248
110005646257
110005646266
110005646275
110005646284
110005646293
110005646300
110005646319
110005646328
110005646337
110005646346
110005646355
110005646364
110005646373
110005646382
110005646391
110005646408
110005646417
110005646426
110005646435
110005646444
110005646453
110005646462
110005646471
110005646480
110005646499
110005646505
110005646514
110005646523
110005646532
110005646541
110005646550
110005646578
110005646587
110005646596
110005646603
110005646612
110005646621
110005646630
110005646649
110005646658
110005646667
110005646685
110005646694
110005646701
110005646710
110005646729
110005646738
110005646756
110005646765
110005646774
110005646783
110005646792
110005646809
110005646827
110005646836
110005646845
110005646854
110005646863
110005646872
110005646881
110005646890
110005646907
110005646916
110005646925
110005646934
110005646943
110005646952
110005646961
110005646970
110005646989
110005646998
110005647005
110005647014
110005647032
110005647041
110005647050
110005647069
110005647078
110005647087
110005647103
110005647112
110005647121
110005647130
110005647149
110005647158
110005647167
110005647176
110005647185
110005647194
110005647210
110005647229
110005647238
110005647247
110005647256
110005647265
110005647274
110005647283
110005647292
110005647309
110005647318
110005647327
110005647336
110005647345
110005647354
110005647363
110005647372
110005647381
110005647390
110005647407
110005647416
110005647425
110005647434
110005647443
110005647452
110005647461
110005647489
110005647498
110005647504
110005647513
110005647522
110005647531
110005647540
110005647559
110005647568
110005647577
110005647586
110005647595
110005647602
110005647611
110005647620
110005647639
110005647648
110005647657
110005647666
110005647675
110005647684
110005647693
110005647700
110005647719
110005647728
110005647737
110005647746
110005647755
110005647764
110005647773
110005647782
110005647791
110005647808
110005647817
110005647826
110005647835
110005647844
110005647853
110005647862
110005647871
110005647880
110005647899
110005647906
110005647915
110005647924
110005647933
110005647942
110005647951
110005647960
110005647979
110005647988
110005647997
110005648004
110005648013
110005648022
110005648031
110005648040
110005648068
110005648077
110005648086
110005648095
110005648102
110005648111
110005648120
110005648139
110005648148
110005648157
110005648166
110005648175
110005648184
110005648193
110005648200
110005648219
110005648228
110005648237
110005648246
110005648264
110005648273
110005648282
110005648291
110005648308
110005648317
110005648344
110005648362
110005648371
110005648380
110005648406
110005648415
110005648424
110005648442
110005648451
110005648460
110005648479
110005648488
110005648503
110005648567
110005648576
110005648585
110005648594
110005648610
110005648629
110005648638
110005648647
110005648656
110005648665
110005648674
110005648683
110005648692
110005648709
110005648834
110005648843
110005648852
110005648861
110005648870
110005648889
110005648898
110005648905
110005648914
110005648923
110005648932
110005648950
110005648969
110005648978
110005648996
110005649003
110005649012
110005649021
110005649030
110005649049
110005649058
110005649067
110005649076
110005649085
110005649094
110005649101
110005649110
110005649129
110005649138
110005649147
110005649156
110005649165
110005649174
110005649183
110005649209
110005649218
110005649227
110005649236
110005649245
110005649254
110005649263
110005649272
110005649281
110005649290
110005649307
110005649316
110005649325
110005649334
110005649343
110005649352
110005649361
110005649370
110005649389
110005649398
110005649405
110005649414
110005649423
110005649432
110005649441
110005649450
110005649469
110005649478
110005649487
110005649496
110005649511
110005649539
110005649548
110005649557
110005649566
110005649575
110005649584
110005649593
110005649600
110005649619
110005649628
110005649637
110005649646
110005649655
110005649664
110005649673
110005649682
110005649691
110005649708
110005649717
110005649726
110005649735
110005649744
110005649762
110005649771
110005649780
110005649799
110005649806
110005649815
110005649824
110005649833
110005649842
110005649851
110005649860
110005649879
110005649888
110005649897
110005649904
110005649913
110005649922
110005649931
110005649940
110005649968
110005649977
110005650009
110005650018
110005650027
110005650036
110005650063
110005650072
110005650081
110005650090
110005650107
110005650116
110005650134
110005650143
110005650152
110005650161
110005650170
110005650189
110005650198
110005650205
110005650214
110005650232
110005650241
110005650250
110005650269
110005650278
110005650287
110005650296
110005650303
110005650312
110005650321
110005650330
110005650349
110005650367
110005650376
110005650385
110005650394
110005650401
110005650410
110005650438
110005650447
110005650456
110005650474
110005650483
110005650492
110005650508
110005650535
110005650544
110005650553
110005650562
110005650571
110005650580
