110005650599
110005650606
110005650615
110005650624
110005650633
110005650642
110005650651
110005650660
110005650679
110005650688
110005650697
110005650704
110005650713
110005650722
110005650731
110005650740
110005650759
110005650768
110005650777
110005650786
110005650795
110005650802
110005650811
110005650820
110005650839
110005650848
110005650857
110005650866
110005650875
110005650884
110005650893
110005650900
110005650919
110005650928
110005650937
110005650946
110005650955
110005650964
110005650973
110005650982
110005650991
110005651008
110005651017
110005651026
110005651035
110005651044
110005651053
110005651062
110005651071
110005651080
110005651099
110005651106
110005651115
110005651133
110005651142
110005651151
110005651160
110005651179
110005651188
110005651197
110005651204
110005651222
110005651231
110005651240
110005651259
110005651268
110005651277
110005651286
110005651295
110005651302
110005651311
110005651320
110005651339
110005651348
110005651357
110005651366
110005651375
110005651384
110005651393
110005651400
110005651419
110005651428
110005651437
110005651446
110005651455
110005651464
110005651473
110005651482
110005651491
110005651507
110005651525
110005651543
110005651552
110005651561
110005651570
110005651589
110005651598
110005651605
110005651614
110005651623
110005651632
110005651641
110005651650
110005651669
110005651678
110005651687
110005651703
110005651712
110005651721
110005651730
110005651749
110005651758
110005651767
110005651776
110005651785
110005651794
110005651801
110005651810
110005651829
110005651838
110005651847
110005651856
110005651865
110005651874
110005651883
110005651892
110005651909
110005651918
110005651927
110005651936
110005651945
110005651954
110005651963
110005651972
110005651981
110005651990
110005652007
110005652016
110005652025
110005652034
110005652043
110005652052
110005652061
110005652070
110005652089
110005652098
110005652105
110005652123
110005652132
110005652141
110005652150
110005652169
110005652178
110005652187
110005652196
110005652203
110005652212
110005652221
110005652230
110005652249
110005652258
110005652267
110005652276
110005652285
110005652301
110005652310
110005652329
110005652338
110005652347
110005652356
110005652374
110005652383
110005652392
110005652409
110005652418
110005652427
110005652436
110005652445
110005652454
110005652463
110005652472
110005652481
110005652490
110005652506
110005652515
110005652533
110005652542
110005652551
110005652560
110005652579
110005652588
110005652597
110005652604
110005652613
110005652622
110005652631
110005652640
110005652659
110005652668
110005652677
110005652686
110005652695
110005652702
110005652711
110005652720
110005652739
110005652748
110005652757
110005652766
110005652775
110005652784
110005652800
110005652819
110005652828
110005652837
110005652846
110005652855
110005652873
110005652882
110005652891
110005652926
110005652935
110005652944
110005652953
110005652962
110005652980
110005653006
110005653015
110005653024
110005653033
110005653042
110005653051
110005653060
110005653079
110005653088
110005653097
110005653104
110005653113
110005653122
110005653131
110005653140
110005653159
110005653168
110005653177
110005653186
110005653195
110005653202
110005653211
110005653220
110005653239
110005653248
110005653257
110005653266
110005653275
110005653284
110005653293
110005653300
110005653319
110005653328
110005653337
110005653346
110005653355
110005653364
110005653391
110005653408
110005653426
110005653435
110005653444
110005653453
110005653462
110005653471
110005653480
110005653499
110005653505
110005653514
110005653523
110005653532
110005653541
110005653550
110005653569
110005653578
110005653587
110005653596
110005653603
110005653612
110005653621
110005653630
110005653649
110005653658
110005653667
110005653676
110005653685
110005653694
110005653701
110005653710
110005653729
110005653738
110005653747
110005653756
110005653765
110005653774
110005653783
110005653792
110005653809
110005653818
110005653827
110005653836
110005653845
110005653854
110005653863
110005653872
110005653890
110005653907
110005653916
110005653925
110005653934
110005653943
110005653952
110005653961
110005653970
110005653989
110005653998
110005654005
110005654014
110005654023
110005654032
110005654041
110005654050
110005654069
110005654078
110005654087
110005654096
110005654103
110005654112
110005654121
110005654130
110005654149
110005654158
110005654167
110005654176
110005654185
110005654194
110005654201
110005654210
110005654229
110005654238
110005654247
110005654256
110005654265
110005654274
110005654283
110005654292
110005654309
110005654318
110005654327
110005654336
110005654354
110005654372
110005654381
110005654390
110005654407
110005654416
110005654425
110005654434
110005654443
110005654452
110005654461
110005654470
110005654489
110005654498
110005654504
110005654513
110005654522
110005654531
110005654540
110005654568
110005654577
110005654586
110005654595
110005654602
110005654611
110005654620
110005654639
110005654648
110005654657
110005654666
110005654675
110005654684
110005654693
110005654700
110005654719
110005654728
110005654737
110005654746
110005654755
110005654764
110005654773
110005654782
110005654791
110005654808
110005654817
110005654826
110005654835
110005654844
110005654853
110005654871
110005654880
110005654899
110005654906
110005654915
110005654924
110005654933
110005654942
110005654951
110005654960
110005654979
110005654988
110005654997
110005655004
110005655013
110005655022
110005655031
110005655068
110005655077
110005655086
110005655095
110005655102
110005655111
110005655120
110005655139
110005655148
110005655157
110005655166
110005655175
110005655184
110005655193
110005655200
110005655219
110005655228
110005655237
110005655246
110005655255
110005655264
110005655273
110005655282
110005655291
110005655308
110005655317
110005655326
110005655335
110005655344
110005655353
110005655362
110005655380
110005655406
110005655415
110005655424
110005655433
110005655442
110005655451
110005655460
110005655479
110005655488
110005655497
110005655503
110005655521
110005655530
110005655549
110005655558
110005655567
110005655576
110005655585
110005655594
110005655601
110005655610
110005655629
110005655638
110005655647
110005655656
110005655665
110005655683
110005655692
110005655709
110005655718
110005655727
110005655736
110005655745
110005655754
110005655763
110005655772
110005655781
110005655807
110005655816
110005655825
110005655834
110005655843
110005655852
110005655861
110005655870
110005655889
110005655898
110005655905
110005655914
110005655923
110005655932
110005655941
110005655969
110005655978
110005655987
110005655996
110005656003
110005656012
110005656021
110005656030
110005656049
110005656067
110005656076
110005656085
110005656094
110005656101
110005656110
110005656129
110005656138
110005656147
110005656156
110005656165
110005656174
110005656183
110005656192
110005656209
110005656218
110005656227
110005656236
110005656245
110005656254
110005656263
110005656272
110005656281
110005656290
110005656307
110005656316
110005656325
110005656334
110005656343
110005656352
110005656361
110005656370
110005656389
110005656398
110005656405
110005656414
110005656423
110005656432
110005656441
110005656450
110005656469
110005656478
110005656487
110005656496
110005656502
110005656511
110005656520
110005656539
110005656548
110005656557
110005656566
110005656575
110005656584
110005656593
110005656600
110005656619
110005656628
110005656637
110005656646
110005656655
110005656664
110005656673
110005656682
110005656691
110005656708
110005656717
110005656726
110005656735
110005656744
110005656753
110005656762
110005656771
110005656780
110005656799
110005656806
110005656824
110005656833
110005656842
110005656851
110005656860
110005656879
110005656888
110005656897
110005656904
110005656913
110005656922
110005656931
110005656940
110005656959
110005656968
110005656986
110005656995
110005657002
110005657011
110005657020
110005657039
110005657048
110005657057
110005657066
110005657075
110005657084
110005657093
110005657100
110005657128
110005657137
110005657146
110005657155
110005657164
110005657173
110005657191
110005657208
110005657217
110005657226
110005657235
110005657244
110005657253
110005657262
110005657315
110005657324
110005657342
110005657351
110005657360
110005657379
110005657388
110005657404
110005657413
110005657422
110005657431
110005657440
110005657459
110005657468
110005657477
110005657486
110005657495
110005657501
110005657510
110005657529
110005657538
110005657547
110005657565
110005657574
110005657583
110005657592
110005657609
110005657618
110005657627
110005657636
110005657645
110005657654
110005657663
110005657672
110005657681
110005657690
110005657707
110005657716
110005657725
110005657734
110005657743
110005657752
110005657761
110005657770
110005657789
110005657798
110005657805
110005657814
110005657823
110005657832
110005657841
110005657850
110005657869
110005657878
110005657887
110005657903
110005657912
110005657921
110005657930
110005657949
110005657958
110005657967
110005657976
110005657985
110005657994
110005658001
110005658010
110005658029
110005658038
110005658047
110005658056
110005658065
110005658074
110005658083
110005658092
110005658109
110005658118
110005658127
110005658136
110005658145
110005658154
110005658163
110005658172
110005658181
110005658190
110005658207
110005658216
110005658225
110005658234
110005658243
110005658252
110005658261
110005658270
110005658289
110005658298
110005658305
110005658314
110005658323
110005658332
110005658341
110005658350
110005658369
110005658378
110005658387
110005658396
110005658403
110005658412
110005658421
110005658430
110005658449
110005658458
110005658467
110005658476
110005658485
110005658494
110005658500
110005658519
110005658528
110005658537
110005658546
110005658555
110005658564
110005658573
110005658582
110005658591
110005658608
110005658617
110005658626
110005658635
110005658644
110005658653
110005658662
110005658671
110005658680
110005658699
110005658706
110005658715
110005658724
110005658733
110005658742
110005658751
110005658760
110005658779
110005658788
110005658797
110005658804
110005658813
110005658822
110005658831
110005658840
110005658859
110005658868
110005658877
110005658886
110005658895
110005658902
110005658911
110005658920
110005658939
110005658957
110005658966
110005658984
110005658993
110005659000
110005659019
110005659028
110005659037
110005659046
110005659055
110005659064
110005659073
110005659082
110005659091
110005659108
110005659117
110005659126
110005659135
110005659153
110005659162
110005659171
110005659199
110005659206
110005659215
110005659224
110005659242
110005659251
110005659260
110005659279
110005659288
110005659297
110005659304
110005659313
110005659322
110005659331
110005659340
110005659359
110005659368
110005659377
110005659386
110005659395
110005659402
110005659411
110005659420
110005659439
110005659448
110005659466
110005659475
110005659484
110005659493
110005659509
110005659518
110005659527
110005659545
110005659554
110005659563
110005659572
110005659581
110005659590
110005659607
110005659616
110005659634
110005659643
110005659652
110005659661
110005659689
110005659698
110005659705
110005659714
110005659723
110005659732
110005659741
110005659750
110005659769
110005659778
110005659787
110005659796
110005659803
110005659812
110005659821
110005659830
110005659849
110005659858
110005659867
110005659876
110005659885
110005659894
110005659901
110005659910
110005659929
110005659938
110005659947
110005659965
110005659974
110005659992
110005660007
110005660016
110005660025
110005660034
110005660043
110005660052
110005660061
110005660070
110005660089
110005660098
110005660105
110005660114
110005660123
110005660132
110005660141
110005660150
110005660169
110005660178
110005660187
110005660212
110005660221
110005660230
110005660249
110005660258
110005660267
110005660276
110005660285
110005660294
110005660301
110005660329
110005660338
110005660347
110005660356
110005660374
110005660383
110005660392
110005660409
110005660418
110005660427
110005660436
110005660445
110005660454
110005660463
110005660472
110005660481
110005660490
110005660506
110005660515
110005660524
110005660533
110005660542
110005660551
110005660560
110005660579
110005660588
110005660597
110005660604
110005660613
110005660631
110005660640
110005660659
110005660668
110005660686
110005660695
110005660702
110005660711
110005660720
110005660739
110005660748
110005660757
110005660766
110005660775
110005660784
110005660793
110005660800
110005660819
110005660837
110005660846
110005660855
110005660864
110005660873
110005660882
110005660891
110005660908
110005660917
110005660926
110005660935
110005660944
110005660953
110005660962
110005660971
110005660980
110005660999
110005661006
110005661015
110005661024
110005661033
110005661042
110005661051
110005661060
110005661079
110005661088
110005661097
110005661104
110005661113
110005661122
110005661131
110005661140
110005661159
110005661168
110005661177
110005661186
110005661195
110005661202
