110005661211
110005661220
110005661239
110005661248
110005661257
110005661266
110005661275
110005661284
110005661293
110005661300
110005661319
110005661328
110005661337
110005661346
110005661355
110005661364
110005661391
110005661408
110005661417
110005661426
110005661435
110005661444
110005661453
110005661462
110005661471
110005661480
110005661499
110005661505
110005661514
110005661523
110005661532
110005661541
110005661550
110005661569
110005661578
110005661587
110005661596
110005661603
110005661612
110005661621
110005661630
110005661649
110005661658
110005661667
110005661676
110005661694
110005661701
110005661710
110005661729
110005661738
110005661747
110005661756
110005661765
110005661774
110005661783
110005661792
110005661809
110005661818
110005661827
110005661836
110005661845
110005661854
110005661863
110005661872
110005661881
110005661890
110005661907
110005661916
110005661925
110005661934
110005661943
110005661952
110005661961
110005661970
110005661989
110005661998
110005662014
110005662023
110005662032
110005662041
110005662050
110005662069
110005662078
110005662087
110005662096
110005662103
110005662112
110005662121
110005662130
110005662149
110005662158
110005662167
110005662176
110005662185
110005662194
110005662201
110005662210
110005662229
110005662238
110005662247
110005662256
110005662265
110005662274
110005662283
110005662292
110005662309
110005662318
110005662327
110005662336
110005662345
110005662354
110005662363
110005662372
110005662390
110005662407
110005662416
110005662425
110005662434
110005662470
110005662489
110005662498
110005662504
110005662513
110005662522
110005662531
110005662540
110005662559
110005662568
110005662577
110005662586
110005662595
110005662602
110005662611
110005662620
110005662639
110005662648
110005662657
110005662666
110005662675
110005662684
110005662719
110005662728
110005662737
110005662746
110005662755
110005662764
110005662773
110005662782
110005662791
110005662808
110005662817
110005662826
110005662835
110005662844
110005662853
110005662862
110005662871
110005662880
110005662899
110005662906
110005662915
110005662924
110005662933
110005662942
110005662951
110005662960
110005662979
110005662988
110005662997
110005663004
110005663013
110005663022
110005663031
110005663040
110005663059
110005663086
110005663102
110005663111
110005663120
110005663139
110005663148
110005663157
110005663166
110005663175
110005663184
110005663193
110005663200
110005663219
110005663228
110005663237
110005663264
110005663273
110005663291
110005663308
110005663317
110005663326
110005663335
110005663344
110005663353
110005663362
110005663371
110005663380
110005663399
110005663406
110005663424
110005663433
110005663451
110005663460
110005663488
110005663503
110005663512
110005663521
110005663530
110005663549
110005663558
110005663567
110005663585
110005663594
110005663601
110005663610
110005663647
110005663665
110005663674
110005663683
110005663692
110005663709
110005663727
110005663736
110005663754
110005663763
110005663772
110005663781
110005663790
110005663816
110005663825
110005663834
110005663843
110005663852
110005663861
110005663870
110005663889
110005663898
110005663905
110005663914
110005663923
110005663932
110005663978
110005663987
110005663996
110005664003
110005664012
110005664030
110005664049
110005664058
110005664067
110005664085
110005664094
110005664129
110005664138
110005664147
110005664156
110005664165
110005664174
110005664183
110005664192
110005664218
110005664227
110005664236
110005664254
110005664263
110005664272
110005664281
110005664290
110005664307
110005664316
110005664334
110005664343
110005664352
110005664361
110005664370
110005664389
110005664398
110005664414
110005664423
110005664432
110005664441
110005664478
110005664487
110005664502
110005664511
110005664520
110005664539
110005664548
110005664575
110005664584
110005664593
110005664600
110005664619
110005664628
110005664637
110005664646
110005664655
110005664664
110005664673
110005664691
110005664708
110005664717
110005664726
110005664744
110005664753
110005664762
110005664771
110005664806
110005664815
110005664833
110005664879
110005664897
110005664913
110005664922
110005664931
110005664959
110005664968
110005664977
110005664986
110005664995
110005665002
110005665048
110005665057
110005665066
110005665075
110005665093
110005665100
110005665128
110005665217
110005665226
110005665235
110005665244
110005665253
110005665262
110005665271
110005665280
110005665299
110005665306
110005665315
110005665324
110005665333
110005665342
110005665351
110005665360
110005665379
110005665388
110005665397
110005665404
110005665413
110005665422
110005665431
110005665459
110005665477
110005665486
110005665495
110005665501
110005665510
110005665529
110005665547
110005665556
110005665565
110005665574
110005665583
110005665618
110005665636
110005665654
110005665663
110005665672
110005665690
110005665725
110005665734
110005665743
110005665752
110005665789
110005665823
110005665841
110005665850
110005665887
110005665903
110005665912
110005665921
110005665930
110005665949
110005665958
110005665985
110005665994
110005666001
110005666010
110005666038
110005666056
110005666074
110005666092
110005666118
110005666145
110005666154
110005666163
110005666172
110005666207
110005666216
110005666252
110005666261
110005666270
110005666298
110005666305
110005666314
110005666332
110005666341
110005666378
110005666387
110005666430
110005666458
110005666467
110005666476
110005666485
110005666500
110005666537
110005666546
110005666564
110005666573
110005666591
110005666608
110005666626
110005666644
110005666680
110005666706
110005666733
110005666742
110005666751
110005666779
110005666788
110005666804
110005666813
110005666822
110005666859
110005666868
110005666877
110005666895
110005666902
110005666911
110005666920
110005666948
110005666966
110005666984
110005666993
110005667000
110005667028
110005667037
110005667046
110005667064
110005667073
110005667082
110005667108
110005667126
110005667144
110005667153
110005667162
110005667199
110005667206
110005667215
110005667242
110005667251
110005667260
110005667279
110005667304
110005667322
110005667340
110005667368
110005667386
110005667395
110005667402
110005667411
110005667420
110005667439
110005667448
110005667466
110005667475
110005667518
110005667527
110005667536
110005667554
110005667563
110005667572
110005667581
110005667625
110005667634
110005667643
110005667661
110005667705
110005667714
110005667723
110005667732
110005667741
110005667750
110005667769
110005667787
110005667796
110005667803
110005667812
110005667821
110005667830
110005667849
110005667867
110005667876
110005667894
110005667901
110005667938
110005667974
110005667983
110005667992
110005668018
110005668027
110005668045
110005668063
110005668072
110005668090
110005668116
110005668125
110005668143
110005668152
110005668189
110005668214
110005668232
110005668241
110005668269
110005668278
110005668296
110005668321
110005668330
110005668349
110005668376
110005668401
110005668410
110005668429
110005668447
110005668465
110005668474
110005668492
110005668517
110005668535
110005668544
110005668562
110005668580
110005668606
110005668615
110005668633
110005668642
110005668651
110005668679
110005668688
110005668697
110005668722
110005668768
110005668768
110005668777
110005668802
110005668820
110005668839
110005668848
110005668866
110005668893
110005668919
110005668937
110005668955
110005668982
110005669008
110005669035
110005669053
110005669062
110005669071
110005669080
110005669106
110005669115
110005669124
110005669160
110005669188
110005669204
110005669213
110005669231
110005669240
110005669259
110005669268
110005669286
110005669295
110005669302
110005669320
110005669339
110005669348
110005669357
110005669366
110005669375
110005669419
110005669428
110005669437
110005669473
110005669482
110005669491
110005669507
110005669516
110005669525
110005669534
110005669543
110005669552
110005669598
110005669623
110005669669
110005669678
110005669687
110005669712
110005669721
110005669749
110005669758
110005669767
110005669776
110005669785
110005669794
110005669829
110005669865
110005669883
110005669892
110005669918
110005669927
110005669936
110005669945
110005669954
110005669963
110005669972
110005669981
110005669990
110005670023
110005670032
110005670041
110005670050
110005670069
110005670078
110005670096
110005670121
110005670149
110005670158
110005670167
110005670201
110005670210
110005670229
110005670256
110005670265
110005670274
110005670292
110005670309
110005670327
110005670336
110005670345
110005670354
110005670372
110005670407
110005670425
110005670434
110005670452
110005670461
110005670489
110005670498
110005670504
110005670513
110005670531
110005670559
110005670586
110005670639
110005670648
110005670657
110005670666
110005670684
110005670719
110005670728
110005670746
110005670755
110005670764
110005670773
110005670782
110005670808
110005670817
110005670835
110005670844
110005670853
110005670862
110005670871
110005670880
110005670899
110005670906
110005670924
110005670942
110005670951
110005670979
110005670988
110005670997
110005671022
110005671031
110005671040
110005671059
110005671077
110005671095
110005671111
110005671120
110005671157
110005671175
110005671184
110005671193
110005671264
110005671273
110005671282
110005671291
110005671308
110005671335
110005671344
110005671353
110005671380
110005671399
110005671406
110005671415
110005671424
110005671433
110005671442
110005671479
110005671488
110005671503
110005671512
110005671521
110005671530
110005671558
110005671567
110005671585
110005671601
110005671629
110005671656
110005671665
110005671674
110005671683
110005671692
110005671709
110005671727
110005671736
110005671781
110005671807
110005671825
110005671870
110005671889
110005671898
110005671905
110005671914
110005671923
110005671932
110005671987
110005672003
110005672021
110005672030
110005672067
110005672076
110005672085
110005672094
110005672101
110005672110
110005672129
110005672156
110005672165
110005672183
110005672192
110005672209
110005672227
110005672245
110005672254
110005672263
110005672272
110005672316
110005672334
110005672352
110005672361
110005672370
110005672389
110005672405
110005672414
110005672423
110005672432
110005672441
110005672450
110005672469
110005672478
110005672487
110005672502
110005672520
110005672539
110005672548
110005672557
110005672575
110005672584
110005672593
110005672600
110005672637
110005672646
110005672655
110005672673
110005672682
110005672691
110005672708
110005672726
110005672735
110005672744
110005672753
110005672780
110005672799
110005672806
110005672842
110005672860
110005672879
110005672888
110005672922
110005672931
110005672940
110005672968
110005672977
110005672986
110005672995
110005673011
110005673020
110005673084
110005673093
110005673128
110005673137
110005673164
110005673173
110005673182
110005673208
110005673217
110005673235
110005673253
110005673262
110005673299
110005673324
110005673333
110005673351
110005673360
110005673404
110005673468
110005673501
110005673529
110005673538
110005673547
110005673556
110005673565
110005673574
110005673583
110005673592
110005673609
110005673636
110005673654
110005673663
110005673672
110005673681
110005673690
110005673716
110005673725
110005673743
110005673752
110005673761
110005673770
110005673841
110005673850
110005673869
110005673878
110005673887
110005673896
110005673903
110005673912
110005673930
110005673949
110005673958
110005673976
110005673985
110005673994
110005674001
110005674010
110005674029
110005674038
110005674047
110005674056
110005674065
110005674074
110005674083
110005674092
110005674109
110005674118
110005674127
110005674136
110005674154
110005674163
110005674172
110005674181
110005674207
110005674216
110005674234
110005674243
110005674252
110005674261
110005674270
110005674289
110005674298
110005674305
110005674314
110005674323
110005674332
110005674341
110005674350
110005674369
110005674378
110005674396
110005674403
110005674412
110005674430
110005674449
110005674458
110005674467
110005674476
110005674485
110005674494
110005674500
110005674519
110005674528
110005674537
110005674546
110005674555
110005674573
110005674591
110005674608
110005674617
110005674626
110005674635
110005674644
110005674653
110005674662
110005674671
110005674680
110005674715
110005674733
110005674742
110005674751
110005674779
110005674788
110005674804
110005674813
110005674822
110005674831
110005674840
110005674859
110005674868
110005674877
110005674886
110005674902
110005674911
110005674920
110005674939
110005674948
110005674975
110005674984
110005674993
110005675000
110005675037
110005675055
110005675082
110005675091
110005675108
110005675117
110005675126
110005675135
110005675144
110005675153
110005675162
110005675171
110005675180
110005675199
110005675206
110005675233
110005675242
110005675260
110005675279
110005675288
110005675297
110005675304
110005675313
110005675322
110005675331
110005675359
110005675368
110005675377
110005675386
110005675395
110005675402
110005675411
110005675420
110005675439
