110005675448
110005675457
110005675466
110005675475
110005675493
110005675509
110005675518
110005675527
110005675536
110005675545
110005675554
110005675563
110005675572
110005675581
110005675590
110005675607
110005675625
110005675634
110005675643
110005675652
110005675661
110005675689
110005675698
110005675705
110005675714
110005675723
110005675732
110005675750
110005675769
110005675778
110005675796
110005675812
110005675821
110005675830
110005675849
110005675867
110005675885
110005675901
110005675910
110005675947
110005675956
110005675965
110005675983
110005676009
110005676018
110005676027
110005676036
110005676045
110005676054
110005676063
110005676072
110005676081
110005676116
110005676143
110005676152
110005676170
110005676214
110005676223
110005676241
110005676250
110005676278
110005676287
110005676303
110005676312
110005676321
110005676330
110005676349
110005676358
110005676367
110005676394
110005676456
110005676474
110005676492
110005676535
110005676553
110005676562
110005676571
110005676599
110005676615
110005676624
110005676633
110005676642
110005676660
110005676679
110005676688
110005676697
110005676704
110005676713
110005676722
110005676731
110005676759
110005676768
110005676786
110005676795
110005676811
110005676820
110005676839
110005676848
110005676857
110005676900
110005676946
110005676955
110005676982
110005677017
110005677071
110005677099
110005677106
110005677133
110005677179
110005677188
110005677197
110005677204
110005677222
110005677231
110005677240
110005677268
110005677277
110005677286
110005677302
110005677320
110005677339
110005677348
110005677357
110005677375
110005677384
110005677393
110005677419
110005677428
110005677446
110005677455
110005677464
110005677491
110005677516
110005677525
110005677534
110005677543
110005677561
110005677589
110005677598
110005677605
110005677614
110005677623
110005677669
110005677678
110005677687
110005677696
110005677703
110005677712
110005677749
110005677758
110005677767
110005677776
110005677801
110005677810
110005677829
110005677847
110005677856
110005677865
110005677874
110005677892
110005677909
110005677918
110005677927
110005677936
110005677945
110005677954
110005677972
110005677990
110005678007
110005678016
110005678034
110005678052
110005678070
110005678089
110005678098
110005678105
110005678114
110005678123
110005678132
110005678141
110005678150
110005678169
110005678187
110005678212
110005678221
110005678230
110005678249
110005678285
110005678294
110005678301
110005678310
110005678338
110005678347
110005678374
110005678383
110005678392
110005678418
110005678427
110005678436
110005678445
110005678463
110005678481
110005678490
110005678524
110005678542
110005678551
110005678560
110005678579
110005678588
110005678622
110005678631
110005678668
110005678695
110005678702
110005678739
110005678748
110005678757
110005678766
110005678775
110005678784
110005678800
110005678819
110005678837
110005678846
110005678873
110005678882
110005678891
110005678908
110005678926
110005678953
110005678971
110005678980
110005679006
110005679015
110005679024
110005679042
110005679051
110005679060
110005679088
110005679104
110005679159
110005679168
110005679186
110005679202
110005679211
110005679220
110005679257
110005679266
110005679275
110005679284
110005679293
110005679300
110005679319
110005679328
110005679346
110005679355
110005679373
110005679391
110005679408
110005679417
110005679426
110005679435
110005679444
110005679453
110005679462
110005679471
110005679499
110005679505
110005679532
110005679550
110005679569
110005679587
110005679596
110005679603
110005679612
110005679649
110005679667
110005679685
110005679701
110005679710
110005679729
110005679738
110005679747
110005679756
110005679774
110005679783
110005679792
110005679809
110005679818
110005679836
110005679845
110005679854
110005679890
110005679907
110005679916
110005679925
110005679934
110005679943
110005679952
110005679970
110005679989
110005679998
110005680003
110005680012
110005680021
110005680030
110005680049
110005680058
110005680067
110005680076
110005680101
110005680110
110005680129
110005680147
110005680174
110005680209
110005680218
110005680227
110005680236
110005680245
110005680263
110005680272
110005680290
110005680307
110005680316
110005680325
110005680343
110005680352
110005680361
110005680389
110005680398
110005680432
110005680441
110005680450
110005680469
110005680478
110005680496
110005680502
110005680511
110005680520
110005680548
110005680566
110005680575
110005680593
110005680600
110005680619
110005680637
110005680646
110005680655
110005680664
110005680673
110005680682
110005680691
110005680735
110005680753
110005680771
110005680780
110005680806
110005680815
110005680833
110005680860
110005680879
110005680888
110005680904
110005680913
110005680922
110005680931
110005680940
110005680986
110005680995
110005681002
110005681011
110005681039
110005681048
110005681057
110005681066
110005681075
110005681084
110005681093
110005681100
110005681137
110005681146
110005681155
110005681155
110005681164
110005681173
110005681182
110005681191
110005681217
110005681235
110005681253
110005681271
110005681315
110005681324
110005681333
110005681351
110005681360
110005681388
110005681431
110005681440
110005681459
110005681468
110005681477
110005681486
110005681495
110005681501
110005681510
110005681529
110005681538
110005681547
110005681609
110005681618
110005681627
110005681654
110005681663
110005681672
110005681690
110005681716
110005681725
110005681734
110005681770
110005681789
110005681805
110005681814
110005681823
110005681832
110005681841
110005681850
110005681896
110005681903
110005681921
110005681930
110005681976
110005681985
110005681994
110005682001
110005682010
110005682029
110005682038
110005682056
110005682065
110005682083
110005682092
110005682109
110005682118
110005682127
110005682145
110005682154
110005682172
110005682181
110005682190
110005682207
110005682225
110005682234
110005682261
110005682270
110005682289
110005682298
110005682314
110005682323
110005682332
110005682341
110005682350
110005682378
110005682387
110005682403
110005682412
110005682421
110005682430
110005682449
110005682458
110005682467
110005682476
110005682485
110005682494
110005682500
110005682519
110005682528
110005682546
110005682555
110005682573
110005682582
110005682591
110005682608
110005682617
110005682626
110005682653
110005682662
110005682671
110005682680
110005682699
110005682715
110005682724
110005682733
110005682742
110005682751
110005682779
110005682797
110005682804
110005682813
110005682822
110005682831
110005682840
110005682859
110005682868
110005682895
110005682902
110005682911
110005682920
110005682939
110005682948
110005682957
110005682966
110005682975
110005682993
110005683000
110005683019
110005683028
110005683037
110005683046
110005683064
110005683073
110005683082
110005683091
110005683117
110005683126
110005683144
110005683153
110005683162
110005683171
110005683180
110005683199
110005683206
110005683215
110005683224
110005683242
110005683251
110005683260
110005683279
110005683288
110005683297
110005683304
110005683313
110005683322
110005683331
110005683359
110005683368
110005683377
110005683386
110005683395
110005683411
110005683439
110005683448
110005683457
110005683466
110005683475
110005683484
110005683493
110005683518
110005683536
110005683545
110005683554
110005683590
110005683607
110005683616
110005683625
110005683634
110005683652
110005683661
110005683698
110005683705
110005683714
110005683732
110005683750
110005683778
110005683787
110005683796
110005683803
110005683812
110005683821
110005683830
110005683849
110005683858
110005683867
110005683876
110005683885
110005683901
110005683910
110005683929
110005683947
110005683956
110005683965
110005683974
110005683983
110005683992
110005684009
110005684018
110005684027
110005684036
110005684045
110005684063
110005684072
110005684090
110005684107
110005684116
110005684152
110005684161
110005684170
110005684198
110005684214
110005684223
110005684232
110005684241
110005684250
110005684269
110005684278
110005684287
110005684303
110005684312
110005684321
110005684330
110005684349
110005684367
110005684376
110005684385
110005684394
110005684401
110005684410
110005684429
110005684438
110005684447
110005684456
110005684465
110005684474
110005684492
110005684508
110005684517
110005684526
110005684535
110005684562
110005684571
110005684580
110005684599
110005684615
110005684633
110005684642
110005684651
110005684660
110005684679
110005684688
110005684697
110005684704
110005684713
110005684722
110005684731
110005684740
110005684759
110005684768
110005684802
110005684839
110005684848
110005684857
110005684866
110005684875
110005684884
110005684893
110005684900
110005684937
110005684946
110005684964
110005684991
110005685017
110005685026
110005685035
110005685053
110005685071
110005685080
110005685099
110005685106
110005685115
110005685133
110005685160
110005685179
110005685197
110005685204
110005685213
110005685222
110005685231
110005685240
110005685259
110005685277
110005685286
110005685295
110005685302
110005685320
110005685339
110005685348
110005685366
110005685375
110005685384
110005685393
110005685419
110005685437
110005685446
110005685455
110005685464
110005685473
110005685482
110005685491
110005685507
110005685516
110005685525
110005685534
110005685543
110005685552
110005685570
110005685589
110005685598
110005685605
110005685614
110005685623
110005685632
110005685641
110005685678
110005685703
110005685721
110005685730
110005685749
110005685758
110005685776
110005685794
110005685801
110005685810
110005685838
110005685847
110005685865
110005685883
110005685892
110005685909
110005685918
110005685927
110005685936
110005685945
110005685954
110005685972
110005685981
110005686007
110005686016
110005686025
110005686034
110005686043
110005686052
110005686061
110005686070
110005686089
110005686098
110005686105
110005686114
110005686123
110005686132
110005686150
110005686178
110005686203
110005686212
110005686221
110005686230
110005686249
110005686258
110005686276
110005686285
110005686294
110005686301
110005686310
110005686338
110005686347
110005686356
110005686365
110005686374
110005686409
110005686418
110005686427
110005686445
110005686454
110005686463
110005686472
110005686481
110005686490
110005686515
110005686533
110005686542
110005686551
110005686560
110005686579
110005686588
110005686597
110005686604
110005686631
110005686659
110005686668
110005686686
110005686695
110005686702
110005686711
110005686739
110005686748
110005686757
110005686775
110005686784
110005686800
110005686819
110005686837
110005686846
110005686855
110005686864
110005686882
110005686908
110005686917
110005686926
110005686944
110005686953
110005686971
110005687015
110005687024
110005687033
110005687042
110005687051
110005687079
110005687088
110005687097
110005687104
110005687122
110005687131
110005687140
110005687159
110005687168
110005687177
110005687186
110005687202
110005687211
110005687220
110005687248
110005687257
110005687266
110005687284
110005687293
110005687300
110005687319
110005687328
110005687337
110005687346
110005687355
110005687364
110005687382
110005687391
110005687408
110005687417
110005687426
110005687435
110005687462
110005687471
110005687480
110005687499
110005687505
110005687514
110005687569
110005687578
110005687587
110005687596
110005687612
110005687630
110005687649
110005687658
110005687667
110005687676
110005687685
110005687694
110005687701
110005687710
110005687738
110005687747
110005687765
110005687774
110005687783
110005687792
110005687809
110005687827
110005687836
110005687845
110005687854
110005687872
110005687881
110005687890
110005687907
110005687916
110005687925
110005687934
110005687943
110005687952
110005687961
110005687970
110005688005
110005688014
110005688023
110005688032
110005688050
110005688069
110005688078
110005688087
110005688096
110005688103
110005688112
110005688121
110005688130
110005688149
110005688158
110005688167
110005688176
110005688185
110005688194
110005688201
110005688210
110005688229
110005688247
110005688256
110005688265
110005688274
110005688283
110005688309
110005688318
110005688327
110005688336
110005688345
110005688354
110005688363
110005688372
110005688381
110005688390
110005688407
110005688416
110005688425
110005688434
110005688443
110005688452
110005688470
110005688489
110005688498
110005688504
110005688513
110005688522
110005688531
110005688540
110005688559
110005688568
110005688577
110005688586
110005688611
110005688620
110005688639
110005688657
110005688684
110005688693
110005688700
110005688719
110005688728
110005688755
110005688764
110005688773
110005688782
110005688808
110005688817
110005688826
110005688835
110005688862
110005688871
110005688880
110005688915
110005688924
110005688942
110005688951
110005688960
110005688997
110005689022
110005689031
110005689040
110005689059
110005689068
110005689077
110005689095
110005689102
110005689111
110005689120
110005689139
110005689166
110005689175
110005689184
110005689193
110005689228
110005689237
110005689246
110005689255
