110005689264
110005689273
110005689282
110005689291
110005689308
110005689317
110005689326
110005689335
110005689344
110005689353
110005689362
110005689371
110005689380
110005689399
110005689406
110005689415
110005689424
110005689433
110005689442
110005689451
110005689460
110005689479
110005689488
110005689497
110005689503
110005689512
110005689521
110005689530
110005689558
110005689567
110005689576
110005689585
110005689594
110005689601
110005689610
110005689629
110005689638
110005689647
110005689656
110005689665
110005689674
110005689683
110005689692
110005689709
110005689718
110005689727
110005689745
110005689763
110005689772
110005689781
110005689790
110005689816
110005689825
110005689843
110005689852
110005689861
110005689870
110005689889
110005689898
110005689905
110005689914
110005689923
110005689932
110005689941
110005689950
110005689969
110005689978
110005689987
110005689996
110005690001
110005690010
110005690029
110005690047
110005690056
110005690065
110005690074
110005690092
110005690109
110005690118
110005690127
110005690136
110005690145
110005690154
110005690163
110005690172
110005690181
110005690190
110005690207
110005690216
110005690225
110005690234
110005690252
110005690261
110005690270
110005690289
110005690298
110005690305
110005690314
110005690323
110005690332
110005690341
110005690350
110005690378
110005690387
110005690421
110005690430
110005690449
110005690458
110005690467
110005690476
110005690485
110005690494
110005690500
110005690519
110005690528
110005690537
110005690546
110005690555
110005690564
110005690573
110005690582
110005690608
110005690653
110005690671
110005690680
110005690699
110005690706
110005690733
110005690742
110005690751
110005690760
110005690779
110005690797
110005690804
110005690813
110005690822
110005690840
110005690868
110005690877
110005690886
110005690902
110005690911
110005690948
110005690957
110005690966
110005690975
110005690993
110005691019
110005691028
110005691073
110005691082
110005691117
110005691135
110005691144
110005691162
110005691171
110005691180
110005691199
110005691251
110005691260
110005691279
110005691297
110005691322
110005691340
110005691359
110005691377
110005691386
110005691402
110005691420
110005691439
110005691448
110005691457
110005691475
110005691484
110005691509
110005691518
110005691536
110005691545
110005691554
110005691625
110005691643
110005691670
110005691705
110005691714
110005691732
110005691741
110005691750
110005691769
110005691778
110005691787
110005691796
110005691803
110005691812
110005691821
110005691830
110005691849
110005691867
110005691876
110005691894
110005691901
110005691910
110005691938
110005691947
110005691956
110005691965
110005691974
110005691983
110005691992
110005692009
110005692018
110005692027
110005692036
110005692045
110005692054
110005692063
110005692072
110005692090
110005692107
110005692116
110005692125
110005692134
110005692143
110005692161
110005692170
110005692189
110005692198
110005692214
110005692223
110005692232
110005692241
110005692250
110005692278
110005692287
110005692296
110005692303
110005692312
110005692321
110005692330
110005692349
110005692367
110005692376
110005692394
110005692401
110005692410
110005692438
110005692456
110005692465
110005692474
110005692483
110005692492
110005692508
110005692526
110005692535
110005692544
110005692553
110005692562
110005692571
110005692580
110005692599
110005692606
110005692615
110005692624
110005692633
110005692651
110005692660
110005692679
110005692688
110005692697
110005692704
110005692713
110005692722
110005692731
110005692740
110005692759
110005692768
110005692777
110005692786
110005692795
110005692811
110005692820
110005692839
110005692848
110005692866
110005692884
110005692900
110005692919
110005692937
110005692946
110005692955
110005692964
110005692973
110005692982
110005692991
110005693017
110005693026
110005693035
110005693044
110005693053
110005693062
110005693071
110005693099
110005693106
110005693115
110005693124
110005693133
110005693142
110005693151
110005693179
110005693188
110005693197
110005693222
110005693231
110005693240
110005693268
110005693277
110005693286
110005693295
110005693320
110005693339
110005693348
110005693366
110005693384
110005693393
110005693400
110005693428
110005693437
110005693446
110005693455
110005693464
110005693473
110005693482
110005693491
110005693507
110005693516
110005693534
110005693543
110005693561
110005693570
110005693589
110005693598
110005693605
110005693623
110005693632
110005693641
110005693650
110005693678
110005693696
110005693712
110005693721
110005693730
110005693749
110005693758
110005693767
110005693776
110005693794
110005693801
110005693810
110005693838
110005693865
110005693874
110005693883
110005693892
110005693909
110005693918
110005693927
110005693936
110005693945
110005693954
110005693972
110005693981
110005693990
110005694007
110005694016
110005694025
110005694043
110005694061
110005694089
110005694098
110005694114
110005694123
110005694141
110005694150
110005694169
110005694187
110005694203
110005694221
110005694249
110005694258
110005694267
110005694276
110005694285
110005694294
110005694301
110005694329
110005694347
110005694356
110005694365
110005694374
110005694383
110005694392
110005694409
110005694418
110005694445
110005694454
110005694472
110005694481
110005694490
110005694515
110005694524
110005694533
110005694542
110005694551
110005694560
110005694579
110005694588
110005694597
110005694604
110005694613
110005694622
110005694631
110005694640
110005694659
110005694668
110005694677
110005694686
110005694695
110005694702
110005694711
110005694720
110005694739
110005694748
110005694757
110005694766
110005694775
110005694784
110005694793
110005694800
110005694819
110005694828
110005694837
110005694846
110005694864
110005694873
110005694882
110005694891
110005694908
110005694917
110005694926
110005694935
110005694962
110005694971
110005694980
110005695024
110005695033
110005695042
110005695051
110005695060
110005695079
110005695088
110005695104
110005695113
110005695131
110005695140
110005695159
110005695177
110005695186
110005695202
110005695211
110005695220
110005695239
110005695248
110005695275
110005695284
110005695293
110005695300
110005695319
110005695328
110005695337
110005695346
110005695355
110005695364
110005695382
110005695391
110005695408
110005695417
110005695426
110005695435
110005695444
110005695453
110005695462
110005695471
110005695480
110005695499
110005695505
110005695514
110005695523
110005695532
110005695541
110005695578
110005695587
110005695603
110005695612
110005695649
110005695658
110005695667
110005695685
110005695694
110005695710
110005695729
110005695738
110005695747
110005695756
110005695765
110005695774
110005695783
110005695792
110005695809
110005695818
110005695827
110005695836
110005695854
110005695863
110005695872
110005695881
110005695890
110005695907
110005695916
110005695925
110005695934
110005695943
110005695952
110005695970
110005695989
110005696005
110005696014
110005696032
110005696041
110005696050
110005696069
110005696078
110005696103
110005696112
110005696121
110005696130
110005696167
110005696176
110005696185
110005696194
110005696201
110005696210
110005696229
110005696238
110005696247
110005696274
110005696283
110005696292
110005696309
110005696318
110005696336
110005696354
110005696363
110005696372
110005696381
110005696390
110005696407
110005696416
110005696425
110005696434
110005696443
110005696461
110005696470
110005696489
110005696498
110005696504
110005696513
110005696522
110005696531
110005696540
110005696559
110005696568
110005696577
110005696586
110005696602
110005696611
110005696620
110005696648
110005696657
110005696666
110005696684
110005696693
110005696700
110005696728
110005696746
110005696755
110005696764
110005696773
110005696782
110005696791
110005696808
110005696817
110005696826
110005696844
110005696853
110005696862
110005696880
110005696899
110005696906
110005696924
110005696933
110005696942
110005696951
110005696960
110005696979
110005696988
110005696997
110005697004
110005697013
110005697022
110005697068
110005697095
110005697120
110005697157
110005697175
110005697184
110005697193
110005697200
110005697219
110005697246
110005697255
110005697264
110005697273
110005697282
110005697308
110005697317
110005697326
110005697335
110005697344
110005697353
110005697362
110005697399
110005697406
110005697415
110005697424
110005697433
110005697442
110005697460
110005697479
110005697488
110005697497
110005697503
110005697521
110005697530
110005697549
110005697576
110005697585
110005697594
110005697601
110005697610
110005697629
110005697638
110005697647
110005697656
110005697665
110005697683
110005697692
110005697709
110005697727
110005697736
110005697745
110005697763
110005697772
110005697781
110005697790
110005697807
110005697816
110005697825
110005697852
110005697861
110005697870
110005697889
110005697905
110005697914
110005697923
110005697932
110005697941
110005697978
110005697987
110005697996
110005698003
110005698012
110005698021
110005698030
110005698049
110005698058
110005698067
110005698076
110005698085
110005698094
110005698101
110005698110
110005698129
110005698138
110005698147
110005698156
110005698165
110005698174
110005698183
110005698192
110005698209
110005698218
110005698245
110005698254
110005698272
110005698281
110005698290
110005698307
110005698316
110005698325
110005698334
110005698343
110005698352
110005698361
110005698370
110005698389
110005698398
110005698414
110005698423
110005698432
110005698441
110005698478
110005698487
110005698496
110005698502
110005698520
110005698539
110005698557
110005698566
110005698584
110005698593
110005698600
110005698619
110005698628
110005698637
110005698646
110005698655
110005698664
110005698673
110005698682
110005698691
110005698708
110005698726
110005698735
110005698753
110005698762
110005698771
110005698780
110005698799
110005698806
110005698815
110005698833
110005698842
110005698851
110005698860
110005698879
110005698888
110005698897
110005698904
110005698913
110005698922
110005698940
110005698968
110005698977
110005698986
110005698995
110005699002
110005699011
110005699039
110005699048
110005699066
110005699075
110005699084
110005699093
110005699100
110005699119
110005699128
110005699137
110005699146
110005699173
110005699191
110005699208
110005699226
110005699235
110005699253
110005699271
110005699280
110005699299
110005699315
110005699324
110005699333
110005699360
110005699379
110005699397
110005699422
110005699440
110005699459
110005699468
110005699477
110005699486
110005699495
110005699501
110005699510
110005699538
110005699556
110005699565
110005699574
110005699583
110005699592
110005699618
110005699627
110005699636
110005699663
110005699672
110005699690
110005699707
110005699716
110005699734
110005699743
110005699752
110005699761
110005699770
110005699798
110005699814
110005699823
110005699832
110005699841
110005699850
110005699878
110005699896
110005699912
110005699921
110005699949
110005699967
110005699976
110005699985
110005699994
110005700009
110005700018
110005700027
110005700036
110005700045
110005700054
110005700072
110005700090
110005700107
110005700116
110005700125
110005700134
110005700143
110005700152
110005700161
110005700170
110005700205
110005700214
110005700223
110005700232
110005700241
110005700250
110005700269
110005700278
110005700296
110005700303
110005700312
110005700321
110005700330
110005700349
110005700358
110005700367
110005700376
110005700385
110005700394
110005700401
110005700410
110005700429
110005700438
110005700447
110005700456
110005700465
110005700474
110005700483
110005700508
110005700517
110005700526
110005700535
110005700544
110005700562
110005700580
110005700599
110005700606
110005700615
110005700624
110005700651
110005700660
110005700679
110005700688
110005700697
110005700704
110005700713
110005700722
110005700731
110005700759
110005700768
110005700777
110005700786
110005700802
110005700811
110005700839
110005700848
110005700866
110005700875
110005700884
110005700893
110005700900
110005700919
110005700928
110005700937
110005700946
110005700964
110005700973
110005700982
110005700991
110005701008
110005701017
110005701026
110005701035
110005701044
110005701053
110005701062
110005701071
110005701080
110005701099
110005701106
110005701115
110005701124
110005701133
110005701151
110005701160
110005701179
110005701188
110005701197
110005701213
110005701222
110005701231
110005701240
110005701259
110005701277
110005701286
110005701295
110005701302
110005701311
110005701320
110005701339
110005701348
110005701357
110005701366
110005701384
110005701393
110005701400
110005701419
110005701428
110005701446
110005701455
110005701464
110005701473
110005701482
110005701491
110005701516
110005701525
110005701534
110005701543
110005701561
110005701570
110005701589
110005701598
110005701605
110005701614
110005701641
110005701678
110005701687
110005701696
110005701703
110005701721
110005701749
110005701758
110005701767
110005701776
110005701785
110005701794
110005701801
110005701810
110005701829
