110005701838
110005701847
110005701856
110005701865
110005701874
110005701883
110005701892
110005701927
110005701945
110005701954
110005701972
110005701981
110005701990
110005702007
110005702016
110005702025
110005702034
110005702043
110005702061
110005702070
110005702089
110005702098
110005702105
110005702114
110005702132
110005702150
110005702169
110005702178
110005702187
110005702196
110005702203
110005702249
110005702258
110005702276
110005702294
110005702310
110005702329
110005702338
110005702347
110005702356
110005702365
110005702374
110005702383
110005702392
110005702409
110005702418
110005702427
110005702454
110005702463
110005702472
110005702481
110005702490
110005702506
110005702515
110005702524
110005702533
110005702542
110005702551
110005702560
110005702579
110005702588
110005702604
110005702613
110005702622
110005702631
110005702640
110005702659
110005702668
110005702686
110005702711
110005702757
110005702766
110005702775
110005702784
110005702793
110005702800
110005702819
110005702828
110005702846
110005702855
110005702873
110005702882
110005702908
110005702917
110005702926
110005702935
110005702953
110005702962
110005702971
110005702980
110005703015
110005703033
110005703051
110005703079
110005703088
110005703097
110005703104
110005703113
110005703122
110005703131
110005703168
110005703177
110005703186
110005703195
110005703202
110005703211
110005703220
110005703239
110005703248
110005703257
110005703266
110005703275
110005703284
110005703300
110005703319
110005703328
110005703337
110005703355
110005703364
110005703373
110005703391
110005703408
110005703426
110005703435
110005703444
110005703453
110005703462
110005703471
110005703499
110005703505
110005703514
110005703523
110005703532
110005703550
110005703569
110005703596
110005703603
110005703612
110005703621
110005703630
110005703649
110005703658
110005703667
110005703676
110005703685
110005703694
110005703729
110005703738
110005703756
110005703765
110005703774
110005703809
110005703818
110005703827
110005703836
110005703845
110005703854
110005703863
110005703872
110005703881
110005703890
110005703907
110005703916
110005703925
110005703934
110005703943
110005703952
110005703961
110005703989
110005703998
110005704005
110005704014
110005704023
110005704032
110005704041
110005704050
110005704069
110005704078
110005704087
110005704096
110005704103
110005704112
110005704121
110005704130
110005704149
110005704158
110005704167
110005704176
110005704185
110005704201
110005704210
110005704229
110005704238
110005704247
110005704274
110005704283
110005704292
110005704309
110005704318
110005704336
110005704345
110005704354
110005704381
110005704407
110005704425
110005704434
110005704443
110005704452
110005704470
110005704489
110005704498
110005704504
110005704522
110005704531
110005704540
110005704568
110005704577
110005704586
110005704595
110005704602
110005704620
110005704639
110005704648
110005704657
110005704666
110005704675
110005704684
110005704693
110005704700
110005704719
110005704728
110005704737
110005704746
110005704755
110005704764
110005704773
110005704808
110005704826
110005704835
110005704853
110005704862
110005704880
110005704899
110005704906
110005704915
110005704924
110005704942
110005704951
110005704960
110005704979
110005704988
110005704997
110005705004
110005705013
110005705031
110005705059
110005705068
110005705077
110005705086
110005705095
110005705102
110005705120
110005705148
110005705157
110005705166
110005705175
110005705184
110005705193
110005705200
110005705228
110005705237
110005705246
110005705255
110005705264
110005705273
110005705291
110005705308
110005705317
110005705335
110005705344
110005705353
110005705362
110005705371
110005705380
110005705415
110005705424
110005705433
110005705442
110005705451
110005705460
110005705479
110005705488
110005705503
110005705512
110005705521
110005705530
110005705549
110005705558
110005705567
110005705576
110005705585
110005705594
110005705601
110005705610
110005705638
110005705647
110005705656
110005705665
110005705674
110005705683
110005705692
110005705718
110005705736
110005705745
110005705754
110005705763
110005705772
110005705781
110005705790
110005705807
110005705816
110005705825
110005705834
110005705843
110005705852
110005705861
110005705870
110005705889
110005705905
110005705914
110005705923
110005705932
110005705950
110005705969
110005705978
110005705987
110005705996
110005706003
110005706012
110005706021
110005706030
110005706058
110005706067
110005706076
110005706085
110005706094
110005706101
110005706110
110005706138
110005706147
110005706156
110005706165
110005706183
110005706192
110005706209
110005706218
110005706227
110005706236
110005706245
110005706263
110005706272
110005706290
110005706307
110005706325
110005706361
110005706398
110005706414
110005706423
110005706432
110005706441
110005706469
110005706478
110005706487
110005706496
110005706502
110005706511
110005706520
110005706539
110005706548
110005706557
110005706575
110005706584
110005706619
110005706628
110005706664
110005706673
110005706691
110005706717
110005706744
110005706762
110005706780
110005706799
110005706806
110005706824
110005706833
110005706851
110005706860
110005706879
110005706897
110005706904
110005706913
110005706931
110005706968
110005706977
110005706986
110005706995
110005707002
110005707011
110005707020
110005707039
110005707048
110005707066
110005707075
110005707100
110005707119
110005707128
110005707137
110005707146
110005707164
110005707182
110005707208
110005707244
110005707253
110005707262
110005707280
110005707299
110005707315
110005707324
110005707333
110005707342
110005707351
110005707360
110005707379
110005707388
110005707397
110005707404
110005707422
110005707431
110005707459
110005707468
110005707486
110005707501
110005707510
110005707538
110005707565
110005707574
110005707583
110005707592
110005707609
110005707618
110005707636
110005707645
110005707654
110005707663
110005707672
110005707681
110005707707
110005707716
110005707725
110005707734
110005707743
110005707752
110005707761
110005707770
110005707789
110005707798
110005707805
110005707814
110005707823
110005707832
110005707841
110005707850
110005707887
110005707896
110005707903
110005707912
110005707921
110005707930
110005707949
110005707958
110005707967
110005707976
110005707985
110005707994
110005708001
110005708029
110005708038
110005708056
110005708074
110005708083
110005708109
110005708118
110005708127
110005708136
110005708154
110005708163
110005708172
110005708181
110005708190
110005708207
110005708216
110005708225
110005708234
110005708243
110005708252
110005708261
110005708270
110005708289
110005708305
110005708323
110005708369
110005708387
110005708396
110005708403
110005708412
110005708421
110005708430
110005708449
110005708458
110005708467
110005708476
110005708485
110005708494
110005708500
110005708528
110005708537
110005708546
110005708555
110005708564
110005708573
110005708582
110005708608
110005708626
110005708635
110005708644
110005708662
110005708671
110005708680
110005708699
110005708706
110005708715
110005708742
110005708760
110005708779
110005708788
110005708804
110005708813
110005708831
110005708840
110005708868
110005708886
110005708911
110005708939
110005708957
110005708966
110005708975
110005708984
110005708993
110005709000
110005709019
110005709046
110005709064
110005709073
110005709082
110005709108
110005709126
110005709135
110005709144
110005709162
110005709171
110005709180
110005709199
110005709206
110005709215
110005709224
110005709233
110005709251
110005709260
110005709297
110005709304
110005709322
110005709331
110005709340
110005709377
110005709386
110005709402
110005709411
110005709420
110005709439
110005709448
110005709457
110005709466
110005709475
110005709484
110005709493
110005709509
110005709518
110005709536
110005709545
110005709554
110005709563
110005709581
110005709590
110005709616
110005709625
110005709634
110005709643
110005709652
110005709661
110005709670
110005709698
110005709714
110005709723
110005709732
110005709741
110005709750
110005709769
110005709778
110005709787
110005709803
110005709830
110005709858
110005709876
110005709885
110005709894
110005709901
110005709910
110005709929
110005709947
110005709956
110005709965
110005709992
110005710007
110005710016
110005710034
110005710043
110005710052
110005710061
110005710070
110005710089
110005710098
110005710105
110005710114
110005710141
110005710150
110005710169
110005710178
110005710196
110005710203
110005710212
110005710221
110005710258
110005710267
110005710276
110005710285
110005710301
110005710310
110005710329
110005710338
110005710347
110005710365
110005710374
110005710427
110005710445
110005710454
110005710463
110005710472
110005710481
110005710490
110005710506
110005710524
110005710533
110005710542
110005710551
110005710560
110005710579
110005710588
110005710597
110005710604
110005710622
110005710631
110005710640
110005710659
110005710668
110005710677
110005710686
110005710695
110005710711
110005710720
110005710739
110005710748
110005710757
110005710784
110005710793
110005710800
110005710828
110005710837
110005710846
110005710855
110005710864
110005710873
110005710882
110005710891
110005710917
110005710926
110005710935
110005710944
110005710962
110005710971
110005711006
110005711015
110005711024
110005711033
110005711042
110005711060
110005711079
110005711088
110005711097
110005711104
110005711113
110005711122
110005711131
110005711140
110005711159
110005711168
110005711177
110005711186
110005711195
110005711220
110005711239
110005711248
110005711257
110005711266
110005711275
110005711284
110005711293
110005711300
110005711328
110005711337
110005711355
110005711364
110005711373
110005711408
110005711417
110005711426
110005711435
110005711444
110005711453
110005711462
110005711471
110005711499
110005711514
110005711532
110005711541
110005711550
110005711578
110005711587
110005711596
110005711603
110005711621
110005711649
110005711667
110005711676
110005711685
110005711694
110005711710
110005711729
110005711765
110005711792
110005711809
110005711818
110005711827
110005711836
110005711845
110005711863
110005711907
110005711943
110005711952
110005711989
110005711998
110005712023
110005712032
110005712041
110005712050
110005712069
110005712078
110005712087
110005712096
110005712103
110005712112
110005712121
110005712130
110005712149
110005712158
110005712167
110005712176
110005712185
110005712194
110005712201
110005712210
110005712229
110005712238
110005712247
110005712256
110005712265
110005712274
110005712283
110005712292
110005712318
110005712327
110005712345
110005712354
110005712363
110005712372
110005712390
110005712407
110005712416
110005712425
110005712434
110005712443
110005712452
110005712470
110005712498
110005712504
110005712513
110005712531
110005712540
110005712559
110005712577
110005712586
110005712620
110005712639
110005712657
110005712666
110005712675
110005712684
110005712693
110005712719
110005712728
110005712746
110005712755
110005712764
110005712782
110005712808
110005712826
110005712835
110005712853
110005712871
110005712880
110005712899
110005712906
110005712915
110005712924
110005712933
110005712942
110005712951
110005712960
110005712979
110005713022
110005713031
110005713040
110005713059
110005713077
110005713111
110005713120
110005713148
110005713157
110005713166
110005713175
110005713184
110005713193
110005713200
110005713219
110005713228
110005713237
110005713246
110005713255
110005713264
110005713273
110005713282
110005713291
110005713308
110005713317
110005713335
110005713344
110005713380
110005713399
110005713415
110005713442
110005713451
110005713497
110005713512
110005713530
110005713549
110005713567
110005713585
110005713594
110005713610
110005713629
110005713638
110005713647
110005713665
110005713674
110005713683
110005713692
110005713709
110005713727
110005713736
110005713745
110005713754
110005713772
110005713781
110005713790
110005713807
110005713825
110005713843
110005713852
110005713861
110005713870
110005713898
110005713905
110005713923
110005713932
110005713941
110005713950
110005713969
110005713996
110005714012
110005714021
110005714030
110005714049
110005714067
110005714076
110005714085
110005714101
110005714129
110005714138
110005714147
110005714156
110005714165
110005714183
110005714192
110005714209
110005714218
110005714227
110005714236
110005714254
110005714263
110005714272
110005714281
110005714290
110005714316
110005714325
110005714334
110005714361
110005714370
110005714398
110005714405
110005714414
110005714432
110005714441
110005714450
110005714469
110005714478
110005714496
110005714502
110005714520
110005714548
110005714557
110005714575
110005714593
110005714600
110005714619
110005714646
110005714655
110005714664
110005714682
110005714691
110005714708
110005714717
110005714726
110005714735
110005714744
110005714762
110005714771
110005714780
110005714799
110005714815
110005714833
110005714842
110005714851
110005714860
110005714879
110005714888
110005714897
110005714904
110005714913
110005714931
110005714940
110005714959
