110005714968
110005714977
110005714986
110005714995
110005715011
110005715039
110005715048
110005715057
110005715066
110005715084
110005715100
110005715128
110005715137
110005715164
110005715191
110005715208
110005715217
110005715235
110005715244
110005715253
110005715262
110005715271
110005715280
110005715299
110005715306
110005715324
110005715333
110005715351
110005715379
110005715397
110005715404
110005715422
110005715431
110005715440
110005715459
110005715468
110005715477
110005715495
110005715501
110005715510
110005715547
110005715556
110005715565
110005715574
110005715583
110005715592
110005715609
110005715618
110005715627
110005715645
110005715654
110005715672
110005715707
110005715725
110005715734
110005715752
110005715761
110005715770
110005715789
110005715805
110005715814
110005715823
110005715832
110005715841
110005715850
110005715869
110005715878
110005715887
110005715903
110005715912
110005715930
110005715949
110005715958
110005715967
110005715976
110005715985
110005715994
110005716001
110005716010
110005716029
110005716047
110005716056
110005716065
110005716074
110005716083
110005716127
110005716136
110005716154
110005716163
110005716181
110005716207
110005716216
110005716234
110005716243
110005716252
110005716270
110005716289
110005716298
110005716305
110005716323
110005716332
110005716369
110005716378
110005716387
110005716396
110005716403
110005716412
110005716421
110005716449
110005716458
110005716467
110005716476
110005716485
110005716494
110005716519
110005716537
110005716546
110005716555
110005716564
110005716573
110005716591
110005716608
110005716635
110005716653
110005716662
110005716680
110005716699
110005716706
110005716715
110005716724
110005716751
110005716779
110005716788
110005716797
110005716804
110005716813
110005716822
110005716868
110005716886
110005716895
110005716902
110005716911
110005716920
110005716939
110005716975
110005716993
110005717000
110005717028
110005717037
110005717046
110005717055
110005717064
110005717073
110005717082
110005717091
110005717108
110005717117
110005717126
110005717135
110005717144
110005717171
110005717180
110005717199
110005717215
110005717224
110005717233
110005717251
110005717260
110005717279
110005717297
110005717313
110005717322
110005717331
110005717359
110005717368
110005717377
110005717386
110005717402
110005717411
110005717420
110005717448
110005717457
110005717466
110005717484
110005717493
110005717509
110005717518
110005717527
110005717536
110005717545
110005717554
110005717563
110005717572
110005717581
110005717590
110005717607
110005717616
110005717625
110005717634
110005717643
110005717652
110005717661
110005717689
110005717698
110005717705
110005717714
110005717723
110005717732
110005717741
110005717750
110005717769
110005717778
110005717787
110005717796
110005717803
110005717812
110005717830
110005717849
110005717867
110005717876
110005717885
110005717894
110005717901
110005717910
110005717938
110005717947
110005717956
110005717974
110005717983
110005718009
110005718018
110005718027
110005718036
110005718045
110005718054
110005718063
110005718072
110005718081
110005718090
110005718107
110005718125
110005718134
110005718143
110005718152
110005718161
110005718170
110005718189
110005718198
110005718214
110005718223
110005718232
110005718250
110005718287
110005718296
110005718312
110005718321
110005718349
110005718358
110005718367
110005718376
110005718385
110005718394
110005718429
110005718438
110005718447
110005718456
110005718474
110005718483
110005718492
110005718517
110005718553
110005718571
110005718580
110005718599
110005718606
110005718615
110005718624
110005718633
110005718642
110005718651
110005718660
110005718679
110005718688
110005718697
110005718713
110005718722
110005718731
110005718740
110005718759
110005718768
110005718777
110005718786
110005718795
110005718802
110005718811
110005718820
110005718848
110005718857
110005718875
110005718884
110005718893
110005718919
110005718937
110005718946
110005718964
110005718973
110005718982
110005718991
110005719008
110005719017
110005719026
110005719035
110005719044
110005719053
110005719071
110005719080
110005719106
110005719133
110005719142
110005719160
110005719179
110005719197
110005719204
110005719213
110005719222
110005719231
110005719240
110005719259
110005719277
110005719295
110005719302
110005719339
110005719348
110005719357
110005719375
110005719400
110005719419
110005719446
110005719464
110005719473
110005719482
110005719491
110005719507
110005719516
110005719525
110005719534
110005719543
110005719552
110005719561
110005719570
110005719589
110005719598
110005719605
110005719614
110005719632
110005719641
110005719650
110005719669
110005719678
110005719687
110005719696
110005719712
110005719749
110005719758
110005719785
110005719801
110005719810
110005719838
110005719847
110005719856
110005719865
110005719874
110005719883
110005719892
110005719909
110005719927
110005719936
110005719963
110005719972
110005719990
110005720005
110005720032
110005720041
110005720078
110005720087
110005720103
110005720112
110005720121
110005720130
110005720149
110005720158
110005720167
110005720176
110005720194
110005720201
110005720210
110005720229
110005720238
110005720247
110005720256
110005720274
110005720283
110005720292
110005720309
110005720318
110005720336
110005720345
110005720354
110005720363
110005720372
110005720381
110005720390
110005720407
110005720416
110005720434
110005720443
110005720452
110005720470
110005720489
110005720498
110005720504
110005720513
110005720531
110005720559
110005720577
110005720586
110005720595
110005720602
110005720611
110005720620
110005720639
110005720657
110005720666
110005720675
110005720684
110005720693
110005720700
110005720719
110005720728
110005720737
110005720746
110005720755
110005720764
110005720773
110005720791
110005720826
110005720835
110005720844
110005720853
110005720862
110005720871
110005720880
110005720899
110005720906
110005720915
110005720924
110005720933
110005720942
110005720951
110005720960
110005720979
110005720997
110005721004
110005721013
110005721022
110005721040
110005721068
110005721086
110005721102
110005721111
110005721120
110005721139
110005721148
110005721166
110005721200
110005721237
110005721255
110005721264
110005721273
110005721282
110005721291
110005721335
110005721344
110005721362
110005721371
110005721380
110005721399
110005721406
110005968863
110005968872
110005969318
110005969737
110005969933
110005970084
110005970137
110005970146
110005970164
110005970173
110005970342
110005970351
110005970495
110005970501
110005970734
110005970743
110005971190
110005971298
110005971350
110005971458
110005971485
110005971500
110005972947
110005972983
110005973045
110005973054
110005973116
110005973287
110005973312
110005973367
110005973492
110005973713
110005973786
110005973857
110005974259
110005974543
110005974561
110005974589
110005974605
110005974678
110005974829
110005974874
110005974918
110005975034
110005975070
110005975105
110005975178
110005975258
110005975418
110005977915
110005980457
110005982721
110005984088
110005984202
110005984328
110005984355
110005984462
110005985416
110005985434
110005987600
110005987780
110005988565
110005988592
110005989234
110005989243
110005989252
110005989261
110005989270
110005989289
110005989305
110005989314
110005989323
110005989332
110005989341
110005989350
110005989369
110005989378
110005989387
110005989396
110005989412
110005989421
110005989430
110005989449
110005989458
110005989467
110005989476
110005989494
110005989500
110005989519
110005989528
110005989537
110005989546
110005989555
110005989564
110005989573
110005989582
110005989591
110005989608
110005989617
110005989626
110005989635
110005989644
110005989653
110005989662
110005989671
110005989680
110005989699
110005989706
110005989715
110005989724
110005989733
110005989742
110005989751
110005989760
110005989788
110005989797
110005989804
110005989813
110005989822
110005989831
110005989859
110005989868
110005989877
110005989886
110005989895
110005989902
110005989911
110005989920
110005989939
110005989948
110005989957
110005989966
110005989975
110005989984
110005989993
110005990008
110005990017
110005990026
110005990035
110005990044
110005990053
110005990080
110005990099
110005990106
110005990115
110005990124
110005990133
110005990142
110005990151
110005990160
110005990179
110005990188
110005990197
110005990204
110005990213
110005990222
110005990231
110005990240
110005990259
110005990277
110005990286
110005990295
110005990302
110005990311
110005990339
110005990348
110005990357
110005990366
110005990375
110005990384
110005990393
110005990400
110005990419
110005990428
110005990437
110005990446
110005990455
110005990473
110005990482
110005990491
110005990507
110005990516
110005990525
110005990534
110005990543
110005990552
110005990561
110005990570
110005990589
110005990598
110005990605
110005990614
110005990623
110005990632
110005990641
110005990650
110005990669
110005990678
110005990687
110005990696
110005990703
110005990712
110005990721
110005990730
110005990749
110005990758
110005990767
110005990776
110005990785
110005990794
110005990801
110005990810
110005990829
110005990838
110005990847
110005990856
110005990874
110005990883
110005990892
110005990909
110005990927
110005990936
110005990954
110005990963
110005990981
110005990990
110005991007
110005991016
110005991025
110005991034
110005991043
110005991052
110005991061
110005991070
110005991089
110005991098
110005991105
110005991114
110005991132
110005991141
110005991150
110005991169
110005991178
110005991187
110005991196
110005991203
110005991212
110005991221
110005991230
110005991249
110005991258
110005991267
110005991276
110005991285
110005991294
110005991301
110005991329
110005991338
110005991347
110005991356
110005991365
110005991374
110005991383
110005991392
110005991409
110005991427
110005991436
110005991445
110005991454
110005991463
110005991472
110005991481
110005991490
110005991506
110005991515
110005991524
110005991533
110005991542
110005991551
110005991560
110005991579
110005991588
110005991597
110005991604
110005991613
110005991622
110005991631
110005991640
110005991659
110005991668
110005991677
110005991695
110005991702
110005991711
110005991720
110005991739
110005991748
110005991757
110005991766
110005991775
110005991784
110005991793
110005991800
110005991819
110005991828
110005991837
110005991846
110005991864
110005991873
110005991882
110005991891
110005991908
110005991917
110005991926
110005991944
110005991953
110005991962
110005991971
110005991980
110005991999
110005992006
110005992015
110005992024
110005992033
110005992042
110005992060
110005992079
110005992088
110005992097
110005992104
110005992113
110005992122
110005992140
110005992159
110005992168
110005992177
110005992186
110005992195
110005992202
110005992211
110005992220
110005992239
110005992248
110005992257
110005992266
110005992275
110005992284
110005992293
110005992300
110005992319
110005992328
110005992337
110005992346
110005992355
110005992364
110005992373
110005992382
110005992391
110005992408
110005992426
110005992435
110005992444
110005992453
110005992462
110005992471
110005992480
110005992499
110005992505
110005992514
110005992532
110005992541
110005992550
110005992569
110005992578
110005992587
110005992596
110005992603
110005992612
110005992621
110005992630
110005992649
110005992658
110005992667
110005992676
110005992685
110005992694
110005992701
110005992710
110005992738
110005992756
110006001021
110006001030
110006001049
110006001067
110006001085
110006001101
110006001110
110006001129
110006001138
110006001165
110006001174
110006001183
110006001192
110006001209
110006001218
110006001227
110006001245
110006001254
110006001272
110006001281
110006001290
110006001307
110006001316
110006001325
110006001334
110006001343
110006001361
110006001370
110006001389
110006001398
110006001405
110006001414
110006001432
110006001441
110006001469
110006001478
110006001487
110006001496
110006001502
110006001539
110006001548
110006001566
110006001575
110006001584
110006001593
110006001600
110006001628
110006001637
110006001646
110006001655
110006001673
110006001682
110006001717
110006001726
110006001744
110006001753
110006001762
110006001771
110006001799
110006001806
110006001815
110006001824
110006001833
110006001842
110006001851
110006001879
110006001888
110006001897
110006001904
110006001913
110006001931
110006001940
110006001959
110006001968
110006001977
110006001986
110006001995
110006002011
110006002020
110006002048
110006002057
110006002066
110006002084
110006002093
110006002100
110006002119
110006002128
110006002137
110006002146
110006002155
110006002164
110006002173
110006002182
110006002191
110006002208
110006002217
110006002235
110006002253
110006002262
110006002271
110006002280
110006002299
110006002306
110006002315
110006002324
110006002333
110006002351
110006002360
110006002379
110006002388
110006002397
110006002413
110006002422
110006002431
110006002440
110006002459
110006002468
110006002477
110006002486
110006002495
110006002501
110006002510
