110006002529
110006002538
110006002547
110006002556
110006002574
110006002583
110006002592
110006002609
110006002618
110006002627
110006002636
110006002645
110006002654
110006002672
110006002681
110006014357
110006014366
110006014375
110006014384
110006014393
110006014400
110006014437
110006014446
110006014455
110006014464
110006014473
110006014491
110006014507
110006014516
110006014525
110006014543
110006014561
110006014589
110006014614
110006014641
110006014650
110006014669
110006014678
110006014687
110006014696
110006014712
110006014721
110006014730
110006014749
110006014776
110006014785
110006014794
110006014829
110006014847
110006014865
110006014874
110006014883
110006014892
110006014909
110006014918
110006014927
110006014936
110006014945
110006014963
110006014972
110006014990
110006015016
110006015025
110006015034
110006015089
110006015098
110006015105
110006015114
110006015123
110006015141
110006015169
110006015178
110006015187
110006015196
110006015203
110006015212
110006015221
110006015230
110006015249
110006015258
110006015276
110006015285
110006015301
110006015310
110006015329
110006015338
110006015347
110006015365
110006015374
110006015383
110006015418
110006015436
110006015445
110006015472
110006015481
110006015506
110006015515
110006015524
110006015542
110006015560
110006015597
110006015604
110006015631
110006015659
110006015668
110006015695
110006015702
110006015711
110006015739
110006015748
110006015757
110006015793
110006015800
110006015828
110006015837
110006015846
110006015855
110006015873
110006015882
110006015908
110006015917
110006015926
110006015944
110006015953
110006015962
110006015971
110006015980
110006015999
110006016006
110006016015
110006016024
110006016033
110006016079
110006016088
110006016104
110006016113
110006016122
110006016131
110006016159
110006016168
110006016186
110006016195
110006016220
110006016239
110006016257
110006016275
110006016284
110006016300
110006016319
110006016328
110006016337
110006016346
110006016364
110006016373
110006016408
110006016435
110006016462
110006016471
110006016480
110006016523
110006016532
110006016541
110006016550
110006016569
110006016578
110006016587
110006016596
110006016603
110006016612
110006016630
110006016649
110006016658
110006016694
110006016701
110006016747
110006016756
110006016765
110006016783
110006016809
110006016854
110006016863
110006016881
110006016890
110006016916
110006016952
110006016970
110006017005
110006017014
110006017023
110006017041
110006017050
110006017078
110006017096
110006017103
110006017112
110006017130
110006017158
110006017167
110006017185
110006017201
110006017210
110006017229
110006017247
110006017265
110006017274
110006017283
110006017292
110006017327
110006017336
110006017354
110006017363
110006017381
110006017390
110006017443
110006017452
110006017461
110006017470
110006017489
110006017498
110006017513
110006017522
110006017531
110006017540
110006017559
110006017568
110006017586
110006017602
110006017620
110006017639
110006017648
110006017657
110006017666
110006017675
110006017684
110006017700
110006017719
110006017728
110006017764
110006031640
110006031659
110006031668
110006031677
110006031686
110006031695
110006031702
110006031720
110006031739
110006031748
110006031757
110006031766
110006031793
110006031800
110006031819
110006031828
110006031855
110006031882
110006031908
110006031917
110006031926
110006031935
110006031944
110006031953
110006031962
110006032006
110006032015
110006032024
110006032033
110006032051
110006032060
110006032079
110006032088
110006032097
110006032104
110006032113
110006032122
110006032140
110006032159
110006032168
110006032177
110006032195
110006032202
110006032220
110006032239
110006032248
110006032257
110006032266
110006032328
110006032337
110006032346
110006032364
110006032373
110006032382
110006032391
110006032408
110006032426
110006032444
110006032453
110006032462
110006032471
110006032480
110006032505
110006032514
110006032523
110006032532
110006032541
110006032550
110006032569
110006032578
110006032587
110006032596
110006032603
110006032612
110006032621
110006032630
110006032649
110006032658
110006032667
110006032676
110006032701
110006032710
110006032729
110006032738
110006032747
110006032756
110006032765
110006032774
110006032783
110006032809
110006032836
110006032845
110006032854
110006032863
110006032872
110006032881
110006032890
110006032907
110006032916
110006032925
110006032934
110006032943
110006032961
110006032989
110006032998
110006033005
110006033014
110006033032
110006033041
110006033050
110006033069
110006033078
110006033087
110006033096
110006033103
110006033112
110006033121
110006033130
110006033149
110006033158
110006033167
110006033176
110006033185
110006033194
110006033201
110006033210
110006033229
110006033247
110006033274
110006033283
110006033309
110006033327
110006033336
110006033345
110006033354
110006033363
110006033372
110006033381
110006033390
110006033407
110006033416
110006033425
110006033443
110006033452
110006033461
110006033470
110006033489
110006033498
110006033504
110006033513
110006033522
110006033531
110006033540
110006033559
110006033568
110006033586
110006033595
110006033602
110006033611
110006033620
110006033639
110006033648
110006033666
110006033684
110006033693
110006033700
110006033719
110006033728
110006033746
110006033755
110006033764
110006033773
110006033782
110006033791
110006033808
110006033817
110006033826
110006033835
110006033844
110006033862
110006033871
110006033880
110006033899
110006033906
110006033915
110006033933
110006033942
110006033951
110006033960
110006034013
110006034031
110006034040
110006034059
110006034068
110006034077
110006034086
110006034111
110006034120
110006034139
110006034148
110006034157
110006034166
110006034175
110006034184
110006034193
110006034237
110006034264
110006034273
110006034282
110006034291
110006034317
110006034326
110006034335
110006034344
110006034353
110006034371
110006034380
110006034399
110006034406
110006034415
110006034424
110006034433
110006034442
110006034460
110006034488
110006034497
110006034503
110006034521
110006034530
110006034549
110006034558
110006034567
110006034576
110006034585
110006034594
110006034601
110006034638
110006034647
110006034656
110006034665
110006034674
110006034683
110006034709
110006034718
110006034727
110006034736
110006066363
110006066372
110006066381
110006066390
110006066407
110006066416
110006066425
110006066434
110006066443
110006066452
110006066461
110006066470
110006066489
110006066498
110006066504
110006066513
110006066522
110006066531
110006066559
110006066568
110006066577
110006066586
110006066602
110006066620
110006066648
110006066657
110006066675
110006066684
110006066693
110006066700
110006066737
110006066746
110006066755
110006066764
110006066773
110006066782
110006066791
110006066808
110006066817
110006066826
110006066835
110006066844
110006066862
110006066880
110006066899
110006066915
110006066924
110006066933
110006066951
110006066960
110006066988
110006066997
110006067013
110006067040
110006067059
110006067068
110006067086
110006067102
110006067111
110006067120
110006067139
110006067148
110006067157
110006067166
110006067175
110006067184
110006067193
110006067219
110006067228
110006067237
110006067246
110006067273
110006067282
110006067291
110006067326
110006067335
110006067344
110006067353
110006067362
110006067371
110006067399
110006067415
110006067424
110006067442
110006067451
110006067460
110006067479
110006067503
110006104081
110006104214
110006104223
110006104232
110006104241
110006104250
110006104269
110006104287
110006104367
110006104438
110006104447
110006104474
110006104535
110006104606
110006104642
110006104651
110006104660
110006104688
110006104697
110006104802
110006104839
110006104893
110006104900
110006104937
110006104955
110006104991
110006105044
110006105053
110006105071
110006105099
110006105133
110006105142
110006105188
110006105222
110006105277
110006105302
110006105339
110006105375
110006105400
110006105455
110006105491
110006105507
110006105516
110006105534
110006105552
110006105598
110006105605
110006105614
110006105650
110006105669
110006105703
110006105712
110006105730
110006105758
110006105829
110006105892
110006105909
110006105918
110006105945
110006105954
110006105981
110006106043
110006106123
110006106132
110006106150
110006106169
110006106196
110006106203
110006106230
110006106294
110006106310
110006106338
110006106356
110006106418
110006106427
110006106436
110006106445
110006106454
110006106481
110006106515
110006106524
110006106551
110006106560
110006106579
110006106640
110006106711
110006106748
110006106819
110006106846
110006106882
110006106891
110006106953
110006107015
110006107079
110006107088
110006107113
110006107195
110006107220
110006107319
110006107355
110006107364
110006107373
110006107391
110006107426
110006107435
110006107471
110006107505
110006107514
110006107569
110006107578
110006107596
110006107649
110006107685
110006107701
110006107765
110006107854
110006107872
110006107925
110006107934
110006108005
110006108023
110006108069
110006108158
110006108176
110006108194
110006108229
110006108309
110006108372
110006108381
110006108407
110006108416
110006108425
110006108443
110006108470
110006108489
110006108513
110006108540
110006108559
110006108577
110006108586
110006108595
110006108639
110006108648
110006108657
110006108666
110006108719
110006108782
110006108835
110006108853
110006108862
110006108933
110006108942
110006109059
110006109120
110006109148
110006109246
110006109264
110006109291
110006109308
110006109442
110006109479
110006109521
110006109549
110006109558
110006109665
110006109674
110006109692
110006109772
110006109870
110006109898
110006109914
110006109932
110006109950
110006109969
110006109978
110006110001
110006110010
110006110065
110006110083
110006110118
110006110136
110006110154
110006110207
110006110252
110006110261
110006110323
110006110350
110006110387
110006110403
110006110458
110006110573
110006110591
110006110617
110006110671
110006110706
110006110742
110006110779
110006110804
110006110868
110006110886
110006110948
110006111000
110006111028
110006111037
110006111055
110006111064
110006111117
110006111126
110006111144
110006111224
110006111288
110006111331
110006111368
110006111377
110006111386
110006111420
110006111439
110006111448
110006111493
110006111518
110006111590
110006111634
110006111643
110006111689
110006111698
110006111741
110006111750
110006111769
110006111778
110006111812
110006111821
110006111867
110006111885
110006111894
110006111901
110006111910
110006112107
110006112125
110006112152
110006112161
110006112205
110006112241
110006112278
110006119501
110006119510
110006119538
110006119547
110006119592
110006119654
110006119672
110006119681
110006119716
110006119761
110006119798
110006119805
110006119814
110006119832
110006119841
110006119850
110006119869
110006119878
110006120517
110006120535
110006120562
110006120571
110006120580
110006120599
110006120606
110006120615
110006120633
110006120642
110006120651
110006120660
110006120697
110006120713
110006120722
110006120731
110006120740
110006120759
110006120768
110006120777
110006120786
110006120802
110006120811
110006120820
110006120839
110006120848
110006120857
110006120866
110006120875
110006120884
110006120893
110006120900
110006120928
110006120937
110006120946
110006120955
110006120964
110006120973
110006120991
110006121008
110006121017
110006121026
110006121035
110006121053
110006121062
110006121071
110006121080
110006121099
110006121115
110006121124
110006121133
110006121142
110006121151
110006121160
110006121179
110006121188
110006121204
110006121213
110006121222
110006121231
110006121259
110006121268
110006121277
110006121286
110006121311
110006121320
110006121348
110006121357
110006121366
110006121375
110006121384
110006121393
110006121400
110006121419
110006121428
110006121437
110006121446
110006121455
110006121464
110006121482
110006121516
110006121534
110006121543
110006121552
110006121561
110006121589
110006121598
110006121614
110006121623
110006121632
110006121641
110006121650
110006121678
110006121687
110006121696
110006121749
110006121758
110006121776
110006121785
110006121801
110006121810
110006121829
110006121838
110006121856
110006121883
110006121892
110006121918
110006121927
110006121936
110006121972
110006121981
110006122007
110006122016
110006122025
110006122052
110006122089
110006122098
110006122105
110006122114
110006122123
110006122132
110006122141
110006122169
110006122178
110006122187
110006122196
110006122212
110006122221
110006122249
110006122276
110006122285
110006122294
110006122310
110006122329
110006122338
110006122347
110006122356
110006122374
110006122383
110006122392
110006122418
110006122427
110006122445
110006122454
110006122463
110006122472
110006122481
110006122490
110006122506
110006122515
110006122524
110006122533
110006122542
110006122551
110006122560
110006122613
110006122686
110006122711
110006122720
110006122748
110006122793
110006122800
110006122819
110006122846
110006122855
110006122873
110006152643
