110006152661
110006152689
110006152698
110006152705
110006152714
110006152723
110006152732
110006152741
110006152750
110006152769
110006152787
110006152796
110006152803
110006152812
110006152821
110006152830
110006152849
110006152858
110006152876
110006152885
110006152894
110006152901
110006152910
110006152929
110006152947
110006152956
110006152965
110006152983
110006153018
110006153027
110006153036
110006153045
110006153054
110006153063
110006153081
110006153090
110006153107
110006153116
110006153125
110006153134
110006153143
110006153152
110006153161
110006153170
110006153189
110006153198
110006153205
110006153214
110006153223
110006153232
110006153241
110006153250
110006153278
110006153287
110006153296
110006153303
110006153312
110006153321
110006153330
110006153349
110006153358
110006153367
110006153376
110006153385
110006153401
110006153410
110006153429
110006153438
110006153447
110006153456
110006153465
110006153474
110006153483
110006153492
110006153508
110006153526
110006153535
110006153544
110006153553
110006153562
110006153571
110006153580
110006153599
110006153606
110006153615
110006153624
110006153633
110006153642
110006153651
110006153660
110006153679
110006153688
110006153697
110006153704
110006153713
110006153722
110006153731
110006153740
110006153759
110006153768
110006153777
110006153786
110006153802
110006153811
110006153820
110006153839
110006153848
110006153857
110006153866
110006153875
110006153893
110006153900
110006153928
110006153946
110006153955
110006153964
110006153982
110006153991
110006154008
110006154017
110006154026
110006154035
110006154044
110006154053
110006154071
110006154080
110006154099
110006154106
110006154115
110006154124
110006154133
110006154142
110006154160
110006154179
110006154188
110006154197
110006154204
110006154213
110006154222
110006154231
110006154240
110006154259
110006154268
110006154277
110006154286
110006154295
110006154302
110006154311
110006154320
110006154339
110006154348
110006154357
110006154366
110006154375
110006154384
110006154400
110006154419
110006154437
110006154446
110006154455
110006154464
110006154473
110006154482
110006154491
110006154507
110006154516
110006154534
110006154543
110006154552
110006154561
110006154570
110006154589
110006154598
110006154614
110006154623
110006154632
110006154641
110006154650
110006154669
110006154678
110006154687
110006154696
110006154703
110006154712
110006154721
110006154730
110006154749
110006154758
110006154767
110006154776
110006154785
110006154794
110006154801
110006154810
110006154829
110006154838
110006154847
110006154856
110006154865
110006154874
110006154883
110006154892
110006154909
110006154918
110006154927
110006154936
110006154945
110006154954
110006154963
110006154972
110006154981
110006154990
110006155007
110006155016
110006155025
110006155034
110006155043
110006155052
110006155061
110006155070
110006155089
110006155098
110006155105
110006155114
110006155123
110006155132
110006155141
110006155150
110006155169
110006155178
110006155187
110006155196
110006155203
110006155212
110006155221
110006155230
110006155249
110006155258
110006155267
110006155276
110006155285
110006155294
110006155301
110006155310
110006155329
110006155338
110006155347
110006155356
110006155365
110006155374
110006155383
110006155392
110006155409
110006155418
110006155427
110006155436
110006155445
110006155454
110006155463
110006155472
110006155481
110006155490
110006155506
110006155515
110006155524
110006155533
110006155551
110006155560
110006155579
110006155588
110006155597
110006155613
110006155622
110006155631
110006155640
110006155668
110006155677
110006155686
110006155695
110006155702
110006155711
110006155720
110006155739
110006155748
110006155766
110006155775
110006155784
110006155793
110006155800
110006155819
110006155828
110006155837
110006155846
110006155855
110006155864
110006155873
110006155882
110006155891
110006155908
110006155917
110006155926
110006155935
110006155944
110006155962
110006155971
110006155980
110006155999
110006156006
110006156015
110006156024
110006156033
110006156042
110006156051
110006156060
110006156079
110006156097
110006156104
110006156113
110006156122
110006156131
110006156140
110006156159
110006156168
110006156186
110006156195
110006156202
110006156211
110006156220
110006156239
110006156248
110006156257
110006156266
110006156275
110006156284
110006156293
110006156300
110006156319
110006156328
110006156337
110006156346
110006156355
110006156364
110006156373
110006156382
110006156391
110006156408
110006156417
110006156426
110006156435
110006156444
110006156453
110006156462
110006156471
110006156480
110006156499
110006156505
110006156514
110006156523
110006156532
110006156541
110006156550
110006156569
110006156578
110006156587
110006156596
110006156603
110006156612
110006156621
110006156630
110006156649
110006156658
110006156667
110006156676
110006156685
110006156694
110006156701
110006156710
110006156729
110006156738
110006156747
110006156756
110006156765
110006156774
110006156783
110006156792
110006156809
110006156827
110006156836
110006156845
110006156854
110006156863
110006156872
110006156881
110006156890
110006156907
110006156916
110006156925
110006156934
110006156943
110006156952
110006156961
110006156970
110006156989
110006156998
110006157005
110006157014
110006157023
110006157032
110006157041
110006157050
110006157069
110006157078
110006157087
110006157096
110006157112
110006157121
110006157130
110006157149
110006157158
110006157167
110006157176
110006157185
110006157194
110006157210
110006157229
110006157238
110006157256
110006157265
110006157274
110006157283
110006157292
110006157309
110006157318
110006157327
110006157336
110006157345
110006157363
110006157372
110006157381
110006157390
110006157407
110006157416
110006157434
110006157443
110006157452
110006157461
110006157470
110006157489
110006157498
110006157504
110006157513
110006157522
110006157531
110006157559
110006157568
110006157577
110006157586
110006157595
110006157602
110006157611
110006157620
110006157648
110006157657
110006157666
110006157675
110006157684
110006157693
110006157700
110006157719
110006157728
110006157737
110006157746
110006157755
110006157764
110006157773
110006157782
110006157791
110006157808
110006157817
110006157826
110006157835
110006157844
110006157853
110006157871
110006157880
110006157899
110006157915
110006157924
110006157933
110006157942
110006157960
110006157979
110006157988
110006157997
110006158004
110006158013
110006158022
110006158040
110006158068
110006158077
110006158086
110006158095
110006158102
110006158111
110006158120
110006158139
110006158148
110006158157
110006158166
110006158175
110006158184
110006158193
110006158200
110006158219
110006158228
110006158237
110006158246
110006158255
110006158273
110006158282
110006158291
110006158308
110006158317
110006158326
110006158344
110006158353
110006158362
110006158371
110006158380
110006158399
110006158406
110006158415
110006158433
110006158442
110006158451
110006158460
110006158479
110006158488
110006158497
110006158503
110006158512
110006158521
110006158530
110006158549
110006158558
110006158567
110006158576
110006158585
110006158594
110006158601
110006158610
110006158629
110006158638
110006158647
110006158674
110006158683
110006158692
110006158709
110006158718
110006158727
110006158736
110006158754
110006158763
110006158772
110006158781
110006158790
110006158807
110006158816
110006158825
110006158834
110006158843
110006158852
110006158861
110006158870
110006158889
110006158898
110006158905
110006158914
110006158923
110006158932
110006158941
110006158950
110006158969
110006158978
110006158987
110006158996
110006159003
110006159012
110006159021
110006159030
110006159049
110006159058
110006159067
110006159076
110006159085
110006159094
110006159101
110006159129
110006159138
110006159147
110006159156
110006159165
110006159174
110006159192
110006159218
110006159263
110006159272
110006159281
110006159290
110006159307
110006159316
110006159325
110006159334
110006159343
110006159361
110006159370
110006159398
110006159405
110006159414
110006159423
110006159469
110006159487
110006159502
110006159539
110006159548
110006159575
110006159593
110006159600
110006159637
110006159646
110006159691
110006159708
110006159726
110006159735
110006159753
110006159762
110006159771
110006159799
110006159815
110006159824
110006159833
110006159842
110006159851
110006159860
110006159879
110006159888
110006159904
110006159913
110006159931
110006159940
110006159959
110006159968
110006159977
110006159986
110006159995
110006160000
110006160028
110006160037
110006160046
110006160055
110006160073
110006160082
110006160091
110006160108
110006160117
110006160126
110006160135
110006160144
110006160153
110006160162
110006160171
110006160199
110006160206
110006160224
110006160233
110006160242
110006160251
110006160260
110006160279
110006160288
110006160297
110006160304
110006160313
110006160322
110006160331
110006160368
110006160377
110006160395
110006160420
110006160439
110006160448
110006160457
110006160484
110006160493
110006160509
110006160527
110006160536
110006160545
110006160554
110006160563
110006160572
110006160590
110006160607
110006160616
110006160625
110006160643
110006160652
110006160661
110006160670
110006160689
110006160698
110006160714
110006160723
110006160750
110006160769
110006160796
110006160812
110006160849
110006160858
110006160867
110006160876
110006160885
110006160894
110006160929
110006160938
110006160947
110006160974
110006160983
110006161009
110006161018
110006161027
110006161054
110006161063
110006161072
110006161081
110006161090
110006161107
110006161116
110006161125
110006161134
110006161152
110006161161
110006161198
110006161214
110006161241
110006161269
110006161278
110006161303
110006161312
110006161321
110006161330
110006161349
110006161367
110006161376
110006161385
110006161401
110006161429
110006161438
110006161465
110006161474
110006161483
110006161508
110006161517
110006161526
110006161535
110006161544
110006161562
110006161580
110006161599
110006161606
110006161615
110006161624
110006161642
110006161651
110006161679
110006161688
110006161722
110006161731
110006161768
110006161777
110006161786
110006161795
110006161802
110006161820
110006161839
110006161848
110006161857
110006161866
110006161875
110006161884
110006161893
110006161900
110006161919
110006161928
110006161937
110006161946
110006161955
110006161964
110006161973
110006161982
110006161991
110006162017
110006162026
110006162044
110006162062
110006162071
110006162080
110006162106
110006162115
110006162124
110006162142
110006162160
110006162179
110006162188
110006162204
110006162222
110006162231
110006162259
110006162277
110006162286
110006162295
110006162302
110006170311
110006170393
110006170437
110006170678
110006170712
110006170730
110006170767
110006170776
110006170794
110006170810
110006170874
110006170954
110006173210
110006173247
110006173265
110006173283
110006173363
110006173461
110006173602
110006173666
110006175799
110006176057
110006176066
110006176164
110006176173
110006176191
110006176217
110006176226
110006176262
110006176271
110006176379
110006176501
110006176636
110006178260
110006178466
110006178475
110006178714
110006178741
110006178778
110006178876
110006178938
110006178965
110006178992
110006179027
110006179054
110006179072
110006179090
110006179116
110006179125
110006179198
110006179483
110006179571
110006179599
110006179606
110006179722
110006179839
110006179982
110006180015
110006180024
110006180088
110006180104
110006180113
110006180122
110006180131
110006180168
110006180373
110006180382
110006180408
110006180685
110006180729
110006180774
110006180809
110006180854
110006180872
110006181023
110006181050
110006181096
110006181210
110006181229
110006181390
110006181470
110006181559
110006181675
110006181764
110006182077
110006182086
110006182166
110006182273
110006182308
110006182326
110006182380
110006182424
110006182442
110006182479
110006182512
110006182549
110006182629
110006182647
110006182736
110006182825
110006182861
110006183049
110006183058
110006183138
110006183147
110006183174
110006183192
110006183236
110006183281
110006183307
110006183325
110006183450
110006183502
110006183539
110006183860
110006183931
110006184020
110006184057
110006184066
110006184100
110006184164
110006184280
110006184315
110006184333
110006184636
110006184681
110006184690
110006184707
110006184734
110006184743
110006184752
110006184770
110006184912
110006185047
110006185065
110006185172
110006185421
110006185804
110006185813
110006185822
110006185840
110006185877
110006185895
110006185939
110006185957
110006185966
110006186019
110006186046
110006186073
110006186279
110006186420
110006186466
110006186475
110006186518
110006186858
110006186885
110006186956
110006187223
110006187312
110006187660
110006187697
110006187704
110006187848
110006187928
110006188464
110006188473
110006188482
110006188491
110006188589
110006188598
110006188614
110006188650
110006188945
110006189221
110006189258
110006189533
110006189622
110006189631
