110006189640
110006189668
110006189784
110006189837
110006189873
110006189882
110006189908
110006189917
110006189944
110006189980
110006190004
110006190086
110006190148
110006190166
110006190193
110006190638
110006190647
110006190656
110006190665
110006190674
110006190772
110006190781
110006190807
110006190816
110006190825
110006190852
110006190898
110006190923
110006190932
110006190969
110006190987
110006191012
110006191021
110006191030
110006191058
110006191076
110006191085
110006191094
110006191138
110006191147
110006191174
110006191192
110006191209
110006191245
110006191254
110006191263
110006191272
110006191307
110006191316
110006191334
110006191343
110006191370
110006191398
110006191405
110006191414
110006191423
110006191432
110006191469
110006191487
110006191496
110006191502
110006191539
110006191548
110006191557
110006191584
110006191593
110006191600
110006191628
110006191637
110006191673
110006191682
110006191691
110006191708
110006191717
110006191735
110006191753
110006191780
110006191806
110006191815
110006191824
110006191833
110006191842
110006191860
110006191879
110006191888
110006191897
110006191904
110006191913
110006191931
110006191940
110006191959
110006191968
110006191977
110006191986
110006191995
110006192011
110006192039
110006192048
110006192075
110006192084
110006192093
110006192100
110006192119
110006192128
110006192137
110006192155
110006192164
110006192173
110006192182
110006192191
110006192208
110006192217
110006192244
110006192253
110006192262
110006192271
110006192280
110006192299
110006192306
110006192315
110006192324
110006192333
110006192342
110006192351
110006192388
110006192397
110006192404
110006192413
110006192422
110006192431
110006192440
110006192459
110006192477
110006192486
110006192495
110006192501
110006192510
110006192529
110006192538
110006192547
110006192565
110006192574
110006192583
110006192592
110006192618
110006192654
110006192672
110006192681
110006192707
110006192716
110006192725
110006192743
110006192752
110006192761
110006192789
110006192805
110006192814
110006192823
110006192832
110006192841
110006192850
110006192869
110006192878
110006192887
110006192896
110006192903
110006192921
110006192930
110006192949
110006192958
110006192967
110006192976
110006192985
110006192994
110006193010
110006193038
110006193056
110006193065
110006193109
110006193118
110006193127
110006193136
110006193154
110006193163
110006193181
110006193190
110006193207
110006193216
110006193234
110006193243
110006193252
110006193270
110006193298
110006193305
110006193332
110006193341
110006193350
110006193369
110006193378
110006193387
110006193396
110006193403
110006193412
110006193421
110006193449
110006193458
110006193467
110006193476
110006193485
110006193494
110006193519
110006193528
110006193546
110006193564
110006193617
110006193626
110006193635
110006193644
110006193653
110006193671
110006193680
110006193706
110006193715
110006193742
110006193751
110006193760
110006193788
110006193797
110006193804
110006193813
110006193822
110006193831
110006193840
110006193859
110006193877
110006193886
110006193895
110006193902
110006193911
110006193920
110006193948
110006193957
110006193975
110006193984
110006193993
110006194019
110006194028
110006194037
110006194055
110006194064
110006194073
110006194082
110006194091
110006194108
110006194117
110006194144
110006194153
110006194180
110006194215
110006194224
110006194242
110006194251
110006194260
110006194279
110006194288
110006194313
110006194322
110006194359
110006194368
110006194395
110006194411
110006194439
110006194457
110006194466
110006194475
110006194484
110006194545
110006194554
110006194563
110006194572
110006194590
110006194616
110006194625
110006194634
110006194652
110006194661
110006194670
110006194689
110006194698
110006194714
110006194723
110006194732
110006194750
110006194769
110006194787
110006194796
110006194803
110006194821
110006194849
110006194858
110006194876
110006194885
110006194901
110006194929
110006194938
110006194947
110006194956
110006194965
110006194974
110006194992
110006195027
110006195036
110006195045
110006195107
110006195116
110006195125
110006195143
110006195152
110006195170
110006195321
110006195330
110006195508
110006195517
110006195544
110006195599
110006195606
110006195642
110006195651
110006195660
110006195688
110006195704
110006195713
110006195722
110006195759
110006195768
110006195777
110006195795
110006195802
110006195839
110006195848
110006195857
110006195866
110006195875
110006195884
110006195893
110006196008
110006196044
110006196053
110006196062
110006196106
110006196179
110006196188
110006196197
110006196231
110006196240
110006196259
110006196286
110006196311
110006196320
110006196357
110006196366
110006196384
110006196393
110006196400
110006196419
110006196428
110006196437
110006196446
110006196455
110006196473
110006196482
110006196491
110006196507
110006196516
110006196525
110006196534
110006196543
110006196552
110006196561
110006196570
110006196598
110006196605
110006196623
110006196632
110006196650
110006196669
110006196678
110006196687
110006196712
110006196721
110006196730
110006196767
110006196776
110006196785
110006196801
110006196829
110006196847
110006196856
110006196874
110006196892
110006196909
110006196927
110006196936
110006196945
110006196954
110006196963
110006196972
110006196981
110006197007
110006197016
110006197025
110006197034
110006197043
110006197052
110006197061
110006197070
110006197098
110006197114
110006197123
110006197132
110006197141
110006197187
110006197196
110006197230
110006197285
110006197294
110006197301
110006197329
110006197347
110006197365
110006197383
110006197409
110006197418
110006197427
110006197436
110006197445
110006197454
110006197463
110006197472
110006197490
110006197506
110006197515
110006197524
110006197533
110006197542
110006197551
110006197560
110006197579
110006197588
110006197597
110006197604
110006197613
110006197622
110006197631
110006197659
110006197668
110006197677
110006197695
110006197702
110006197720
110006197739
110006197748
110006197757
110006197766
110006197775
110006197793
110006197800
110006197828
110006197837
110006197846
110006197855
110006197864
110006197873
110006197891
110006197908
110006197917
110006197926
110006197935
110006197944
110006197953
110006197962
110006197980
110006197999
110006198006
110006198015
110006198024
110006198033
110006198042
110006198051
110006198060
110006198088
110006198097
110006198113
110006198122
110006198140
110006198159
110006198168
110006198177
110006198186
110006198202
110006198211
110006198220
110006198239
110006198248
110006198257
110006198266
110006198284
110006198300
110006198319
110006198337
110006198346
110006198364
110006198373
110006198391
110006198417
110006198435
110006198499
110006198505
110006198532
110006198541
110006198578
110006198587
110006198596
110006198603
110006198612
110006198621
110006198630
110006198658
110006198667
110006198710
110006198729
110006198756
110006198765
110006198774
110006198783
110006198809
110006198818
110006198827
110006198836
110006198845
110006198854
110006198863
110006198872
110006198890
110006198907
110006198916
110006198925
110006198934
110006198943
110006198952
110006198970
110006198989
110006199005
110006199014
110006199023
110006199032
110006199041
110006199050
110006199069
110006199078
110006199087
110006199096
110006199112
110006199121
110006199158
110006199167
110006199176
110006199185
110006199194
110006199265
110006199274
110006199283
110006199327
110006199345
110006199354
110006199363
110006199372
110006199381
110006199390
110006199960
110006199988
110006200066
110006200075
110006200084
110006200093
110006200100
110006200128
110006200137
110006200235
110006200244
110006200253
110006202652
110006202705
110006202714
110006202723
110006202769
110006202778
110006202787
110006202849
110006202894
110006202910
110006202956
110006202974
110006202992
110006203009
110006203018
110006203027
110006203036
110006203054
110006203063
110006203116
110006203125
110006203143
110006203189
110006203198
110006203205
110006203214
110006203223
110006203241
110006203296
110006203303
110006203394
110006203410
110006203429
110006203438
110006203465
110006203474
110006203492
110006203508
110006203599
110006203615
110006203624
110006204188
110006204197
110006204204
110006204213
110006204222
110006204277
110006204286
110006204295
110006204302
110006204311
110006204348
110006204366
110006204375
110006204384
110006204400
110006204428
110006204437
110006204446
110006204464
110006204473
110006204482
110006204491
110006204507
110006204516
110006204525
110006204534
110006204543
110006204552
110006204561
110006204605
110006204614
110006204641
110006204678
110006204687
110006204703
110006204721
110006204749
110006204758
110006204767
110006204785
110006204801
110006204810
110006204829
110006204838
110006204847
110006204874
110006204883
110006204892
110006204909
110006204918
110006204927
110006204936
110006204945
110006204954
110006204972
110006204981
110006205007
110006205016
110006205025
110006205034
110006205052
110006205061
110006205098
110006205105
110006205114
110006205123
110006205132
110006205141
110006205150
110006205169
110006205178
110006205203
110006205212
110006205249
110006205258
110006205267
110006205285
110006205294
110006205301
110006205310
110006205347
110006205356
110006205383
110006205392
110006205418
110006205524
110006205542
110006205579
110006205604
110006205613
110006205720
110006205739
110006205757
110006205766
110006205784
110006205793
110006205819
110006205837
110006205846
110006205864
110006205873
110006205882
110006205908
110006205917
110006205926
110006205935
110006205944
110006205962
110006205971
110006205980
110006205999
110006206006
110006206042
110006206051
110006206060
110006206079
110006206088
110006206104
110006206113
110006206122
110006206131
110006206140
110006206168
110006206177
110006206195
110006206202
110006206211
110006206220
110006206239
110006206248
110006206257
110006206275
110006206284
110006206293
110006206319
110006206337
110006206355
110006206364
110006206373
110006206382
110006206391
110006206408
110006206417
110006206435
110006206444
110006206453
110006206462
110006206471
110006206480
110006206499
110006206505
110006206514
110006206541
110006206550
110006206569
110006206587
110006206596
110006206603
110006206612
110006206649
110006206667
110006206685
110006206694
110006206701
110006206710
110006206738
110006206774
110006206783
110006206792
110006206818
110006206827
110006206836
110006206845
110006206854
110006206863
110006206872
110006206890
110006206916
110006206934
110006206943
110006206952
110006206961
110006206998
110006207005
110006207014
110006207023
110006207041
110006207069
110006207078
110006207087
110006207096
110006207103
110006207112
110006207149
110006207158
110006207167
110006207176
110006207185
110006207194
110006207256
110006207265
110006207274
110006207292
110006207309
110006207318
110006207336
110006207345
110006207354
110006207363
110006207372
110006207390
110006207407
110006207416
110006207434
110006207443
110006207452
110006207461
110006207470
110006207489
110006207498
110006207504
110006207559
110006207568
110006207577
110006207586
110006207595
110006207602
110006207639
110006207648
110006207657
110006207666
110006207693
110006207719
110006207728
110006207737
110006207764
110006207773
110006207782
110006207791
110006207808
110006207817
110006207826
110006207835
110006207844
110006207862
110006207880
110006207899
110006207906
110006207924
110006207942
110006207951
110006207979
110006208013
110006208022
110006208059
110006208077
110006208102
110006208111
110006208120
110006208166
110006208175
110006208193
110006208219
110006208228
110006208237
110006208246
110006208264
110006208282
110006208291
110006208308
110006208317
110006208326
110006208335
110006208353
110006208362
110006208380
110006208415
110006208442
110006208460
110006208479
110006208503
110006208521
110006208530
110006208549
110006208558
110006208567
110006208576
110006208585
110006208594
110006208610
110006208629
110006208638
110006208647
110006208674
110006208683
110006208692
110006208709
110006208718
110006208727
110006209450
110006209469
110006209478
110006209487
110006209502
110006209520
110006209628
110006209637
110006209646
110006209655
110006209664
110006209673
110006209691
110006209708
110006209717
110006209735
110006209806
110006209815
110006209842
110006209851
110006209860
110006209879
110006209888
110006209897
110006211107
110006211330
110006211358
110006212589
110006212749
110006212776
110006212785
110006212810
110006212829
110006212838
110006212847
110006212865
110006212874
110006212892
110006212909
110006212927
110006212936
110006212963
110006212981
110006212990
110006213016
110006213025
110006213034
110006213043
110006213052
110006213061
110006213070
110006213089
110006213098
110006213105
110006213114
110006213123
110006213141
110006213150
110006213178
110006213187
110006213196
110006213203
110006213221
110006213249
110006213258
110006213267
110006213276
110006213285
110006213294
