110006213310
110006213329
110006213338
110006213365
110006213374
110006213383
110006213392
110006213409
110006213418
110006213436
110006213454
110006213463
110006213472
110006213506
110006213524
110006213533
110006213542
110006213560
110006213597
110006213604
110006213613
110006213631
110006213640
110006213668
110006213677
110006213686
110006213711
110006213720
110006213739
110006213748
110006213757
110006213766
110006213775
110006213784
110006213793
110006213800
110006213819
110006213837
110006213846
110006213855
110006213864
110006213873
110006213891
110006213908
110006213917
110006213926
110006213935
110006213944
110006213953
110006213962
110006213980
110006214024
110006214051
110006214060
110006214088
110006214104
110006214113
110006214122
110006214131
110006214140
110006214159
110006214168
110006214177
110006214195
110006214211
110006214239
110006214275
110006214293
110006214300
110006214319
110006214337
110006214355
110006214373
110006214382
110006214408
110006214426
110006214435
110006214453
110006214471
110006214480
110006214505
110006214514
110006214532
110006214694
110006214701
110006214710
110006215942
110006216905
110006216914
110006216923
110006216932
110006216941
110006216978
110006216987
110006217049
110006217067
110006217085
110006217101
110006217110
110006217129
110006217147
110006217156
110006217165
110006217174
110006217183
110006217192
110006217209
110006217227
110006217272
110006217281
110006217290
110006217307
110006217316
110006217343
110006217361
110006217441
110006217496
110006217502
110006217511
110006219181
110006220142
110006220197
110006220240
110006220286
110006220570
110006220632
110006220794
110006220810
110006220829
110006220856
110006220874
110006220909
110006221105
110006221409
110006221436
110006221533
110006222364
110006222596
110006222603
110006222621
110006222658
110006222694
110006222756
110006222765
110006222774
110006222783
110006222792
110006222818
110006222890
110006224068
110006224086
110006224095
110006224219
110006224228
110006224246
110006224255
110006224264
110006224273
110006224282
110006224291
110006224308
110006224317
110006224344
110006224362
110006224371
110006224380
110006224415
110006224424
110006224433
110006224442
110006224460
110006224479
110006224497
110006224503
110006224512
110006224530
110006224549
110006224558
110006224567
110006224576
110006224585
110006224594
110006224601
110006224610
110006224629
110006224638
110006224647
110006224665
110006224674
110006224683
110006224692
110006224709
110006224718
110006224727
110006224745
110006224763
110006224772
110006224781
110006224790
110006224807
110006224816
110006224825
110006224834
110006224843
110006224852
110006224870
110006224889
110006224905
110006224914
110006224923
110006224932
110006224941
110006224969
110006224987
110006225003
110006225012
110006225021
110006225030
110006225049
110006225058
110006225076
110006225085
110006225094
110006225101
110006225129
110006225147
110006225156
110006225290
110006225389
110006225398
110006225405
110006225502
110006225511
110006225548
110006225557
110006225566
110006225762
110006225771
110006225940
110006226020
110006226280
110006226333
110006226342
110006226431
110006226459
110006226468
110006226495
110006226529
110006226565
110006226583
110006226609
110006226618
110006226645
110006226654
110006226663
110006226672
110006226707
110006226734
110006226743
110006226761
110006226770
110006226789
110006226832
110006226841
110006226850
110006226869
110006226878
110006226887
110006226958
110006226967
110006226985
110006227001
110006227010
110006227038
110006227047
110006227056
110006227065
110006227074
110006227109
110006227118
110006227163
110006227225
110006227243
110006227252
110006227261
110006227270
110006227289
110006227298
110006227305
110006227314
110006227323
110006227350
110006227378
110006227396
110006227403
110006227421
110006227430
110006227449
110006227467
110006227476
110006227485
110006227500
110006227519
110006227528
110006227546
110006227564
110006227573
110006227662
110006227671
110006227733
110006227859
110006227877
110006228055
110006228064
110006228082
110006228108
110006228126
110006228144
110006228153
110006228162
110006228368
110006228377
110006228386
110006228395
110006228466
110006228545
110006228554
110006228563
110006228572
110006228581
110006228590
110006228607
110006228625
110006228634
110006228643
110006228661
110006228670
110006228689
110006228698
110006228714
110006228732
110006228750
110006228812
110006228821
110006228830
110006228858
110006228867
110006228876
110006228885
110006228894
110006228901
110006228910
110006228929
110006228938
110006228947
110006228956
110006228965
110006228974
110006228983
110006228992
110006229009
110006229027
110006229054
110006229063
110006229072
110006229081
110006229090
110006229134
110006229152
110006229161
110006229170
110006229189
110006229198
110006229205
110006229223
110006229241
110006229250
110006229269
110006229287
110006229330
110006229367
110006229376
110006229394
110006229429
110006229508
110006229553
110006229795
110006229802
110006229857
110006229866
110006229884
110006229900
110006229919
110006229928
110006229937
110006230024
110006230033
110006230042
110006230060
110006230088
110006230097
110006230113
110006230159
110006230177
110006230257
110006230275
110006230284
110006230293
110006230505
110006230514
110006230523
110006230952
110006230970
110006231032
110006231087
110006231096
110006231158
110006231167
110006231309
110006231345
110006231381
110006231531
110006231568
110006231808
110006231817
110006231826
110006231835
110006231979
110006231988
110006232013
110006232022
110006232086
110006232095
110006232102
110006232111
110006232120
110006232157
110006232184
110006232200
110006232264
110006232291
110006232308
110006232317
110006232335
110006232362
110006232399
110006232415
110006232442
110006232488
110006232576
110006232585
110006232594
110006232601
110006232610
110006232709
110006232745
110006232754
110006232781
110006232834
110006232852
110006232870
110006232898
110006232914
110006232941
110006232950
110006233021
110006233049
110006233101
110006233110
110006233129
110006233147
110006233192
110006233218
110006233236
110006233245
110006233254
110006233325
110006233361
110006233469
110006233487
110006233502
110006233511
110006233593
110006233619
110006233673
110006233691
110006233726
110006233753
110006233762
110006233771
110006233780
110006233806
110006233897
110006233913
110006233931
110006233986
110006233995
110006234011
110006234039
110006234066
110006234075
110006234119
110006234146
110006234164
110006234208
110006234217
110006234324
110006234422
110006234440
110006234468
110006234529
110006234538
110006234547
110006234565
110006234627
110006234654
110006234725
110006234734
110006234798
110006234878
110006234887
110006234949
110006234958
110006234985
110006234994
110006235010
110006235029
110006235065
110006235074
110006235163
110006235172
110006235190
110006235216
110006235261
110006235305
110006235341
110006235378
110006235396
110006235403
110006235412
110006235421
110006235467
110006235494
110006235608
110006235626
110006235715
110006235724
110006235733
110006235751
110006235760
110006235779
110006235831
110006235840
110006235859
110006235895
110006235920
110006235939
110006236000
110006236037
110006236055
110006236064
110006236091
110006236108
110006236135
110006236144
110006236153
110006236297
110006236322
110006236331
110006236340
110006236359
110006236439
110006236466
110006236484
110006236518
110006236527
110006236616
110006236661
110006236689
110006236778
110006236787
110006236796
110006236803
110006236812
110006236821
110006236858
110006236910
110006236947
110006236956
110006236965
110006236974
110006236983
110006236992
110006237009
110006237018
110006237027
110006237036
110006237045
110006237063
110006237170
110006237198
110006237223
110006237232
110006237241
110006237269
110006237278
110006237287
110006237296
110006237358
110006237394
110006237483
110006237492
110006237544
110006237553
110006237571
110006237580
110006237599
110006237606
110006237615
110006237651
110006237660
110006237697
110006237713
110006237759
110006237786
110006237802
110006237811
110006237839
110006237857
110006237937
110006238008
110006238035
110006238044
110006238062
110006238151
110006238188
110006238204
110006238222
110006238240
110006238339
110006238348
110006238687
110006238696
110006238785
110006238847
110006238865
110006238936
110006238945
110006238954
110006238963
110006238972
110006239034
110006239052
110006239098
110006239105
110006239150
110006239169
110006239187
110006239196
110006239221
110006239285
110006239294
110006239310
110006239329
110006239338
110006239383
110006239418
110006239445
110006239454
110006239472
110006239481
110006239490
110006239524
110006239533
110006239579
110006239613
110006239622
110006239631
110006239659
110006239668
110006239686
110006239711
110006239720
110006239766
110006239775
110006239784
110006239793
110006239800
110006239819
110006239828
110006239917
110006239935
110006239944
110006239962
110006239971
110006239980
110006239999
110006240004
110006240022
110006240825
110006240834
110006240843
110006240852
110006240861
110006240870
110006241085
110006241156
110006241165
110006241664
110006241708
110006241735
110006241806
110006241842
110006241888
110006241968
110006242020
110006242146
110006242173
110006242208
110006242217
110006242299
110006242324
110006242351
110006242388
110006242413
110006242422
110006242583
110006242627
110006243671
110006243680
110006243699
110006243724
110006243733
110006243742
110006243751
110006243760
110006243939
110006244634
110006244643
110006244652
110006244661
110006244670
110006244689
110006244705
110006244714
110006244723
110006244732
110006244885
110006244901
110006244929
110006244947
110006244956
110006244974
110006244983
110006244992
110006245009
110006245018
110006245027
110006245036
110006245125
110006245134
110006245143
110006245170
110006245189
110006245205
110006245241
110006245250
110006245269
110006245278
110006245287
110006245296
110006245303
110006245321
110006245330
110006245349
110006245358
110006245367
110006245385
110006245394
110006245465
110006245492
110006245517
110006245526
110006245535
110006245544
110006245802
110006245820
110006245839
110006245848
110006245893
110006245900
110006245919
110006246035
110006246044
110006246062
110006246099
110006246142
110006246696
110006246703
110006246712
110006246721
110006246730
110006246749
110006246758
110006246767
110006246776
110006246785
110006246794
110006246810
110006246829
110006247016
110006247025
110006247169
110006247196
110006247203
110006247212
110006247221
110006247267
110006247276
110006247294
110006247301
110006247310
110006247347
110006247356
110006247365
110006247392
110006247409
110006247418
110006247427
110006247436
110006247445
110006247454
110006247472
110006247490
110006247506
110006247515
110006247524
110006247533
110006247542
110006247551
110006247560
110006247588
110006247604
110006247622
110006247631
110006247640
110006247659
110006247668
110006247720
110006247739
110006247748
110006247757
110006247766
110006247775
110006247784
110006247793
110006247800
110006247819
110006247828
110006247846
110006247864
110006247891
110006247926
110006247935
110006247944
110006247953
110006247962
110006247971
110006247999
110006248006
110006248015
110006248024
110006248033
110006248042
110006248051
110006248060
110006248079
110006248088
110006248104
110006248113
110006248159
110006248168
110006248186
110006248195
110006248211
110006248220
110006248239
110006248257
110006248266
110006248275
110006248293
110006248300
110006248319
110006248328
110006248337
110006248346
110006248355
110006248373
110006248382
110006248391
110006248426
110006248453
110006248462
110006248480
110006248499
110006248514
110006248523
110006248532
110006248541
110006248550
110006248569
110006248603
110006248612
110006248630
110006248649
110006248667
110006248774
110006248783
110006248809
110006248818
110006248827
110006248836
110006248845
110006248854
110006248863
110006248872
110006248881
110006248890
110006248907
110006248925
110006248943
110006248952
110006248961
110006248989
110006248998
110006249005
110006249014
110006249023
110006249032
110006249050
110006249078
110006249096
110006249103
110006249112
110006249121
110006249130
110006249158
110006249167
110006249176
110006249185
110006249194
110006249238
110006249247
110006249256
110006249265
110006249274
110006249283
110006249292
110006249318
110006249327
110006249336
110006249345
110006249354
110006249363
110006249390
110006249407
110006249416
110006249434
110006249452
110006249693
110006249700
110006250323
110006250332
110006250341
110006250350
110006250369
110006250412
110006250430
110006250458
110006250467
110006250476
110006250500
110006250519
110006250528
110006250546
110006250635
110006250644
110006250662
110006250671
110006250680
110006251340
110006251359
110006251368
110006251377
110006251386
110006251395
110006251402
110006251411
110006251420
110006251484
