110006251493
110006251554
110006251572
110006251581
110006251590
110006251723
110006251741
110006251750
110006251803
110006251812
110006251830
110006251849
110006251858
110006251867
110006251885
110006251901
110006251910
110006251929
110006251938
110006251965
110006251974
110006251992
110006252009
110006252018
110006252027
110006252036
110006252045
110006252063
110006252072
110006252090
110006252116
110006252125
110006252134
110006252143
110006252152
110006252161
110006252189
110006252198
110006252205
110006252214
110006252223
110006252232
110006252250
110006252269
110006252287
110006252303
110006252312
110006252321
110006252330
110006252358
110006252367
110006252376
110006252385
110006252394
110006252410
110006252429
110006252438
110006252447
110006252456
110006252465
110006252474
110006252483
110006252492
110006252508
110006252544
110006252553
110006252562
110006252571
110006252580
110006252606
110006252624
110006252642
110006252651
110006252688
110006252697
110006252704
110006252713
110006252722
110006252731
110006252759
110006252777
110006252786
110006252795
110006252802
110006252884
110006252893
110006252919
110006252928
110006252937
110006252946
110006252955
110006252964
110006252973
110006252982
110006252991
110006253017
110006253044
110006253151
110006253179
110006253188
110006253197
110006253204
110006253213
110006253268
110006253286
110006253400
110006253419
110006253428
110006253455
110006253473
110006253482
110006253491
110006253507
110006253516
110006253525
110006253534
110006253696
110006253712
110006253721
110006253767
110006253776
110006253785
110006253794
110006253801
110006253810
110006253838
110006253847
110006253856
110006253865
110006253874
110006253892
110006253909
110006253918
110006253954
110006253963
110006253972
110006253981
110006254016
110006254025
110006254043
110006254052
110006254070
110006254089
110006254098
110006254114
110006254141
110006254150
110006254187
110006254196
110006254212
110006254221
110006254230
110006254249
110006254258
110006254276
110006254285
110006254294
110006254301
110006254310
110006254329
110006254338
110006254365
110006254383
110006254409
110006254418
110006254427
110006254445
110006254454
110006254463
110006254490
110006254506
110006254515
110006254533
110006254542
110006254551
110006254560
110006254597
110006254604
110006254659
110006254668
110006254677
110006254686
110006254711
110006254720
110006254739
110006254757
110006254766
110006254775
110006254864
110006254873
110006254882
110006254891
110006254908
110006254917
110006254926
110006254953
110006254962
110006255006
110006255015
110006255042
110006255051
110006255060
110006255088
110006255113
110006255122
110006255220
110006255783
110006255792
110006255809
110006256425
110006256434
110006256461
110006256470
110006256489
110006256522
110006256728
110006256746
110006256755
110006256764
110006256773
110006256782
110006256791
110006256844
110006256979
110006256988
110006257004
110006257022
110006257031
110006257040
110006257068
110006257102
110006257111
110006257120
110006257157
110006257335
110006257549
110006257558
110006257567
110006257585
110006257610
110006257638
110006257647
110006257665
110006257674
110006257709
110006257727
110006257736
110006257870
110006257923
110006257932
110006257950
110006257969
110006258003
110006258021
110006258030
110006258049
110006258094
110006258101
110006258110
110006258156
110006258165
110006258192
110006258218
110006258290
110006258316
110006258334
110006258343
110006258352
110006258361
110006258398
110006258405
110006258414
110006258423
110006258432
110006258441
110006258450
110006258469
110006258478
110006258487
110006258496
110006258502
110006258520
110006258539
110006258548
110006258557
110006258566
110006258575
110006258584
110006258593
110006258619
110006258646
110006258655
110006258664
110006258691
110006258708
110006258717
110006258726
110006258735
110006258744
110006258762
110006258771
110006258799
110006258806
110006258815
110006258824
110006258833
110006258842
110006258851
110006258860
110006258879
110006258888
110006258897
110006258904
110006258913
110006258922
110006258931
110006258940
110006258959
110006258968
110006258977
110006258995
110006259002
110006259011
110006259020
110006259039
110006259057
110006259066
110006259075
110006259093
110006259100
110006259119
110006259128
110006259137
110006259155
110006259173
110006259182
110006259191
110006259208
110006259217
110006259226
110006259244
110006259253
110006259262
110006259271
110006259299
110006259306
110006259315
110006259333
110006259351
110006259360
110006259388
110006259397
110006259404
110006259440
110006259459
110006259468
110006259477
110006259486
110006259495
110006259501
110006259510
110006259529
110006259538
110006259547
110006259556
110006259565
110006259574
110006259583
110006259592
110006259609
110006259618
110006259627
110006259645
110006259663
110006259672
110006259690
110006259707
110006259716
110006259725
110006259734
110006259743
110006259752
110006259789
110006259798
110006259805
110006259814
110006259823
110006259832
110006259841
110006259878
110006259887
110006259896
110006259930
110006259949
110006259967
110006260036
110006260054
110006260063
110006260072
110006260081
110006260107
110006260116
110006260134
110006260143
110006260152
110006260161
110006260189
110006260198
110006260205
110006260214
110006260223
110006260232
110006260269
110006260278
110006260296
110006260303
110006260349
110006260358
110006260367
110006260376
110006260394
110006260401
110006260410
110006260429
110006260438
110006260447
110006260456
110006260474
110006260483
110006260492
110006260508
110006260517
110006260526
110006260553
110006260633
110006260642
110006260651
110006260660
110006260679
110006263480
110006263827
110006263836
110006263845
110006263854
110006263863
110006263881
110006263890
110006263961
110006264005
110006264023
110006264032
110006264041
110006264050
110006264078
110006264096
110006264103
110006264112
110006264121
110006264130
110006264158
110006264167
110006264176
110006264194
110006264229
110006264238
110006264256
110006264265
110006264568
110006264595
110006264666
110006264737
110006265013
110006265317
110006266012
110006266986
110006267164
110006267208
110006267413
110006267468
110006267486
110006267495
110006267618
110006267725
110006268573
110006268706
110006269563
110006269741
110006270016
110006275137
110006275878
110006276760
110006276788
110006276797
110006276804
110006276813
110006276822
110006276886
110006276902
110006276948
110006276957
110006276966
110006276975
110006276984
110006276993
110006277000
110006277019
110006277037
110006277046
110006277055
110006277064
110006277082
110006277108
110006277126
110006277144
110006277153
110006277171
110006277199
110006277206
110006277215
110006277224
110006277242
110006277260
110006277279
110006277322
110006277340
110006277368
110006277402
110006277411
110006277420
110006277439
110006277457
110006277466
110006277475
110006277484
110006277509
110006277518
110006277536
110006277545
110006277554
110006277563
110006277581
110006277607
110006277625
110006277634
110006277643
110006277670
110006277689
110006277698
110006277705
110006277723
110006277741
110006277778
110006277787
110006277812
110006277929
110006277938
110006277965
110006277974
110006278170
110006278214
110006279311
110006279776
110006281610
110006283342
110006283360
110006283379
110006283388
110006283397
110006283404
110006283413
110006283422
110006283431
110006283477
110006283486
110006283501
110006283510
110006283529
110006283538
110006283547
110006283556
110006283565
110006283574
110006283592
110006283618
110006283627
110006283636
110006283645
110006283654
110006283663
110006283681
110006283690
110006283707
110006283716
110006283725
110006283734
110006283743
110006283752
110006283761
110006283770
110006283789
110006283798
110006283805
110006283823
110006283832
110006283841
110006283850
110006283869
110006283878
110006283887
110006283896
110006283903
110006283921
110006283949
110006283958
110006283967
110006283994
110006284001
110006284029
110006284038
110006284047
110006284056
110006284074
110006284083
110006284109
110006284118
110006284127
110006284136
110006284154
110006284163
110006284172
110006284190
110006284234
110006284378
110006284519
110006284555
110006284564
110006284573
110006284608
110006284617
110006284626
110006284644
110006284653
110006284662
110006284671
110006284680
110006284699
110006284706
110006284742
110006284751
110006284760
110006284779
110006284788
110006284797
110006284804
110006284813
110006284822
110006284840
110006284895
110006284902
110006284939
110006284948
110006284966
110006284975
110006284984
110006284993
110006285000
110006285019
110006285028
110006285037
110006285055
110006285082
110006285091
110006285108
110006285117
110006285126
110006285135
110006285144
110006285153
110006285171
110006285180
110006285199
110006285215
110006285224
110006285233
110006285242
110006285260
110006285279
110006285288
110006285304
110006285313
110006285322
110006285331
110006285368
110006285395
110006285402
110006285411
110006285420
110006285439
110006285448
110006285457
110006285466
110006285475
110006285484
110006285493
110006285518
110006285545
110006285554
110006285563
110006285572
110006285581
110006285616
110006285625
110006285634
110006285643
110006285652
110006285661
110006285670
110006285689
110006285698
110006285705
110006285714
110006285723
110006285732
110006285741
110006285750
110006285769
110006285778
110006285796
110006285821
110006285830
110006285858
110006285867
110006285876
110006285894
110006285929
110006285938
110006285947
110006285965
110006285974
110006285983
110006286018
110006286036
110006286045
110006286054
110006286072
110006286125
110006286134
110006286143
110006286152
110006286161
110006286198
110006286205
110006286214
110006286223
110006286232
110006286241
110006286269
110006286278
110006286296
110006286303
110006286330
110006286349
110006286358
110006286367
110006286376
110006286385
110006286394
110006286410
110006286429
110006286438
110006286447
110006286456
110006286465
110006286474
110006286483
110006286492
110006286508
110006286517
110006286526
110006286535
110006286544
110006286571
110006286580
110006286615
110006286624
110006286633
110006286651
110006286660
110006286679
110006286688
110006286697
110006286704
110006286713
110006286722
110006286731
110006286740
110006286768
110006286802
110006286811
110006286820
110006286839
110006286848
110006286857
110006286866
110006286928
110006286946
110006286964
110006286973
110006286991
110006287026
110006287035
110006287044
110006287142
110006287179
110006287188
110006287197
110006287204
110006287231
110006287240
110006287259
110006287268
110006287277
110006287286
110006287302
110006287311
110006287339
110006287348
110006287357
110006287366
110006287375
110006287384
110006287437
110006287446
110006287473
110006287491
110006289284
110006291164
110006291253
110006291262
110006291271
110006291280
110006291299
110006291486
110006293992
110006294410
110006294697
110006294713
110006294722
110006294731
110006294811
110006294820
110006294839
110006294848
110006294866
110006294875
110006294884
110006294919
110006294928
110006294937
110006294946
110006294955
110006294973
110006294982
110006294991
110006295008
110006295026
110006295035
110006295044
110006295053
110006295062
110006295071
110006295080
110006295099
110006295106
110006295115
110006295124
110006295133
110006295142
110006295179
110006295188
110006295204
110006295213
110006295231
110006295240
110006295259
110006295268
110006295277
110006295295
110006295311
110006295320
110006295348
110006295357
110006295366
110006295375
110006295384
110006295393
110006295400
110006295419
110006295428
110006295437
110006295446
110006295455
110006295473
110006295507
110006295516
110006295534
110006295543
110006295570
110006295605
110006295623
110006295632
110006295641
110006295650
110006295669
110006295794
110006295801
110006295829
110006297685
110006297694
110006297729
110006297738
110006297747
110006297863
110006297872
110006297881
110006297890
110006297907
110006297916
110006297925
110006297934
110006297943
110006297952
110006297961
110006298005
110006298014
110006298023
110006298032
110006298041
110006298050
110006298069
110006298078
110006298087
110006298096
110006298121
110006298130
110006298158
110006298167
110006298176
110006298185
110006298194
110006298229
110006298238
110006298247
110006298256
110006298265
110006298283
110006298292
110006298309
110006298318
110006298327
110006298336
110006298345
110006298354
110006298372
110006298381
110006298407
110006298416
110006298425
110006298434
110006298461
110006298489
110006298498
110006298504
110006298513
110006298531
110006298540
110006298559
110006298568
110006298577
110006298586
110006298595
110006298611
110006298620
110006298639
110006298648
110006298657
110006298666
110006298700
110006298728
110006298737
110006298746
110006298755
110006298764
110006298773
110006298782
110006298791
110006298808
110006298817
110006298826
110006298862
