110006322657
110006322675
110006322693
110006322700
110006322719
110006322728
110006322737
110006322746
110006322764
110006322773
110006322791
110006322808
110006322817
110006322826
110006322835
110006322844
110006322853
110006322862
110006322871
110006322880
110006322899
110006322906
110006322924
110006322933
110006322942
110006322951
110006322960
110006322979
110006322997
110006323013
110006323022
110006323059
110006323068
110006323077
110006323111
110006323120
110006323139
110006323148
110006323157
110006323166
110006323175
110006323184
110006323193
110006323200
110006323219
110006323228
110006323237
110006323246
110006323255
110006323264
110006323273
110006323282
110006323291
110006323308
110006323317
110006323326
110006323353
110006323371
110006323399
110006323406
110006323415
110006323424
110006323442
110006323451
110006323460
110006323479
110006323497
110006323503
110006323512
110006323521
110006323549
110006323558
110006323576
110006323601
110006323629
110006323638
110006323656
110006323665
110006323683
110006323692
110006323709
110006323718
110006323727
110006323736
110006323745
110006323754
110006323763
110006323781
110006323790
110006323807
110006323816
110006323825
110006323834
110006323852
110006323861
110006323870
110006323889
110006323898
110006323905
110006323914
110006323923
110006323941
110006323950
110006323969
110006323996
110006324003
110006324021
110006324030
110006324049
110006324067
110006324076
110006324094
110006324101
110006324110
110006324129
110006324156
110006324165
110006324174
110006324192
110006324209
110006324218
110006324236
110006324245
110006324254
110006324272
110006324281
110006324307
110006324334
110006324343
110006324352
110006324361
110006324389
110006324398
110006324423
110006324432
110006324450
110006324478
110006324496
110006324511
110006324520
110006324539
110006324557
110006324566
110006324593
110006324600
110006324628
110006324637
110006324646
110006324655
110006324673
110006324682
110006324691
110006324717
110006324726
110006324735
110006324753
110006324762
110006324771
110006324780
110006324799
110006324806
110006324815
110006324824
110006324833
110006324842
110006324860
110006324879
110006324888
110006324897
110006324904
110006324913
110006324922
110006324931
110006324940
110006324959
110006324968
110006324995
110006325002
110006325011
110006325039
110006325048
110006325057
110006325066
110006325075
110006325084
110006325100
110006325119
110006325137
110006325146
110006325155
110006325164
110006325173
110006325182
110006325191
110006325208
110006325217
110006325226
110006325244
110006325253
110006325280
110006325299
110006325306
110006325315
110006325324
110006325342
110006325351
110006325360
110006325397
110006325404
110006325413
110006325422
110006325440
110006325459
110006325468
110006325477
110006325486
110006325495
110006325501
110006325510
110006325538
110006325547
110006325556
110006325565
110006325574
110006325583
110006325592
110006325609
110006325627
110006325636
110006325645
110006325654
110006325663
110006325672
110006325690
110006325707
110006325716
110006325734
110006325752
110006325761
110006325770
110006325789
110006325814
110006325823
110006325832
110006325841
110006325850
110006325878
110006325887
110006325896
110006325903
110006325921
110006325930
110006325949
110006325958
110006325967
110006325976
110006325985
110006325994
110006326001
110006326010
110006326029
110006326047
110006326056
110006326065
110006326074
110006326083
110006326092
110006326109
110006326118
110006326136
110006326145
110006326154
110006326163
110006326172
110006326181
110006326190
110006326207
110006326216
110006326225
110006326243
110006326270
110006326289
110006326298
110006326323
110006326332
110006326341
110006326350
110006326369
110006326378
110006326396
110006326412
110006326421
110006326430
110006326449
110006326458
110006326485
110006326494
110006326500
110006326519
110006326528
110006326537
110006326546
110006326564
110006326573
110006326608
110006326626
110006326635
110006326653
110006326662
110006326671
110006326680
110006326699
110006326715
110006326724
110006326733
110006326751
110006326760
110006326797
110006326804
110006326813
110006326822
110006326831
110006326840
110006326868
110006326877
110006326895
110006326902
110006326920
110006326939
110006326948
110006326957
110006326966
110006326984
110006326993
110006327000
110006327019
110006327028
110006327064
110006327073
110006327082
110006327108
110006327117
110006327126
110006327144
110006327153
110006327162
110006327171
110006327215
110006327224
110006327233
110006327242
110006327251
110006327297
110006327304
110006327313
110006327340
110006327359
110006327368
110006327377
110006327395
110006327411
110006327420
110006327448
110006327457
110006327466
110006327475
110006327484
110006327493
110006327509
110006327518
110006327527
110006327536
110006327554
110006327572
110006327590
110006327607
110006327616
110006327625
110006327643
110006327652
110006327661
110006327670
110006327698
110006327705
110006327723
110006327732
110006327741
110006327821
110006327830
110006327858
110006327885
110006327894
110006327974
110006327983
110006328081
110006328090
110006328278
110006328312
110006328358
110006328367
110006328376
110006328385
110006328394
110006328401
110006328410
110006328429
110006328456
110006328465
110006328474
110006328483
110006328492
110006328508
110006328517
110006328526
110006328535
110006328544
110006328562
110006328571
110006328580
110006328606
110006328624
110006328642
110006328651
110006328660
110006328679
110006328688
110006328713
110006328722
110006328731
110006328740
110006328759
110006328768
110006328777
110006328786
110006328795
110006328802
110006328811
110006328820
110006328839
110006328848
110006328857
110006328866
110006328875
110006328884
110006328893
110006328900
110006328919
110006328937
110006328946
110006328955
110006328964
110006328982
110006328991
110006329017
110006329026
110006329035
110006329044
110006329053
110006329062
110006329071
110006329106
110006329115
110006329124
110006329142
110006329151
110006329160
110006329197
110006329339
110006329366
110006329375
110006329990
110006330069
110006330078
110006330087
110006330096
110006330103
110006330112
110006330121
110006330130
110006330149
110006330167
110006330176
110006330185
110006330194
110006330201
110006330229
110006330238
110006330265
110006330274
110006330292
110006330309
110006330327
110006330336
110006330345
110006330354
110006330363
110006330372
110006330381
110006330390
110006330407
110006330416
110006330425
110006330443
110006330452
110006330461
110006330498
110006330504
110006330513
110006330522
110006330559
110006330568
110006330577
110006330595
110006330602
110006330666
110006330675
110006330684
110006330693
110006330700
110006330719
110006330728
110006330773
110006330782
110006330791
110006330808
110006330817
110006330826
110006330835
110006330853
110006330862
110006330880
110006330899
110006330906
110006330933
110006330942
110006330960
110006330988
110006330997
110006331004
110006331031
110006331040
110006331059
110006331068
110006331095
110006331102
110006331111
110006331139
110006331157
110006331166
110006331175
110006331184
110006331228
110006331237
110006331246
110006331255
110006331264
110006331273
110006331282
110006331308
110006331317
110006331326
110006331335
110006331344
110006331353
110006331362
110006331399
110006331415
110006331424
110006331433
110006331442
110006331451
110006331460
110006331479
110006331488
110006331497
110006331503
110006331512
110006331521
110006331530
110006331585
110006331594
110006331601
110006331610
110006331629
110006331638
110006331647
110006331665
110006331683
110006331692
110006331727
110006331745
110006331763
110006331772
110006331790
110006331816
110006331825
110006331834
110006331843
110006331870
110006331889
110006331905
110006331914
110006331923
110006331932
110006331950
110006331969
110006331978
110006332003
110006332012
110006332021
110006332030
110006332049
110006332058
110006332076
110006332101
110006332110
110006332129
110006332138
110006332147
110006332165
110006332174
110006332183
110006332192
110006332209
110006332218
110006332227
110006332236
110006332263
110006332281
110006332290
110006332307
110006332325
110006332334
110006332343
110006332352
110006332361
110006332370
110006332389
110006332405
110006332414
110006332423
110006332432
110006332450
110006332469
110006332487
110006332496
110006332502
110006332511
110006332520
110006332539
110006332548
110006332557
110006332566
110006332575
110006332593
110006332600
110006332619
110006332628
110006332637
110006332646
110006332655
110006332673
110006332691
110006332708
110006332717
110006332726
110006332735
110006332744
110006332753
110006332762
110006332799
110006332851
110006332860
110006332879
110006332897
110006332922
110006332931
110006332940
110006332959
110006332968
110006332977
110006333002
110006333011
110006333020
110006333039
110006333048
110006333057
110006333066
110006333075
110006333084
110006333100
110006333119
110006333128
110006333137
110006333146
110006333155
110006333164
110006333182
110006333191
110006333217
110006333226
110006333235
110006333244
110006333253
110006333262
110006333271
110006333280
110006333299
110006333315
110006333324
110006333333
110006333342
110006333351
110006333388
110006333397
110006333404
110006333422
110006333431
110006333440
110006333459
110006333477
110006333486
110006333495
110006333501
110006333529
110006333538
110006333547
110006333556
110006333592
110006333618
110006333627
110006333636
110006333645
110006333663
110006333681
110006333690
110006333707
110006333716
110006333725
110006333761
110006333770
110006333789
110006333798
110006333823
110006333832
110006333841
110006333887
110006333896
110006333912
110006333958
110006333967
110006333976
110006333985
110006334010
110006334029
110006334038
110006334056
110006334065
110006334074
110006334083
110006334092
110006334109
110006334118
110006334127
110006334145
110006334154
110006334163
110006334181
110006334207
110006334216
110006334225
110006334234
110006334252
110006334261
110006334289
110006334305
110006334314
110006334323
110006334332
110006334350
110006334369
110006334378
110006334396
110006334421
110006334430
110006334449
110006334458
110006334467
110006334476
110006334485
110006334500
110006334519
110006334537
110006334546
110006334555
110006334591
110006334617
110006334635
110006334644
110006334680
110006334699
110006334706
110006334724
110006334733
110006334742
110006334760
110006334779
110006334788
110006334797
110006334804
110006334822
110006334831
110006334840
110006334859
110006334877
110006334886
110006334911
110006334920
110006334939
110006334948
110006334957
110006334966
110006334993
110006335000
110006335037
110006335046
110006335064
110006335073
110006335082
110006335091
110006335108
110006335135
110006335144
110006335153
110006335162
110006335171
110006335199
110006335206
110006335215
110006335224
110006335242
110006335251
110006335260
110006335288
110006335297
110006335304
110006335313
110006335322
110006335331
110006335340
110006335359
110006335368
110006335386
110006335439
110006335457
110006335466
110006335484
110006335493
110006335518
110006335527
110006335536
110006335545
110006335554
110006335563
110006335572
110006335581
110006335590
110006335607
110006335616
110006335634
110006335643
110006335652
110006335661
110006335670
110006335689
110006335698
110006335705
110006335714
110006335723
110006335732
110006335741
110006335769
110006335778
110006335787
110006335796
110006335803
110006335812
110006335821
110006335830
110006335849
110006335858
110006335867
110006335876
110006335885
110006335901
110006335910
110006335947
110006335965
110006335974
110006335983
110006336018
110006336027
110006336036
110006336045
110006336054
110006336081
110006336107
110006336134
110006336143
110006336152
110006336170
110006336189
110006336198
110006336205
110006336214
110006336223
110006336232
110006336241
110006336250
110006336269
110006336287
110006336296
110006336312
110006336349
110006336367
110006336376
110006336394
110006336401
110006336429
110006336456
110006336465
110006336474
110006336483
110006336492
110006336508
110006336517
110006336526
110006336535
110006336544
110006336553
110006336571
110006336580
110006336599
110006336606
110006336615
110006336642
110006336679
110006336688
110006336704
110006336713
110006336722
110006336731
110006336740
110006336759
110006336768
110006336777
110006336795
110006336802
110006336811
110006336820
110006336839
110006336848
110006336857
110006336875
110006336884
110006336893
110006336900
110006336928
110006336937
110006336955
110006336964
110006336973
110006336991
110006337008
110006337017
110006337026
110006337044
110006337053
110006337062
110006337071
110006337080
110006337099
110006337106
110006337115
110006337124
110006337133
110006337160
110006337188
110006337204
110006337213
110006337222
110006337231
110006337240
110006337259
110006337277
110006337286
110006337295
110006337302
110006337311
110006337320
