110006337339
110006337348
110006337384
110006337393
110006337400
110006337428
110006337446
110006337464
110006337473
110006337482
110006337491
110006337507
110006337525
110006337534
110006337552
110006337561
110006337570
110006337598
110006337605
110006337614
110006337650
110006337669
110006337678
110006337696
110006337703
110006337712
110006337721
110006337767
110006337776
110006337785
110006337794
110006337810
110006337829
110006337838
110006337847
110006337856
110006337865
110006337883
110006337892
110006337909
110006337918
110006337927
110006337936
110006337945
110006337954
110006337963
110006337972
110006337981
110006337990
110006338007
110006338043
110006338052
110006338061
110006338089
110006338098
110006338105
110006338123
110006338132
110006338141
110006338169
110006338203
110006338212
110006338221
110006338258
110006338267
110006338276
110006338285
110006338294
110006338301
110006338310
110006338329
110006338338
110006338356
110006338374
110006338383
110006338392
110006338409
110006338418
110006338436
110006338445
110006338490
110006338515
110006338524
110006338542
110006338551
110006338579
110006338588
110006338604
110006338613
110006338631
110006338659
110006338677
110006338686
110006338695
110006338702
110006338748
110006338757
110006338766
110006338775
110006338784
110006338793
110006338800
110006338828
110006338846
110006338855
110006338864
110006338873
110006338891
110006338908
110006338917
110006338926
110006338935
110006338944
110006338962
110006338971
110006338980
110006338999
110006339006
110006339015
110006339024
110006339051
110006339060
110006339088
110006339104
110006339122
110006339131
110006339140
110006339159
110006339177
110006339186
110006339211
110006339239
110006339248
110006339257
110006339266
110006339275
110006339284
110006339293
110006339300
110006339328
110006339337
110006339346
110006339355
110006339364
110006339373
110006339408
110006339417
110006339426
110006339435
110006339444
110006339453
110006339462
110006339471
110006339499
110006339505
110006339514
110006339532
110006339541
110006339550
110006339578
110006339596
110006339603
110006339612
110006339621
110006339649
110006339658
110006339667
110006339676
110006339685
110006339701
110006339738
110006339747
110006339756
110006339765
110006339783
110006339836
110006339854
110006339872
110006339881
110006339890
110006339907
110006339916
110006339934
110006339943
110006339952
110006339961
110006339970
110006339989
110006339998
110006340012
110006340049
110006340058
110006340067
110006340076
110006340085
110006340094
110006340101
110006340138
110006340147
110006340156
110006340165
110006340174
110006340183
110006340209
110006340218
110006340227
110006340236
110006340245
110006340254
110006340263
110006340281
110006340290
110006340307
110006340325
110006340334
110006340361
110006340389
110006340398
110006340405
110006340414
110006340423
110006340432
110006340450
110006340469
110006340478
110006340487
110006340496
110006340539
110006340557
110006340575
110006340584
110006340593
110006340600
110006340628
110006340637
110006340655
110006340664
110006340682
110006340691
110006340726
110006340735
110006340753
110006340762
110006340799
110006340824
110006340842
110006340860
110006340888
110006340897
110006340904
110006340913
110006340931
110006340940
110006340968
110006340977
110006340986
110006340995
110006341039
110006341057
110006341066
110006341075
110006341084
110006341093
110006341137
110006341155
110006341164
110006341182
110006341208
110006341217
110006341235
110006341244
110006341253
110006341271
110006341280
110006341299
110006341315
110006341324
110006341333
110006341351
110006341379
110006341388
110006341404
110006341413
110006341477
110006341486
110006341495
110006341654
110006341707
110006341725
110006342127
110006342181
110006342190
110006342207
110006342216
110006342225
110006342234
110006342252
110006342261
110006342323
110006342332
110006342341
110006342369
110006342378
110006342387
110006342396
110006342412
110006342430
110006342449
110006342458
110006342467
110006342476
110006342500
110006342519
110006342724
110006342840
110006342911
110006342939
110006343019
110006343420
110006343732
110006343741
110006343812
110006343867
110006343876
110006344027
110006344036
110006345767
110006346436
110006347220
110006347239
110006347257
110006347275
110006347284
110006347300
110006347319
110006347328
110006347337
110006347346
110006347355
110006347382
110006347391
110006347408
110006347417
110006347435
110006347444
110006347453
110006347462
110006347471
110006347480
110006347505
110006347514
110006347532
110006347541
110006347550
110006347578
110006347596
110006347603
110006347612
110006347621
110006347630
110006347649
110006347676
110006347845
110006350313
110006350322
110006350331
110006350359
110006350368
110006350395
110006350411
110006350448
110006350457
110006350475
110006350493
110006350509
110006350527
110006350536
110006350545
110006350554
110006350581
110006350607
110006350616
110006350625
110006350634
110006350643
110006351544
110006351571
110006351615
110006351624
110006351633
110006351642
110006351651
110006351660
110006351688
110006351697
110006351704
110006351713
110006351722
110006351731
110006351740
110006351759
110006351768
110006351777
110006351786
110006351795
110006351802
110006351820
110006351839
110006351848
110006351857
110006351875
110006351884
110006351893
110006351900
110006351919
110006351928
110006351937
110006351946
110006351964
110006351982
110006352008
110006352017
110006352026
110006352035
110006352044
110006352053
110006352062
110006352071
110006352099
110006352106
110006352115
110006352151
110006352179
110006352188
110006352197
110006352240
110006352259
110006352268
110006352277
110006352295
110006352302
110006352311
110006352320
110006352339
110006352366
110006352384
110006352464
110006352473
110006352491
110006352507
110006352892
110006354685
110006354701
110006354845
110006354854
110006354863
110006354881
110006354890
110006354925
110006354970
110006355023
110006355096
110006355121
110006355176
110006355185
110006355265
110006355274
110006355283
110006356184
110006356326
110006356406
110006356424
110006356497
110006356558
110006356709
110006357290
110006357389
110006357398
110006357414
110006357423
110006357478
110006357655
110006357744
110006357762
110006357806
110006357815
110006357851
110006357879
110006357888
110006357897
110006357904
110006357913
110006357922
110006357931
110006357940
110006357959
110006357995
110006358002
110006358057
110006358388
110006358404
110006358440
110006358495
110006358565
110006358672
110006358832
110006359029
110006359412
110006359859
110006359868
110006359877
110006359920
110006359948
110006360213
110006360464
110006361007
110006361089
110006361258
110006361524
110006362532
110006362569
110006362596
110006362774
110006362783
110006362854
110006362863
110006362881
110006363014
110006363229
110006363247
110006363256
110006363274
110006363336
110006363372
110006363390
110006363443
110006363504
110006363531
110006363693
110006363700
110006363728
110006363737
110006363782
110006363791
110006363808
110006363826
110006363853
110006363862
110006363871
110006363997
110006364166
110006364193
110006364200
110006364219
110006365931
110006365940
110006365959
110006365977
110006365995
110006366002
110006366039
110006366048
110006366075
110006366084
110006366100
110006366128
110006366146
110006366155
110006366164
110006366173
110006366182
110006366208
110006366226
110006366244
110006366253
110006366271
110006366280
110006366468
110006366798
110006366805
110006366869
110006366896
110006366930
110006366958
110006366985
110006367010
110006367029
110006367127
110006367136
110006367564
110006367591
110006367608
110006367626
110006367635
110006367644
110006367653
110006367662
110006367671
110006367680
110006367699
110006367706
110006367715
110006367724
110006367733
110006367751
110006367760
110006367779
110006367788
110006367859
110006367868
110006367877
110006367895
110006367902
110006367911
110006367939
110006367957
110006368073
110006368091
110006368135
110006368171
110006368368
110006369456
110006369937
110006369946
110006369955
110006369991
110006370015
110006370079
110006370088
110006370104
110006370113
110006370131
110006370159
110006370177
110006370195
110006370220
110006370300
110006370514
110006370532
110006370541
110006370694
110006370701
110006370710
110006370729
110006370738
110006371069
110006371201
110006371372
110006371461
110006371498
110006371513
110006371540
110006371559
110006371577
110006371602
110006371611
110006371639
110006371666
110006371719
110006371746
110006371791
110006371808
110006372077
110006372273
110006372399
110006372512
110006372763
110006372772
110006372781
110006372816
110006372861
110006373129
110006373254
110006373478
110006373904
110006373913
110006373940
110006373995
110006374217
110006374226
110006374235
110006374422
110006374431
110006374440
110006374477
110006374486
110006374538
110006374556
110006374609
110006374618
110006374627
110006374645
110006374654
110006374663
110006374707
110006374716
110006375234
110006375252
110006375298
110006375305
110006375341
110006375350
110006375403
110006375412
110006375421
110006375485
110006375494
110006375519
110006375546
110006375635
110006375653
110006375662
110006375671
110006375699
110006375715
110006375724
110006375742
110006375751
110006375760
110006375779
110006375822
110006375859
110006375868
110006375895
110006375984
110006376019
110006376064
110006376073
110006376331
110006376386
110006376402
110006376411
110006376439
110006376484
110006376572
110006376778
110006377660
110006377697
110006377928
110006377973
110006377982
110006378008
110006378026
110006378035
110006378044
110006378053
110006378062
110006378071
110006378080
110006378106
110006378115
110006378124
110006378133
110006378142
110006378151
110006378188
110006378197
110006378204
110006378213
110006378222
110006378231
110006378259
110006378277
110006378295
110006378348
110006378357
110006378366
110006378375
110006378393
110006378400
110006378428
110006378437
110006378446
110006378455
110006378464
110006378473
110006378482
110006378525
110006378543
110006378696
110006378703
110006378712
110006378730
110006378767
110006378776
110006378785
110006378794
110006378829
110006378838
110006378847
110006378856
110006378865
110006378874
110006378883
110006378892
110006378909
110006378918
110006378927
110006378936
110006378945
110006378954
110006378972
110006378990
110006379007
110006379016
110006379025
110006379043
110006379052
110006379061
110006379070
110006379089
110006379098
110006379105
110006379114
110006379123
110006379132
110006379141
110006379150
110006379178
110006379187
110006379196
110006379203
110006379212
110006379230
110006379249
110006379258
110006379267
110006379276
110006379285
110006379294
110006379301
110006379310
110006379329
110006379347
110006379356
110006379374
110006379383
110006379392
110006379409
110006379418
110006379427
110006379436
110006379445
110006379454
110006379463
110006379472
110006379481
110006379490
110006379506
110006379515
110006379524
110006379533
110006379542
110006379551
110006379560
110006379597
110006379604
110006379622
110006379631
110006379640
110006379659
110006379668
110006379677
110006379686
110006379695
110006379711
110006379720
110006379739
110006379748
110006379757
110006379766
110006379775
110006379793
110006379800
110006379819
110006379828
110006379837
110006379846
110006379855
110006379864
110006379873
110006379882
110006379891
110006379908
110006379917
110006379926
110006379935
110006379944
110006379953
110006379962
110006379971
110006379980
110006379999
110006380004
110006380013
110006380022
110006380031
110006380059
110006380068
110006380086
110006380095
110006380102
110006380139
110006380148
110006380157
110006380166
110006380175
110006380184
110006380193
110006380200
110006380219
110006380246
110006380255
110006380264
110006380273
110006380282
110006380291
110006380308
110006380326
110006380335
110006380353
110006380362
110006380399
110006380406
110006380415
110006380424
110006380442
110006380451
110006380460
110006380479
110006380488
110006380497
110006380503
110006380521
110006380530
110006380549
110006380558
110006380567
110006380585
110006380594
110006380610
110006380629
110006380638
110006380647
110006380665
110006380674
110006380683
110006380692
110006380709
110006380718
110006380727
110006380736
110006380745
110006380754
110006380763
110006380772
110006380781
110006380790
110006380816
110006380825
110006380843
110006380852
110006380889
110006380898
110006380914
110006380932
110006380941
110006380950
110006380969
110006380978
110006380987
110006380996
110006381012
110006381021
110006381030
110006381049
110006381058
110006381067
110006381076
110006381085
110006381101
110006381110
110006381129
110006381165
110006381174
110006381183
110006381192
110006381209
110006381218
110006381227
110006381236
110006381245
110006381254
110006381263
110006381272
110006381281
110006381307
110006381316
110006381325
110006381334
