110006381343
110006381352
110006381370
110006381389
110006381398
110006381405
110006381414
110006381423
110006381432
110006381441
110006381450
110006381469
110006381478
110006381487
110006381496
110006381502
110006381511
110006381520
110006381539
110006381548
110006381557
110006381566
110006381584
110006381593
110006381600
110006381619
110006381637
110006381646
110006381655
110006381664
110006381673
110006381682
110006381691
110006381708
110006381717
110006381726
110006381735
110006381744
110006381753
110006381780
110006381799
110006381815
110006381824
110006381842
110006381851
110006381860
110006381879
110006381888
110006381897
110006381931
110006381959
110006381968
110006381977
110006381986
110006381995
110006382002
110006382011
110006382020
110006382039
110006382048
110006382057
110006382075
110006382084
110006382093
110006382100
110006382119
110006382128
110006382146
110006382155
110006382164
110006382208
110006382217
110006382226
110006382280
110006382306
110006382324
110006382333
110006382342
110006382351
110006382388
110006382397
110006382404
110006382413
110006382422
110006382431
110006382440
110006382459
110006382468
110006382510
110006382529
110006382538
110006382547
110006382556
110006382565
110006382574
110006382583
110006382609
110006382618
110006382636
110006382645
110006382654
110006382663
110006382672
110006382681
110006382690
110006382707
110006382725
110006382743
110006382761
110006382770
110006382789
110006382798
110006382805
110006382814
110006382823
110006382832
110006382841
110006382850
110006382869
110006382878
110006382887
110006382903
110006382912
110006382930
110006382949
110006382967
110006382976
110006382985
110006382994
110006383001
110006383010
110006383029
110006383038
110006383047
110006383056
110006383065
110006383074
110006383092
110006383109
110006383118
110006383127
110006383136
110006383145
110006383154
110006383163
110006383172
110006383181
110006383207
110006383216
110006383225
110006383234
110006383243
110006383252
110006383261
110006383270
110006383289
110006383298
110006383305
110006383314
110006383323
110006383332
110006383341
110006383350
110006383369
110006383378
110006383387
110006383396
110006383403
110006383412
110006383421
110006383430
110006383449
110006383458
110006383485
110006383494
110006383500
110006383519
110006383537
110006383546
110006383555
110006383564
110006383573
110006383582
110006383591
110006383608
110006383617
110006383626
110006383635
110006383644
110006383653
110006383662
110006383671
110006383680
110006383699
110006383706
110006383715
110006383724
110006383733
110006383742
110006383751
110006383760
110006383779
110006383788
110006383797
110006383804
110006383813
110006383822
110006383831
110006383840
110006383859
110006383868
110006383877
110006383886
110006383895
110006383902
110006383911
110006383920
110006383939
110006383948
110006383957
110006383966
110006383975
110006383984
110006383993
110006384000
110006384019
110006384028
110006384037
110006384055
110006384064
110006384073
110006384082
110006384108
110006384117
110006384126
110006384135
110006384144
110006384162
110006384180
110006384199
110006384206
110006384215
110006384224
110006384233
110006384242
110006384251
110006384260
110006384279
110006384288
110006384297
110006384304
110006384313
110006384322
110006384331
110006384340
110006384359
110006384368
110006384377
110006384386
110006384395
110006384402
110006384411
110006384420
110006384439
110006384448
110006384457
110006384466
110006384475
110006384484
110006384493
110006384509
110006384518
110006384527
110006384536
110006384545
110006384554
110006384563
110006384572
110006384581
110006384590
110006384607
110006384616
110006384625
110006384634
110006384643
110006384652
110006384661
110006384670
110006384689
110006384698
110006384705
110006384714
110006384732
110006384741
110006384778
110006384787
110006384796
110006384803
110006384812
110006384821
110006384830
110006384849
110006384858
110006384867
110006384876
110006384885
110006384901
110006384910
110006384929
110006384938
110006384947
110006384956
110006384965
110006384974
110006384983
110006384992
110006385018
110006385027
110006385045
110006385054
110006385063
110006385072
110006385081
110006385090
110006385107
110006385116
110006385125
110006385134
110006385143
110006385152
110006385161
110006385170
110006385189
110006385198
110006385205
110006385214
110006385223
110006385232
110006385241
110006385250
110006385269
110006385278
110006385287
110006385303
110006385312
110006385321
110006385330
110006385349
110006385358
110006385367
110006385376
110006385385
110006385394
110006385401
110006385410
110006385429
110006385438
110006385447
110006385456
110006385465
110006385474
110006385483
110006385492
110006385508
110006385517
110006385526
110006385544
110006385553
110006385562
110006385571
110006385580
110006385599
110006385606
110006385624
110006385633
110006385642
110006385651
110006385688
110006385697
110006385704
110006385731
110006385740
110006385768
110006385777
110006385786
110006385795
110006385802
110006385811
110006385820
110006385839
110006385848
110006385857
110006385866
110006385875
110006385884
110006385893
110006385900
110006385919
110006385937
110006385946
110006385955
110006385964
110006385973
110006385982
110006385991
110006386008
110006386017
110006386035
110006386044
110006386062
110006386099
110006386106
110006386115
110006386124
110006386133
110006386142
110006386160
110006386179
110006386188
110006386197
110006386204
110006386213
110006386222
110006386231
110006386240
110006386259
110006386268
110006386277
110006386286
110006386302
110006386311
110006386320
110006386339
110006386348
110006386357
110006386375
110006386384
110006386393
110006386400
110006386419
110006386428
110006386437
110006386446
110006386455
110006386464
110006386473
110006386482
110006386491
110006386507
110006386516
110006386525
110006386534
110006386543
110006386552
110006386561
110006386570
110006386589
110006386605
110006386614
110006386623
110006386632
110006386641
110006386650
110006386669
110006386678
110006386687
110006386696
110006386703
110006386721
110006386749
110006386767
110006386776
110006386785
110006386794
110006386801
110006386810
110006386829
110006386838
110006386847
110006386856
110006386865
110006386874
110006386883
110006386892
110006386909
110006386918
110006386936
110006386945
110006386954
110006386972
110006386981
110006386990
110006387007
110006387016
110006387025
110006387043
110006387061
110006387070
110006387089
110006387098
110006387114
110006387123
110006387132
110006387141
110006387150
110006387169
110006387178
110006387187
110006387196
110006387203
110006387212
110006387221
110006387230
110006387249
110006387267
110006387276
110006387285
110006387294
110006387310
110006387329
110006387338
110006387347
110006387356
110006387365
110006387374
110006387383
110006387392
110006387418
110006387427
110006387445
110006387454
110006387463
110006387472
110006387481
110006387490
110006387506
110006387515
110006387524
110006387533
110006387542
110006387551
110006387560
110006387579
110006387588
110006387597
110006387604
110006387613
110006387622
110006387631
110006387640
110006387659
110006387668
110006387677
110006387686
110006387695
110006387702
110006387711
110006387739
110006387748
110006387757
110006387766
110006387775
110006387784
110006387793
110006387800
110006387819
110006387828
110006387837
110006387846
110006387855
110006387864
110006387882
110006387908
110006387926
110006387935
110006387944
110006387962
110006387971
110006387980
110006387999
110006388006
110006388015
110006388024
110006388033
110006388042
110006388051
110006388060
110006388079
110006388088
110006388097
110006388104
110006388113
110006388122
110006388131
110006388140
110006388159
110006388168
110006388186
110006388195
110006388202
110006388211
110006388220
110006388239
110006388248
110006388257
110006388266
110006388275
110006388284
110006388293
110006388300
110006388319
110006388328
110006388337
110006388346
110006388355
110006388364
110006388373
110006388382
110006388391
110006388417
110006388435
110006388444
110006388453
110006388462
110006388471
110006388480
110006388499
110006388505
110006388514
110006388523
110006388532
110006388541
110006388550
110006388569
110006388578
110006388587
110006388596
110006388603
110006388621
110006388630
110006388658
110006388667
110006388676
110006388685
110006388694
110006388701
110006388710
110006388729
110006388747
110006388756
110006388774
110006388783
110006388792
110006388809
110006388818
110006388827
110006388836
110006388845
110006388854
110006388863
110006388872
110006388881
110006388890
110006388907
110006388916
110006388925
110006388934
110006388943
110006388961
110006388970
110006388998
110006389005
110006389014
110006389023
110006389032
110006389041
110006389050
110006389069
110006389078
110006389087
110006389096
110006389103
110006389112
110006389121
110006389130
110006389149
110006389158
110006389167
110006389176
110006389185
110006389201
110006389229
110006389238
110006389274
110006389292
110006389309
110006389318
110006389327
110006389336
110006389354
110006389363
110006389381
110006389390
110006389407
110006389416
110006389425
110006389434
110006389443
110006389452
110006389461
110006389470
110006389489
110006389498
110006389504
110006389513
110006389522
110006389531
110006389540
110006389559
110006389568
110006389595
110006389602
110006389611
110006389620
110006389639
110006389648
110006389657
110006389666
110006389675
110006389684
110006389693
110006389700
110006389719
110006389728
110006389746
110006389755
110006389764
110006389773
110006389782
110006389791
110006389808
110006389817
110006389826
110006389835
110006389853
110006389862
110006389871
110006389880
110006389899
110006389906
110006389915
110006389924
110006389933
110006389942
110006389951
110006389960
110006389979
110006389988
110006389997
110006390002
110006390057
110006390066
110006390075
110006390084
110006390093
110006390100
110006390119
110006390128
110006390146
110006390155
110006390173
110006390182
110006390191
110006390208
110006390226
110006390235
110006390253
110006390262
110006390271
110006390280
110006390299
110006390306
110006390315
110006390333
110006390342
110006390351
110006390360
110006390379
110006390397
110006390413
110006390422
110006390431
110006390440
110006390459
110006390468
110006390477
110006390486
110006390495
110006390501
110006390510
110006390529
110006390547
110006390556
110006390565
110006390574
110006390583
110006390592
110006390618
110006390636
110006390681
110006390761
110006390798
110006390869
110006390878
110006390896
110006390903
110006390912
110006390921
110006390930
110006390949
110006390958
110006390976
110006390985
110006390994
110006391001
110006391010
110006391029
110006391047
110006391056
110006391065
110006391074
110006391083
110006391092
110006391109
110006391118
110006391136
110006391145
110006391154
110006391172
110006391181
110006391190
110006391207
110006391216
110006391234
110006391243
110006391252
110006391261
110006391270
110006391289
110006391298
110006391305
110006391323
110006391332
110006391350
110006391378
110006391387
110006391396
110006391403
110006391412
110006391421
110006391430
110006391449
110006391458
110006391467
110006391476
110006391485
110006391494
110006391500
110006391519
110006391528
110006391546
110006391555
110006391564
110006391573
110006391591
110006391608
110006391617
110006391626
110006391635
110006391644
110006391653
110006391662
110006391671
110006391680
110006391699
110006391706
110006391715
110006391724
110006391733
110006391742
110006391751
110006391760
110006391779
110006391788
110006391797
110006391804
110006391813
110006391840
110006391859
110006391868
110006391877
110006391886
110006391895
110006391902
110006391911
110006391920
110006391939
110006391948
110006391957
110006391966
110006391984
110006391993
110006392000
110006392019
110006392028
110006392037
110006392046
110006392055
110006392064
110006392073
110006392082
110006392091
110006392108
110006392117
110006392126
110006392135
110006392144
110006392162
110006392171
110006392199
110006392215
110006392224
110006392233
110006392242
110006392251
110006392260
110006392279
110006392288
110006392304
110006392322
110006392331
110006392340
110006392359
110006392368
110006392386
110006392411
110006392420
110006392439
110006392448
110006392457
110006392466
110006392475
110006392484
110006392493
110006392518
110006392527
110006392536
110006392545
110006392554
110006392563
110006392581
110006392590
110006392607
110006392616
110006392625
110006392634
110006392652
110006392670
110006392689
110006392698
110006392714
110006392723
110006392732
110006392741
110006392750
110006392769
110006392778
110006392787
110006392803
110006392812
110006392821
110006392830
110006392849
110006392858
110006392867
110006392876
110006392885
110006392894
110006392910
110006392938
110006392947
110006392956
110006392965
110006392974
110006392983
110006392992
110006393009
110006393018
110006393027
110006393045
