110006393054
110006393063
110006393072
110006393081
110006393090
110006393107
110006393125
110006393134
110006393143
110006393152
110006393161
110006393170
110006393189
110006393198
110006393214
110006393223
110006393232
110006393241
110006393250
110006393269
110006393278
110006393287
110006393312
110006393321
110006393330
110006393349
110006393358
110006393367
110006393376
110006393385
110006393456
110006393465
110006393474
110006393483
110006393492
110006393508
110006393517
110006393526
110006393553
110006393562
110006393571
110006393580
110006393599
110006393606
110006393615
110006393633
110006393642
110006393651
110006393660
110006393777
110006393811
110006393820
110006393848
110006393866
110006393884
110006393893
110006393946
110006393955
110006393982
110006393991
110006394017
110006394026
110006394044
110006394053
110006394062
110006394080
110006394106
110006394124
110006394151
110006394188
110006394197
110006394222
110006394231
110006394240
110006394268
110006394277
110006394302
110006394320
110006394348
110006394357
110006394366
110006394375
110006394384
110006394400
110006394437
110006394455
110006394464
110006394473
110006394482
110006394491
110006394525
110006394534
110006394543
110006394589
110006394605
110006394614
110006394623
110006394641
110006394650
110006394678
110006394703
110006394721
110006394730
110006394758
110006394767
110006394785
110006394847
110006394856
110006394865
110006394874
110006394883
110006394927
110006394936
110006394945
110006394954
110006394972
110006394981
110006395007
110006395025
110006395034
110006395043
110006395052
110006395061
110006395070
110006395098
110006395114
110006395123
110006395132
110006395141
110006395178
110006395187
110006395196
110006395203
110006395212
110006395221
110006395230
110006395249
110006395258
110006395276
110006395329
110006395347
110006395356
110006395365
110006395374
110006395383
110006395418
110006395436
110006395481
110006395490
110006395506
110006395515
110006395560
110006395588
110006395604
110006395613
110006395622
110006395631
110006395640
110006395695
110006395702
110006395711
110006395720
110006395739
110006395757
110006395766
110006395828
110006395837
110006395846
110006395855
110006395864
110006395873
110006395882
110006395891
110006395917
110006395926
110006395953
110006395971
110006395999
110006396006
110006396033
110006396042
110006396079
110006396088
110006396104
110006396122
110006396140
110006396159
110006396168
110006396177
110006396186
110006396211
110006396220
110006396239
110006396248
110006396257
110006396266
110006396275
110006396284
110006396293
110006396300
110006396319
110006396337
110006396355
110006396364
110006396373
110006396391
110006396408
110006396417
110006396426
110006396435
110006396453
110006396462
110006396471
110006396480
110006396499
110006396505
110006396514
110006396523
110006396532
110006396541
110006396550
110006396587
110006396596
110006396621
110006396630
110006396667
110006396676
110006396701
110006396729
110006396756
110006396774
110006396809
110006396845
110006396881
110006396907
110006396916
110006396925
110006396934
110006396989
110006397005
110006397014
110006397023
110006397050
110006397078
110006397087
110006397103
110006397112
110006397121
110006397130
110006397158
110006397185
110006397194
110006397201
110006397210
110006397238
110006397247
110006397256
110006397283
110006397292
110006397345
110006397354
110006397390
110006397407
110006397416
110006397434
110006397443
110006397452
110006397461
110006397498
110006397504
110006397540
110006397559
110006397577
110006397586
110006397602
110006397620
110006397639
110006397657
110006397666
110006397675
110006397684
110006397693
110006397764
110006397773
110006397782
110006397791
110006397817
110006397853
110006397862
110006397906
110006397915
110006397924
110006397933
110006397942
110006397960
110006397979
110006397988
110006398022
110006398040
110006398068
110006398086
110006398111
110006398139
110006398166
110006398193
110006398200
110006398237
110006398264
110006398282
110006398291
110006398308
110006398317
110006398326
110006398344
110006398362
110006398371
110006398380
110006398399
110006398406
110006398415
110006398433
110006398451
110006398460
110006398479
110006398488
110006398503
110006398512
110006398549
110006398567
110006398576
110006398585
110006398594
110006398601
110006398610
110006398638
110006398647
110006398656
110006398665
110006398692
110006398709
110006398718
110006398736
110006398754
110006398763
110006398772
110006398790
110006398807
110006398825
110006398834
110006398861
110006398889
110006398898
110006398905
110006398914
110006398932
110006398950
110006398969
110006399012
110006399021
110006399030
110006399058
110006399067
110006399094
110006399129
110006399138
110006399147
110006399156
110006399183
110006399218
110006399236
110006399245
110006399272
110006399290
110006399307
110006399316
110006399334
110006399343
110006399352
110006399361
110006399370
110006399398
110006399405
110006399423
110006399432
110006399469
110006399478
110006399487
110006399502
110006399511
110006399539
110006399548
110006399557
110006399593
110006399619
110006399628
110006399646
110006399655
110006399664
110006400359
110006401811
110006402543
110006407520
110006407815
110006423780
110006423799
110006423815
110006423824
110006423833
110006423860
110006423879
110006423888
110006423904
110006427893
110006428115
110006428151
110006428222
110006428231
110006428339
110006428357
110006428393
110006428428
110006428507
110006428552
110006428561
110006428605
110006428641
110006428687
110006428696
110006428703
110006428730
110006428749
110006428758
110006428776
110006428847
110006428865
110006428883
110006428892
110006428918
110006428981
110006429016
110006429043
110006429114
110006429132
110006429150
110006429258
110006429285
110006429374
110006429418
110006429436
110006429454
110006429463
110006429551
110006429622
110006429659
110006429686
110006429695
110006429739
110006429784
110006429819
110006429908
110006429944
110006429962
110006429980
110006429999
110006430059
110006430095
110006430102
110006430120
110006430139
110006430148
110006430157
110006434750
110006434769
110006434885
110006434894
110006435250
110006435269
110006435296
110006435312
110006435321
110006435330
110006435349
110006435367
110006435394
110006435410
110006435438
110006435447
110006435456
110006435465
110006435483
110006435492
110006435508
110006435517
110006435535
110006435544
110006435599
110006435606
110006435615
110006435624
110006435633
110006437873
110006437882
110006437891
110006437908
110006437917
110006437935
110006437953
110006437962
110006437971
110006437980
110006438006
110006438015
110006438024
110006438033
110006438051
110006438088
110006438097
110006438104
110006438113
110006438122
110006438131
110006438159
110006438168
110006438177
110006438186
110006438195
110006438202
110006438211
110006438239
110006438248
110006438257
110006438275
110006438284
110006438293
110006438300
110006438319
110006438328
110006438337
110006450438
110006450465
110006450483
110006450517
110006450553
110006450580
110006450615
110006450624
110006450679
110006450688
110006450722
110006450759
110006450777
110006450786
110006450795
110006450848
110006450857
110006450884
110006450893
110006450946
110006450955
110006450964
110006450973
110006450991
110006451008
110006451017
110006451071
110006451080
110006451106
110006451115
110006451124
110006451142
110006451160
110006451188
110006451197
110006451204
110006451222
110006451231
110006451240
110006451259
110006451268
110006451277
110006451286
110006451295
110006451302
110006451320
110006451339
110006451348
110006451357
110006451384
110006451393
110006451419
110006451428
110006451437
110006451464
110006451482
110006451491
110006451507
110006451516
110006451525
110006451534
110006451543
110006451552
110006451570
110006451589
110006451605
110006451641
110006451650
110006451712
110006451721
110006451749
110006456637
110006471932
110006491938
110006491956
110006491965
110006491974
110006491992
110006492009
110006492018
110006492045
110006492063
110006492072
110006492081
110006492090
110006492107
110006492116
110006492134
110006492161
110006492170
110006492189
110006492205
110006492214
110006492223
110006492232
110006492241
110006492269
110006492278
110006492287
110006492296
110006492303
110006492312
110006492321
110006492330
110006492349
110006492358
110006492367
110006492376
110006492385
110006492394
110006492410
110006492429
110006492438
110006492447
110006492456
110006492465
110006492474
110006492483
110006492492
110006492508
110006492517
110006492526
110006492535
110006492544
110006492553
110006492562
110006492580
110006492599
110006492606
110006492633
110006492642
110006492651
110006492660
110006492679
110006492688
110006492697
110006492704
110006492722
110006492740
110006492759
110006492777
110006492786
110006492795
110006492848
110006492857
110006492866
110006492875
110006492884
110006492893
110006492900
110006492928
110006492937
110006492946
110006492955
110006492964
110006492973
110006492982
110006492991
110006493008
110006493017
110006493026
110006493044
110006493062
110006493071
110006493080
110006493099
110006493106
110006493115
110006493124
110006493133
110006493142
110006493151
110006493179
110006493188
110006493197
110006493204
110006493213
110006493222
110006493231
110006493240
110006493259
110006493268
110006493277
110006493286
110006493295
110006493302
110006493311
110006493320
110006493339
110006493348
110006493357
110006493366
110006493375
110006493393
110006493400
110006493419
110006493428
110006493437
110006493446
110006493455
110006493464
110006493473
110006493482
110006493491
110006493516
110006493525
110006493534
110006493543
110006493552
110006493561
110006493598
110006493605
110006493614
110006493623
110006493641
110006493650
110006493669
110006493678
110006493696
110006493703
110006493712
110006493721
110006493730
110006493749
110006493776
110006493785
110006493794
110006493801
110006493810
110006493829
110006493838
110006493847
110006493856
110006493865
110006493883
110006493892
110006493909
110006493918
110006493927
110006493945
110006493954
110006493963
110006493972
110006493990
110006494007
110006494016
110006494025
110006494034
110006494043
110006494052
110006494061
110006494070
110006494089
110006494098
110006494114
110006494123
110006494132
110006494141
110006494150
110006494169
110006494178
110006494187
110006494196
110006494203
110006494212
110006494221
110006494230
110006494249
110006494258
110006494267
110006494276
110006494285
110006494294
110006494301
110006494310
110006494329
110006494338
110006494356
110006494365
110006494374
110006494383
110006494392
110006494409
110006494418
110006494427
110006494436
110006494445
110006494454
110006494463
110006494472
110006494481
110006494490
110006494506
110006494524
110006494533
110006494542
110006494551
110006494560
110006494579
110006494588
110006494597
110006494604
110006494613
110006494622
110006494631
110006494640
110006494659
110006494668
110006494677
110006494686
110006494711
110006494720
110006494739
110006494748
110006494766
110006494775
110006494784
110006494800
110006494828
110006494837
110006494846
110006494864
110006494873
110006494882
110006494891
110006494908
110006494917
110006494935
110006494944
110006494953
110006494980
110006494999
110006495006
110006495015
110006495024
110006495033
110006495060
110006495079
110006495097
110006495104
110006495113
110006495122
110006495131
110006495140
110006495168
110006495177
110006495186
110006495195
110006495202
110006495211
110006495220
110006495239
110006495266
110006495275
110006495284
110006495293
110006495300
110006495319
110006495328
110006495337
110006495346
110006495355
110006495364
110006495373
110006495382
110006495391
110006497371
110006497380
110006497415
110006497442
110006497451
110006497460
110006497479
110006497488
110006497497
110006497503
110006497512
110006497521
110006497530
110006497567
110006497576
110006497594
110006497601
110006497629
110006497638
110006497647
110006497656
110006497665
110006497692
110006497709
110006497727
110006497736
110006497763
110006497772
110006497807
110006497816
110006497825
110006497843
110006497852
110006497889
110006497898
110006497905
110006497914
110006497923
110006497950
110006497978
110006498012
110006498030
110006498058
110006498085
110006498094
110006498110
110006498138
110006498147
110006498183
110006498209
110006498245
110006498281
110006498307
110006498361
110006498398
110006498441
110006498450
110006498496
110006498502
110006498511
110006498539
110006498548
110006517448
110006517448
110006517616
110006517689
110006517956
110006517965
110006517974
110006518287
110006518385
110006518429
110006518447
110006518722
110006518731
110006518786
110006518848
110006518964
110006519026
110006519419
110006519473
110006519703
110006519730
110006519767
110006519829
110006519892
110006519927
110006520005
110006520023
110006520185
110006520194
110006520309
110006520327
110006520345
110006520461
110006520498
