110006520602
110006520666
110006520700
110006520719
110006520791
110006521031
110006521068
110006521077
110006521148
110006521406
110006521647
110006521754
110006521772
110006521781
110006521898
110006521905
110006521923
110006521932
110006521969
110006522012
110006522245
110006522290
110006522414
110006522450
110006522496
110006522548
110006522575
110006522619
110006522726
110006522860
110006522977
110006523002
110006523057
110006523075
110006523084
110006523137
110006523217
110006523397
110006523422
110006523592
110006523725
110006523743
110006523832
110006523903
110006524083
110006524092
110006524136
110006524154
110006524172
110006524261
110006524305
110006524341
110006524378
110006524387
110006524396
110006524449
110006524476
110006524500
110006524528
110006524537
110006524582
110006524608
110006524617
110006524626
110006524635
110006524662
110006524671
110006524699
110006524751
110006524760
110006524804
110006524831
110006524895
110006527437
110006527801
110006527865
110006527874
110006528926
110006528999
110006529346
110006529355
110006529391
110006529435
110006529444
110006529453
110006529462
110006529471
110006529480
110006529499
110006529505
110006529532
110006529541
110006529569
110006529587
110006529596
110006529630
110006529649
110006529658
110006529676
110006529694
110006529701
110006529756
110006529774
110006529783
110006529792
110006529809
110006530600
110006530637
110006530762
110006530771
110006530780
110006530986
110006531011
110006531039
110006531066
110006531075
110006531084
110006531173
110006531351
110006531379
110006531486
110006531529
110006531645
110006531672
110006531752
110006531770
110006531789
110006531814
110006532056
110006532458
110006532494
110006537373
110006537505
110006537514
110006537523
110006537541
110006537550
110006537569
110006537603
110006538602
110006538648
110006538746
110006538782
110006538817
110006538844
110006538853
110006538997
110006539040
110006539102
110006539157
110006539246
110006539255
110006539282
110006539291
110006539326
110006543437
110006543446
110006543455
110006543464
110006543473
110006543482
110006543491
110006543561
110006543570
110006543589
110006543598
110006543605
110006543623
110006543632
110006543696
110006543703
110006543721
110006546826
110006546835
110006546844
110006546871
110006546880
110006546899
110006546906
110006546915
110006546924
110006546933
110006546942
110006547004
110006547013
110006547031
110006547040
110006547068
110006547086
110006547102
110006547111
110006547120
110006547139
110006547148
110006547175
110006547184
110006547193
110006547219
110006547228
110006547237
110006547255
110006547264
110006547273
110006547282
110006547291
110006547308
110006547317
110006547326
110006547335
110006547344
110006547353
110006547362
110006547371
110006547399
110006547406
110006547415
110006547424
110006547433
110006547442
110006547451
110006547460
110006547488
110006547497
110006547503
110006547512
110006547530
110006547549
110006547567
110006547576
110006547585
110006547594
110006547610
110006547638
110006547647
110006547656
110006547665
110006547674
110006547683
110006547709
110006547727
110006547736
110006547745
110006547763
110006547781
110006547807
110006547816
110006547825
110006547905
110006547914
110006547932
110006547978
110006547987
110006547996
110006548012
110006548021
110006548441
110006548450
110006548469
110006548478
110006548487
110006548502
110006548511
110006548520
110006548548
110006548557
110006548566
110006548575
110006548584
110006548593
110006548600
110006548619
110006548637
110006548646
110006548655
110006548664
110006548673
110006548691
110006548708
110006548717
110006548726
110006548744
110006548753
110006548762
110006548771
110006548780
110006548799
110006548806
110006548833
110006548842
110006548851
110006548860
110006548879
110006548888
110006548897
110006548913
110006548922
110006548931
110006548959
110006548977
110006548986
110006548995
110006549002
110006549011
110006549020
110006549066
110006549075
110006549093
110006549119
110006549128
110006549137
110006549146
110006549155
110006549164
110006549173
110006549182
110006549191
110006549208
110006549217
110006549244
110006549253
110006549271
110006549315
110006549324
110006549333
110006549351
110006549379
110006549404
110006549413
110006549422
110006549431
110006549440
110006549459
110006549468
110006549477
110006549486
110006549501
110006549529
110006549538
110006549547
110006549592
110006549609
110006549627
110006549645
110006549654
110006549690
110006549734
110006549752
110006549761
110006549832
110006549841
110006550035
110006550428
110006550623
110006550632
110006550669
110006550801
110006550829
110006550838
110006550847
110006550856
110006550883
110006550892
110006550909
110006550918
110006550972
110006550981
110006550990
110006551132
110006551150
110006551196
110006551203
110006551267
110006551285
110006551329
110006551338
110006551560
110006552248
110006552355
110006552364
110006552408
110006552417
110006552444
110006552578
110006553675
110006553791
110006553915
110006553988
110006554503
110006615225
110006618044
110006618204
110006618375
110006618516
110006619971
110006620077
110006621361
110006621619
110006621682
110006621735
110006621833
110006621897
110006621959
110006621968
110006622226
110006622315
110006622413
110006622495
110006622501
110006622743
110006622770
110006622789
110006623118
110006623270
110006623289
110006623305
110006623403
110006623458
110006623573
110006623591
110006623760
110006623804
110006623813
110006623859
110006624108
110006624242
110006624251
110006624288
110006625063
110006625072
110006625205
110006625358
110006625367
110006625385
110006625394
110006625429
110006625571
110006625615
110006625697
110006625937
110006625955
110006644177
110006644417
110006644471
110006644480
110006644499
110006644505
110006644523
110006644532
110006644541
110006644550
110006644587
110006644596
110006644603
110006644621
110006644630
110006644658
110006644676
110006644685
110006644701
110006644738
110006644747
110006644756
110006644836
110006644872
110006644907
110006645023
110006645194
110006645210
110006645238
110006645247
110006645274
110006646013
110006646594
110006646638
110006646941
110006646969
110006647067
110006647076
110006647085
110006647110
110006647129
110006647138
110006647147
110006647174
110006647227
110006647236
110006647281
110006647290
110006647361
110006647389
110006647398
110006647441
110006647487
110006647496
110006647520
110006647539
110006651818
110006651827
110006651854
110006651890
110006651925
110006651952
110006651961
110006651970
110006652005
110006652014
110006652032
110006652041
110006652050
110006652069
110006652096
110006652112
110006652121
110006652130
110006652149
110006652158
110006652167
110006652176
110006652185
110006652194
110006652201
110006652210
110006652229
110006652247
110006652256
110006652265
110006652283
110006652309
110006652318
110006652327
110006652336
110006652345
110006652363
110006652372
110006652381
110006652416
110006652425
110006652434
110006652443
110006652461
110006652470
110006652513
110006652531
110006652540
110006652559
110006652568
110006652595
110006652620
110006652639
110006652648
110006652657
110006652666
110006652684
110006652693
110006652737
110006652746
110006652755
110006652764
110006652773
110006652782
110006652817
110006652835
110006652844
110006652862
110006652871
110006652880
110006652899
110006652906
110006652915
110006652924
110006652933
110006652942
110006652960
110006652979
110006652988
110006652997
110006653004
110006653013
110006653022
110006653031
110006653040
110006653059
110006653068
110006653086
110006653095
110006653102
110006653111
110006653120
110006653139
110006653148
110006653157
110006653166
110006653193
110006653200
110006653219
110006653228
110006653237
110006653246
110006653255
110006653264
110006653273
110006653282
110006653308
110006653317
110006653326
110006653335
110006653344
110006653353
110006653371
110006653380
110006653433
110006653451
110006653460
110006653479
110006653497
110006653512
110006653521
110006653530
110006653549
110006653558
110006653567
110006653601
110006653610
110006653629
110006653638
110006653665
110006653763
110006653781
110006653790
110006653807
110006653825
110006653834
110006653852
110006653861
110006653870
110006654101
110006654110
110006654138
110006654147
110006654192
110006654209
110006654227
110006654236
110006654245
110006654254
110006654307
110006654316
110006654325
110006654334
110006654343
110006654352
110006654370
110006654389
110006654423
110006654441
110006654450
110006654469
110006654478
110006654487
110006654496
110006654511
110006654539
110006654548
110006654557
110006654575
110006654584
110006654593
110006654619
110006654637
110006654655
110006654673
110006654682
110006654691
110006654708
110006654717
110006654735
110006654744
110006654753
110006654799
110006654995
110006655146
110006655191
110006655271
110006655422
110006655431
110006655477
110006655486
110006655495
110006655501
110006655510
110006655538
110006655556
110006655565
110006655574
110006655583
110006655592
110006655609
110006655627
110006655645
110006655663
110006655690
110006655716
110006655743
110006655761
110006655770
110006655789
110006655798
110006655814
110006655823
110006655832
110006655878
110006655903
110006655921
110006655930
110006655949
110006655958
110006655967
110006655985
110006655994
110006656010
110006656029
110006656047
110006656056
110006656083
110006656109
110006656118
110006656154
110006656163
110006656172
110006656181
110006656190
110006656243
110006656305
110006656314
110006656332
110006657162
110006658410
110006658447
110006658456
110006658474
110006658483
110006658508
110006658517
110006658526
110006658535
110006658544
110006658553
110006658562
110006658599
110006658615
110006658697
110006658713
110006658722
110006658820
110006658848
110006658857
110006658875
110006658919
110006658928
110006658973
110006658982
110006658991
110006659008
110006659044
110006659080
110006659099
110006659188
110006659197
110006659213
110006659231
110006659240
110006659277
110006659286
110006659295
110006659302
110006659320
110006659339
110006659357
110006659366
110006659375
110006659384
110006659419
110006659446
110006659455
110006659491
110006659516
110006659525
110006659534
110006659543
110006659552
110006659561
110006660522
110006660531
110006660540
110006660595
110006660602
110006660620
110006660648
110006660666
110006660700
110006660728
110006660746
110006660826
110006660835
110006660844
110006660899
110006660906
110006660951
110006661022
110006661031
110006661068
110006661077
110006661095
110006661139
110006662370
110006662771
110006662913
110006662931
110006663262
110006663271
110006663280
110006663299
110006663306
110006663379
110006663413
110006663422
110006663459
110006663468
110006663486
110006663495
110006663501
110006663510
110006663538
110006663556
110006663565
110006663574
110006663636
110006663645
110006663654
110006663681
110006663690
110006663707
110006663716
110006663734
110006663789
110006663798
110006663805
110006663814
110006663823
110006663850
110006663878
110006663896
110006663912
110006663949
110006663958
110006663985
110006664001
110006664010
110006664029
110006664038
110006664047
110006664056
110006664065
110006664074
110006664083
110006664118
110006664127
110006664136
110006664145
110006664154
110006664163
110006664172
110006664181
110006664190
110006664207
110006664216
110006664225
110006664243
110006664261
110006664270
110006664298
110006664314
110006664323
110006664350
110006664369
110006664378
110006664396
110006668800
110006668819
110006668873
110006668891
110006668935
110006668953
110006668962
110006668980
110006669033
110006669051
110006669060
110006669079
110006669097
110006669104
110006669122
110006669293
110006670021
110006670290
110006671066
110006674606
110006674722
110006674777
110006676640
110006676739
110006677863
110006678648
110006680948
110006680957
110006681028
110006681046
110006681064
110006681082
110006681091
110006681117
110006681135
110006681144
110006681162
110006681171
110006681199
110006681206
110006681215
110006681233
110006681242
110006681260
110006681279
110006681313
110006681322
110006681331
110006681359
110006681368
110006681377
110006681395
110006681402
110006681411
110006681439
110006681448
110006681466
110006681475
110006681484
110006681493
110006681518
110006681527
110006681536
110006681545
110006681563
110006681572
110006681581
110006681590
110006681607
110006681634
110006681643
110006681652
110006681661
110006681670
110006681689
110006681698
110006681705
110006681723
110006681732
110006681741
110006681769
110006681778
110006681796
110006681803
110006681812
110006681821
110006681830
110006681849
110006681867
110006681885
110006681901
110006681929
110006681965
110006681974
110006681983
110006681992
110006682009
110006682018
110006682045
110006682054
110006682063
110006682081
110006682090
110006682116
110006682125
110006682134
110006682143
110006682152
110006682223
110006682232
110006682241
110006682250
110006682269
