110006682278
110006682287
110006682296
110006682303
110006682312
110006682321
110006682349
110006682367
110006682376
110006682385
110006682394
110006682401
110006682410
110006682429
110006682438
110006682447
110006682456
110006682465
110006682492
110006682517
110006682526
110006682535
110006682544
110006682553
110006682562
110006682571
110006682580
110006682599
110006682606
110006682615
110006682624
110006682633
110006682642
110006682651
110006682660
110006682679
110006682697
110006682704
110006682713
110006682722
110006682740
110006682759
110006682768
110006682786
110006682795
110006682802
110006682811
110006682820
110006682839
110006682848
110006682857
110006682866
110006682884
110006682928
110006682937
110006682946
110006682973
110006683044
110006683053
110006683062
110006683115
110006683124
110006683133
110006683142
110006683151
110006683179
110006683222
110006683259
110006683268
110006683277
110006683286
110006683295
110006683302
110006683311
110006683348
110006683357
110006683366
110006683393
110006683437
110006686283
110006686489
110006687406
110006687585
110006688824
110006688833
110006688851
110006688879
110006688888
110006688913
110006688922
110006688931
110006688940
110006688968
110006688977
110006688986
110006688995
110006689020
110006689075
110006689100
110006689119
110006689137
110006689173
110006689226
110006689235
110006689244
110006689253
110006689262
110006689271
110006689306
110006689315
110006689333
110006689342
110006689351
110006689360
110006689388
110006689404
110006689413
110006689422
110006689440
110006689459
110006689477
110006689486
110006689495
110006689510
110006689538
110006689556
110006689565
110006689583
110006689618
110006689627
110006689636
110006689654
110006689672
110006689681
110006689690
110006689716
110006689743
110006689752
110006689761
110006689805
110006689814
110006689823
110006689832
110006689869
110006689878
110006689903
110006689912
110006689921
110006689949
110006689976
110006689985
110006689994
110006690009
110006690036
110006690072
110006690090
110006690107
110006690116
110006690125
110006690134
110006690152
110006690170
110006690189
110006690198
110006690205
110006690232
110006690250
110006690269
110006690287
110006690303
110006690312
110006690349
110006690401
110006690410
110006690438
110006690447
110006690465
110006690483
110006690508
110006690517
110006690526
110006690535
110006690544
110006690642
110006690651
110006690660
110006690679
110006690697
110006690704
110006690713
110006690722
110006690740
110006690759
110006690768
110006690777
110006690795
110006690802
110006690820
110006690866
110006690875
110006690884
110006690900
110006690919
110006690928
110006690973
110006690982
110006691044
110006691053
110006691062
110006691071
110006691124
110006691151
110006691277
110006691295
110006691302
110006691311
110006691320
110006691348
110006691357
110006691384
110006691400
110006691455
110006691464
110006691473
110006691516
110006691525
110006691543
110006691552
110006691561
110006691570
110006691598
110006691605
110006691632
110006691641
110006691650
110006691678
110006691687
110006691703
110006691712
110006691730
110006691758
110006691767
110006691776
110006691794
110006691801
110006691865
110006691909
110006691918
110006691954
110006691972
110006691981
110006691990
110006692016
110006692864
110006692908
110006692926
110006692980
110006693024
110006693042
110006693122
110006693131
110006693168
110006693186
110006693257
110006693266
110006693346
110006693408
110006693417
110006693514
110006698626
110006698635
110006698644
110006698733
110006698831
110006698840
110006698868
110006698911
110006698920
110006698939
110006698984
110006699000
110006699019
110006699064
110006699073
110006699108
110006699135
110006699144
110006699233
110006699331
110006699411
110006699448
110006699457
110006699493
110006699518
110006699536
110006699670
110006699705
110006699741
110006699787
110006699796
110006699849
110006699858
110006699867
110006699876
110006699885
110006699910
110006699938
110006699947
110006699965
110006699974
110006700007
110006700016
110006700025
110006700114
110006700123
110006700132
110006700150
110006700187
110006700196
110006700230
110006700338
110006700347
110006700356
110006700427
110006721397
110006723297
110006723304
110006723313
110006723331
110006723340
110006723386
110006723395
110006723402
110006723420
110006723448
110006723457
110006723475
110006723484
110006723493
110006723536
110006723554
110006723563
110006723607
110006723643
110006723652
110006723670
110006723698
110006723714
110006723741
110006723796
110006723803
110006723812
110006723821
110006723830
110006723849
110006723867
110006723885
110006724036
110006724081
110006724107
110006724125
110006724134
110006724143
110006724152
110006724170
110006724189
110006724198
110006724214
110006724269
110006724278
110006747789
110006747814
110006747823
110006747832
110006747887
110006747903
110006747912
110006747921
110006747958
110006747967
110006747976
110006747994
110006748010
110006748029
110006748083
110006748109
110006748118
110006748172
110006748190
110006748207
110006748216
110006748234
110006748243
110006748252
110006748261
110006748270
110006748289
110006748305
110006748323
110006748341
110006748350
110006748369
110006748378
110006748387
110006748403
110006748412
110006748421
110006748449
110006748467
110006748485
110006748494
110006748519
110006748528
110006748555
110006748591
110006748617
110006748635
110006748699
110006748715
110006748724
110006748733
110006748751
110006748779
110006748788
110006748797
110006748804
110006748813
110006748831
110006748840
110006748877
110006748895
110006748902
110006748939
110006748948
110006748966
110006748975
110006748984
110006748993
110006749000
110006749019
110006749028
110006749037
110006749046
110006749064
110006749073
110006749135
110006749144
110006749162
110006749171
110006749180
110006749206
110006749224
110006749233
110006749251
110006749260
110006749297
110006749322
110006749331
110006749395
110006749402
110006749411
110006749420
110006749439
110006749448
110006749457
110006749466
110006749484
110006749509
110006749518
110006749527
110006749545
110006749554
110006749563
110006749581
110006749607
110006749625
110006749661
110006749670
110006749698
110006749705
110006749714
110006749787
110006749796
110006749812
110006749821
110006749849
110006749858
110006749867
110006749876
110006749885
110006749894
110006749929
110006749947
110006749965
110006750006
110006750015
110006750024
110006750033
110006750042
110006750051
110006750060
110006750113
110006750122
110006750131
110006750159
110006750177
110006750186
110006750195
110006750202
110006750211
110006750220
110006750257
110006750266
110006750275
110006750284
110006750293
110006750300
110006750319
110006750328
110006750355
110006750364
110006750382
110006750408
110006750426
110006750435
110006750444
110006750453
110006750471
110006750480
110006750499
110006750505
110006750514
110006750523
110006750569
110006750578
110006750612
110006750621
110006750658
110006750667
110006750685
110006750701
110006750729
110006750738
110006750756
110006750765
110006750809
110006750836
110006750845
110006750863
110006750872
110006750881
110006750890
110006750916
110006750925
110006750934
110006750943
110006750952
110006750989
110006750998
110006751014
110006751023
110006751032
110006751041
110006751069
110006751112
110006751121
110006751149
110006751158
110006751167
110006751185
110006751194
110006751201
110006751210
110006751229
110006751238
110006751247
110006751256
110006751265
110006751274
110006751283
110006751318
110006751327
110006751336
110006751354
110006751363
110006751372
110006751416
110006751425
110006751434
110006751443
110006751452
110006751498
110006751559
110006751577
110006751586
110006751595
110006751602
110006751611
110006751620
110006751648
110006751693
110006751700
110006751719
110006751728
110006751737
110006751755
110006751764
110006751773
110006751782
110006751791
110006751808
110006751817
110006751835
110006751862
110006751871
110006751880
110006751915
110006751924
110006751933
110006751951
110006751979
110006751997
110006752022
110006752059
110006752068
110006752077
110006752102
110006752111
110006752120
110006752139
110006752148
110006752157
110006752166
110006752175
110006752200
110006752228
110006752246
110006752255
110006752273
110006752282
110006752291
110006752317
110006752335
110006752371
110006752380
110006752399
110006752406
110006752415
110006752424
110006752433
110006752442
110006752451
110006752460
110006752479
110006752488
110006752497
110006752503
110006752512
110006752530
110006752585
110006752601
110006752610
110006753469
110006753496
110006753708
110006753744
110006753806
110006753897
110006753959
110006753968
110006753986
110006754306
110006754315
110006754397
110006754501
110006754645
110006754681
110006754814
110006754823
110006754841
110006754878
110006754887
110006754896
110006754903
110006754921
110006754930
110006754958
110006754985
110006755010
110006755056
110006755083
110006755092
110006755109
110006755118
110006755136
110006755172
110006755216
110006755225
110006755270
110006755289
110006755298
110006755305
110006755314
110006755323
110006755332
110006755341
110006755369
110006755378
110006755387
110006755412
110006755421
110006755430
110006755449
110006755458
110006755494
110006755519
110006755546
110006755564
110006755582
110006755635
110006755662
110006755671
110006755699
110006755706
110006755715
110006755724
110006755733
110006755742
110006755751
110006755760
110006755779
110006755797
110006755813
110006755831
110006755840
110006755868
110006755877
110006755886
110006755895
110006755902
110006755911
110006755920
110006755939
110006755948
110006755975
110006755993
110006756028
110006756037
110006756055
110006756064
110006756082
110006756091
110006756153
110006756162
110006756171
110006756180
110006756199
110006756206
110006756215
110006756233
110006756251
110006756260
110006756279
110006756331
110006756340
110006756359
110006756368
110006756386
110006756395
110006756402
110006756457
110006756484
110006756545
110006756563
110006756581
110006756590
110006756607
110006756643
110006756652
110006756698
110006756714
110006756723
110006756732
110006756741
110006756750
110006756778
110006756787
110006756812
110006756821
110006756830
110006756849
110006756876
110006756885
110006756894
110006756910
110006756929
110006756947
110006756956
110006756965
110006756992
110006757036
110006757054
110006757072
110006757107
110006757116
110006757125
110006757134
110006757152
110006757161
110006757205
110006757321
110006757330
110006757349
110006757394
110006757401
110006757410
110006757456
110006757465
110006757483
110006757517
110006757553
110006757580
110006757599
110006757606
110006757624
110006757642
110006757660
110006757688
110006757697
110006757704
110006757722
110006757731
110006757777
110006757795
110006757802
110006757866
110006757884
110006757893
110006757919
110006757928
110006757937
110006757964
110006757982
110006757991
110006758026
110006758071
110006758080
110006758124
110006758151
110006758179
110006758188
110006758197
110006758222
110006758231
110006758240
110006758259
110006758268
110006758393
110006758464
110006758491
110006758507
110006758516
110006758534
110006758543
110006758552
110006758561
110006758570
110006758589
110006758614
110006758632
110006758641
110006758650
110006758687
110006758696
110006758703
110006758712
110006758730
110006758758
110006758767
110006758776
110006758785
110006758794
110006758801
110006758810
110006758829
110006758856
110006758865
110006758883
110006758892
110006758909
110006758927
110006758936
110006758945
110006758954
110006758963
110006758972
110006758981
110006758990
110006759016
110006759034
110006759043
110006759052
110006759061
110006759070
110006759098
110006759105
110006759114
110006759123
110006759132
110006759141
110006759150
110006759169
110006759178
110006759187
110006759196
110006759203
110006759212
110006759221
110006759230
110006759249
110006759258
110006759267
110006759285
110006759294
110006759301
110006759329
110006759338
110006759347
110006759356
110006759365
110006759374
110006759383
110006759392
110006759409
110006759418
110006759427
110006759436
110006759445
110006759454
110006759463
110006759472
110006759481
110006759506
110006759515
110006759524
110006759533
110006759542
110006759579
110006759588
110006759597
110006759613
110006759622
110006759631
110006759640
110006759659
110006759668
110006759677
110006759686
110006759695
110006759711
110006759720
110006759739
110006759748
110006759757
110006759775
110006759784
110006759793
110006759800
110006759819
110006759828
110006759837
110006759846
110006759855
110006759873
110006759882
110006759891
110006759908
110006759917
110006759926
110006759935
110006759962
110006760013
110006760022
110006760059
110006760120
110006760139
110006760148
110006760157
110006760166
110006760175
110006760184
110006760193
110006760200
110006760219
110006760228
110006760237
110006760246
110006760282
110006760291
110006760308
