110006760317
110006760335
110006760344
110006760353
110006760371
110006760380
110006760399
110006760415
110006760424
110006760442
110006760451
110006760479
110006760497
110006760503
110006760512
110006760521
110006760530
110006760558
110006760567
110006760585
110006760594
110006760601
110006760610
110006760629
110006760638
110006760647
110006760656
110006760665
110006760674
110006760683
110006760692
110006760709
110006760718
110006760727
110006760736
110006760745
110006760754
110006760763
110006760772
110006760781
110006760807
110006760816
110006760825
110006760843
110006760852
110006760861
110006760870
110006760889
110006760905
110006760923
110006760932
110006760941
110006760950
110006760969
110006760978
110006760987
110006761003
110006761012
110006761021
110006761030
110006761049
110006761058
110006761067
110006761076
110006761094
110006761101
110006761110
110006761147
110006761165
110006761209
110006761218
110006761227
110006761236
110006761254
110006761263
110006761272
110006761281
110006761290
110006761307
110006761316
110006761334
110006761343
110006761352
110006761370
110006761389
110006761398
110006761405
110006761414
110006761423
110006761432
110006761441
110006761450
110006761469
110006761478
110006761496
110006761520
110006761539
110006761548
110006761566
110006761575
110006761584
110006761593
110006761619
110006761628
110006761637
110006761655
110006761664
110006761673
110006761682
110006761691
110006761708
110006761726
110006761735
110006761744
110006761753
110006761762
110006761771
110006761780
110006761806
110006761815
110006761824
110006761833
110006761860
110006761879
110006761888
110006761913
110006761922
110006761931
110006761959
110006761968
110006761977
110006761986
110006761995
110006762011
110006762020
110006762039
110006762048
110006762066
110006762075
110006762119
110006762128
110006762137
110006762164
110006762173
110006762182
110006762191
110006762217
110006762226
110006762235
110006762253
110006762262
110006762299
110006762306
110006762324
110006762333
110006762342
110006762351
110006762360
110006762388
110006762397
110006762404
110006762422
110006762431
110006762440
110006762459
110006762468
110006762477
110006762486
110006762495
110006762501
110006762510
110006762529
110006762538
110006762556
110006762565
110006762583
110006762592
110006762609
110006762618
110006762636
110006762645
110006762663
110006762690
110006762725
110006762743
110006762752
110006762770
110006762789
110006762805
110006762823
110006762832
110006762841
110006762850
110006762869
110006762878
110006762887
110006762903
110006762912
110006762921
110006762930
110006762949
110006762976
110006762985
110006762994
110006763001
110006763010
110006763038
110006763056
110006763083
110006763092
110006763109
110006763118
110006763127
110006763136
110006763145
110006763154
110006763163
110006763172
110006763181
110006763216
110006763225
110006763234
110006763243
110006763252
110006763261
110006763270
110006763298
110006763305
110006763314
110006763323
110006763332
110006763350
110006763378
110006763396
110006763412
110006763421
110006763430
110006763449
110006763467
110006763476
110006763485
110006763494
110006763500
110006763537
110006763555
110006763564
110006763582
110006763608
110006763617
110006763626
110006763635
110006763662
110006763671
110006763706
110006763715
110006763724
110006763751
110006763797
110006763804
110006763831
110006763895
110006777309
110006777336
110006777345
110006777416
110006777425
110006777434
110006777443
110006777452
110006777498
110006777513
110006777522
110006777531
110006777540
110006777586
110006777602
110006777611
110006777657
110006777666
110006777719
110006777746
110006777808
110006777817
110006777826
110006777880
110006777899
110006777906
110006777924
110006777951
110006777960
110006777997
110006778004
110006778059
110006778095
110006778120
110006778139
110006778148
110006778157
110006778166
110006778184
110006778193
110006778200
110006778219
110006778228
110006778237
110006778255
110006778282
110006778317
110006778326
110006778335
110006778344
110006778415
110006778488
110006778497
110006778549
110006778594
110006778610
110006778629
110006778638
110006778656
110006778692
110006778718
110006778727
110006778754
110006778772
110006778790
110006778816
110006778834
110006778843
110006778905
110006778950
110006778969
110006778978
110006778987
110006779003
110006779049
110006779067
110006779076
110006779085
110006779094
110006779101
110006779110
110006779138
110006779147
110006779165
110006779174
110006779183
110006779192
110006779209
110006779218
110006779227
110006779236
110006779245
110006779254
110006779263
110006779307
110006779334
110006779343
110006779361
110006779370
110006779405
110006779423
110006779450
110006779478
110006779520
110006779548
110006779566
110006779575
110006779646
110006779708
110006779726
110006779771
110006779799
110006779824
110006779879
110006779995
110006780000
110006780046
110006780073
110006780108
110006780117
110006780144
110006780162
110006780171
110006780242
110006780279
110006780313
110006780331
110006780420
110006780448
110006780475
110006780484
110006780493
110006780509
110006780527
110006780536
110006780554
110006780563
110006780581
110006780590
110006780607
110006780616
110006780625
110006780634
110006780643
110006780689
110006780698
110006780705
110006780732
110006780750
110006780778
110006780787
110006780796
110006780812
110006787254
110006787281
110006787325
110006787343
110006787352
110006787361
110006787405
110006787414
110006787423
110006787441
110006787450
110006787469
110006787478
110006787487
110006787502
110006787511
110006787520
110006787539
110006787557
110006787566
110006787575
110006787584
110006787593
110006787619
110006787628
110006787637
110006787655
110006787664
110006787682
110006787780
110006787860
110006787879
110006787888
110006787904
110006787922
110006787931
110006787940
110006787968
110006788020
110006788039
110006788048
110006788057
110006788066
110006788075
110006788084
110006788093
110006788100
110006788119
110006788137
110006788146
110006788164
110006788173
110006788182
110006788191
110006788217
110006788226
110006788235
110006788244
110006788262
110006788271
110006788280
110006788299
110006788315
110006788397
110006788413
110006788431
110006788440
110006788459
110006788468
110006788486
110006788529
110006788547
110006788565
110006788583
110006788592
110006788609
110006788618
110006788636
110006788654
110006788672
110006788690
110006788716
110006788725
110006788734
110006788743
110006788752
110006788761
110006788789
110006788814
110006788832
110006788841
110006788869
110006788878
110006788896
110006788903
110006788912
110006788921
110006788949
110006788958
110006788967
110006788976
110006788985
110006789001
110006789010
110006789029
110006789065
110006789083
110006789092
110006789109
110006789127
110006789136
110006789145
110006789163
110006789181
110006789207
110006789216
110006789234
110006789243
110006789261
110006789270
110006789298
110006789314
110006789323
110006789332
110006789350
110006789387
110006789396
110006789412
110006789421
110006789430
110006789449
110006789458
110006789467
110006789476
110006789494
110006789500
110006789519
110006789528
110006789555
110006789564
110006789573
110006789608
110006789617
110006789626
110006789635
110006789644
110006789662
110006789671
110006789680
110006789706
110006789733
110006789742
110006789751
110006789760
110006789779
110006789788
110006789797
110006789804
110006789813
110006789822
110006789840
110006789868
110006789877
110006789886
110006789911
110006789920
110006789939
110006789948
110006789957
110006789975
110006789993
110006790017
110006790026
110006790035
110006790044
110006790053
110006790062
110006790071
110006790080
110006790106
110006790115
110006790124
110006790142
110006790160
110006790188
110006790197
110006790204
110006790213
110006790231
110006790240
110006790268
110006790277
110006790286
110006790295
110006790320
110006790339
110006790366
110006790375
110006790384
110006790400
110006790428
110006790437
110006790446
110006790464
110006790473
110006790507
110006790525
110006790534
110006790605
110006790614
110006790623
110006790632
110006790641
110006790650
110006790678
110006790687
110006790703
110006790712
110006790721
110006790730
110006790749
110006790758
110006790767
110006790794
110006790810
110006790874
110006790892
110006790909
110006790918
110006790927
110006790936
110006790963
110006790990
110006791007
110006791034
110006791043
110006791089
110006791105
110006791150
110006791169
110006791178
110006791187
110006791203
110006791221
110006791230
110006791258
110006791267
110006791276
110006791285
110006791294
110006791301
110006791310
110006791338
110006791356
110006791365
110006791374
110006791392
110006791409
110006791418
110006791427
110006791436
110006791445
110006791454
110006791515
110006791524
110006791542
110006791551
110006791560
110006791579
110006791604
110006791622
110006791640
110006791659
110006791668
110006791677
110006791695
110006791702
110006791757
110006791793
110006791800
110006791819
110006791846
110006791873
110006791882
110006791891
110006791908
110006791935
110006791962
110006791971
110006792006
110006792015
110006792024
110006792042
110006792060
110006792088
110006792097
110006792104
110006792131
110006792159
110006792186
110006792202
110006792211
110006792248
110006792257
110006792284
110006792293
110006792328
110006792346
110006792364
110006792373
110006792408
110006792417
110006792426
110006792435
110006792444
110006792462
110006792480
110006792505
110006792532
110006792541
110006792569
110006792578
110006792587
110006792603
110006792621
110006792649
110006792658
110006792667
110006792685
110006792694
110006792701
110006792729
110006792747
110006792756
110006792765
110006792774
110006792783
110006792809
110006792863
110006792872
110006792890
110006792907
110006792916
110006792943
110006792952
110006792970
110006792989
110006793005
110006793032
110006793041
110006793050
110006793069
110006793087
110006793096
110006793103
110006793112
110006793121
110006793130
110006793149
110006793158
110006793167
110006793176
110006793185
110006793210
110006793229
110006793247
110006793256
110006793274
110006793283
110006793309
110006793425
110006793443
110006793452
110006793808
110006794898
110006794932
110006794941
110006794950
110006794996
110006795012
110006795021
110006795049
110006795067
110006795110
110006795147
110006795156
110006795165
110006795174
110006795183
110006795192
110006795236
110006795263
110006795281
110006795290
110006795307
110006795316
110006795325
110006795334
110006795343
110006795405
110006795441
110006795539
110006795673
110006795806
110006795824
110006795833
110006795888
110006796280
110006796299
110006796306
110006796315
110006796351
110006797001
110006800177
110006800195
110006800211
110006800220
110006800239
110006800248
110006802111
110006802139
110006802148
110006802166
110006802175
110006802184
110006802237
110006802246
110006802255
110006802273
110006802282
110006802291
110006802317
110006802326
110006802362
110006802371
110006802380
110006802415
110006802479
110006802512
110006802665
110006803147
110006803236
110006803245
110006803254
110006803263
110006803290
110006803307
110006803334
110006805225
110006805252
110006805261
110006805270
110006805289
110006805298
110006805305
110006805314
110006805323
110006805332
110006805341
110006805350
110006805369
110006805378
110006805396
110006805458
110006805519
110006805528
110006809953
110006809962
110006809971
110006809980
110006810004
110006810031
110006810059
110006810077
110006810086
110006810095
110006810111
110006810139
110006810157
110006810166
110006810193
110006810200
110006810219
110006810246
110006810488
110006810497
110006810530
110006810585
110006810594
110006810601
110006810629
110006810647
110006810656
110006810665
110006810674
110006810709
110006810718
110006810727
110006810736
110006810745
110006810754
110006810763
110006810772
110006810781
110006810807
110006810816
110006810825
110006810843
110006810852
110006810870
110006813029
110006813154
110006813216
110006813243
110006813323
110006813500
110006813760
110006813804
110006814313
110006814340
110006814386
110006814402
110006814812
110006814876
110006814910
110006815526
110006815679
110006815893
110006815900
110006816366
110006818444
110006818827
110006821289
110006821644
110006822064
110006822082
110006822199
110006822224
110006822233
110006822251
110006822260
110006822821
110006822947
110006823401
110006823410
110006823429
110006823438
110006823615
110006823633
110006823651
110006823679
110006823704
110006823713
110006823759
110006823777
110006823795
110006823802
110006823811
110006823848
110006823866
110006823875
110006823893
110006823973
110006824008
110006824026
110006824035
110006824044
110006824053
110006824080
110006824099
110006824106
110006824124
110006824124
110006824133
110006824142
110006824151
110006824188
110006824204
110006824222
110006824231
110006824286
110006824295
110006824302
110006824357
110006824366
110006824375
