110006824400
110006824428
110006824437
110006824491
110006825089
110006825098
110006825105
110006825132
110006825258
110006825944
110006826006
110006826015
110006826060
110006826088
110006826462
110006826587
110006827167
110006829664
110006829691
110006829717
110006829726
110006831232
110006831269
110006831287
110006831321
110006831330
110006831349
110006831367
110006831410
110006831474
110006831526
110006831599
110006831615
110006831651
110006831740
110006831759
110006831768
110006831777
110006831786
110006831795
110006831802
110006831820
110006831839
110006831848
110006831857
110006831900
110006831919
110006831964
110006831982
110006832204
110006832240
110006832268
110006832302
110006832366
110006832473
110006832491
110006832525
110006832570
110006832758
110006832856
110006832892
110006832927
110006832963
110006833025
110006833061
110006833123
110006833187
110006833294
110006833329
110006833365
110006833383
110006833392
110006833418
110006833427
110006833481
110006834079
110006834293
110006834328
110006834364
110006834444
110006834480
110006834514
110006834603
110006834676
110006834738
110006834747
110006834774
110006834783
110006834818
110006834845
110006834863
110006834890
110006834907
110006834916
110006834925
110006834934
110006834961
110006834970
110006835005
110006835023
110006835032
110006835185
110006835194
110006835238
110006835309
110006835327
110006835345
110006835372
110006835416
110006835443
110006835452
110006835489
110006835513
110006835522
110006835540
110006835568
110006835611
110006835639
110006835684
110006835693
110006835700
110006835764
110006835853
110006835871
110006835899
110006835906
110006835915
110006835924
110006835951
110006835979
110006836022
110006836040
110006836095
110006836102
110006836111
110006836120
110006836166
110006836175
110006836184
110006836193
110006836200
110006836228
110006836246
110006836264
110006836273
110006836308
110006836380
110006836451
110006836479
110006836497
110006836503
110006836521
110006836601
110006836629
110006836638
110006836647
110006836665
110006836674
110006836683
110006836709
110006836718
110006836996
110006837003
110006837012
110006837021
110006837030
110006837049
110006837058
110006837067
110006837076
110006837094
110006837129
110006837165
110006837209
110006837245
110006837254
110006837263
110006837272
110006837281
110006837290
110006837307
110006837343
110006837370
110006837398
110006837487
110006837502
110006837520
110006837557
110006837566
110006837575
110006837593
110006837628
110006837646
110006837682
110006837753
110006837762
110006837771
110006837833
110006837931
110006838191
110006838226
110006838244
110006838262
110006838271
110006838299
110006838306
110006838315
110006838324
110006838333
110006838342
110006838351
110006838379
110006838388
110006838397
110006838431
110006838440
110006838477
110006838501
110006838538
110006838556
110006838574
110006838583
110006838592
110006838609
110006838627
110006838654
110006838690
110006838743
110006838761
110006838789
110006838798
110006838805
110006838832
110006838903
110006838912
110006838921
110006838930
110006838949
110006838958
110006838967
110006838994
110006839065
110006839083
110006839109
110006839118
110006839127
110006839163
110006839172
110006839181
110006839341
110006839350
110006839369
110006839378
110006839387
110006839403
110006839412
110006839421
110006839430
110006839449
110006839458
110006839467
110006839476
110006839485
110006839500
110006839519
110006839528
110006839537
110006839546
110006839564
110006839591
110006839608
110006839617
110006839626
110006839635
110006839644
110006839653
110006839662
110006839671
110006839680
110006839715
110006839724
110006839733
110006839742
110006839751
110006839760
110006839779
110006839788
110006839813
110006839840
110006839859
110006839868
110006839877
110006839895
110006839902
110006840277
110006840286
110006840561
110006840703
110006840865
110006840874
110006840883
110006840892
110006840909
110006840918
110006840927
110006840936
110006840954
110006840963
110006840972
110006840981
110006841007
110006841016
110006841043
110006841052
110006841089
110006841098
110006841105
110006841123
110006841132
110006841141
110006841169
110006841178
110006841221
110006841249
110006841258
110006841267
110006841294
110006841310
110006841347
110006841365
110006841374
110006841383
110006841392
110006841409
110006841418
110006841445
110006841454
110006841472
110006841490
110006841506
110006841515
110006841542
110006841551
110006841560
110006841579
110006841597
110006841604
110006841613
110006841631
110006841640
110006841659
110006841686
110006842088
110006842097
110006842104
110006842131
110006842140
110006842168
110006842177
110006842248
110006842300
110006842346
110006842499
110006842523
110006842569
110006842587
110006842596
110006842621
110006842630
110006842649
110006842658
110006842676
110006842710
110006842925
110006842943
110006842961
110006842970
110006842989
110006843005
110006843023
110006843032
110006843078
110006843087
110006843103
110006843130
110006843229
110006843238
110006843247
110006843256
110006843318
110006843327
110006843336
110006843345
110006843354
110006843452
110006843461
110006843489
110006843513
110006843522
110006843531
110006843540
110006843568
110006843684
110006843899
110006843915
110006843924
110006843942
110006843979
110006843997
110006844004
110006844013
110006844022
110006844059
110006844077
110006844095
110006844111
110006844166
110006844175
110006844219
110006844228
110006844255
110006844264
110006844273
110006844282
110006844308
110006844335
110006844380
110006844399
110006844415
110006844433
110006844442
110006844479
110006844512
110006844692
110006844834
110006844852
110006844932
110006844978
110006844996
110006845003
110006845012
110006845030
110006845110
110006845138
110006845147
110006845183
110006845192
110006845209
110006845227
110006845245
110006845254
110006845272
110006845281
110006845307
110006845334
110006845370
110006845398
110006845405
110006845414
110006845423
110006845432
110006845441
110006845450
110006845469
110006845487
110006845502
110006845548
110006845584
110006845593
110006845619
110006845673
110006845691
110006845717
110006845762
110006845780
110006845799
110006846271
110006846958
110006847163
110006847369
110006847449
110006847537
110006847582
110006847662
110006847671
110006847680
110006847699
110006847715
110006847733
110006847742
110006847751
110006847779
110006847788
110006847797
110006847813
110006847840
110006847859
110006847966
110006847984
110006848019
110006848055
110006848082
110006848091
110006848117
110006848126
110006848171
110006848224
110006848233
110006848242
110006848279
110006848288
110006848297
110006848340
110006848359
110006848368
110006848420
110006848439
110006848475
110006848509
110006848554
110006848572
110006848769
110006848894
110006849009
110006849009
110006849045
110006849063
110006849081
110006849116
110006849161
110006849170
110006849189
110006849198
110006849205
110006849278
110006849321
110006849330
110006849358
110006849376
110006849385
110006849394
110006849401
110006849410
110006849474
110006849483
110006849517
110006849526
110006849535
110006849544
110006849553
110006849562
110006849580
110006849599
110006849606
110006849624
110006849633
110006849651
110006849660
110006849679
110006849768
110006849795
110006849811
110006849820
110006849839
110006849857
110006849875
110006849919
110006849937
110006850096
110006861431
110006863206
110006863288
110006863340
110006863386
110006863402
110006863411
110006863420
110006863484
110006863493
110006863509
110006863536
110006863545
110006863554
110006863563
110006863581
110006863590
110006863616
110006863625
110006863643
110006863652
110006863661
110006865525
110006865543
110006865570
110006865589
110006865598
110006865623
110006865641
110006865650
110006865669
110006865678
110006865749
110006865829
110006867863
110006867872
110006867881
110006867890
110006869442
110006869601
110006869683
110006870298
110006870305
110006870341
110006870984
110006871377
110006871386
110006871395
110006875710
110006875907
110006876746
110006876755
110006876791
110006876862
110006876871
110006882114
110006882123
110006882150
110006882276
110006882301
110006882338
110006882356
110006882409
110006882418
110006884700
110006885237
110006885317
110006887173
110006887208
110006887244
110006887459
110006888662
110006889741
110006889750
110006889778
110006889796
110006889821
110006889830
110006890132
110006891907
110006892014
110006897812
110006897858
110006897910
110006897947
110006897956
110006897983
110006898081
110006898090
110006898134
110006898161
110006898189
110006898205
110006898232
110006898241
110006898250
110006898287
110006898438
110006898456
110006898508
110006898517
110006898526
110006898535
110006898553
110006898571
110006898606
110006898615
110006898633
110006898642
110006898651
110006898660
110006900005
110006901031
110006901692
110006901923
110006901932
110006901978
110006908472
110006909248
110006909248
110006910762
110006911413
110007001751
110007006248
110007006266
110007006275
110007006658
110007007577
110007007586
110007007611
110007007951
110007008326
110007008344
110007008353
110007008362
110007015167
110007016406
110007018850
110007019243
110007019252
110007019261
110007019270
110007019403
110007019412
110007019706
110007019715
110007021524
110007021757
110007021766
110007022079
110007022220
110007022337
110007022872
110007022890
110007022998
110007023229
110007023309
110007023416
110007024585
110007025012
110007025138
110007025165
110007025263
110007026574
110007026583
110007026994
110007027092
110007027216
110007030248
110007030462
110007030471
110007030523
110007030774
110007030818
110007030827
110007030863
110007030890
110007030916
110007030952
110007030970
110007031005
110007031014
110007031032
110007031041
110007031103
110007031130
110007031149
110007031167
110007031176
110007031185
110007031194
110007031201
110007031327
110007031345
110007031354
110007031363
110007032040
110007032120
110007032139
110007032255
110007032282
110007032362
110007032380
110007032406
110007032415
110007032424
110007032442
110007032460
110007032488
110007032497
110007032503
110007032530
110007032558
110007032610
110007032629
110007032638
110007032656
110007032665
110007032763
110007035056
110007035136
110007035145
110007035243
110007035305
110007035314
110007035396
110007035555
110007035635
110007035680
110007035751
110007036769
110007036778
110007036787
110007036821
110007036849
110007036947
110007037009
110007037036
110007044457
110007044466
110007044475
110007044484
110007044493
110007044563
110007044590
110007044867
110007045018
110007045036
110007045045
110007045223
110007045250
110007045269
110007045278
110007045287
110007045296
110007045303
110007045330
110007045376
110007045394
110007045401
110007045410
110007045429
110007045438
110007045456
110007045465
110007045474
110007046160
110007046188
110007046197
110007046204
110007046295
110007046507
110007046543
110007046561
110007046605
110007046669
110007046712
110007046721
110007046749
110007046767
110007047007
110007047025
110007047034
110007047052
110007047061
110007047089
110007047098
110007047123
110007047141
110007047187
110007047196
110007047212
110007047221
110007047285
110007047301
110007047347
110007047702
110007062392
110007062409
110007062481
110007062659
110007062677
110007062711
110007062775
110007062784
110007062828
110007062908
110007062971
110007062980
110007063006
110007063015
110007065148
110007065255
110007065317
110007065905
110007066012
110007066094
110007066129
110007066138
110007066156
110007066218
110007066254
110007066673
110007066717
110007067440
110007070221
110007070230
110007070276
110007070285
110007070301
110007070908
110007070917
110007071202
110007071211
110007071220
110007071248
110007071435
110007071505
110007071523
110007071578
110007071658
110007072577
110007072611
110007072988
110007073086
110007073111
110007073139
110007073148
110007073683
110007073692
110007073718
110007073745
110007073754
110007073772
110007073781
110007073870
110007073898
110007073950
110007073987
110007073996
110007074003
110007074030
110007074049
110007074058
110007074067
110007074101
110007080461
110007080522
110007080577
110007080764
110007080773
110007080791
110007080826
110007080871
110007080880
110007080924
110007080942
110007081004
110007081040
110007081077
110007081111
110007081148
110007081175
110007081273
110007081291
110007081503
110007081530
110007081567
110007081585
110007081629
110007081718
110007081727
110007081736
110007081745
110007081763
110007081772
110007081781
110007081807
110007081825
110007081834
110007081843
110007081852
110007081861
110007081889
110007081898
110007081905
110007081914
110007081923
110007081932
110007081941
110007081950
110007081969
110007081978
110007081996
110007082003
110007082012
110007082021
110007082049
110007082076
110007082094
110007082101
110007082110
110007082138
110007082147
110007082156
110007082165
110007082174
110007082183
110007082192
110007082209
110007082218
