110007082227
110007082236
110007082245
110007082254
110007082263
110007082272
110007082281
110007082290
110007082307
110007082398
110007082405
110007082423
110007082441
110007082450
110007082487
110007082496
110007082502
110007082511
110007082520
110007082566
110007082575
110007082584
110007082593
110007082628
110007082646
110007082673
110007082691
110007082717
110007082726
110007082735
110007082744
110007082753
110007082762
110007082771
110007082806
110007082815
110007082833
110007082851
110007082860
110007082904
110007082913
110007082931
110007082959
110007082986
110007082995
110007083002
110007083011
110007083039
110007083066
110007083075
110007083084
110007083100
110007083137
110007083155
110007083164
110007083182
110007083217
110007083226
110007083235
110007083244
110007083253
110007083271
110007083280
110007083306
110007083315
110007083324
110007083333
110007083342
110007083351
110007083360
110007083379
110007083388
110007083397
110007083422
110007083431
110007083468
110007083477
110007083495
110007083529
110007083556
110007083583
110007083609
110007083618
110007083627
110007083654
110007083663
110007083672
110007083681
110007083707
110007083716
110007083725
110007083734
110007083761
110007083798
110007083805
110007083814
110007083832
110007083841
110007083850
110007083878
110007083896
110007083921
110007083930
110007083976
110007083985
110007084001
110007084029
110007084038
110007084047
110007084083
110007084092
110007084127
110007084136
110007084145
110007084163
110007084190
110007084207
110007084216
110007084225
110007084234
110007084243
110007084252
110007084261
110007084270
110007084289
110007084305
110007084314
110007084341
110007084350
110007084369
110007084378
110007084387
110007084396
110007084403
110007084412
110007084449
110007084467
110007084476
110007084555
110007084564
110007084608
110007084617
110007084662
110007084671
110007084715
110007084724
110007084733
110007084751
110007084760
110007084779
110007084788
110007084797
110007084804
110007084813
110007084822
110007084840
110007084859
110007084868
110007084877
110007084886
110007084895
110007084911
110007084939
110007084948
110007084993
110007085000
110007085171
110007085206
110007085215
110007085233
110007085242
110007085251
110007085279
110007085313
110007085411
110007085420
110007085439
110007085457
110007085475
110007085484
110007085493
110007085509
110007085518
110007085536
110007085545
110007085563
110007085616
110007085625
110007085643
110007085652
110007085661
110007085670
110007085689
110007085714
110007085732
110007085769
110007085830
110007085849
110007085885
110007085894
110007085929
110007085956
110007085983
110007086027
110007086054
110007086063
110007086090
110007086170
110007086205
110007086214
110007086232
110007086250
110007086296
110007086303
110007086312
110007086321
110007086358
110007086367
110007086394
110007086429
110007086456
110007086474
110007086483
110007086492
110007086508
110007086526
110007086544
110007086553
110007086562
110007086571
110007086580
110007086633
110007086697
110007086704
110007086713
110007086759
110007086786
110007086795
110007086811
110007086839
110007086866
110007086893
110007086919
110007086928
110007086991
110007087017
110007087026
110007087035
110007087062
110007087071
110007087099
110007087124
110007087133
110007087151
110007087213
110007087277
110007087295
110007087311
110007087339
110007087348
110007087357
110007087375
110007087384
110007087446
110007087473
110007087525
110007087598
110007087614
110007087678
110007087687
110007087703
110007087712
110007087721
110007087776
110007087829
110007087883
110007087918
110007087927
110007087936
110007087954
110007087963
110007087981
110007088034
110007088061
110007088070
110007088089
110007088105
110007088132
110007088150
110007088178
110007088203
110007088212
110007088221
110007088230
110007088276
110007088310
110007088356
110007088374
110007088427
110007088445
110007088454
110007088472
110007088506
110007088542
110007088551
110007088579
110007088588
110007088613
110007088631
110007088668
110007088677
110007088686
110007088711
110007088739
110007088784
110007088793
110007088800
110007088837
110007088855
110007088873
110007088891
110007088917
110007088944
110007088953
110007088962
110007088999
110007089006
110007089015
110007089033
110007089042
110007089104
110007089113
110007089131
110007089140
110007089168
110007089364
110007089373
110007089426
110007089523
110007089532
110007089569
110007089596
110007089649
110007089685
110007089729
110007089738
110007089747
110007089756
110007089765
110007089809
110007089854
110007089863
110007089881
110007089890
110007089907
110007089916
110007089925
110007089934
110007089943
110007089952
110007089961
110007089970
110007089989
110007089998
110007090003
110007090012
110007090058
110007090101
110007090129
110007090165
110007090174
110007090218
110007090245
110007090254
110007090272
110007090281
110007090343
110007090361
110007090389
110007090405
110007090405
110007090414
110007090432
110007090441
110007090450
110007090469
110007090478
110007090502
110007090520
110007090539
110007090557
110007090566
110007090575
110007090584
110007090593
110007090637
110007090655
110007090673
110007090682
110007090691
110007090717
110007090726
110007090735
110007090744
110007090753
110007090771
110007090780
110007090799
110007090806
110007090815
110007090833
110007090842
110007090851
110007090860
110007090879
110007090888
110007107745
110007107754
110007107781
110007107790
110007107807
110007107825
110007107852
110007107905
110007108076
110007108174
110007108209
110007108334
110007108487
110007108496
110007108539
110007108619
110007108646
110007108655
110007108682
110007108824
110007108860
110007108888
110007108913
110007108931
110007108959
110007108968
110007109093
110007109119
110007109244
110007109253
110007109271
110007109280
110007109397
110007109422
110007109486
110007109529
110007109538
110007109547
110007109583
110007109636
110007109663
110007109672
110007109690
110007109734
110007109743
110007109752
110007109761
110007109770
110007109789
110007109798
110007109896
110007109921
110007109949
110007109958
110007109967
110007109976
110007109985
110007109994
110007110009
110007110027
110007110081
110007110090
110007110107
110007110143
110007120542
110007120551
110007120560
110007120579
110007120588
110007120613
110007123442
110007156148
110007156157
110007156647
110007156656
110007156692
110007156718
110007156763
110007156870
110007156905
110007157101
110007157129
110007157138
110007157165
110007157192
110007157218
110007157307
110007157316
110007157325
110007157389
110007157904
110007158039
110007158128
110007158315
110007158333
110007158501
110007158743
110007159001
110007159911
110007159948
110007159984
110007160017
110007160035
110007160071
110007160080
110007160302
110007160400
110007160455
110007160491
110007160516
110007160650
110007160712
110007160721
110007161374
110007172843
110007172870
110007172905
110007173012
110007173192
110007173496
110007173511
110007173520
110007173539
110007173584
110007173646
110007173664
110007173673
110007173691
110007173780
110007173815
110007173824
110007173860
110007173897
110007173913
110007173922
110007173931
110007173959
110007173968
110007174011
110007174039
110007174057
110007174075
110007174100
110007174119
110007174155
110007174173
110007174217
110007174262
110007174280
110007174315
110007174565
110007174583
110007174609
110007174681
110007174707
110007174734
110007174798
110007177241
110007177447
110007177704
110007178142
110007178598
110007178918
110007179178
110007179285
110007179436
110007179454
110007179515
110007179793
110007179828
110007179837
110007179980
110007180399
110007180861
110007182734
110007182823
110007182832
110007183038
110007183234
110007183699
110007183715
110007183831
110007183859
110007183902
110007183920
110007184171
110007184206
110007184279
110007184288
110007184297
110007184304
110007184322
110007184386
110007184439
110007184457
110007184493
110007184554
110007184607
110007184634
110007184643
110007184714
110007184876
110007184983
110007185054
110007185385
110007185456
110007185492
110007185508
110007185526
110007185553
110007185599
110007185606
110007185633
110007185651
110007185839
110007185875
110007186053
110007186400
110007186446
110007186507
110007186516
110007186623
110007186650
110007186669
110007186749
110007186758
110007186776
110007186838
110007186981
110007187016
110007187034
110007187052
110007187089
110007187105
110007187123
110007187132
110007187212
110007187221
110007187267
110007187276
110007187285
110007187329
110007187392
110007187418
110007187427
110007187436
110007187445
110007187481
110007187490
110007187515
110007187542
110007187579
110007187604
110007187640
110007187668
110007187677
110007187766
110007187775
110007187819
110007187917
110007188033
110007188079
110007188097
110007188202
110007188239
110007188257
110007188319
110007188346
110007188364
110007188444
110007188453
110007188499
110007188505
110007188550
110007188596
110007188621
110007188649
110007188658
110007188701
110007188729
110007188765
110007188774
110007188792
110007188809
110007188818
110007188836
110007188872
110007188943
110007188961
110007188970
110007188989
110007189014
110007189023
110007189069
110007189087
110007189096
110007189103
110007189112
110007189121
110007189130
110007189149
110007189158
110007189194
110007189210
110007189229
110007189238
110007189274
110007189283
110007189292
110007189327
110007189363
110007189390
110007189416
110007189452
110007189470
110007189489
110007189513
110007189522
110007189531
110007189602
110007189648
110007189693
110007189700
110007189746
110007189808
110007189880
110007189933
110007189997
110007190048
110007190093
110007190119
110007190128
110007190173
110007190182
110007190217
110007190226
110007190280
110007190324
110007190413
110007190583
110007190645
110007190654
110007190663
110007190681
110007190707
110007190725
110007190789
110007190823
110007190832
110007190878
110007190896
110007190921
110007190930
110007190949
110007190958
110007190985
110007191029
110007191118
110007191154
110007191172
110007191181
110007191216
110007191225
110007191270
110007191289
110007191298
110007191314
110007191323
110007191341
110007191387
110007191396
110007191403
110007191449
110007191519
110007191555
110007191582
110007191608
110007191617
110007191626
110007191653
110007191699
110007191706
110007191724
110007191760
110007191779
110007191788
110007191797
110007191813
110007191822
110007191859
110007191868
110007191877
110007191886
110007191911
110007191920
110007191948
110007191957
110007191993
110007192000
110007192037
110007192046
110007192055
110007192073
110007192082
110007192108
110007192126
110007192233
110007192242
110007192251
110007192260
110007192279
110007192304
110007192331
110007192340
110007192359
110007192411
110007192439
110007192457
110007192527
110007192536
110007192563
110007192625
110007192661
110007192714
110007192732
110007211016
110007211141
110007212783
110007212863
110007212872
110007212881
110007212998
110007213103
110007213112
110007213238
110007213256
110007214095
110007214120
110007214255
110007214371
110007214380
110007215129
110007215156
110007215165
110007215245
110007215263
110007215405
110007220710
110007220792
110007220890
110007221032
110007221096
110007221210
110007222022
110007222754
110007222825
110007232100
110007232253
110007232262
110007232280
110007232299
110007232315
110007232333
110007232342
110007232351
110007232360
110007232379
110007232388
110007232397
110007232404
110007232413
110007232422
110007232431
110007232440
110007232459
110007232468
110007232477
110007232495
110007232501
110007232529
110007232538
110007232547
110007232574
110007232583
110007232609
110007232618
110007232636
110007232645
110007232663
110007232681
110007232716
110007232752
110007232798
110007232805
110007232823
110007232832
110007232878
110007232896
110007232949
110007233010
110007233056
110007233083
110007233118
110007233136
110007233145
110007233154
110007233163
110007233172
110007233181
110007233190
110007233207
110007233234
110007233252
110007233261
110007233270
110007233289
110007233305
110007233332
110007233369
110007233387
110007233421
110007233430
110007233467
110007233476
110007233519
110007233564
110007233591
110007233626
110007233635
110007233644
110007233653
110007233706
110007233760
110007233779
110007233797
110007233804
110007233831
110007233840
110007233939
110007233957
110007233975
110007233993
110007234028
110007234073
110007234091
110007234135
110007234144
110007234162
110007234180
110007234297
110007234313
110007234340
110007234368
110007234377
110007234402
110007234448
110007234466
110007234484
110007234572
110007234581
110007234590
110007234616
110007234634
110007234643
110007234652
110007234670
110007234750
110007234858
110007234910
110007235063
110007235081
110007235116
110007235125
110007235134
110007235170
110007235269
110007235321
110007235394
110007235410
110007235429
110007235447
110007235456
110007235492
110007235517
