110007235571
110007235679
110007235722
110007235731
110007235740
110007235768
110007235802
110007235875
110007235900
110007235928
110007235973
110007236017
110007236106
110007236179
110007236213
110007236277
110007236286
110007236384
110007236393
110007236400
110007236419
110007236455
110007242894
110007242929
110007242947
110007242983
110007243018
110007243081
110007243116
110007243143
110007243214
110007243321
110007243376
110007243394
110007243688
110007243713
110007243768
110007243848
110007243866
110007243919
110007243928
110007243937
110007243946
110007243973
110007244026
110007244035
110007244080
110007244124
110007244133
110007244142
110007244151
110007244160
110007244179
110007244188
110007244197
110007244213
110007244222
110007244259
110007244268
110007244277
110007244286
110007244295
110007244302
110007244311
110007244320
110007244339
110007244348
110007244357
110007244393
110007244446
110007244455
110007244507
110007244516
110007244525
110007244534
110007244543
110007244552
110007244598
110007244605
110007244614
110007244641
110007244687
110007244712
110007244767
110007244776
110007244794
110007244810
110007244829
110007244847
110007244883
110007244918
110007244936
110007244972
110007245007
110007245025
110007245043
110007245052
110007245061
110007245070
110007245114
110007245169
110007245196
110007245203
110007245221
110007245230
110007245258
110007245267
110007245285
110007245294
110007245301
110007245347
110007245356
110007245374
110007245392
110007245409
110007245418
110007245490
110007247345
110007247407
110007247434
110007247452
110007247461
110007247504
110007247513
110007247595
110007247648
110007247666
110007247675
110007247684
110007247693
110007247737
110007247746
110007247755
110007247764
110007247773
110007247782
110007247791
110007247808
110007247817
110007247826
110007247835
110007247853
110007247862
110007247871
110007247880
110007247899
110007247906
110007247915
110007247933
110007247942
110007247951
110007247979
110007247988
110007247997
110007248004
110007248095
110007248102
110007248120
110007248139
110007248184
110007248193
110007248200
110007248228
110007248273
110007248317
110007248326
110007248353
110007248362
110007248371
110007248380
110007248399
110007248406
110007248424
110007248503
110007248512
110007248521
110007248530
110007248567
110007248585
110007248683
110007248736
110007248763
110007248790
110007248825
110007248843
110007248861
110007248905
110007248932
110007248950
110007248969
110007249003
110007249058
110007249067
110007249076
110007249138
110007249183
110007249192
110007249209
110007249227
110007249263
110007249281
110007249316
110007249325
110007249343
110007249352
110007249389
110007249414
110007249441
110007249450
110007249487
110007249502
110007249511
110007249520
110007249557
110007249566
110007249655
110007249682
110007249708
110007249753
110007249799
110007249806
110007249833
110007249904
110007249940
110007250009
110007250063
110007250107
110007250116
110007250125
110007250134
110007250143
110007250170
110007250198
110007250205
110007250214
110007250223
110007250232
110007250241
110007250250
110007250269
110007250287
110007250296
110007250303
110007250312
110007250321
110007250330
110007251927
110007251936
110007251954
110007252588
110007252631
110007252668
110007252702
110007252739
110007252748
110007252757
110007252775
110007252784
110007252819
110007252908
110007252926
110007252953
110007252962
110007252971
110007253033
110007253042
110007253051
110007253079
110007253122
110007253248
110007253257
110007253266
110007253275
110007253293
110007253300
110007253319
110007253391
110007253408
110007253462
110007253499
110007253523
110007253532
110007253541
110007253550
110007253569
110007253587
110007253596
110007253603
110007253630
110007253649
110007253701
110007254540
110007254835
110007254844
110007254853
110007254862
110007254871
110007254880
110007254899
110007254906
110007254915
110007254924
110007254979
110007254997
110007255004
110007255068
110007255086
110007255102
110007255111
110007255120
110007255139
110007255228
110007255282
110007255291
110007255308
110007255326
110007255335
110007255344
110007255353
110007255362
110007255371
110007255380
110007255399
110007255415
110007255433
110007255610
110007255629
110007255781
110007255807
110007255834
110007255843
110007255889
110007255914
110007255923
110007255950
110007255969
110007255978
110007256012
110007272986
110007280218
110007280227
110007280254
110007281912
110007281976
110007282029
110007282065
110007282118
110007282154
110007282458
110007282537
110007282617
110007282626
110007282653
110007282662
110007282779
110007282822
110007282831
110007282886
110007282911
110007283046
110007283126
110007283251
110007283279
110007283769
110007283821
110007283894
110007283965
110007284081
110007284508
110007284571
110007284599
110007284660
110007285240
110007285437
110007285632
110007285650
110007285669
110007287122
110007287131
110007287239
110007287257
110007287300
110007287319
110007287738
110007287916
110007287925
110007287989
110007288041
110007288229
110007288238
110007288256
110007288283
110007288345
110007288354
110007288416
110007288434
110007288498
110007288602
110007288611
110007288620
110007288684
110007288693
110007288755
110007288764
110007288817
110007288906
110007288997
110007289068
110007289344
110007289362
110007289380
110007289451
110007289460
110007289497
110007289638
110007289647
110007289763
110007289772
110007289781
110007289834
110007289843
110007289898
110007290564
110007309616
110007336150
110007336169
110007338292
110007338309
110007338327
110007338336
110007338817
110007338826
110007347399
110007347424
110007347460
110007347488
110007347549
110007347558
110007347638
110007347683
110007347709
110007347727
110007347754
110007347763
110007347790
110007347825
110007347852
110007347861
110007347870
110007347898
110007347914
110007347950
110007347969
110007347987
110007348012
110007348030
110007348058
110007348192
110007348227
110007348245
110007348263
110007348316
110007348343
110007348352
110007348405
110007348432
110007348441
110007348450
110007354362
110007354433
110007354497
110007354530
110007354638
110007354683
110007354692
110007354709
110007354718
110007354736
110007354790
110007354807
110007354825
110007354852
110007354898
110007354996
110007355012
110007355021
110007355030
110007355049
110007355067
110007355094
110007355101
110007355129
110007355138
110007355147
110007355156
110007355165
110007355174
110007355209
110007355218
110007355272
110007355290
110007355307
110007355316
110007355334
110007355370
110007355398
110007355414
110007355478
110007355487
110007355502
110007355511
110007355520
110007355593
110007355600
110007355619
110007355646
110007355655
110007355664
110007355691
110007355708
110007355753
110007355762
110007355780
110007355815
110007355824
110007355833
110007355842
110007355851
110007355888
110007355904
110007355913
110007355931
110007355977
110007355986
110007355995
110007356039
110007356048
110007356066
110007356075
110007356128
110007356137
110007356146
110007356173
110007356182
110007356191
110007356217
110007356226
110007356235
110007356253
110007356271
110007356299
110007356342
110007356351
110007356379
110007356388
110007356404
110007356413
110007356422
110007356440
110007356459
110007356468
110007356486
110007356495
110007356565
110007356645
110007356672
110007356681
110007356690
110007356707
110007356725
110007356761
110007356770
110007356869
110007356903
110007356921
110007356949
110007356994
110007357001
110007357010
110007357029
110007357065
110007357092
110007357109
110007357118
110007357127
110007357172
110007357207
110007357234
110007357305
110007357378
110007357403
110007357449
110007357458
110007364636
110007364645
110007364654
110007364663
110007364690
110007364716
110007364725
110007364798
110007364814
110007364832
110007364903
110007364912
110007364949
110007364958
110007364967
110007364985
110007364994
110007365001
110007365010
110007365038
110007365047
110007365109
110007365118
110007365127
110007365136
110007365154
110007365172
110007365225
110007365234
110007365252
110007365261
110007365289
110007365341
110007365350
110007365369
110007365387
110007365467
110007365485
110007365500
110007365528
110007365546
110007365582
110007365608
110007365617
110007365626
110007365635
110007365644
110007365653
110007365760
110007365895
110007365902
110007365984
110007366000
110007366144
110007366180
110007366199
110007366215
110007366288
110007366368
110007366377
110007366386
110007366439
110007366448
110007366475
110007366554
110007366563
110007375214
110007375223
110007375250
110007375278
110007375287
110007375296
110007375303
110007375394
110007375410
110007375429
110007375447
110007381877
110007381948
110007381975
110007384473
110007384516
110007384534
110007384776
110007384785
110007384810
110007390723
110007390732
110007390741
110007390769
110007390787
110007390796
110007390803
110007390803
110007392053
110007392080
110007393196
110007393230
110007393356
110007394943
110007395050
110007395078
110007395096
110007395942
110007395951
110007395979
110007395988
110007396004
110007396200
110007396219
110007396228
110007396692
110007397003
110007397012
110007397021
110007397511
110007397762
110007397771
110007398173
110007398315
110007398342
110007398351
110007398360
110007398440
110007398468
110007398501
110007398529
110007398565
110007398574
110007398583
110007398592
110007398645
110007398878
110007398887
110007399092
110007399145
110007399154
110007399207
110007399216
110007399225
110007399234
110007399289
110007399298
110007399305
110007399369
110007399403
110007399494
110007399546
110007399591
110007399608
110007399680
110007399706
110007399760
110007399804
110007399877
110007399939
110007399957
110007399966
110007400071
110007400080
110007400222
110007400240
110007400268
110007400302
110007400366
110007400400
110007400507
110007400767
110007400954
110007401007
110007401052
110007401178
110007401221
110007401310
110007401338
110007401356
110007401454
110007401463
110007401472
110007401490
110007401542
110007401659
110007401800
110007401864
110007401908
110007401935
110007401944
110007401953
110007401962
110007401980
110007401999
110007402006
110007402051
110007402079
110007402088
110007402097
110007402113
110007402131
110007402140
110007402159
110007402168
110007402202
110007402248
110007402257
110007402266
110007402293
110007402300
110007402444
110007402453
110007402462
110007402471
110007402480
110007402514
110007402523
110007402532
110007402550
110007402569
110007402578
110007402596
110007402603
110007402612
110007402658
110007402667
110007402676
110007402701
110007402729
110007402738
110007402747
110007402756
110007402765
110007402783
110007402827
110007402854
110007402863
110007402881
110007402890
110007402907
110007402934
110007402943
110007402952
110007402961
110007402970
110007402989
110007402998
110007403014
110007403023
110007403041
110007403050
110007403069
110007403078
110007403096
110007403103
110007403112
110007403158
110007403167
110007403176
110007403201
110007403247
110007403256
110007403265
110007403274
110007403283
110007403292
110007403309
110007403318
110007403327
110007403336
110007403345
110007403354
110007403372
110007403390
110007403416
110007403425
110007403434
110007403461
110007403470
110007403489
110007403498
110007403504
110007403513
110007403522
110007403531
110007403540
110007403568
110007403577
110007403586
110007403611
110007403639
110007403648
110007403657
110007403666
110007403675
110007403693
110007403719
110007403728
110007403746
110007403755
110007403764
110007403773
110007403782
110007403791
110007403817
110007403826
110007403835
110007403844
110007403853
110007403862
110007403871
110007403880
110007403906
110007403915
110007403924
110007403933
110007403942
110007403951
110007403960
110007403979
110007403988
110007403997
110007404004
110007404022
110007404031
110007404040
110007404068
110007404095
110007404102
110007404111
110007404120
110007404139
110007404193
110007404200
110007404219
110007404237
110007404282
110007404326
110007404335
110007404362
110007404380
110007404399
110007404406
110007404415
110007404424
110007404433
110007404451
110007404460
110007404479
110007404497
110007404503
110007404530
110007404549
110007404558
110007404567
110007404576
110007404585
110007404594
110007404601
110007404610
110007404629
110007404638
110007404647
110007404665
110007404674
110007404683
110007404692
110007404709
110007404727
110007404736
110007404754
110007404763
110007404781
110007404790
110007404807
110007404816
110007404834
110007404861
110007404870
110007404889
110007404898
110007404905
110007404914
110007404923
110007404932
110007404941
110007404950
110007404969
110007404978
110007404987
110007405012
110007405021
110007405049
110007405058
110007405067
110007405076
110007405094
110007405101
110007405129
110007405138
110007405147
110007405174
110007405192
110007405209
110007405218
110007405227
110007405236
110007405245
110007405254
110007405263
