110007405272
110007405281
110007405290
110007405307
110007405316
110007405325
110007405334
110007405343
110007405352
110007405370
110007405389
110007405414
110007405432
110007405441
110007405450
110007405469
110007405478
110007405487
110007405496
110007405502
110007405511
110007405520
110007405539
110007405548
110007405557
110007405575
110007405584
110007405593
110007405619
110007405628
110007405637
110007405646
110007405655
110007405664
110007405673
110007405682
110007405691
110007405708
110007405717
110007405726
110007405735
110007405744
110007405753
110007405762
110007405771
110007405780
110007405799
110007405806
110007405815
110007405824
110007405833
110007405842
110007405851
110007405879
110007405888
110007405897
110007405922
110007405931
110007405959
110007405968
110007405977
110007405986
110007406011
110007406020
110007406039
110007406048
110007406057
110007406066
110007406075
110007406084
110007406093
110007406119
110007406137
110007406146
110007406164
110007406173
110007406182
110007406191
110007406208
110007406217
110007406226
110007406244
110007406253
110007406262
110007406271
110007406280
110007406299
110007406306
110007406324
110007406333
110007406342
110007406388
110007406397
110007406404
110007406422
110007406431
110007406440
110007406459
110007406486
110007406501
110007406510
110007406529
110007406538
110007406547
110007406556
110007406565
110007406574
110007406583
110007406609
110007406618
110007406627
110007406636
110007406645
110007406654
110007406663
110007406681
110007406690
110007406707
110007406716
110007406725
110007406743
110007406752
110007406761
110007406770
110007406798
110007406832
110007406841
110007406869
110007406878
110007406887
110007406896
110007406903
110007406912
110007406921
110007406930
110007406949
110007406967
110007406976
110007406985
110007406994
110007407001
110007407029
110007407038
110007407047
110007407056
110007407065
110007407092
110007407127
110007407136
110007407145
110007407154
110007407172
110007407181
110007407190
110007407207
110007407216
110007407225
110007407243
110007407252
110007407261
110007407270
110007407289
110007407298
110007407314
110007407323
110007407332
110007407341
110007407350
110007407378
110007407387
110007407396
110007407412
110007407421
110007407430
110007407449
110007407458
110007407467
110007407476
110007407485
110007407528
110007407537
110007407555
110007407564
110007407582
110007407591
110007407608
110007407617
110007407644
110007407653
110007407662
110007407671
110007407706
110007407733
110007407751
110007407760
110007407779
110007407788
110007407797
110007407813
110007407840
110007407859
110007407877
110007407886
110007409429
110007411050
110007412460
110007412479
110007412488
110007412497
110007412512
110007412530
110007412549
110007412558
110007412567
110007412576
110007412585
110007412594
110007412601
110007412610
110007412629
110007412638
110007412647
110007412656
110007412665
110007412674
110007412683
110007412709
110007412718
110007412727
110007412736
110007412745
110007412754
110007412772
110007412781
110007412790
110007412816
110007412825
110007412843
110007412861
110007412870
110007412889
110007412898
110007412905
110007412914
110007412950
110007412978
110007412987
110007412996
110007413003
110007413012
110007413085
110007413110
110007413174
110007413183
110007413192
110007413209
110007413236
110007413245
110007413281
110007413290
110007413307
110007413316
110007413325
110007413352
110007413398
110007413432
110007413441
110007413478
110007413487
110007413502
110007413539
110007413548
110007413557
110007413566
110007413575
110007413593
110007413600
110007413637
110007413646
110007413673
110007413682
110007413726
110007413780
110007413824
110007413833
110007413851
110007413879
110007413888
110007413897
110007413904
110007413922
110007413931
110007413940
110007413959
110007413977
110007414002
110007414011
110007414020
110007414039
110007414066
110007414084
110007414093
110007414100
110007414137
110007414146
110007414155
110007414164
110007414173
110007414182
110007414191
110007414217
110007414226
110007414235
110007414244
110007414253
110007414280
110007414306
110007414315
110007414342
110007414351
110007414379
110007414388
110007414397
110007414422
110007414431
110007414440
110007414459
110007414468
110007414477
110007414486
110007414495
110007414510
110007414529
110007414538
110007414547
110007414565
110007414574
110007414592
110007414618
110007414627
110007414636
110007414645
110007414654
110007414663
110007414672
110007414681
110007414690
110007414716
110007414725
110007414734
110007414743
110007414752
110007414761
110007414770
110007414789
110007414798
110007414805
110007414814
110007414832
110007414841
110007414850
110007414869
110007414878
110007414887
110007414896
110007414903
110007414912
110007414930
110007414949
110007414976
110007414985
110007414994
110007415001
110007415010
110007415029
110007415038
110007415056
110007415065
110007415074
110007415083
110007415092
110007415109
110007415118
110007415127
110007415136
110007415145
110007415154
110007415163
110007415181
110007415190
110007415207
110007415216
110007415225
110007415234
110007415243
110007415261
110007415270
110007415289
110007415298
110007415305
110007415314
110007415323
110007415332
110007415350
110007415369
110007415378
110007415387
110007415396
110007415412
110007415430
110007415449
110007415458
110007415467
110007415485
110007415494
110007415500
110007415519
110007415528
110007415537
110007415546
110007415555
110007415564
110007415573
110007415582
110007415591
110007415608
110007415626
110007415644
110007415653
110007415662
110007415671
110007415680
110007415699
110007415706
110007415715
110007415724
110007415742
110007415760
110007415788
110007415804
110007415813
110007415831
110007415840
110007415859
110007415868
110007415877
110007415886
110007415895
110007415902
110007415911
110007415920
110007415939
110007415948
110007415957
110007415966
110007415975
110007415993
110007416000
110007416019
110007416028
110007416037
110007416046
110007416055
110007416064
110007416073
110007416091
110007416108
110007416117
110007416126
110007416135
110007416153
110007416162
110007416171
110007416199
110007416206
110007416215
110007416224
110007416242
110007416251
110007416260
110007416279
110007416288
110007416313
110007416322
110007416331
110007416340
110007416359
110007416368
110007416395
110007416402
110007416411
110007416448
110007416466
110007416475
110007416484
110007416518
110007416527
110007416536
110007416554
110007416563
110007416572
110007416581
110007416590
110007416607
110007416625
110007416634
110007416643
110007416652
110007416661
110007416670
110007416698
110007416705
110007416723
110007416732
110007416741
110007416750
110007416769
110007416787
110007416796
110007416803
110007416812
110007416821
110007416830
110007416849
110007416858
110007416867
110007416876
110007416885
110007416894
110007416910
110007416929
110007416938
110007416947
110007416956
110007416965
110007416992
110007417018
110007417027
110007417036
110007417054
110007417063
110007417072
110007417081
110007417107
110007417116
110007417134
110007417152
110007417170
110007417189
110007417205
110007417232
110007417250
110007417269
110007417278
110007417303
110007417312
110007417321
110007417330
110007417367
110007417376
110007417385
110007417394
110007417401
110007417438
110007417447
110007417456
110007417465
110007417474
110007417483
110007417492
110007417508
110007417517
110007417526
110007417535
110007417544
110007417553
110007417562
110007417571
110007417580
110007417599
110007417606
110007417615
110007417624
110007417633
110007417642
110007417651
110007417660
110007417679
110007417688
110007417697
110007417704
110007417713
110007417722
110007417740
110007417759
110007417786
110007417795
110007417802
110007417811
110007417820
110007417839
110007417848
110007417866
110007417875
110007417884
110007417900
110007417919
110007417928
110007417937
110007417946
110007417955
110007417964
110007417973
110007417982
110007417991
110007418008
110007418017
110007418026
110007418035
110007418044
110007418053
110007418062
110007418071
110007418080
110007418099
110007418106
110007418115
110007418124
110007418133
110007418151
110007418160
110007418179
110007418188
110007418197
110007418204
110007418222
110007418231
110007418240
110007418259
110007418268
110007418277
110007418286
110007418295
110007418302
110007418311
110007418320
110007418339
110007418357
110007418366
110007418375
110007418384
110007418393
110007418400
110007418419
110007418428
110007418437
110007418446
110007418455
110007418464
110007418473
110007418482
110007418491
110007418507
110007418516
110007418525
110007418543
110007418570
110007418589
110007418598
110007418605
110007418614
110007418623
110007418632
110007418641
110007418650
110007418669
110007418678
110007418687
110007418703
110007418712
110007418721
110007418730
110007418749
110007418758
110007418767
110007418776
110007418785
110007418794
110007418801
110007418829
110007418838
110007418865
110007418874
110007418883
110007418892
110007418936
110007418945
110007418954
110007418972
110007418981
110007418990
110007419007
110007419016
110007419025
110007419052
110007419061
110007419070
110007419089
110007419098
110007419114
110007419132
110007419141
110007419150
110007419169
110007419178
110007419187
110007419196
110007419212
110007419230
110007419249
110007419267
110007419276
110007419285
110007419294
110007419310
110007419338
110007419347
110007419356
110007419365
110007419383
110007419392
110007419409
110007419418
110007419427
110007419454
110007419463
110007419472
110007419481
110007419506
110007419515
110007419551
110007419560
110007419579
110007419604
110007419613
110007419631
110007419640
110007419659
110007419677
110007419695
110007419702
110007419711
110007419720
110007419739
110007419748
110007419757
110007419766
110007419793
110007419800
110007419837
110007419846
110007419855
110007419864
110007419882
110007419891
110007419908
110007419926
110007419935
110007419944
110007419971
110007419980
110007419999
110007420013
110007420059
110007420068
110007420086
110007420095
110007420102
110007420111
110007420148
110007420200
110007420219
110007420228
110007420237
110007420246
110007420255
110007420282
110007420308
110007420317
110007420326
110007420335
110007420344
110007420353
110007420362
110007420380
110007420399
110007420406
110007420415
110007420424
110007420433
110007420442
110007420451
110007420479
110007420497
110007420503
110007420530
110007420549
110007420567
110007420576
110007420594
110007420601
110007420610
110007420629
110007420638
110007420647
110007420656
110007420665
110007420674
110007420683
110007420692
110007420709
110007420727
110007420736
110007420745
110007420763
110007420772
110007420781
110007420790
110007420816
110007420825
110007420834
110007420843
110007420852
110007420861
110007420870
110007420889
110007420923
110007420932
110007420941
110007420969
110007420987
110007420996
110007421012
110007421021
110007421049
110007421067
110007421076
110007421094
110007421101
110007421110
110007421129
110007421138
110007421156
110007421165
110007421174
110007421183
110007421192
110007421209
110007421218
110007421236
110007421245
110007421272
110007421281
110007421290
110007421307
110007421316
110007421334
110007421352
110007421361
110007421370
110007421389
110007421414
110007421423
110007421432
110007421441
110007421450
110007421478
110007421487
110007421496
110007421502
110007421539
110007421548
110007421557
110007421566
110007421575
110007421593
110007421600
110007421619
110007421628
110007421646
110007421682
110007421691
110007421708
110007421717
110007421726
110007421735
110007421753
110007421762
110007421771
110007421780
110007421824
110007421851
110007421860
110007421897
110007421904
110007421913
110007421922
110007421931
110007421940
110007421959
110007421977
110007421986
110007421995
110007422002
110007422011
110007422020
110007422039
110007422048
110007422057
110007422066
110007422075
110007422084
110007422093
110007422100
110007422119
110007422128
110007422137
110007422155
110007422164
110007422182
110007422191
110007422208
110007422217
110007422235
110007422244
110007422253
110007422262
110007422271
110007422280
110007422299
110007422315
110007422324
110007422333
110007422360
110007422379
110007422388
110007422397
110007422413
110007422431
110007422468
110007422486
110007422510
110007422538
110007422565
110007422583
110007422618
110007422627
110007422636
110007422645
110007422654
110007422663
110007422672
110007422681
110007422690
110007422707
110007422716
110007422725
110007422743
110007422752
110007422770
110007422789
110007422805
110007422814
110007422823
110007422832
110007422841
110007422869
110007422878
110007422887
110007422903
110007422912
110007422921
110007422930
110007422958
110007422967
110007422976
110007422994
110007423001
110007423010
110007423029
110007423038
110007423056
110007423065
110007423074
110007423083
110007423092
110007423109
110007423127
110007423136
110007423145
