110007423154
110007423172
110007423181
110007423190
110007423225
110007423234
110007423252
110007423261
110007423270
110007423289
110007423298
110007423305
110007423323
110007423341
110007423350
110007423369
110007423378
110007423387
110007423396
110007423403
110007423412
110007423430
110007423449
110007423458
110007423467
110007423476
110007423485
110007423494
110007423500
110007423519
110007423528
110007423546
110007423555
110007423573
110007423582
110007423591
110007423608
110007423617
110007423635
110007423644
110007423653
110007423662
110007423699
110007423706
110007423715
110007423724
110007423733
110007423751
110007423760
110007423788
110007423797
110007423804
110007423822
110007423831
110007423840
110007423859
110007423868
110007423877
110007423895
110007423902
110007423911
110007423920
110007423939
110007423948
110007423957
110007423966
110007423975
110007423984
110007424000
110007424019
110007424028
110007424037
110007424046
110007424055
110007424064
110007424073
110007424108
110007424117
110007424126
110007424144
110007424153
110007424162
110007424171
110007424215
110007424224
110007424233
110007424242
110007424251
110007424260
110007424288
110007424297
110007424331
110007424340
110007424368
110007424386
110007424395
110007424402
110007424411
110007424420
110007424439
110007424466
110007424475
110007424484
110007424493
110007424518
110007424527
110007424536
110007424545
110007424554
110007424563
110007424572
110007424581
110007424590
110007424607
110007424634
110007424652
110007424661
110007424670
110007424698
110007424705
110007424714
110007424723
110007424750
110007424769
110007424778
110007424787
110007424796
110007424803
110007424812
110007424821
110007424830
110007424849
110007424858
110007424867
110007424876
110007424894
110007424901
110007424910
110007424929
110007424938
110007424965
110007424983
110007425009
110007425018
110007425036
110007425045
110007425081
110007425090
110007425107
110007425134
110007425143
110007425152
110007425170
110007425189
110007425198
110007425205
110007425214
110007425223
110007425269
110007425278
110007425303
110007425321
110007425330
110007425358
110007425376
110007425394
110007425401
110007425410
110007425438
110007425447
110007425465
110007425474
110007425483
110007425492
110007425508
110007425517
110007425535
110007425544
110007425553
110007425562
110007425571
110007425599
110007425606
110007425624
110007425633
110007425642
110007425651
110007425660
110007425688
110007425697
110007425704
110007425713
110007425731
110007425740
110007425777
110007425802
110007425811
110007425820
110007425839
110007425848
110007425857
110007425866
110007425875
110007425893
110007425928
110007425937
110007425946
110007425955
110007425973
110007425982
110007426017
110007426026
110007426035
110007426062
110007426071
110007426099
110007426106
110007426115
110007426133
110007426160
110007426179
110007426197
110007426213
110007426222
110007426240
110007426259
110007426268
110007426277
110007426286
110007426295
110007426311
110007426339
110007426348
110007426357
110007426366
110007426375
110007426384
110007426393
110007426400
110007426419
110007426428
110007426437
110007426446
110007426455
110007426464
110007426473
110007426482
110007426491
110007426507
110007426516
110007426534
110007426543
110007426552
110007426561
110007426570
110007426589
110007426598
110007426605
110007426614
110007426623
110007426632
110007426641
110007426650
110007426669
110007426678
110007426687
110007426696
110007426703
110007426712
110007426721
110007426730
110007426749
110007426767
110007426776
110007426785
110007426794
110007426801
110007426810
110007426829
110007426847
110007426856
110007426865
110007426892
110007426918
110007426927
110007426936
110007426963
110007426972
110007426981
110007427007
110007427016
110007427025
110007427034
110007427043
110007427052
110007427061
110007427070
110007427089
110007427098
110007427105
110007427114
110007427123
110007427132
110007427141
110007427150
110007427169
110007427187
110007427196
110007427203
110007427212
110007427221
110007427230
110007427249
110007427285
110007427294
110007427301
110007427310
110007427329
110007427338
110007427347
110007427356
110007427365
110007427383
110007427392
110007427418
110007427427
110007427436
110007427454
110007427463
110007427490
110007427533
110007427542
110007427560
110007427579
110007427597
110007427604
110007427613
110007427622
110007427631
110007427640
110007427668
110007427677
110007427686
110007427695
110007427702
110007427720
110007427739
110007427757
110007427766
110007427775
110007427784
110007427800
110007427819
110007427828
110007427837
110007427846
110007427864
110007427873
110007427882
110007427917
110007427926
110007427944
110007427953
110007427971
110007427980
110007427999
110007428006
110007428024
110007428033
110007428042
110007428051
110007428079
110007428088
110007428097
110007428113
110007428122
110007428131
110007428159
110007428177
110007428186
110007428195
110007428202
110007428211
110007428248
110007428257
110007428293
110007428300
110007428319
110007428328
110007428337
110007428346
110007428364
110007428382
110007428391
110007428417
110007428426
110007428435
110007428444
110007428462
110007428471
110007428480
110007428514
110007428523
110007428532
110007428550
110007428569
110007428578
110007428587
110007428596
110007428612
110007428621
110007428630
110007428649
110007428667
110007428676
110007428694
110007428701
110007428710
110007428729
110007428738
110007428756
110007428765
110007428774
110007428792
110007428809
110007428818
110007428827
110007428836
110007428845
110007428854
110007428863
110007428872
110007428881
110007428890
110007428907
110007428916
110007428943
110007428952
110007428970
110007428989
110007428998
110007429014
110007429023
110007429041
110007429050
110007429069
110007429087
110007429096
110007429103
110007429121
110007429130
110007429149
110007429158
110007429167
110007429185
110007429194
110007429201
110007429210
110007429229
110007429247
110007429265
110007429274
110007429283
110007429292
110007429309
110007429318
110007429336
110007429345
110007429372
110007429381
110007429390
110007429407
110007429416
110007429425
110007429434
110007429443
110007429452
110007429461
110007429470
110007429498
110007429504
110007429522
110007429531
110007429540
110007429559
110007429577
110007429602
110007429611
110007429620
110007429639
110007429648
110007429657
110007429675
110007429684
110007429693
110007429719
110007429728
110007429737
110007429746
110007429755
110007429764
110007429773
110007429782
110007429791
110007429808
110007429817
110007429826
110007429853
110007429862
110007429871
110007429880
110007429906
110007429915
110007429933
110007429942
110007429951
110007429960
110007429979
110007429988
110007429997
110007430002
110007430011
110007430020
110007430039
110007430048
110007430057
110007430075
110007430093
110007430100
110007430119
110007430137
110007430155
110007430164
110007430182
110007430191
110007430208
110007430217
110007430226
110007430235
110007430271
110007430280
110007430299
110007430306
110007430315
110007430324
110007430333
110007430342
110007430351
110007430360
110007430379
110007430397
110007430404
110007430413
110007430422
110007430431
110007430440
110007430459
110007430468
110007430486
110007430501
110007430510
110007430529
110007430547
110007430556
110007430565
110007430583
110007430592
110007430609
110007430618
110007430627
110007430645
110007430654
110007430663
110007430672
110007430707
110007430716
110007430743
110007430752
110007430770
110007430789
110007430798
110007430805
110007430832
110007430841
110007430869
110007430878
110007430887
110007430896
110007430903
110007430921
110007430930
110007430949
110007430958
110007430967
110007430976
110007430985
110007430994
110007431001
110007431010
110007431029
110007431038
110007431056
110007431065
110007431074
110007431083
110007431092
110007431118
110007431127
110007431136
110007431145
110007431154
110007431172
110007431181
110007431190
110007431207
110007431216
110007431225
110007431234
110007431243
110007431252
110007431261
110007431270
110007431298
110007431305
110007431314
110007431323
110007431332
110007431341
110007431369
110007431378
110007431387
110007431396
110007431403
110007431412
110007431421
110007431430
110007431449
110007431458
110007431467
110007431476
110007431485
110007431494
110007431500
110007431519
110007431528
110007431537
110007431546
110007431555
110007431564
110007431573
110007431582
110007431591
110007431608
110007431617
110007431644
110007431653
110007431671
110007431680
110007431715
110007431724
110007431733
110007431742
110007431751
110007431760
110007431779
110007431788
110007431797
110007431804
110007431813
110007431822
110007431868
110007431877
110007431886
110007431902
110007431911
110007431920
110007431957
110007431966
110007431975
110007431984
110007431993
110007432000
110007432019
110007432028
110007432037
110007432046
110007432064
110007432073
110007432091
110007432108
110007432117
110007432126
110007432144
110007432153
110007432162
110007432171
110007432180
110007432199
110007432215
110007432224
110007432233
110007432242
110007432251
110007432313
110007432331
110007432359
110007432395
110007432420
110007432448
110007432466
110007432475
110007432484
110007432509
110007432518
110007432527
110007432536
110007432545
110007432554
110007432563
110007432572
110007432581
110007432590
110007432607
110007432616
110007432625
110007432634
110007432652
110007432661
110007432670
110007432689
110007432698
110007432714
110007432723
110007432732
110007432741
110007432750
110007432769
110007432778
110007432787
110007432796
110007432812
110007432830
110007432858
110007432867
110007432876
110007432901
110007432947
110007432965
110007432983
110007432992
110007433009
110007433027
110007433045
110007433054
110007433063
110007433072
110007433081
110007433090
110007433107
110007433116
110007433125
110007433161
110007433170
110007433189
110007433198
110007433205
110007433214
110007433232
110007433241
110007433250
110007433269
110007433278
110007433287
110007433321
110007433330
110007433358
110007433367
110007433376
110007433385
110007433394
110007433410
110007433429
110007433438
110007433447
110007433456
110007433465
110007433474
110007433492
110007433517
110007433544
110007433553
110007433599
110007433606
110007433633
110007433660
110007433704
110007433722
110007433731
110007433740
110007433759
110007433768
110007433777
110007433786
110007433795
110007433802
110007433811
110007433820
110007433839
110007433848
110007433857
110007433866
110007433875
110007433884
110007433893
110007433919
110007433937
110007433946
110007433955
110007433964
110007433973
110007433982
110007433991
110007434008
110007434017
110007434026
110007434053
110007434062
110007434071
110007434080
110007434099
110007434115
110007434124
110007434133
110007434142
110007434151
110007434160
110007434179
110007434188
110007434204
110007434213
110007434259
110007434277
110007434295
110007434302
110007434311
110007434320
110007434339
110007434348
110007434357
110007434366
110007434384
110007434393
110007434400
110007434428
110007434437
110007434455
110007434464
110007434473
110007434482
110007434491
110007434507
110007434516
110007434525
110007434534
110007434598
110007434605
110007434623
110007434632
110007434650
110007434678
110007434687
110007434703
110007434712
110007434730
110007434758
110007434776
110007434785
110007434794
110007434801
110007434810
110007434829
110007434847
110007434856
110007434865
110007434874
110007434892
110007434909
110007434918
110007434936
110007434963
110007434972
110007434990
110007435007
110007435016
110007435025
110007435034
110007435043
110007435070
110007435089
110007435098
110007435105
110007435114
110007435123
110007435132
110007435141
110007435150
110007435169
110007435178
110007435187
110007435203
110007435212
110007435221
110007435230
110007435249
110007435267
110007435276
110007435285
110007435294
110007435310
110007435329
110007435338
110007435347
110007435356
110007435365
110007435374
110007435383
110007435392
110007435409
110007435418
110007435436
110007435445
110007435454
110007435463
110007435472
110007435506
110007435524
110007435533
110007435551
110007435560
110007435579
110007435588
110007435597
110007435622
110007435631
110007435640
110007435659
110007435668
110007435677
110007435686
110007435695
110007435711
110007435720
110007435739
110007435748
110007435757
110007435766
110007435775
110007435784
110007435793
110007435800
110007435819
110007435828
110007435837
110007435846
110007435855
110007435864
110007435882
110007435891
110007435908
110007435917
110007435926
110007435944
110007435962
110007435980
110007436006
110007436015
110007436024
110007436042
110007436060
110007436079
110007436088
110007436097
110007436104
110007436113
110007436122
110007436159
110007436168
110007436177
110007436186
110007436195
110007436202
110007436211
110007436220
110007436239
110007436248
110007436257
110007436266
110007436275
110007436284
110007436293
