110007436328
110007436346
110007436355
110007436364
110007436373
110007436382
110007436408
110007436426
110007436435
110007436444
110007436453
110007436471
110007436480
110007436499
110007436505
110007436514
110007436523
110007436532
110007436541
110007436550
110007436569
110007436578
110007436587
110007436596
110007436603
110007436612
110007436621
110007436630
110007436649
110007436658
110007436667
110007436676
110007436685
110007436694
110007436701
110007436710
110007436729
110007436747
110007436756
110007436765
110007436774
110007436783
110007436792
110007436809
110007436827
110007436836
110007436854
110007436863
110007436881
110007436890
110007436907
110007436916
110007436925
110007436934
110007436943
110007436952
110007436961
110007436970
110007436989
110007436998
110007437005
110007437023
110007437032
110007437041
110007437050
110007437069
110007437078
110007437087
110007437096
110007437103
110007437112
110007437121
110007437130
110007437149
110007437167
110007437176
110007437185
110007437194
110007437201
110007437210
110007437229
110007437238
110007437247
110007437274
110007437283
110007437292
110007437309
110007437318
110007437336
110007437345
110007437354
110007437363
110007437372
110007437381
110007437390
110007437407
110007437416
110007437434
110007437443
110007437452
110007437461
110007437470
110007437489
110007437498
110007437504
110007437513
110007437522
110007437531
110007437540
110007437559
110007437568
110007437577
110007437586
110007437595
110007437602
110007437611
110007437620
110007437639
110007437648
110007437657
110007437666
110007437675
110007437684
110007437693
110007437700
110007437728
110007437737
110007437746
110007437755
110007437764
110007437782
110007437791
110007437808
110007437817
110007437826
110007437835
110007437844
110007437853
110007437862
110007437871
110007437880
110007437899
110007437906
110007437915
110007437924
110007437933
110007437942
110007437951
110007437960
110007437979
110007437988
110007437997
110007438004
110007438013
110007438022
110007438031
110007438040
110007438059
110007438068
110007438077
110007438086
110007438095
110007438102
110007438120
110007438139
110007438157
110007438166
110007438175
110007438193
110007438200
110007438219
110007438228
110007438237
110007438246
110007438264
110007438273
110007438282
110007438291
110007438308
110007438326
110007438335
110007438344
110007438353
110007438362
110007438371
110007438380
110007438399
110007438406
110007438415
110007438433
110007438442
110007438451
110007438460
110007438479
110007438488
110007438497
110007438503
110007438521
110007438530
110007438549
110007438558
110007438567
110007438585
110007438594
110007438601
110007438610
110007438629
110007438638
110007438647
110007438656
110007438665
110007438674
110007438709
110007438718
110007438727
110007438736
110007438745
110007438754
110007438763
110007438790
110007438816
110007438825
110007438834
110007438843
110007438852
110007438861
110007438870
110007438889
110007438905
110007438914
110007438923
110007438932
110007438941
110007438950
110007438969
110007438978
110007438987
110007438996
110007439003
110007439012
110007439021
110007439030
110007439058
110007439076
110007439085
110007439094
110007439101
110007439110
110007439129
110007439138
110007439147
110007439156
110007439165
110007439174
110007439183
110007439192
110007439209
110007439218
110007439227
110007439236
110007439245
110007439263
110007439272
110007439290
110007439307
110007439316
110007439325
110007439334
110007439343
110007439352
110007439361
110007439370
110007439389
110007439398
110007439405
110007439414
110007439423
110007439432
110007439450
110007439469
110007439478
110007439487
110007439496
110007439502
110007439511
110007439520
110007439539
110007439548
110007439566
110007439575
110007439584
110007439593
110007439619
110007439628
110007439637
110007439646
110007439655
110007439664
110007439673
110007439682
110007439691
110007439717
110007439726
110007439735
110007439753
110007439762
110007439780
110007439799
110007439815
110007439824
110007439833
110007439842
110007439851
110007439860
110007439879
110007439888
110007439897
110007439904
110007439922
110007439931
110007439940
110007439959
110007439968
110007439986
110007440000
110007440028
110007440037
110007440046
110007440055
110007440064
110007440073
110007440082
110007440091
110007440108
110007440117
110007440126
110007440135
110007440144
110007440153
110007440162
110007440171
110007440180
110007440199
110007440206
110007440215
110007440224
110007440233
110007440242
110007440260
110007440279
110007440288
110007440297
110007440304
110007440313
110007440322
110007440331
110007440359
110007440377
110007440386
110007440395
110007440411
110007440420
110007440439
110007440448
110007440457
110007440466
110007440475
110007440484
110007440493
110007440518
110007440527
110007440536
110007440545
110007440554
110007440572
110007440581
110007440590
110007440616
110007440625
110007440634
110007440643
110007440670
110007440689
110007440698
110007440705
110007440714
110007440732
110007440741
110007440750
110007440769
110007440778
110007440787
110007440796
110007440803
110007440812
110007440821
110007440830
110007440849
110007440858
110007440867
110007440876
110007440885
110007440894
110007440901
110007440910
110007440929
110007440947
110007440965
110007440992
110007441009
110007441018
110007441027
110007441036
110007441045
110007441063
110007441072
110007441081
110007441090
110007441107
110007441116
110007441125
110007441134
110007441143
110007441152
110007441161
110007441170
110007441189
110007441198
110007441205
110007441214
110007441223
110007441232
110007441241
110007441250
110007441269
110007441278
110007441287
110007441296
110007441303
110007441312
110007441321
110007441330
110007441349
110007441358
110007441367
110007441376
110007441385
110007441394
110007441401
110007441410
110007441429
110007441438
110007441447
110007441456
110007441465
110007441474
110007441483
110007441492
110007441508
110007441517
110007441526
110007441535
110007441553
110007441562
110007441580
110007441599
110007441606
110007441615
110007441624
110007441651
110007441688
110007441697
110007441704
110007441713
110007441722
110007441731
110007441740
110007441759
110007441768
110007441777
110007441786
110007441795
110007441802
110007441811
110007441820
110007441839
110007441848
110007441866
110007441875
110007441884
110007441900
110007441919
110007441928
110007441937
110007441946
110007441955
110007441964
110007441973
110007441982
110007441991
110007442008
110007442017
110007442026
110007442044
110007442053
110007442062
110007442080
110007442099
110007442106
110007442115
110007442124
110007442133
110007442142
110007442151
110007442160
110007442179
110007442188
110007442204
110007442213
110007442231
110007442240
110007442268
110007442277
110007442286
110007442295
110007442302
110007442311
110007442320
110007442339
110007442348
110007442366
110007442375
110007442384
110007442393
110007442400
110007442419
110007442437
110007442446
110007442455
110007442464
110007442473
110007442482
110007442491
110007442507
110007442516
110007442525
110007442534
110007442543
110007442561
110007442570
110007442589
110007442598
110007442605
110007442614
110007442623
110007442641
110007442669
110007442678
110007442687
110007442696
110007442712
110007442721
110007442730
110007442749
110007442758
110007442767
110007442776
110007442785
110007442794
110007442801
110007442810
110007442829
110007442838
110007442847
110007442856
110007442874
110007442883
110007442909
110007442918
110007442927
110007442936
110007442945
110007442954
110007442963
110007442972
110007442981
110007442990
110007443007
110007443016
110007443025
110007443043
110007443052
110007443061
110007443070
110007443089
110007443098
110007443105
110007443114
110007443132
110007443141
110007443150
110007443169
110007443178
110007443196
110007443203
110007443212
110007443221
110007443230
110007443258
110007443267
110007443276
110007443285
110007443294
110007443301
110007443310
110007443329
110007443338
110007443347
110007443356
110007443365
110007443374
110007443383
110007443392
110007443409
110007443418
110007443427
110007443436
110007443445
110007443454
110007443463
110007443472
110007443481
110007443490
110007443506
110007443515
110007443524
110007443533
110007443542
110007443551
110007443560
110007443579
110007443588
110007443597
110007443604
110007443613
110007443622
110007443631
110007443640
110007443668
110007443677
110007443686
110007443695
110007443711
110007443739
110007443748
110007443757
110007443766
110007443775
110007443784
110007443793
110007443800
110007443819
110007443828
110007443837
110007443864
110007443873
110007443882
110007443891
110007443908
110007443917
110007443935
110007443944
110007443953
110007443962
110007443971
110007443980
110007443999
110007444006
110007444015
110007444024
110007444033
110007444079
110007444088
110007444097
110007444104
110007444113
110007444122
110007444131
110007444140
110007444159
110007444168
110007444177
110007444186
110007444195
110007444202
110007444211
110007444239
110007444248
110007444257
110007444266
110007444275
110007444284
110007444293
110007444319
110007444337
110007444346
110007444364
110007444373
110007444391
110007444408
110007444417
110007444426
110007444435
110007444444
110007444453
110007444462
110007444471
110007444499
110007444505
110007444514
110007444523
110007444532
110007444541
110007444550
110007444569
110007444578
110007444587
110007444596
110007444603
110007444621
110007444630
110007444676
110007444685
110007444694
110007444701
110007444710
110007444729
110007444738
110007444747
110007444756
110007444765
110007444774
110007444783
110007444792
110007444809
110007444818
110007444827
110007444836
110007444845
110007444854
110007444863
110007444872
110007444881
110007444890
110007444907
110007444916
110007444925
110007444934
110007444952
110007444961
110007444989
110007444998
110007445005
110007445014
110007445023
110007445032
110007445041
110007445050
110007445078
110007445096
110007445103
110007445112
110007445121
110007445130
110007445149
110007445158
110007445167
110007445176
110007445185
110007445194
110007445210
110007445229
110007445238
110007445247
110007445256
110007445265
110007445274
110007445283
110007445292
110007445309
110007445318
110007445327
110007445336
110007445345
110007445354
110007445363
110007445372
110007445381
110007445390
110007445407
110007445416
110007445425
110007445434
110007445443
110007445452
110007445461
110007445470
110007445504
110007445513
110007445522
110007445540
110007445559
110007445568
110007445577
110007445586
110007445595
110007445602
110007445620
110007445639
110007445648
110007445657
110007445666
110007445675
110007445693
110007445700
110007445719
110007445728
110007445737
110007445755
110007445764
110007445773
110007445782
110007445791
110007445808
110007445817
110007445826
110007445835
110007445853
110007445862
110007445871
110007445880
110007445899
110007445906
110007445915
110007445924
110007445933
110007445942
110007445951
110007445960
110007445979
110007446004
110007446031
110007446040
110007446059
110007446068
110007446077
110007446086
110007446095
110007446102
110007446111
110007446120
110007446139
110007446148
110007446157
110007446166
110007446175
110007446184
110007446193
110007446200
110007446219
110007446228
110007446237
110007446246
110007446255
110007446264
110007446273
110007446282
110007446291
110007446308
110007446317
110007446326
110007446335
110007446344
110007446353
110007446362
110007446371
110007446380
110007446399
110007446406
110007446415
110007446424
110007446433
110007446442
110007446451
110007446460
110007446479
110007446488
110007446497
110007446503
110007446512
110007446521
110007446530
110007446549
110007446558
110007446567
110007446576
110007446585
110007446594
110007446601
110007446610
110007446629
110007446638
110007446647
110007446656
110007446665
110007446674
110007446692
110007446709
110007446727
110007446736
110007446745
110007446754
110007446763
110007446781
110007446790
110007446807
110007446816
110007446825
110007446834
110007446843
110007446852
110007446861
110007446870
110007446889
110007446898
110007446905
110007446914
110007446923
110007446932
110007446941
110007446950
110007446969
110007446978
110007446996
110007447012
110007447021
110007447030
110007447049
110007447058
110007447067
110007447076
110007447085
110007447094
110007447101
110007447110
110007447129
110007447138
110007447147
110007447156
110007447165
110007447174
110007447183
110007447192
110007447209
110007447218
110007447227
110007447236
110007447245
110007447263
110007447272
110007447281
110007447290
110007447307
110007447316
110007447325
110007447334
110007447343
110007447352
110007447361
110007447370
110007447389
110007447398
110007447405
110007447423
110007447432
110007447441
110007447450
110007447469
110007447478
110007447487
110007447496
110007447502
110007447511
110007447520
110007447548
110007447557
110007447566
110007447575
110007447584
110007447593
