110007447600
110007447619
110007447628
110007447637
110007447646
110007447655
110007447664
110007447673
110007447682
110007447691
110007447708
110007447717
110007447726
110007447735
110007447744
110007447753
110007447762
110007447799
110007447806
110007447815
110007447824
110007447842
110007447851
110007447860
110007447879
110007447888
110007447897
110007447904
110007447913
110007447922
110007447931
110007447940
110007447959
110007447968
110007447977
110007447986
110007447995
110007448002
110007448020
110007448039
110007448048
110007448057
110007448066
110007448075
110007448084
110007448093
110007448100
110007448119
110007448128
110007448137
110007448164
110007448173
110007448182
110007448191
110007448208
110007448217
110007448235
110007448244
110007448262
110007448271
110007448280
110007448299
110007448306
110007448315
110007448333
110007448342
110007448351
110007448360
110007448379
110007448388
110007448397
110007448404
110007448413
110007448422
110007448440
110007448459
110007448468
110007448477
110007448486
110007448538
110007448547
110007448556
110007448565
110007448574
110007448583
110007448609
110007448618
110007448627
110007448636
110007448654
110007448663
110007448672
110007448681
110007448690
110007448707
110007448716
110007448725
110007448734
110007448743
110007448752
110007448761
110007448770
110007448789
110007448798
110007448805
110007448814
110007448823
110007448832
110007448841
110007448850
110007448869
110007448878
110007448887
110007448896
110007448903
110007448912
110007448921
110007448930
110007448949
110007448958
110007448967
110007448976
110007448985
110007448994
110007449001
110007449010
110007449029
110007449038
110007449047
110007449056
110007449065
110007449074
110007449083
110007449092
110007449118
110007449127
110007449136
110007449145
110007449154
110007449172
110007449181
110007449207
110007449216
110007449225
110007449234
110007449243
110007449252
110007449261
110007449270
110007449289
110007449298
110007449305
110007449314
110007449323
110007449332
110007449341
110007449350
110007449369
110007449378
110007449387
110007449403
110007449412
110007449421
110007449430
110007449449
110007449458
110007449467
110007449476
110007449485
110007449494
110007449500
110007449519
110007449528
110007449537
110007449546
110007449555
110007449564
110007449573
110007449582
110007449591
110007449608
110007449617
110007449626
110007449635
110007449653
110007449671
110007449680
110007449699
110007449706
110007449715
110007449724
110007449733
110007449742
110007449751
110007449760
110007449779
110007449788
110007449797
110007449804
110007449822
110007449831
110007449840
110007449859
110007449868
110007449877
110007449886
110007449895
110007449902
110007449911
110007449920
110007449939
110007449948
110007449957
110007449966
110007449975
110007449984
110007449993
110007450007
110007450016
110007450025
110007450043
110007450052
110007450070
110007450089
110007450098
110007450105
110007450114
110007450132
110007450169
110007450187
110007450196
110007450203
110007450212
110007450221
110007450230
110007450258
110007450267
110007450276
110007450285
110007450294
110007450301
110007450310
110007450329
110007450347
110007450365
110007450374
110007450383
110007450392
110007450409
110007450418
110007450427
110007450436
110007450445
110007450454
110007450463
110007450472
110007450481
110007450490
110007450506
110007450515
110007450524
110007450533
110007450542
110007450560
110007450579
110007450588
110007450597
110007450604
110007450613
110007450622
110007450631
110007450640
110007450659
110007450668
110007450677
110007450686
110007450702
110007450711
110007450720
110007450748
110007450757
110007450766
110007450775
110007450784
110007450793
110007450800
110007450819
110007450828
110007450837
110007450873
110007450882
110007450891
110007450908
110007450917
110007450926
110007450944
110007450953
110007450962
110007451006
110007451015
110007451024
110007451033
110007451042
110007451051
110007451060
110007451079
110007451088
110007451097
110007451104
110007451131
110007451140
110007451159
110007451168
110007451177
110007451186
110007451195
110007451202
110007451211
110007451220
110007451239
110007451248
110007451257
110007451266
110007451275
110007451284
110007451293
110007451300
110007451319
110007451328
110007451337
110007451346
110007451364
110007451373
110007451382
110007451391
110007451408
110007451426
110007451435
110007451444
110007451453
110007451462
110007451471
110007451480
110007451499
110007451505
110007451523
110007451532
110007451541
110007451550
110007451569
110007451578
110007451587
110007451596
110007451603
110007451612
110007451621
110007451630
110007451649
110007451658
110007451667
110007451676
110007451685
110007451694
110007451701
110007451710
110007451729
110007451738
110007451747
110007451756
110007451774
110007451783
110007451792
110007451809
110007451818
110007451836
110007451845
110007451854
110007451863
110007451872
110007451890
110007451925
110007451934
110007451952
110007451961
110007451989
110007451998
110007452005
110007452014
110007452023
110007452032
110007452041
110007452069
110007452078
110007452087
110007452096
110007452112
110007452121
110007452158
110007452167
110007452176
110007452185
110007452201
110007452210
110007452229
110007452238
110007452247
110007452256
110007452274
110007452292
110007452309
110007452318
110007452336
110007452345
110007452354
110007452372
110007452381
110007452390
110007452407
110007452416
110007452425
110007452434
110007452443
110007452452
110007452461
110007452470
110007452489
110007452498
110007452504
110007452513
110007452522
110007452531
110007452540
110007452559
110007452568
110007452577
110007452586
110007452595
110007452602
110007452611
110007452620
110007452639
110007452648
110007452666
110007452675
110007452684
110007452693
110007452700
110007452719
110007452728
110007452737
110007452746
110007452764
110007452773
110007452782
110007452791
110007452808
110007452826
110007452835
110007452844
110007452862
110007452871
110007452880
110007452899
110007452906
110007452915
110007452924
110007452933
110007452942
110007452951
110007452960
110007452988
110007452997
110007453013
110007453022
110007453031
110007453040
110007453059
110007453068
110007453077
110007453086
110007453095
110007453102
110007453111
110007453120
110007453139
110007453148
110007453157
110007453166
110007453175
110007453193
110007453200
110007453219
110007453237
110007453255
110007453264
110007453273
110007453282
110007453291
110007453308
110007453317
110007453326
110007453335
110007453344
110007453353
110007453362
110007453380
110007453399
110007453406
110007453415
110007453424
110007453433
110007453442
110007453451
110007453460
110007453479
110007453488
110007453497
110007453503
110007453512
110007453521
110007453530
110007453558
110007453576
110007453585
110007453594
110007453629
110007453638
110007453656
110007453665
110007453674
110007453683
110007453709
110007453718
110007453727
110007453736
110007453745
110007453754
110007453763
110007453781
110007453807
110007453816
110007453825
110007453834
110007453843
110007453852
110007453861
110007453870
110007453889
110007453898
110007453905
110007453914
110007453923
110007453932
110007453941
110007453950
110007453969
110007453978
110007453987
110007453996
110007454003
110007454012
110007454021
110007454030
110007454049
110007454067
110007454076
110007454094
110007454101
110007454110
110007454129
110007454147
110007454156
110007454165
110007454174
110007454183
110007454192
110007454209
110007454218
110007454227
110007454236
110007454245
110007454254
110007454263
110007454272
110007454281
110007454307
110007454316
110007454325
110007454352
110007454361
110007454389
110007454405
110007454414
110007454423
110007454432
110007454441
110007454450
110007454469
110007454478
110007454487
110007454496
110007454502
110007454511
110007454520
110007454539
110007454548
110007454557
110007454575
110007454593
110007454600
110007454619
110007454628
110007454637
110007454646
110007454655
110007454664
110007454673
110007454682
110007454691
110007454708
110007454717
110007454726
110007454735
110007454744
110007454762
110007454771
110007454780
110007454799
110007454806
110007454815
110007454824
110007454833
110007454842
110007454851
110007454860
110007454879
110007454888
110007454897
110007454904
110007454913
110007454922
110007454931
110007454959
110007454968
110007454977
110007454986
110007454995
110007455002
110007455011
110007455039
110007455048
110007455057
110007455066
110007455075
110007455084
110007455093
110007455100
110007455119
110007455137
110007455146
110007455155
110007455164
110007455173
110007455182
110007455191
110007455208
110007455217
110007455226
110007455235
110007455244
110007455253
110007455262
110007455271
110007455280
110007455299
110007455306
110007455315
110007455324
110007455333
110007455342
110007455351
110007455360
110007455379
110007455388
110007455397
110007455404
110007455413
110007455422
110007455431
110007455440
110007455459
110007455468
110007455477
110007455486
110007455495
110007455501
110007455510
110007455529
110007455538
110007455547
110007455556
110007455574
110007455583
110007455592
110007455609
110007455618
110007455627
110007455636
110007455645
110007455654
110007455663
110007455672
110007455681
110007455690
110007455707
110007455716
110007455725
110007455734
110007455743
110007455752
110007455761
110007455770
110007455798
110007455805
110007455814
110007455823
110007455832
110007455841
110007455850
110007455869
110007455878
110007455887
110007455896
110007455903
110007455912
110007455921
110007455930
110007455949
110007455958
110007455967
110007455976
110007455985
110007455994
110007456001
110007456010
110007456029
110007456038
110007456047
110007456056
110007456065
110007456074
110007456083
110007456092
110007456118
110007456127
110007456136
110007456145
110007456154
110007456163
110007456172
110007456181
110007456190
110007456207
110007456216
110007456225
110007456234
110007456252
110007456261
110007456289
110007456298
110007456305
110007456314
110007456323
110007456332
110007456341
110007456350
110007456369
110007456378
110007456387
110007456396
110007456403
110007456412
110007456421
110007456430
110007456449
110007456458
110007456467
110007456476
110007456485
110007456500
110007456519
110007456528
110007456537
110007456546
110007456555
110007456564
110007456573
110007456582
110007456591
110007456608
110007456617
110007456626
110007456635
110007456662
110007456671
110007456680
110007456699
110007456706
110007456715
110007456724
110007456733
110007456742
110007456751
110007456760
110007456779
110007456797
110007456804
110007456813
110007456822
110007456831
110007456840
110007456859
110007456868
110007456886
110007456902
110007456920
110007456948
110007456966
110007456975
110007456984
110007456993
110007457000
110007457028
110007457037
110007457046
110007457055
110007457064
110007457073
110007457082
110007457091
110007457117
110007457126
110007457135
110007457144
110007457153
110007457162
110007457171
110007457180
110007457206
110007457215
110007457224
110007457233
110007457251
110007457260
110007457279
110007457288
110007457297
110007457322
110007457331
110007457340
110007457359
110007457368
110007457377
110007457386
110007457411
110007457420
110007457439
110007457448
110007457457
110007457466
110007457475
110007457484
110007457509
110007457518
110007457527
110007457545
110007457554
110007457563
110007457572
110007457581
110007457590
110007457607
110007457616
110007457625
110007457634
110007457643
110007457652
110007457661
110007457670
110007457689
110007457698
110007457705
110007457714
110007457723
110007457732
110007457741
110007457750
110007457769
110007457778
110007457787
110007457796
110007457812
110007457821
110007457830
110007457849
110007457858
110007457867
110007457876
110007457885
110007457894
110007457901
110007457910
110007457929
110007457938
110007457947
110007457956
110007457965
110007457992
110007458009
110007458018
110007458036
110007458045
110007458054
110007458063
110007458072
110007458081
110007458090
110007458107
110007458116
110007458125
110007458134
110007458143
110007458161
110007458170
110007458189
110007458198
110007458205
110007458214
110007458223
110007458232
110007458250
110007458269
110007458278
110007458287
110007458296
110007458303
110007458321
110007458330
110007458349
110007458358
110007458367
110007458376
110007458385
110007458394
110007458401
110007458410
110007458429
110007458438
110007458447
110007458456
110007458465
110007458474
110007458483
110007458492
110007458508
110007458517
110007458526
110007458535
110007458544
110007458553
110007458562
110007458571
110007458580
110007458599
110007458606
110007458615
110007458633
110007458642
110007458660
110007458679
110007458688
110007458697
110007458704
110007458713
110007458722
110007458731
110007458740
110007458777
110007458786
110007458795
110007458802
110007458811
110007458820
110007458839
110007458848
110007458857
110007458866
110007458875
110007458893
110007458900
