110007458928
110007458937
110007458946
110007458955
110007458964
110007458973
110007458982
110007458991
110007459008
110007459017
110007459026
110007459035
110007459044
110007459053
110007459062
110007459071
110007459080
110007459099
110007459106
110007459115
110007459133
110007459142
110007459151
110007459179
110007459197
110007459204
110007459213
110007459222
110007459231
110007459240
110007459259
110007459268
110007459286
110007459302
110007459311
110007459320
110007459339
110007459348
110007459357
110007459366
110007459375
110007459393
110007459400
110007459419
110007459428
110007459455
110007459464
110007459473
110007459482
110007459491
110007459507
110007459516
110007459525
110007459534
110007459543
110007459552
110007459561
110007459589
110007459598
110007459614
110007459623
110007459641
110007459650
110007459669
110007459678
110007459687
110007459696
110007459703
110007459712
110007459721
110007459730
110007459749
110007459758
110007459785
110007459794
110007459801
110007459810
110007459829
110007459838
110007459847
110007459856
110007459865
110007459874
110007459883
110007459892
110007459909
110007459927
110007459936
110007459945
110007459954
110007459963
110007459972
110007459981
110007459990
110007460005
110007460014
110007460023
110007460032
110007460041
110007460050
110007460069
110007460087
110007460096
110007460103
110007460112
110007460130
110007460149
110007460158
110007460167
110007460176
110007460185
110007460194
110007460201
110007460210
110007460229
110007460247
110007460256
110007460265
110007460292
110007460309
110007460318
110007460327
110007460336
110007460345
110007460354
110007460363
110007460372
110007460381
110007460390
110007460407
110007460416
110007460425
110007460434
110007460443
110007460489
110007460498
110007460504
110007460513
110007460522
110007460531
110007460540
110007460559
110007460577
110007460586
110007460595
110007460602
110007460611
110007460620
110007460639
110007460648
110007460657
110007460666
110007460675
110007460684
110007460693
110007460700
110007460719
110007460728
110007460746
110007460764
110007460773
110007460782
110007460791
110007460808
110007460817
110007460826
110007460835
110007460844
110007460853
110007460862
110007460871
110007460880
110007460899
110007460906
110007460915
110007460924
110007460933
110007460942
110007460951
110007460960
110007460979
110007460997
110007461004
110007461022
110007461031
110007461040
110007461059
110007461068
110007461077
110007461086
110007461095
110007461102
110007461111
110007461120
110007461139
110007461148
110007461166
110007461193
110007461200
110007461219
110007461228
110007461237
110007461246
110007461255
110007461264
110007461273
110007461282
110007461317
110007461326
110007461335
110007461344
110007461353
110007461362
110007461371
110007461380
110007461399
110007461406
110007461415
110007461424
110007461433
110007461442
110007461451
110007461460
110007461479
110007461488
110007461497
110007461503
110007461512
110007461521
110007461530
110007461549
110007461558
110007461567
110007461576
110007461585
110007461594
110007461601
110007461638
110007461647
110007461656
110007461665
110007461683
110007461709
110007461718
110007461727
110007461736
110007461745
110007461763
110007461772
110007461781
110007461790
110007461807
110007461816
110007461825
110007461843
110007461861
110007461870
110007461889
110007461898
110007461905
110007461914
110007461923
110007461950
110007461969
110007461996
110007462003
110007462012
110007462021
110007462030
110007462049
110007462058
110007462067
110007462076
110007462085
110007462094
110007462101
110007462110
110007462129
110007462138
110007462165
110007462174
110007462183
110007462192
110007462209
110007462227
110007462236
110007462245
110007462254
110007462263
110007462272
110007462281
110007462290
110007462307
110007462316
110007462325
110007462334
110007462343
110007462352
110007462361
110007462370
110007462389
110007462405
110007462414
110007462432
110007462441
110007462450
110007462469
110007462478
110007462487
110007462496
110007462502
110007462520
110007462539
110007462548
110007462566
110007462575
110007462584
110007462593
110007462600
110007462628
110007462637
110007462646
110007462664
110007462682
110007462708
110007462717
110007462726
110007462735
110007462744
110007462753
110007462762
110007462771
110007462780
110007462799
110007462806
110007462815
110007462824
110007462842
110007462860
110007462879
110007462888
110007462897
110007462904
110007462913
110007462922
110007462931
110007462940
110007462959
110007462968
110007462977
110007462986
110007462995
110007463002
110007463011
110007463020
110007463039
110007463048
110007463066
110007463084
110007463093
110007463100
110007463119
110007463128
110007463137
110007463146
110007463155
110007463164
110007463173
110007463182
110007463208
110007463217
110007463226
110007463235
110007463244
110007463253
110007463262
110007463299
110007463306
110007463315
110007463324
110007463333
110007463342
110007463360
110007463379
110007463388
110007463397
110007463404
110007463413
110007463422
110007463431
110007463440
110007463459
110007463468
110007463477
110007463486
110007463495
110007463501
110007463510
110007463529
110007463538
110007463547
110007463556
110007463565
110007463574
110007463583
110007463592
110007463609
110007463618
110007463627
110007463636
110007463645
110007463654
110007463663
110007463672
110007463681
110007463690
110007463707
110007463716
110007463734
110007463743
110007463761
110007463770
110007463789
110007463798
110007463805
110007463823
110007463832
110007463841
110007463850
110007463869
110007463878
110007463887
110007463896
110007463903
110007463912
110007463921
110007463958
110007463967
110007464001
110007464010
110007464029
110007464038
110007464047
110007464056
110007464065
110007464074
110007464083
110007464092
110007464109
110007464118
110007464127
110007464145
110007464154
110007464163
110007464172
110007464181
110007464190
110007464207
110007464216
110007464234
110007464243
110007464252
110007464261
110007464270
110007464289
110007464298
110007464305
110007464314
110007464323
110007464332
110007464341
110007464350
110007464369
110007464378
110007464396
110007464403
110007464412
110007464421
110007464430
110007464458
110007464476
110007464485
110007464494
110007464500
110007464519
110007464528
110007464537
110007464546
110007464555
110007464564
110007464573
110007464582
110007464591
110007464617
110007464635
110007464644
110007464662
110007464671
110007464680
110007464706
110007464715
110007464724
110007464733
110007464751
110007464760
110007464779
110007464788
110007464813
110007464831
110007464840
110007464859
110007464877
110007464886
110007464895
110007464902
110007464911
110007464920
110007464939
110007464948
110007464957
110007464966
110007464975
110007464993
110007465000
110007465019
110007465028
110007465037
110007465055
110007465064
110007465073
110007465082
110007465091
110007465117
110007465135
110007465144
110007465153
110007465162
110007465171
110007465180
110007465206
110007465215
110007465224
110007465233
110007465242
110007465251
110007465260
110007465279
110007465288
110007465297
110007465304
110007465313
110007465322
110007465331
110007465340
110007465359
110007465368
110007465377
110007465395
110007465402
110007465411
110007465420
110007465448
110007465457
110007465466
110007465475
110007465484
110007465493
110007465509
110007465518
110007465527
110007465536
110007465545
110007465572
110007465581
110007465590
110007465607
110007465616
110007465634
110007465643
110007465652
110007465661
110007465670
110007465689
110007465698
110007465705
110007465714
110007465723
110007465732
110007465741
110007465750
110007465769
110007465778
110007465787
110007465796
110007465803
110007465812
110007465821
110007465830
110007465849
110007465867
110007465876
110007465885
110007465901
110007465910
110007465929
110007465938
110007465947
110007465956
110007465974
110007465983
110007465992
110007466009
110007466018
110007466027
110007466036
110007466045
110007466054
110007466063
110007466072
110007466081
110007466090
110007466107
110007466116
110007466125
110007466134
110007466143
110007466152
110007466161
110007466170
110007466189
110007466198
110007466205
110007466214
110007466223
110007466232
110007466241
110007466250
110007466269
110007466278
110007466287
110007466296
110007466303
110007466312
110007466321
110007466358
110007466376
110007466385
110007466394
110007466401
110007466410
110007466429
110007466438
110007466447
110007466456
110007466465
110007466474
110007466492
110007466508
110007466517
110007466526
110007466535
110007466544
110007466553
110007466562
110007466571
110007466580
110007466599
110007466606
110007466615
110007466624
110007466633
110007466642
110007466651
110007466660
110007466679
110007466688
110007466697
110007466704
110007466713
110007466722
110007466731
110007466740
110007466759
110007466768
110007466777
110007466786
110007466795
110007466802
110007466820
110007466839
110007466848
110007466857
110007466875
110007466884
110007466893
110007466900
110007466919
110007466928
110007466937
110007466946
110007466955
110007466973
110007466982
110007466991
110007467008
110007467017
110007467026
110007467035
110007467044
110007467053
110007467080
110007467106
110007467115
110007467124
110007467133
110007467151
110007467179
110007467197
110007467213
110007467222
110007467231
110007467240
110007467259
110007467277
110007467286
110007467295
110007467302
110007467311
110007467320
110007467339
110007467348
110007467357
110007467366
110007467384
110007467393
110007467437
110007467446
110007467464
110007467473
110007467491
110007467507
110007467516
110007467525
110007467703
110007467936
110007468221
110007468276
110007468524
110007468640
110007468775
110007468784
110007468793
110007468800
110007468819
110007468828
110007468837
110007468855
110007468864
110007468873
110007468926
110007469006
110007469024
110007469033
110007469042
110007469051
110007469060
110007469079
110007469088
110007469097
110007469113
110007469122
110007469140
110007469159
110007469168
110007469177
110007469186
110007469202
110007469211
110007469220
110007469239
110007469248
110007469257
110007469266
110007469300
110007469319
110007469328
110007469337
110007469346
110007469355
110007469364
110007469373
110007469391
110007469408
110007469417
110007469426
110007469444
110007469462
110007469471
110007469480
110007469505
110007469523
110007469532
110007469541
110007469550
110007469569
110007469578
110007469587
110007469603
110007469612
110007469621
110007469630
110007469649
110007469658
110007469667
110007469676
110007469685
110007469694
110007469701
110007469710
110007469729
110007469738
110007469747
110007469756
110007469765
110007469774
110007469783
110007469792
110007469809
110007469818
110007469827
110007469836
110007469845
110007469863
110007469872
110007469881
110007469890
110007469907
110007469916
110007469925
110007469934
110007469943
110007469952
110007469961
110007469989
110007469998
110007470003
110007470021
110007470030
110007470058
110007470067
110007470076
110007470085
110007470094
110007470101
110007470110
110007470138
110007470147
110007470156
110007470165
110007470174
110007470183
110007470192
110007470209
110007470227
110007470236
110007470245
110007470254
110007470263
110007470272
110007470281
110007470290
110007470307
110007470316
110007470325
110007470334
110007470352
110007470361
110007470370
110007470389
110007470405
110007470414
110007470423
110007470432
110007470450
110007470469
110007470478
110007470487
110007470496
110007470511
110007470520
110007470539
110007470566
110007470575
110007470584
110007470593
110007470600
110007470619
110007470628
110007470637
110007470646
110007470655
110007470664
110007470673
110007470708
110007470717
110007470726
110007470735
110007470744
110007470753
110007470762
110007470771
110007470780
110007470799
110007470806
110007470824
110007470833
110007470860
110007470879
110007470888
110007470897
110007470904
110007470913
110007470922
110007470931
110007470940
110007470968
110007470977
110007470986
110007471011
110007471020
110007471039
110007471048
110007471057
110007471066
110007471084
110007471093
110007471100
110007471119
110007471128
110007471137
110007471146
110007471155
110007471164
110007471173
110007471182
110007471191
110007471208
110007471217
110007471226
110007471235
110007471244
110007471262
110007471271
110007471280
110007471299
110007471306
110007471324
110007471342
110007471351
110007471360
110007471379
110007471397
110007471404
110007471413
110007471431
110007471440
110007471459
110007471468
110007471477
110007471486
110007471495
110007471501
110007471510
110007471538
110007471547
110007471556
110007471565
110007471574
110007471583
110007471592
110007471609
110007471618
110007471627
110007471636
110007471645
110007471654
110007471663
110007471681
110007471690
110007471707
110007471716
110007471725
110007471734
110007471743
110007471752
110007471761
110007471770
110007471789
110007471798
110007471805
