110007471814
110007471823
110007471832
110007471841
110007471850
110007471878
110007471896
110007471903
110007471912
110007471921
110007471930
110007471949
110007471958
110007471967
110007471976
110007471985
110007471994
110007472001
110007472010
110007472029
110007472038
110007472047
110007472056
110007472065
110007472083
110007472092
110007472118
110007472127
110007472136
110007472145
110007472154
110007472163
110007472181
110007472207
110007472216
110007472225
110007472234
110007472243
110007472252
110007472261
110007472289
110007472298
110007472305
110007472314
110007472323
110007472332
110007472341
110007472350
110007472369
110007472378
110007472387
110007472396
110007472403
110007472412
110007472421
110007472430
110007472449
110007472458
110007472476
110007472485
110007472494
110007472500
110007472519
110007472528
110007472537
110007472546
110007472555
110007472564
110007472573
110007472591
110007472608
110007472617
110007472626
110007472635
110007472653
110007472662
110007472671
110007472680
110007472699
110007472706
110007472715
110007472724
110007472733
110007472742
110007472751
110007472779
110007472788
110007472797
110007472804
110007472813
110007472822
110007472831
110007472840
110007472859
110007472868
110007472877
110007472886
110007472895
110007472902
110007472911
110007472920
110007472939
110007472948
110007472957
110007472966
110007472975
110007472984
110007472993
110007473000
110007473019
110007473028
110007473037
110007473046
110007473055
110007473064
110007473073
110007473082
110007473091
110007473117
110007473126
110007473135
110007473144
110007473162
110007473171
110007473180
110007473199
110007473206
110007473233
110007473242
110007473251
110007473260
110007473279
110007473288
110007473297
110007473304
110007473313
110007473322
110007473331
110007473340
110007473368
110007473377
110007473386
110007473395
110007473402
110007473411
110007473439
110007473448
110007473466
110007473475
110007473484
110007473518
110007473527
110007473536
110007473545
110007473554
110007473572
110007473581
110007473590
110007473607
110007473616
110007473652
110007473661
110007473670
110007473689
110007473698
110007473705
110007473714
110007473723
110007473732
110007473741
110007473750
110007473769
110007473778
110007473787
110007473796
110007473803
110007473812
110007473821
110007473830
110007473849
110007473858
110007473867
110007473876
110007473885
110007473894
110007473910
110007473929
110007473938
110007473947
110007473956
110007473965
110007473974
110007473983
110007473992
110007474009
110007474018
110007474027
110007474036
110007474045
110007474054
110007474063
110007474072
110007474081
110007474107
110007474116
110007474125
110007474134
110007474143
110007474152
110007474161
110007474170
110007474189
110007474198
110007474205
110007474214
110007474232
110007474241
110007474250
110007474269
110007474278
110007474287
110007474296
110007474303
110007474312
110007474330
110007474349
110007474358
110007474367
110007474376
110007474385
110007474429
110007474438
110007474447
110007474456
110007474474
110007474483
110007474492
110007474508
110007474517
110007474526
110007474535
110007474553
110007474562
110007474571
110007474599
110007474633
110007474642
110007474651
110007474660
110007474688
110007474697
110007474704
110007474713
110007474722
110007474740
110007474759
110007474768
110007474786
110007474795
110007474802
110007474811
110007474839
110007474857
110007474875
110007474893
110007474900
110007474919
110007474946
110007474955
110007474964
110007474973
110007474982
110007474991
110007475008
110007475017
110007475026
110007475035
110007475044
110007475053
110007475062
110007475071
110007475080
110007475099
110007475106
110007475115
110007475124
110007475133
110007475142
110007475151
110007475160
110007475179
110007475197
110007475204
110007475222
110007475231
110007475240
110007475259
110007475268
110007475277
110007475286
110007475295
110007475302
110007475348
110007475357
110007475366
110007475393
110007475400
110007475428
110007475437
110007475446
110007475455
110007475482
110007475491
110007475507
110007475516
110007475525
110007475534
110007475552
110007475561
110007475570
110007475598
110007475605
110007475614
110007475623
110007475641
110007475650
110007475669
110007475687
110007475696
110007475749
110007475758
110007475767
110007475776
110007475785
110007475794
110007475801
110007475810
110007475829
110007475856
110007475865
110007475883
110007475892
110007475909
110007475918
110007475927
110007475936
110007475954
110007475972
110007475981
110007476007
110007476016
110007476034
110007476043
110007476052
110007476061
110007476070
110007476089
110007476098
110007476105
110007476114
110007476141
110007476150
110007476169
110007476178
110007476203
110007476212
110007476221
110007476230
110007476249
110007476258
110007476267
110007476276
110007476285
110007476294
110007476310
110007476329
110007476338
110007476347
110007476356
110007476365
110007476374
110007476383
110007476392
110007476409
110007476418
110007476427
110007476436
110007476454
110007476463
110007476472
110007476490
110007476524
110007476533
110007476542
110007476551
110007476560
110007476579
110007476588
110007476597
110007476604
110007476613
110007476622
110007476631
110007476659
110007476668
110007476677
110007476695
110007476702
110007476711
110007476739
110007476748
110007476757
110007476766
110007476775
110007476784
110007476793
110007476800
110007476819
110007476828
110007476837
110007476846
110007476855
110007476864
110007476873
110007476882
110007476891
110007476908
110007476926
110007476935
110007476953
110007476962
110007476971
110007476980
110007476999
110007477006
110007477015
110007477024
110007477033
110007477042
110007477051
110007477060
110007477079
110007477088
110007477097
110007477104
110007477113
110007477122
110007477131
110007477140
110007477168
110007477186
110007477195
110007477220
110007477239
110007477248
110007477257
110007477275
110007477284
110007477293
110007477319
110007477328
110007477373
110007477382
110007477391
110007477426
110007477462
110007477471
110007477480
110007477499
110007477505
110007477523
110007477532
110007477550
110007477569
110007477578
110007477587
110007477596
110007477603
110007477612
110007477621
110007477630
110007477649
110007477658
110007477667
110007477676
110007477685
110007477694
110007477701
110007477710
110007477729
110007477738
110007477747
110007477756
110007477765
110007477774
110007477783
110007477792
110007477809
110007477818
110007477827
110007477836
110007477845
110007477854
110007477863
110007477872
110007477881
110007477890
110007477916
110007477925
110007477934
110007477943
110007477952
110007477961
110007477970
110007477989
110007477998
110007478005
110007478023
110007478032
110007478041
110007478050
110007478069
110007478078
110007478087
110007478096
110007478112
110007478121
110007478130
110007478149
110007478158
110007478167
110007478176
110007478185
110007478201
110007478210
110007478229
110007478238
110007478247
110007478256
110007478265
110007478274
110007478283
110007478292
110007478309
110007478318
110007478327
110007478336
110007478354
110007478363
110007478372
110007478381
110007478390
110007478407
110007478416
110007478425
110007478434
110007478443
110007478452
110007478461
110007478489
110007478498
110007478504
110007478513
110007478522
110007478531
110007478559
110007478568
110007478586
110007478611
110007478639
110007478657
110007478666
110007478675
110007478684
110007478693
110007478700
110007478728
110007478737
110007478746
110007478755
110007478764
110007478773
110007478782
110007478791
110007478808
110007478835
110007478844
110007478853
110007478862
110007478871
110007478880
110007478899
110007478915
110007478924
110007478933
110007478942
110007478951
110007478960
110007478979
110007478988
110007479004
110007479013
110007479022
110007479031
110007479040
110007479059
110007479077
110007479095
110007479102
110007479111
110007479120
110007479139
110007479148
110007479157
110007479166
110007479175
110007479184
110007479228
110007479246
110007479255
110007479264
110007479273
110007479282
110007479291
110007479326
110007479335
110007479344
110007479353
110007479362
110007479371
110007479399
110007479406
110007479415
110007479424
110007479433
110007479442
110007479451
110007479460
110007479479
110007479488
110007479497
110007479503
110007479521
110007479530
110007479549
110007479558
110007479567
110007479576
110007479594
110007479601
110007479610
110007479629
110007479638
110007479647
110007479692
110007479745
110007479754
110007479763
110007479772
110007479781
110007479790
110007479807
110007479816
110007479825
110007479834
110007479843
110007479852
110007479861
110007479870
110007479889
110007479905
110007479914
110007479923
110007479932
110007479941
110007479950
110007479969
110007479978
110007479996
110007480001
110007480010
110007480029
110007480047
110007480056
110007480065
110007480074
110007480136
110007480145
110007480154
110007480163
110007480172
110007480181
110007480190
110007480207
110007480225
110007480234
110007480243
110007480252
110007480289
110007480298
110007480314
110007480323
110007480332
110007480341
110007480350
110007480369
110007480378
110007480387
110007480396
110007480403
110007480412
110007480421
110007480430
110007480449
110007480458
110007480467
110007480485
110007480494
110007480500
110007480528
110007480546
110007480555
110007480564
110007480573
110007480582
110007480591
110007480608
110007480617
110007480626
110007480635
110007480644
110007480653
110007480662
110007480671
110007480680
110007480699
110007480706
110007480715
110007480724
110007480733
110007480742
110007480751
110007480760
110007480779
110007480788
110007480797
110007480804
110007480822
110007480831
110007480840
110007480859
110007480868
110007480877
110007480886
110007480895
110007480902
110007480911
110007480920
110007480939
110007480948
110007480957
110007480975
110007480984
110007480993
110007481000
110007481019
110007481028
110007481037
110007481046
110007481064
110007481091
110007481108
110007481117
110007481126
110007481135
110007481144
110007481153
110007481162
110007481180
110007481199
110007481215
110007481224
110007481233
110007481242
110007481251
110007481260
110007481279
110007481288
110007481297
110007481304
110007481313
110007481322
110007481331
110007481340
110007481359
110007481368
110007481377
110007481386
110007481395
110007481402
110007481439
110007481448
110007481457
110007481466
110007481475
110007481484
110007481509
110007481518
110007481527
110007481536
110007481554
110007481572
110007481581
110007481590
110007481616
110007481634
110007481643
110007481652
110007481661
110007481670
110007481689
110007481698
110007481705
110007481714
110007481723
110007481732
110007481741
110007481750
110007481769
110007481778
110007481796
110007481803
110007481812
110007481821
110007481830
110007481867
110007481876
110007481885
110007481894
110007481901
110007481910
110007481929
110007481938
110007481947
110007481956
110007481965
110007481974
110007481983
110007482009
110007482027
110007482045
110007482054
110007482063
110007482072
110007482081
110007482090
110007482107
110007482125
110007482134
110007482143
110007482152
110007482189
110007482214
110007482223
110007482232
110007482241
110007482250
110007482269
110007482287
110007482296
110007482303
110007482312
110007482321
110007482330
110007482349
110007482367
110007482376
110007482394
110007482401
110007482429
110007482438
110007482447
110007482456
110007482465
110007482492
110007482508
110007482517
110007482526
110007482535
110007482544
110007482562
110007482599
110007482606
110007482615
110007482624
110007482633
110007482642
110007482651
110007482679
110007482697
110007482704
110007482731
110007482740
110007482759
110007482768
110007482786
110007482795
110007482802
110007482811
110007482820
110007482839
110007482848
110007482857
110007482866
110007482875
110007482884
110007482900
110007482919
110007482937
110007482955
110007482964
110007482982
110007482991
110007483008
110007483017
110007483026
110007483035
110007483044
110007483053
110007483062
110007483071
110007483080
110007483106
110007483115
110007483133
110007483142
110007483151
110007483160
110007483179
110007483188
110007483204
110007483213
110007483222
110007483231
110007483240
110007483259
110007483268
110007483277
110007483286
110007483295
110007483320
110007483339
110007483366
110007483384
110007483400
110007483428
110007483437
110007483446
110007483464
110007483482
110007483507
110007483552
110007483570
110007483598
110007483605
110007483632
110007483641
110007483669
110007483678
110007483687
110007483696
110007483721
110007483758
110007483794
110007483801
110007483810
110007483829
110007483838
110007483847
110007483892
110007483909
110007483927
110007483936
110007483945
110007483990
110007484034
110007484052
110007484089
110007484098
110007484114
110007484123
110007484141
110007484150
110007484178
110007484187
110007484196
110007484203
110007484212
110007484230
110007484249
