110007484258
110007484285
110007484294
110007484356
110007484383
110007484392
110007484427
110007484436
110007484445
110007484463
110007484472
110007484490
110007484506
110007484515
110007484524
110007484533
110007484542
110007484551
110007484560
110007484588
110007484604
110007484613
110007484622
110007484631
110007484640
110007484659
110007484668
110007484686
110007484695
110007484702
110007484775
110007484784
110007484793
110007484800
110007484819
110007484846
110007484855
110007484882
110007484891
110007484908
110007484917
110007484935
110007484944
110007484953
110007484962
110007484971
110007484999
110007485006
110007485033
110007485051
110007485060
110007485088
110007485097
110007485131
110007485159
110007485168
110007485177
110007485186
110007485195
110007485202
110007485211
110007485239
110007485248
110007485266
110007485275
110007485293
110007485319
110007485337
110007485346
110007485355
110007485364
110007485382
110007485391
110007485408
110007485426
110007485435
110007485453
110007485462
110007485480
110007485499
110007485505
110007485514
110007485523
110007485541
110007485550
110007485587
110007485596
110007485603
110007485621
110007485676
110007485694
110007485710
110007485729
110007485783
110007485809
110007485818
110007485827
110007485836
110007485854
110007485863
110007485872
110007485881
110007485890
110007485916
110007485925
110007485934
110007485989
110007485998
110007486005
110007486023
110007486032
110007486041
110007486050
110007486078
110007486112
110007486121
110007486130
110007486149
110007486158
110007486176
110007486185
110007486194
110007486201
110007486229
110007486238
110007486265
110007486274
110007486283
110007486309
110007486318
110007486327
110007486336
110007486345
110007486354
110007486363
110007486390
110007486434
110007486461
110007486470
110007486489
110007486504
110007486513
110007486531
110007486540
110007486559
110007486577
110007486595
110007486602
110007486611
110007486639
110007486648
110007486657
110007486666
110007486675
110007486684
110007486700
110007486719
110007486737
110007486764
110007486773
110007486808
110007486817
110007486826
110007486835
110007486844
110007486862
110007486915
110007486924
110007486933
110007486942
110007486951
110007486960
110007486979
110007486988
110007487022
110007487031
110007487040
110007487059
110007487068
110007487077
110007487086
110007487102
110007487166
110007487175
110007487184
110007487200
110007487219
110007487237
110007487246
110007487255
110007487264
110007487273
110007487308
110007487317
110007487326
110007487335
110007487344
110007487353
110007487371
110007487399
110007487406
110007487415
110007487424
110007487442
110007487451
110007487488
110007487497
110007487503
110007487549
110007487576
110007487585
110007487594
110007487610
110007487629
110007487647
110007487656
110007487665
110007487674
110007487692
110007487709
110007487718
110007487727
110007487736
110007487745
110007487754
110007487763
110007487772
110007487790
110007487807
110007487816
110007487825
110007487843
110007487861
110007487889
110007487898
110007487914
110007487923
110007487941
110007487950
110007487969
110007487987
110007487996
110007488012
110007488021
110007488049
110007488058
110007488067
110007488076
110007488085
110007488129
110007488138
110007488147
110007488156
110007488165
110007488183
110007488192
110007488209
110007488218
110007488227
110007488236
110007488245
110007488254
110007488281
110007488290
110007488316
110007488325
110007488334
110007488343
110007488352
110007488361
110007488370
110007488389
110007488398
110007488405
110007488423
110007488432
110007488441
110007488450
110007488469
110007488478
110007488487
110007488496
110007488502
110007488511
110007488520
110007488539
110007488548
110007488557
110007488566
110007488575
110007488593
110007488600
110007488628
110007488646
110007488655
110007488664
110007488691
110007488726
110007488735
110007488753
110007488762
110007488780
110007488815
110007488824
110007488833
110007488879
110007488888
110007488897
110007488904
110007488913
110007488931
110007488959
110007488968
110007488977
110007488986
110007488995
110007489020
110007489048
110007489057
110007489066
110007489075
110007489084
110007489100
110007489119
110007489128
110007489137
110007489146
110007489164
110007489173
110007489182
110007489191
110007489208
110007489217
110007489235
110007489244
110007489253
110007489262
110007489271
110007489280
110007489299
110007489306
110007489315
110007489333
110007489342
110007489351
110007489360
110007489379
110007489388
110007489404
110007489413
110007489422
110007489431
110007489440
110007489468
110007489477
110007489486
110007489501
110007489510
110007489529
110007489538
110007489547
110007489556
110007489565
110007489574
110007489583
110007489592
110007489609
110007489618
110007489645
110007489654
110007489663
110007489672
110007489681
110007489716
110007489743
110007489752
110007489761
110007489770
110007489789
110007489805
110007489814
110007489823
110007489832
110007489841
110007489869
110007489878
110007489887
110007489903
110007489921
110007489930
110007489949
110007489967
110007489985
110007490009
110007490018
110007490027
110007490036
110007490045
110007490063
110007490072
110007490090
110007490107
110007490134
110007490161
110007490170
110007490189
110007490198
110007490214
110007490223
110007490232
110007490241
110007490269
110007490278
110007490296
110007490303
110007490312
110007490321
110007490330
110007490358
110007490385
110007490394
110007490401
110007490410
110007490429
110007490438
110007490447
110007490456
110007490465
110007490474
110007490483
110007490492
110007490508
110007490517
110007490526
110007490535
110007490562
110007490571
110007490599
110007490606
110007490615
110007490624
110007490633
110007490642
110007490651
110007490660
110007490679
110007490697
110007490704
110007490722
110007490731
110007490740
110007490759
110007490768
110007490777
110007490786
110007490802
110007490839
110007490848
110007490857
110007490866
110007490875
110007490884
110007490893
110007490900
110007490919
110007490928
110007490937
110007490946
110007490964
110007490973
110007490991
110007491017
110007491044
110007491062
110007491071
110007491080
110007491106
110007491115
110007491124
110007491133
110007491151
110007491179
110007491188
110007491197
110007491204
110007491213
110007491222
110007491240
110007491259
110007491268
110007491277
110007491286
110007491302
110007491311
110007491320
110007491339
110007491348
110007491357
110007491375
110007491384
110007491400
110007491437
110007491446
110007491455
110007491473
110007491482
110007491507
110007491516
110007491525
110007491552
110007491561
110007491570
110007491589
110007491598
110007491605
110007491614
110007491623
110007491632
110007491641
110007491669
110007491678
110007491687
110007491696
110007491703
110007491712
110007491721
110007491730
110007491749
110007491758
110007491767
110007491776
110007491794
110007491801
110007491829
110007491838
110007491847
110007491856
110007491865
110007491874
110007491883
110007491892
110007491909
110007491918
110007491936
110007491945
110007491954
110007491963
110007491972
110007491981
110007491990
110007492007
110007492016
110007492025
110007492034
110007492043
110007492052
110007492061
110007492070
110007492089
110007492098
110007492114
110007492132
110007492141
110007492150
110007492178
110007492187
110007492196
110007492212
110007492221
110007492230
110007492249
110007492258
110007492267
110007492276
110007492285
110007492294
110007492301
110007492310
110007492329
110007492338
110007492347
110007492365
110007492383
110007492392
110007492409
110007492418
110007492436
110007492445
110007492454
110007492463
110007492472
110007492481
110007492506
110007492515
110007492524
110007492542
110007492551
110007492560
110007492579
110007492588
110007492597
110007492604
110007492613
110007492622
110007492659
110007492677
110007492686
110007492702
110007492711
110007492739
110007492766
110007492775
110007492793
110007492800
110007492819
110007492828
110007492837
110007492864
110007492873
110007492882
110007492891
110007492908
110007492917
110007492944
110007492953
110007492962
110007492971
110007492980
110007492999
110007493006
110007493015
110007493024
110007493033
110007493042
110007493051
110007493079
110007493097
110007493113
110007493122
110007493131
110007493140
110007493159
110007493195
110007493202
110007493220
110007493239
110007493248
110007493257
110007493266
110007493284
110007493319
110007493346
110007493364
110007493373
110007493391
110007493417
110007493426
110007493435
110007493444
110007493462
110007493471
110007493480
110007493499
110007493505
110007493514
110007493523
110007493532
110007493541
110007493550
110007493569
110007493587
110007493612
110007493621
110007493630
110007493667
110007493676
110007493685
110007493694
110007493701
110007493710
110007493729
110007493738
110007493747
110007493756
110007493774
110007493792
110007493809
110007493818
110007493827
110007493836
110007493845
110007493854
110007493881
110007493907
110007493916
110007493925
110007493934
110007493943
110007493952
110007493961
110007493970
110007493998
110007494005
110007494014
110007494023
110007494032
110007494078
110007494103
110007494121
110007494130
110007494149
110007494158
110007494167
110007494176
110007494185
110007494194
110007494201
110007494210
110007494229
110007494238
110007494265
110007494274
110007494283
110007494292
110007494309
110007494318
110007494327
110007494336
110007494345
110007494363
110007494372
110007494381
110007494407
110007494416
110007494425
110007494434
110007494443
110007494452
110007494461
110007494470
110007494489
110007494504
110007494513
110007494531
110007494540
110007494568
110007494577
110007494595
110007494611
110007494620
110007494657
110007494666
110007494675
110007494693
110007494700
110007494719
110007494728
110007494737
110007494746
110007494755
110007494764
110007494773
110007494782
110007494808
110007494826
110007494844
110007494853
110007494862
110007494871
110007494880
110007494899
110007494906
110007494915
110007494924
110007494942
110007494960
110007494979
110007494988
110007494997
110007495004
110007495013
110007495040
110007495059
110007495068
110007495086
110007495095
110007495102
110007495111
110007495120
110007495139
110007495166
110007495184
110007495200
110007495219
110007495228
110007495237
110007495255
110007495264
110007495273
110007495308
110007495317
110007495326
110007495353
110007495371
110007495380
110007495399
110007495406
110007495415
110007495424
110007495433
110007495442
110007495460
110007495479
110007495488
110007495497
110007495503
110007495512
110007495521
110007495530
110007495558
110007495576
110007495601
110007495610
110007495629
110007495647
110007495665
110007495674
110007495692
110007495709
110007495718
110007495727
110007495736
110007495745
110007495754
110007495763
110007495790
110007495807
110007495816
110007495825
110007495834
110007495843
110007495852
110007495861
110007495870
110007495905
110007495914
110007495923
110007495932
110007495950
110007495969
110007495978
110007495987
110007495996
110007496003
110007496012
110007496030
110007496049
110007496058
110007496076
110007496085
110007496094
110007496101
110007496110
110007496129
110007496138
110007496147
110007496165
110007496174
110007496183
110007496192
110007496209
110007496227
110007496236
110007496254
110007496263
110007496272
110007496281
110007496290
110007496307
110007496325
110007496334
110007496343
110007496352
110007496370
110007496389
110007496398
110007496405
110007496414
110007496423
110007496450
110007496469
110007496478
110007496487
110007496496
110007496502
110007496511
110007496520
110007496557
110007496566
110007496584
110007496593
110007496600
110007496637
110007496646
110007496655
110007496664
110007496673
110007496744
110007496753
110007496762
110007496799
110007496824
110007496833
110007496842
110007496851
110007496860
110007496879
110007496897
110007496913
110007496931
110007496940
110007496959
110007496968
110007496977
110007496986
110007496995
110007497002
110007497011
110007497020
110007497039
110007497048
110007497066
110007497075
110007497084
110007497093
110007497119
110007497128
110007497137
110007497146
110007497155
110007497164
110007497173
110007497208
110007497217
110007497226
110007497235
110007497244
110007497253
110007497262
110007497271
110007497280
110007497324
110007497333
110007497342
110007497351
110007497379
110007497388
110007497397
110007497404
110007497413
110007497422
110007497431
110007497440
110007497459
110007497468
110007497477
110007497486
110007497495
110007497510
110007497529
110007497538
110007497556
110007497565
110007497574
110007497583
110007497592
110007497609
110007497618
110007497627
110007497645
110007497654
110007497672
110007497681
110007497690
110007497707
110007497716
110007497725
110007497734
110007497752
110007497761
110007497770
110007497798
110007497805
110007497832
110007497841
110007497850
110007497869
110007497878
110007497887
110007497921
