110007497930
110007497949
110007497958
110007497976
110007497985
110007498010
110007498038
110007498047
110007498056
110007498065
110007498074
110007498083
110007498092
110007498109
110007498127
110007498154
110007498163
110007498172
110007498181
110007498190
110007498207
110007498216
110007498225
110007498234
110007498261
110007498289
110007498298
110007498314
110007498323
110007498332
110007498350
110007498369
110007498378
110007498396
110007498403
110007498412
110007498421
110007498430
110007498449
110007498458
110007498476
110007498485
110007498494
110007498500
110007498519
110007498528
110007498537
110007498546
110007498555
110007498564
110007498573
110007498582
110007498608
110007498617
110007498653
110007498671
110007498680
110007498706
110007498715
110007498724
110007498733
110007498742
110007498751
110007498760
110007498779
110007498788
110007498804
110007498813
110007498822
110007498831
110007498840
110007498859
110007498877
110007498886
110007498895
110007498911
110007498920
110007498939
110007498948
110007498957
110007498966
110007498975
110007498984
110007498993
110007499000
110007499019
110007499028
110007499037
110007499082
110007499091
110007499108
110007499117
110007499126
110007499135
110007499144
110007499171
110007499180
110007499199
110007499206
110007499224
110007499233
110007499242
110007499251
110007499260
110007499288
110007499297
110007499304
110007499313
110007499331
110007499340
110007499359
110007499377
110007499386
110007499395
110007499402
110007499411
110007499420
110007499439
110007499448
110007499457
110007499466
110007499475
110007499484
110007499509
110007499518
110007499527
110007499536
110007499545
110007499554
110007499563
110007499572
110007499581
110007499607
110007499625
110007499661
110007499670
110007499689
110007499698
110007499705
110007499714
110007499732
110007499750
110007499769
110007499778
110007499787
110007499803
110007499821
110007499849
110007499858
110007499867
110007499876
110007499894
110007499901
110007499929
110007499938
110007499947
110007499956
110007499965
110007499983
110007499992
110007500034
110007500043
110007500052
110007500061
110007500070
110007500089
110007500098
110007500114
110007500123
110007500132
110007500141
110007500169
110007500178
110007500187
110007500196
110007500203
110007500212
110007500221
110007500276
110007500294
110007500301
110007500310
110007500338
110007500347
110007500356
110007500365
110007500374
110007500392
110007500418
110007500436
110007500445
110007500454
110007500463
110007500472
110007500481
110007500490
110007500506
110007500515
110007500524
110007500533
110007500542
110007500551
110007500579
110007500588
110007500631
110007500640
110007500659
110007500677
110007500686
110007500702
110007500711
110007500739
110007500757
110007500775
110007500793
110007500800
110007500819
110007500846
110007500855
110007500882
110007500891
110007500908
110007500917
110007500926
110007500935
110007500944
110007500953
110007500962
110007500980
110007500999
110007501006
110007501015
110007501024
110007501033
110007501042
110007501051
110007501060
110007501088
110007501104
110007501113
110007501122
110007501131
110007501140
110007501177
110007501195
110007501202
110007501211
110007501220
110007501239
110007501248
110007501266
110007501293
110007501300
110007501319
110007501337
110007501346
110007501364
110007501382
110007501391
110007501426
110007501435
110007544247
110007548653
110007555298
110007555617
110007555680
110007557820
110007559329
110007561584
110007561815
110007562271
110007567490
110007567917
110007568355
110007568499
110007570903
110007583837
110007586433
110007590099
110007590507
110007590712
110007591230
110007591454
110007596547
110007597519
110007597877
110007645548
110007645575
110007645584
110007645593
110007645637
110007645664
110007645673
110007645682
110007645691
110007645717
110007645726
110007645753
110007645771
110007645780
110007645815
110007645842
110007645860
110007645913
110007645922
110007645959
110007645977
110007645986
110007645995
110007646002
110007646011
110007646020
110007646048
110007646057
110007646066
110007646075
110007646084
110007646093
110007646128
110007646137
110007646155
110007646173
110007646182
110007646208
110007646217
110007646235
110007646244
110007646262
110007646271
110007646299
110007646306
110007646315
110007646324
110007646342
110007646379
110007646388
110007646397
110007646404
110007646413
110007646440
110007646459
110007646495
110007646510
110007646529
110007646547
110007646556
110007646565
110007646574
110007646583
110007646592
110007646627
110007646645
110007646654
110007646690
110007646707
110007646716
110007646743
110007646752
110007646770
110007646798
110007646805
110007646814
110007646823
110007646850
110007646878
110007646903
110007646949
110007646967
110007646976
110007647001
110007647047
110007647109
110007647127
110007647154
110007647163
110007647181
110007647190
110007647207
110007647216
110007647225
110007647234
110007647243
110007647261
110007647270
110007647289
110007647314
110007647323
110007647341
110007647350
110007647378
110007647387
110007647396
110007647403
110007647430
110007647449
110007647458
110007647467
110007647476
110007647485
110007647494
110007647500
110007647519
110007647528
110007647537
110007647546
110007647555
110007647564
110007647573
110007647582
110007647591
110007647608
110007647626
110007647635
110007647644
110007647653
110007647680
110007647699
110007647706
110007647715
110007647724
110007647742
110007647779
110007647788
110007647797
110007647804
110007647813
110007647831
110007647840
110007647859
110007647868
110007647886
110007647902
110007647911
110007647920
110007647939
110007647948
110007647957
110007647966
110007647975
110007647984
110007647993
110007648019
110007648028
110007648037
110007648046
110007648055
110007648064
110007648108
110007648117
110007648144
110007648153
110007648199
110007648215
110007648233
110007648242
110007648279
110007648288
110007648297
110007648304
110007648313
110007648359
110007648368
110007648377
110007648386
110007648395
110007648402
110007648411
110007648448
110007648466
110007648475
110007648484
110007648509
110007648518
110007648527
110007648554
110007648563
110007648581
110007648590
110007648607
110007648616
110007648625
110007648634
110007648643
110007648652
110007648670
110007648689
110007648705
110007648714
110007648723
110007648741
110007648769
110007648821
110007648849
110007648867
110007648876
110007648901
110007648910
110007648929
110007648947
110007648956
110007648965
110007648983
110007648992
110007649018
110007649027
110007649036
110007649063
110007649107
110007649116
110007649143
110007649152
110007649170
110007649189
110007649198
110007649205
110007649214
110007649223
110007649241
110007649250
110007649278
110007649287
110007649296
110007649303
110007649312
110007649321
110007649330
110007649367
110007649376
110007649385
110007649394
110007649401
110007649447
110007649526
110007649562
110007649651
110007649679
110007649731
110007649740
110007649759
110007649777
110007649795
110007649811
110007649820
110007649857
110007649866
110007649884
110007649893
110007649900
110007649919
110007649946
110007649955
110007649964
110007649973
110007650032
110007650041
110007650050
110007650069
110007650087
110007650096
110007650103
110007650121
110007650158
110007650194
110007650201
110007650210
110007650247
110007650256
110007650265
110007650274
110007650283
110007650309
110007650318
110007650336
110007650345
110007650363
110007650381
110007650390
110007650407
110007650425
110007650434
110007650452
110007650470
110007650489
110007650498
110007650504
110007650513
110007650522
110007650531
110007650540
110007650559
110007650568
110007650577
110007650586
110007650595
110007650602
110007650611
110007650620
110007650639
110007650648
110007650666
110007650684
110007650700
110007650728
110007650746
110007650755
110007650764
110007650773
110007650835
110007650853
110007650906
110007650915
110007650942
110007650951
110007650997
110007651004
110007651013
110007651031
110007651059
110007651068
110007651086
110007651095
110007651102
110007660940
110007661725
110007666365
110007705215
110007705242
110007705297
110007705331
110007705395
110007705457
110007705475
110007705527
110007705572
110007705634
110007705643
110007705714
110007705723
110007705732
110007705750
110007705769
110007705956
110007705974
110007705992
110007706045
110007706116
110007706134
110007706189
110007706214
110007706287
110007706296
110007706321
110007706330
110007706349
110007706376
110007706410
110007706438
110007706447
110007706474
110007706544
110007706562
110007706651
110007706679
110007706759
110007706802
110007706820
110007706973
110007706991
110007707080
110007707099
110007707151
110007707204
110007707240
110007707277
110007707320
110007707366
110007707419
110007707491
110007707534
110007707552
110007707561
110007707598
110007707605
110007707614
110007707641
110007707669
110007707678
110007707696
110007707730
110007707767
110007707776
110007707785
110007707829
110007707865
110007707874
110007707883
110007707909
110007707918
110007707945
110007707972
110007707981
110007708025
110007708034
110007708070
110007708098
110007708178
110007708221
110007708230
110007708249
110007708294
110007708374
110007708427
110007708436
110007708445
110007708454
110007708481
110007708506
110007708551
110007708560
110007708588
110007708597
110007708604
110007708668
110007708695
110007708702
110007708720
110007708775
110007708846
110007708917
110007708953
110007708962
110007709113
110007709159
110007709186
110007709202
110007709211
110007709220
110007709284
110007709300
110007709337
110007709364
110007709408
110007709417
110007709435
110007709444
110007709453
110007709505
110007709523
110007709550
110007709587
110007709596
110007709603
110007709621
110007709630
110007709667
110007709729
110007709738
110007709756
110007709765
110007709774
110007709827
110007709907
110007709943
110007709970
110007709998
110007710021
110007710030
110007710076
110007710110
110007710174
110007710236
110007710263
110007710316
110007710325
110007710334
110007710361
110007710414
110007710432
110007710441
110007710469
110007710487
110007710496
110007710502
110007710511
110007710575
110007710584
110007710593
110007710619
110007710628
110007710637
110007710655
110007710682
110007710744
110007710753
110007710762
110007710771
110007710780
110007710799
110007710815
110007710824
110007710833
110007710842
110007710851
110007710860
110007710879
110007710897
110007710913
110007710922
110007710940
110007711002
110007711011
110007711020
110007711057
110007711100
110007711119
110007711128
110007711146
110007711155
110007711182
110007711191
110007711235
110007711244
110007711271
110007711299
110007711306
110007711315
110007711333
110007711342
110007711360
110007711431
110007711440
110007711468
110007711486
110007711583
110007711618
110007711645
110007711654
110007711663
110007711672
110007711707
110007711725
110007711743
110007711761
110007711805
110007711841
110007711850
110007711896
110007711930
110007712038
110007712127
110007712154
110007712163
110007712181
110007712234
110007712289
110007712298
110007712305
110007712314
110007712350
110007712369
110007712387
110007712403
110007712467
110007712485
110007712519
110007712555
110007712564
110007712582
110007712617
110007712635
110007712653
110007712662
110007712724
110007712779
110007712788
110007712797
110007712813
110007712822
110007712877
110007712902
110007712911
110007712939
110007712948
110007712957
110007712966
110007713055
110007713108
110007713117
110007713144
110007713180
110007713215
110007713288
110007713359
110007713386
110007713439
110007713466
110007713493
110007713536
110007713545
110007713554
110007713572
110007713625
110007713670
110007713778
110007713796
110007713812
110007713821
110007714018
110007714027
110007714063
110007714072
110007714081
110007714125
110007714134
110007714214
110007714223
110007714269
110007714296
110007714303
110007714312
110007714330
110007714349
110007714358
110007714376
110007714385
110007714394
110007714401
110007714410
110007714438
110007714447
110007714456
110007714465
110007714474
110007714483
110007714492
110007714535
110007714571
110007714580
110007714599
110007714606
110007714615
110007714624
110007714679
110007714688
110007714731
110007714740
110007714786
110007714795
110007714811
110007714839
110007714991
110007715008
110007715026
110007715062
110007715106
110007715142
110007715197
110007715204
110007715240
110007715268
110007715277
110007715357
110007715446
110007715543
110007715561
110007715570
110007715598
110007715678
110007715696
110007715712
110007715721
110007715730
110007715749
110007715758
110007715767
110007715794
110007715810
110007715856
110007715865
110007715892
110007715927
110007715954
110007715963
110007716016
110007716070
110007716132
110007716169
110007716178
110007716212
110007716230
110007716249
110007716258
110007716524
110007716533
110007716542
110007716551
110007716659
110007716677
110007716775
110007716819
