110007716828
110007716846
110007716855
110007716864
110007716882
110007716891
110007716908
110007716917
110007716926
110007717015
110007717060
110007717088
110007717131
110007717177
110007717211
110007717220
110007717257
110007717293
110007717300
110007717319
110007717328
110007717391
110007717408
110007717444
110007717453
110007717471
110007717499
110007717505
110007717523
110007717541
110007717550
110007717578
110007717587
110007717603
110007717649
110007717667
110007717701
110007717710
110007717747
110007717783
110007717809
110007717836
110007717845
110007717854
110007717872
110007717881
110007717925
110007717943
110007717961
110007717970
110007717998
110007718005
110007718023
110007718078
110007718096
110007718112
110007718121
110007718149
110007718201
110007718210
110007718238
110007718265
110007718354
110007718381
110007718425
110007718452
110007718504
110007718540
110007718559
110007718568
110007718577
110007718586
110007718620
110007718639
110007718648
110007718675
110007718728
110007718737
110007718746
110007718773
110007718791
110007718844
110007718853
110007718862
110007718915
110007718924
110007718951
110007718979
110007718997
110007719013
110007719022
110007719031
110007719102
110007719111
110007719166
110007719200
110007719273
110007719291
110007719308
110007719326
110007719406
110007719433
110007719442
110007719692
110007719736
110007719772
110007719790
110007719825
110007719852
110007719969
110007719996
110007720001
110007720010
110007720038
110007720056
110007720074
110007720083
110007720109
110007720127
110007720145
110007720154
110007720163
110007720172
110007720207
110007720298
110007720369
110007720378
110007720387
110007720403
110007720430
110007720449
110007720476
110007720494
110007720519
110007720528
110007720555
110007720573
110007720582
110007720591
110007720608
110007720617
110007720626
110007720635
110007722955
110007725248
110007728771
110007729146
110007729280
110007729663
110007730134
110007730214
110007730553
110007731348
110007731428
110007732258
110007732668
110007739242
110007739769
110007741015
110007748483
110007748759
110007769469
110007769762
110007786663
110007828486
110007828510
110007828529
110007828654
110007828716
110007828725
110007828743
110007828752
110007828805
110007828823
110007828832
110007828878
110007828903
110007828912
110007828967
110007828985
110007829038
110007829109
110007829127
110007829136
110007829172
110007829190
110007829234
110007829243
110007829298
110007829314
110007829341
110007829350
110007829458
110007829467
110007829500
110007829564
110007829635
110007829644
110007829653
110007829662
110007829671
110007829699
110007829706
110007829760
110007829788
110007829822
110007829911
110007829984
110007830124
110007830151
110007830160
110007830204
110007830277
110007830366
110007830375
110007830384
110007830393
110007830428
110007830455
110007830491
110007830507
110007830561
110007830570
110007830589
110007830598
110007830605
110007830696
110007830758
110007830767
110007830785
110007830847
110007830865
110007830874
110007830883
110007830892
110007830954
110007831061
110007831089
110007831169
110007831196
110007831203
110007831212
110007831285
110007831301
110007831310
110007831356
110007831374
110007831436
110007831472
110007831506
110007831579
110007831668
110007831677
110007831686
110007831695
110007831711
110007831739
110007831846
110007831873
110007831926
110007831980
110007832024
110007832033
110007832060
110007832097
110007832186
110007832239
110007832248
110007832417
110007832426
110007832435
110007832523
110007832578
110007832603
110007832612
110007832649
110007832756
110007832827
110007832845
110007832907
110007832916
110007832925
110007832961
110007832970
110007832998
110007833041
110007833078
110007833167
110007833238
110007833327
110007833345
110007833425
110007833434
110007833452
110007833522
110007833531
110007833568
110007833586
110007833648
110007833675
110007833693
110007833700
110007833719
110007833728
110007833773
110007833862
110007833906
110007834004
110007834013
110007834059
110007834120
110007834200
110007834228
110007834255
110007834308
110007834335
110007834344
110007834362
110007834371
110007834415
110007834433
110007834460
110007834549
110007834576
110007834585
110007834629
110007834647
110007834656
110007834665
110007834709
110007834718
110007834763
110007834772
110007834807
110007834834
110007834843
110007834861
110007834914
110007834932
110007834969
110007834996
110007835003
110007835021
110007835218
110007835227
110007835307
110007835316
110007835361
110007835575
110007835593
110007835646
110007835655
110007835682
110007835726
110007835735
110007835780
110007835833
110007835922
110007835931
110007835940
110007835968
110007836119
110007836173
110007836191
110007836217
110007836253
110007836547
110007836556
110007836565
110007836618
110007836645
110007836654
110007836663
110007836716
110007836725
110007836734
110007836789
110007836805
110007836850
110007836869
110007836878
110007836887
110007836903
110007836994
110007837001
110007837010
110007837047
110007837056
110007837065
110007837074
110007837083
110007837234
110007837261
110007837298
110007837305
110007837332
110007837341
110007837396
110007837449
110007837458
110007837467
110007837500
110007837519
110007837573
110007837591
110007837608
110007837617
110007837635
110007837644
110007837662
110007837699
110007837706
110007837715
110007837724
110007837733
110007837742
110007837751
110007837788
110007837813
110007837822
110007837920
110007837939
110007837957
110007837966
110007837975
110007837993
110007838108
110007838117
110007838126
110007838171
110007838180
110007838199
110007838260
110007838304
110007838313
110007838386
110007838395
110007838411
110007838420
110007838448
110007838457
110007838509
110007838518
110007838527
110007838563
110007838581
110007838616
110007842674
110007842683
110007842727
110007842754
110007842772
110007842816
110007842834
110007842861
110007842889
110007842905
110007842923
110007842932
110007842941
110007842969
110007842978
110007842987
110007842996
110007843003
110007843012
110007843030
110007843049
110007843085
110007843094
110007843101
110007843156
110007843174
110007843209
110007843245
110007843254
110007843263
110007843272
110007843290
110007843316
110007843334
110007843361
110007843370
110007843398
110007843414
110007843423
110007843432
110007843496
110007843511
110007843520
110007843539
110007843593
110007843646
110007843726
110007843744
110007843753
110007843771
110007843799
110007843806
110007843824
110007843986
110007844011
110007844020
110007844048
110007844057
110007844066
110007844093
110007844119
110007844128
110007844137
110007844146
110007844155
110007844191
110007844208
110007844217
110007844253
110007844262
110007844271
110007844280
110007844299
110007844306
110007844315
110007844324
110007844333
110007844388
110007844413
110007844422
110007844440
110007844468
110007844477
110007844486
110007844501
110007844510
110007844529
110007844547
110007844583
110007844592
110007844618
110007844627
110007844636
110007844645
110007844654
110007844672
110007844681
110007844690
110007844716
110007844725
110007844743
110007844752
110007844761
110007844770
110007844805
110007844814
110007844823
110007844832
110007844841
110007844869
110007844878
110007844887
110007844903
110007844912
110007844921
110007844930
110007844949
110007844958
110007844985
110007844994
110007845001
110007845010
110007845029
110007845038
110007845065
110007845074
110007845083
110007845092
110007845109
110007845118
110007845136
110007845145
110007845154
110007845163
110007845172
110007845190
110007845216
110007845225
110007845252
110007845261
110007845270
110007845289
110007845298
110007845305
110007845314
110007845332
110007845369
110007845378
110007845387
110007845396
110007845412
110007845430
110007845449
110007845476
110007845485
110007845500
110007845519
110007845528
110007845564
110007845573
110007845591
110007845644
110007845653
110007845662
110007845680
110007845699
110007845733
110007845742
110007845788
110007845804
110007845813
110007845822
110007845831
110007845840
110007845877
110007845886
110007845902
110007845911
110007845920
110007845948
110007845984
110007845993
110007846019
110007846037
110007846055
110007846064
110007846073
110007846082
110007846091
110007846135
110007846144
110007846162
110007846180
110007846251
110007846279
110007846288
110007846297
110007846304
110007846322
110007846340
110007846359
110007846377
110007846386
110007846395
110007846439
110007846448
110007846457
110007846484
110007846493
110007846509
110007846518
110007846527
110007846545
110007846563
110007846572
110007846581
110007846590
110007846625
110007846634
110007846643
110007846689
110007846698
110007846750
110007846769
110007846787
110007846796
110007846803
110007846812
110007846830
110007846867
110007846876
110007846885
110007846938
110007846965
110007846974
110007847009
110007847018
110007847027
110007847045
110007847054
110007847063
110007847072
110007847081
110007847107
110007847125
110007847143
110007847152
110007847161
110007847170
110007847189
110007847198
110007847205
110007847214
110007847223
110007847232
110007847241
110007847269
110007847278
110007847287
110007847296
110007847312
110007847321
110007847358
110007847376
110007847401
110007847410
110007847438
110007847465
110007847474
110007847492
110007847517
110007847526
110007847544
110007847553
110007847562
110007847571
110007847599
110007847606
110007847615
110007847624
110007847633
110007847642
110007847679
110007847688
110007847697
110007847713
110007847722
110007847731
110007847740
110007847759
110007847768
110007847777
110007847786
110007847795
110007847811
110007847820
110007847839
110007847848
110007847857
110007847866
110007847893
110007847900
110007847919
110007847928
110007847937
110007847946
110007847955
110007847964
110007847973
110007847982
110007847991
110007848008
110007848017
110007848026
110007848035
110007848044
110007848062
110007848080
110007848106
110007848124
110007848133
110007848151
110007848179
110007848188
110007848197
110007848204
110007848213
110007848231
110007848240
110007848259
110007848268
110007848277
110007848286
110007848295
110007848302
110007848311
110007848320
110007848339
110007848357
110007848366
110007848375
110007848384
110007848393
110007848400
110007848428
110007848437
110007848446
110007848455
110007848464
110007848473
110007848482
110007848491
110007848516
110007848525
110007848543
110007848552
110007848561
110007848570
110007848589
110007848605
110007848614
110007848623
110007848632
110007848641
110007848669
110007848687
110007848703
110007848712
110007848721
110007848730
110007848758
110007848767
110007848785
110007848794
110007848810
110007848838
110007848847
110007848856
110007848865
110007848883
110007848892
110007848918
110007848927
110007848954
110007848963
110007848972
110007848981
110007849007
110007849016
110007849025
110007849043
110007849061
110007849098
110007849114
110007849123
110007849132
110007849141
110007849150
110007849178
110007849203
110007849212
110007849221
110007849230
110007849249
110007849258
110007849267
110007849276
110007849301
110007849310
110007849329
110007849338
110007849347
110007849365
110007849374
110007849383
110007849392
110007849418
110007849427
110007849436
110007849445
110007849454
110007849463
110007849472
110007849481
110007849490
110007849506
110007849515
110007849524
110007849533
110007849542
110007849560
110007849579
110007849597
110007849604
110007849613
110007849640
110007849659
110007849668
110007849677
110007849686
110007849695
110007849711
110007849720
110007849739
110007849748
110007849757
110007849775
110007849784
110007849793
110007849800
110007849819
110007849837
110007849846
110007849864
110007849882
110007849908
110007849926
110007849944
110007849953
110007849962
110007849980
110007849999
110007850012
110007850021
110007850049
110007850067
110007850076
110007850085
110007850094
110007850101
110007850129
110007850138
110007850147
110007850183
110007850192
110007850209
110007850218
110007850236
110007850245
110007850254
110007850272
110007850281
110007850316
110007850325
110007850334
110007850343
110007850352
110007850361
110007850370
110007850398
110007850405
110007850414
110007850423
110007850432
110007850441
110007850450
110007850469
110007850478
110007850487
110007850496
110007850520
110007850539
110007850557
110007850575
110007850584
110007850593
110007850600
110007850619
110007850628
110007850637
110007850655
110007850664
110007850673
110007850682
110007850691
110007850717
110007850726
110007850744
110007850753
110007850762
110007850771
110007850780
110007850799
110007850806
110007850815
110007850824
110007850833
110007850842
110007850851
110007850860
110007850879
110007850888
110007850897
110007850904
110007850913
110007850922
110007850931
110007850940
110007850959
110007850968
110007850986
110007850995
110007851002
110007851020
110007851039
110007851057
110007851066
110007851075
110007851084
110007851093
110007851100
110007851119
110007851128
