110007851137
110007851146
110007851164
110007851173
110007851182
110007851208
110007851217
110007851226
110007851235
110007851253
110007851271
110007851299
110007851306
110007851324
110007851342
110007851351
110007851360
110007851379
110007851388
110007851397
110007851404
110007851413
110007851422
110007851431
110007851440
110007851468
110007851486
110007851495
110007851501
110007851529
110007851556
110007851592
110007851609
110007851627
110007851636
110007851645
110007851654
110007851663
110007851681
110007851690
110007851716
110007851734
110007851752
110007851770
110007851798
110007851814
110007851823
110007851832
110007851869
110007851878
110007851896
110007851912
110007851921
110007851930
110007851949
110007851967
110007851976
110007851994
110007852001
110007852010
110007852029
110007852038
110007852047
110007852083
110007852092
110007852109
110007852127
110007852136
110007852154
110007852163
110007852172
110007852181
110007852190
110007852207
110007852216
110007852243
110007852270
110007852298
110007852314
110007852341
110007852350
110007852369
110007852387
110007852396
110007852412
110007852421
110007852430
110007852449
110007852458
110007852485
110007852537
110007852546
110007852564
110007852573
110007852582
110007852591
110007852608
110007852626
110007852644
110007852680
110007852699
110007852706
110007852715
110007852742
110007852751
110007852760
110007852779
110007852788
110007852797
110007852813
110007852822
110007852840
110007852859
110007852877
110007852895
110007852939
110007852957
110007852966
110007852975
110007852984
110007853000
110007853055
110007853073
110007853082
110007853091
110007853108
110007853117
110007853126
110007853144
110007853153
110007853162
110007853199
110007853206
110007853215
110007853224
110007853242
110007853251
110007853288
110007853297
110007853313
110007853322
110007853331
110007853340
110007853368
110007853377
110007853386
110007853395
110007853420
110007853439
110007853448
110007853466
110007853475
110007853509
110007853518
110007853527
110007853536
110007853545
110007853563
110007853572
110007853590
110007853607
110007853616
110007853634
110007853643
110007853661
110007853670
110007853689
110007853698
110007853714
110007853723
110007853741
110007853750
110007853769
110007853778
110007853787
110007853796
110007853803
110007853821
110007853830
110007853849
110007853867
110007853876
110007853894
110007853901
110007853910
110007853929
110007853956
110007853965
110007853974
110007853983
110007854018
110007854027
110007854036
110007854045
110007854063
110007854072
110007854081
110007854090
110007854116
110007854125
110007854134
110007854143
110007854152
110007854161
110007854170
110007854189
110007854198
110007854205
110007854232
110007854241
110007854250
110007854269
110007854287
110007854303
110007854312
110007854321
110007854330
110007854349
110007854358
110007854367
110007854394
110007854401
110007854410
110007854429
110007854438
110007854456
110007854465
110007854474
110007854483
110007854492
110007854508
110007854526
110007854535
110007854544
110007854553
110007854562
110007854571
110007854580
110007854606
110007854615
110007854642
110007854651
110007854704
110007854722
110007854731
110007854759
110007854768
110007854777
110007854786
110007854802
110007854811
110007854820
110007854839
110007854857
110007854866
110007854875
110007854884
110007854893
110007854919
110007854928
110007854937
110007854946
110007854955
110007854991
110007855008
110007855026
110007855035
110007855044
110007855053
110007855062
110007855071
110007855080
110007855099
110007855106
110007855115
110007855124
110007855133
110007855142
110007855151
110007855160
110007855188
110007855197
110007855204
110007855213
110007855222
110007855231
110007855240
110007855259
110007855268
110007855277
110007855286
110007855295
110007855311
110007855320
110007855339
110007855357
110007855366
110007855375
110007855393
110007855419
110007855428
110007855437
110007855464
110007855473
110007855482
110007855491
110007855507
110007855516
110007855525
110007855534
110007855543
110007855589
110007855605
110007855623
110007855632
110007855641
110007855650
110007855669
110007855678
110007855687
110007855696
110007855712
110007855721
110007855730
110007855767
110007855776
110007855794
110007855801
110007855829
110007855847
110007855856
110007855865
110007855883
110007855918
110007855927
110007855936
110007855945
110007855972
110007855990
110007856016
110007856025
110007856034
110007856052
110007856061
110007856070
110007856089
110007856098
110007856105
110007856114
110007856123
110007856141
110007856150
110007856169
110007856178
110007856196
110007856203
110007856212
110007856221
110007856230
110007856249
110007856267
110007856276
110007856285
110007856294
110007856310
110007856329
110007856347
110007856365
110007856374
110007856409
110007856418
110007856427
110007856436
110007856445
110007856463
110007856472
110007856481
110007856490
110007856506
110007856515
110007856524
110007856533
110007856542
110007856551
110007856560
110007856588
110007856597
110007856604
110007856613
110007856622
110007856631
110007856640
110007856659
110007856677
110007856686
110007856695
110007856702
110007856711
110007856739
110007856748
110007856757
110007856775
110007856784
110007856793
110007856800
110007856819
110007856828
110007856846
110007856855
110007856864
110007856882
110007856917
110007856926
110007856935
110007856944
110007856953
110007856980
110007856999
110007857033
110007857051
110007857060
110007857079
110007857097
110007857104
110007857122
110007857140
110007857159
110007857168
110007857177
110007857195
110007857202
110007857239
110007857248
110007857257
110007857266
110007857275
110007857293
110007857300
110007857328
110007857355
110007857364
110007857382
110007857391
110007857408
110007857417
110007857426
110007857444
110007857453
110007857462
110007857480
110007857499
110007857505
110007857514
110007857523
110007857532
110007857541
110007857550
110007857569
110007857578
110007857587
110007857596
110007857612
110007857621
110007857649
110007857658
110007857667
110007857676
110007857701
110007857747
110007857765
110007857774
110007857792
110007857818
110007857827
110007857836
110007857863
110007857881
110007857890
110007857907
110007857916
110007857925
110007857934
110007857943
110007857961
110007857970
110007857998
110007858014
110007858023
110007858032
110007858041
110007858050
110007858069
110007858087
110007858103
110007858112
110007858121
110007858130
110007858149
110007858167
110007858176
110007858185
110007858194
110007858201
110007858210
110007858238
110007858265
110007858274
110007858283
110007858292
110007858309
110007858327
110007858336
110007858345
110007858354
110007858372
110007858390
110007858407
110007858416
110007858425
110007858434
110007858470
110007858489
110007858498
110007858513
110007858522
110007858540
110007858559
110007858568
110007858586
110007858595
110007858602
110007858611
110007858620
110007858639
110007858657
110007858684
110007858693
110007858700
110007858719
110007858728
110007858737
110007858755
110007858773
110007858782
110007858791
110007858817
110007858826
110007858844
110007858853
110007858862
110007858871
110007858899
110007858906
110007858933
110007858942
110007858951
110007858960
110007858979
110007858988
110007858997
110007859013
110007859031
110007859040
110007859059
110007859068
110007859077
110007859086
110007859111
110007859148
110007859175
110007859184
110007859193
110007859200
110007859219
110007859237
110007859246
110007859264
110007859273
110007859282
110007859291
110007859335
110007859362
110007859371
110007859399
110007859406
110007859415
110007859424
110007859442
110007859451
110007859503
110007859512
110007859521
110007859530
110007859549
110007859558
110007859567
110007859576
110007859585
110007859594
110007859629
110007859638
110007859647
110007859656
110007859665
110007859674
110007859683
110007859692
110007859709
110007859718
110007859727
110007859736
110007859745
110007859754
110007859772
110007859781
110007859790
110007859807
110007859816
110007859825
110007859861
110007859889
110007859898
110007859905
110007859914
110007859923
110007859932
110007859941
110007859950
110007859969
110007859987
110007859996
110007860001
110007860029
110007860047
110007860056
110007860074
110007860083
110007860118
110007860127
110007860136
110007860145
110007860172
110007860181
110007860190
110007860207
110007860216
110007860234
110007860243
110007860252
110007860289
110007860298
110007860305
110007860314
110007860332
110007860341
110007860369
110007860387
110007860396
110007860403
110007860412
110007860421
110007860430
110007860449
110007860458
110007860467
110007860476
110007860485
110007860494
110007860500
110007860537
110007860546
110007860555
110007860564
110007860573
110007860582
110007860591
110007860608
110007860635
110007860644
110007860662
110007860671
110007860680
110007860699
110007860706
110007860715
110007860733
110007860742
110007860751
110007860760
110007860779
110007860822
110007860840
110007860868
110007860877
110007860886
110007860895
110007860902
110007860911
110007860966
110007860984
110007860993
110007861019
110007861046
110007861055
110007861064
110007861073
110007861091
110007861108
110007861117
110007861126
110007861135
110007861153
110007861180
110007861199
110007861215
110007861242
110007861251
110007861260
110007861279
110007861288
110007861313
110007861322
110007861340
110007861359
110007861368
110007861386
110007861402
110007861411
110007861420
110007861439
110007861448
110007861457
110007861484
110007861493
110007861509
110007861518
110007861527
110007861545
110007861554
110007861563
110007861572
110007861581
110007861590
110007861607
110007861616
110007861625
110007861643
110007861652
110007861661
110007861670
110007861689
110007861698
110007861705
110007861714
110007861723
110007861750
110007861778
110007861787
110007861796
110007861803
110007861812
110007861821
110007861830
110007861849
110007861876
110007861894
110007861901
110007861910
110007861929
110007861938
110007861947
110007861956
110007861974
110007861983
110007861992
110007862009
110007862018
110007862027
110007862045
110007862081
110007862090
110007862107
110007862116
110007862125
110007862143
110007862161
110007862170
110007862198
110007862205
110007862214
110007862223
110007862241
110007862250
110007862278
110007862287
110007862296
110007862303
110007862312
110007862321
110007862330
110007862349
110007862358
110007862367
110007862394
110007862410
110007862429
110007862456
110007862465
110007862474
110007862517
110007862526
110007862535
110007862553
110007862571
110007862580
110007862599
110007862606
110007862615
110007862624
110007862633
110007862642
110007862660
110007862679
110007862697
110007862704
110007862713
110007862722
110007862731
110007862759
110007862768
110007862777
110007862795
110007862802
110007862811
110007862839
110007862848
110007862857
110007862893
110007862937
110007862946
110007862973
110007862982
110007862991
110007863008
110007863017
110007863026
110007863035
110007863044
110007863053
110007863062
110007863071
110007863080
110007863115
110007863124
110007863133
110007863142
110007863160
110007863188
110007863231
110007863240
110007863259
110007863268
110007863277
110007863295
110007863311
110007863320
110007863339
110007863348
110007863366
110007863384
110007863393
110007863419
110007863437
110007863446
110007863464
110007863491
110007863525
110007863534
110007863543
110007863561
110007863589
110007863598
110007863614
110007863623
110007863632
110007863641
110007863687
110007863696
110007863721
110007863730
110007863749
110007863758
110007863767
110007863776
110007863785
110007863794
110007863801
110007863829
110007863847
110007863856
110007863865
110007863874
110007863883
110007863892
110007863909
110007863918
110007863927
110007863936
110007863945
110007863963
110007864007
110007864016
110007864025
110007864034
110007864043
110007864061
110007864070
110007864089
110007864114
110007864123
110007864141
110007864150
110007864169
110007864178
110007864187
110007864196
110007864203
110007864221
110007864249
110007864258
110007864267
110007864285
110007864294
110007864301
110007864310
110007864329
110007864338
110007864347
110007864356
110007864365
110007864383
110007864392
110007864409
110007864418
110007864427
110007864436
110007864445
110007864463
110007864472
110007864481
110007864490
110007864506
110007864524
110007864542
110007864551
110007864560
110007864579
110007864588
110007864597
110007864604
110007864631
110007864640
110007864659
110007864677
110007864695
110007864702
110007864720
110007864739
110007864748
110007864757
110007864766
110007864775
110007864784
110007864793
110007864800
110007864819
110007864828
110007864855
110007864873
110007864882
110007864917
110007864926
110007864935
110007864953
110007864962
110007864971
110007864980
110007864999
110007865006
110007865033
110007865042
110007865051
110007865060
110007865097
110007865113
110007865140
110007865159
110007865168
110007865177
110007865186
