110007865195
110007865202
110007865211
110007865220
110007865239
110007865248
110007865257
110007865266
110007865284
110007865293
110007865300
110007865319
110007865328
110007865337
110007865346
110007865355
110007865364
110007865382
110007865391
110007865408
110007865417
110007865444
110007865453
110007865462
110007865471
110007865480
110007865499
110007865505
110007865523
110007865550
110007865578
110007865587
110007865596
110007865603
110007865621
110007865630
110007865649
110007865658
110007865685
110007865694
110007865710
110007865729
110007865738
110007865756
110007865809
110007865827
110007865836
110007865845
110007865854
110007865863
110007865872
110007865881
110007865890
110007865907
110007865916
110007865925
110007865934
110007865943
110007865961
110007865970
110007865989
110007865998
110007866005
110007866014
110007866023
110007866041
110007866050
110007866069
110007866078
110007866087
110007866112
110007866121
110007866130
110007866149
110007866158
110007866167
110007866176
110007866185
110007866201
110007866210
110007866238
110007866256
110007866265
110007866274
110007866283
110007866292
110007866309
110007866318
110007866327
110007866336
110007866345
110007866354
110007866363
110007866372
110007866390
110007866407
110007866416
110007866425
110007866434
110007866452
110007866461
110007866470
110007866489
110007866504
110007866522
110007866559
110007866568
110007866586
110007866595
110007866611
110007866639
110007866657
110007866666
110007866675
110007866684
110007866693
110007866700
110007866719
110007866728
110007866737
110007866764
110007866773
110007866782
110007866791
110007866808
110007866817
110007866826
110007866835
110007866844
110007866853
110007866862
110007866880
110007866899
110007866906
110007866915
110007866933
110007866942
110007866951
110007866960
110007866979
110007866988
110007866997
110007867004
110007867013
110007867022
110007867031
110007867040
110007867059
110007867068
110007867077
110007867086
110007867095
110007867102
110007867111
110007867120
110007867139
110007867148
110007867157
110007867166
110007867193
110007867219
110007867228
110007867237
110007867246
110007867255
110007867264
110007867282
110007867308
110007867317
110007867326
110007867344
110007867353
110007867399
110007867415
110007867424
110007867433
110007867451
110007867479
110007867488
110007867497
110007867503
110007867512
110007867549
110007867558
110007867567
110007867576
110007867585
110007867594
110007867601
110007867629
110007867638
110007867674
110007867727
110007867736
110007867745
110007867754
110007867763
110007867781
110007867790
110007867807
110007867825
110007867834
110007867861
110007867870
110007867889
110007867898
110007867905
110007867914
110007867923
110007867932
110007867941
110007867950
110007867969
110007867978
110007867987
110007867996
110007868003
110007868021
110007868030
110007868049
110007868058
110007868067
110007868076
110007868085
110007868094
110007868101
110007868110
110007868129
110007868138
110007868147
110007868156
110007868165
110007868174
110007868183
110007868192
110007868218
110007868236
110007868245
110007868254
110007868263
110007868272
110007868281
110007868290
110007868307
110007868316
110007868325
110007868352
110007885618
110007897213
110007903616
110007903901
110007903938
110007903947
110007903983
110007903992
110007904018
110007904027
110007904036
110007904063
110007904072
110007904081
110007904107
110007904125
110007904152
110007904170
110007904205
110007904223
110007904241
110007904321
110007904330
110007904349
110007904358
110007904376
110007904429
110007904465
110007904474
110007904492
110007904508
110007904526
110007904928
110007904946
110007906542
110007906551
110007906560
110007906588
110007906597
110007906604
110007906622
110007907186
110007907202
110007907211
110007907220
110007907239
110007907248
110007907275
110007907408
110007907462
110007907480
110007907499
110007907550
110007907578
110007907587
110007907621
110007908069
110007909148
110007909157
110007909362
110007909371
110007909380
110007909406
110007909415
110007909424
110007909442
110007909451
110007909460
110007909479
110007909512
110007909521
110007909530
110007909549
110007909558
110007909567
110007909576
110007909594
110007909601
110007909610
110007909638
110007909647
110007909665
110007909674
110007909683
110007909692
110007909718
110007909727
110007909736
110007909754
110007909763
110007909772
110007909781
110007909807
110007909816
110007909825
110007910895
110007911616
110007911643
110007911670
110007911689
110007911723
110007911732
110007911741
110007911750
110007911769
110007911796
110007911821
110007911830
110007911876
110007911894
110007911901
110007911910
110007911929
110007911938
110007911947
110007911965
110007911992
110007912009
110007912018
110007912036
110007912045
110007912054
110007912072
110007912081
110007912090
110007912107
110007912116
110007912134
110007912189
110007912205
110007912214
110007912223
110007912232
110007912241
110007912250
110007912287
110007912296
110007912303
110007912312
110007912330
110007912349
110007912358
110007912367
110007912385
110007912394
110007912401
110007912410
110007912429
110007912438
110007912456
110007912465
110007912474
110007912492
110007912508
110007912517
110007912526
110007912544
110007912562
110007912571
110007912580
110007912599
110007912606
110007912615
110007912624
110007912633
110007912642
110007912651
110007912688
110007912722
110007912731
110007912759
110007912768
110007912777
110007912786
110007912795
110007912802
110007912820
110007912839
110007912875
110007912893
110007912919
110007912928
110007912964
110007912973
110007912982
110007912991
110007913008
110007913026
110007913035
110007913044
110007913053
110007913071
110007913080
110007913106
110007913115
110007913124
110007913133
110007913142
110007913151
110007913188
110007913197
110007913213
110007913231
110007913240
110007913259
110007913268
110007913277
110007913286
110007913295
110007913302
110007913311
110007913320
110007913339
110007913348
110007913357
110007913366
110007913375
110007913384
110007913393
110007913400
110007913428
110007913437
110007913446
110007913464
110007913473
110007913482
110007913491
110007913507
110007913525
110007913534
110007913543
110007913552
110007913561
110007913570
110007913589
110007913598
110007913614
110007913623
110007913641
110007913650
110007913669
110007913678
110007913687
110007913696
110007913703
110007913712
110007913721
110007913730
110007913749
110007913776
110007913785
110007913794
110007913801
110007913810
110007913829
110007913838
110007913856
110007913865
110007913874
110007913883
110007913909
110007913918
110007913927
110007913945
110007913954
110007913981
110007913990
110007914016
110007914025
110007914034
110007914043
110007914052
110007914061
110007914070
110007914105
110007914123
110007914132
110007914141
110007914150
110007914169
110007914196
110007914221
110007914230
110007914249
110007914258
110007914267
110007914285
110007914294
110007914310
110007914329
110007914338
110007914347
110007914365
110007914374
110007914383
110007914392
110007914409
110007914418
110007914454
110007914463
110007914472
110007914481
110007914490
110007914506
110007914515
110007914524
110007914533
110007914542
110007914551
110007914560
110007914579
110007914588
110007914597
110007914604
110007914631
110007914640
110007914659
110007914668
110007914677
110007914686
110007914695
110007914702
110007914720
110007914739
110007914757
110007914766
110007914775
110007914800
110007914819
110007914828
110007914837
110007914873
110007914882
110007914908
110007914944
110007914953
110007914971
110007914980
110007914999
110007915006
110007915015
110007915024
110007915051
110007915088
110007915104
110007915113
110007915131
110007915195
110007915202
110007915211
110007915239
110007915248
110007915293
110007915300
110007915319
110007915346
110007915355
110007915364
110007915373
110007915382
110007915391
110007915435
110007915444
110007915453
110007915462
110007915471
110007915480
110007915499
110007915505
110007915514
110007915523
110007915532
110007915541
110007915550
110007915587
110007915596
110007915603
110007915621
110007915649
110007915667
110007915676
110007915701
110007915729
110007915738
110007915747
110007915765
110007915783
110007915809
110007915818
110007915827
110007915836
110007915845
110007915863
110007915872
110007915881
110007915890
110007915907
110007915916
110007915925
110007915934
110007915943
110007915961
110007915998
110007916014
110007916032
110007916050
110007916078
110007916087
110007916103
110007916121
110007916158
110007916167
110007916210
110007916238
110007916274
110007916292
110007916309
110007916318
110007916327
110007916345
110007916354
110007916363
110007916390
110007916416
110007916425
110007916434
110007916443
110007916452
110007916489
110007916498
110007916504
110007916513
110007916531
110007916540
110007916559
110007916568
110007916577
110007916595
110007916620
110007916648
110007916666
110007916693
110007916700
110007916719
110007916728
110007916737
110007916746
110007916764
110007916773
110007916817
110007916826
110007916835
110007916844
110007916853
110007916862
110007916871
110007916880
110007916899
110007916906
110007916915
110007916924
110007916933
110007916951
110007916960
110007916997
110007917013
110007917040
110007917068
110007917086
110007917095
110007917102
110007917120
110007917139
110007917166
110007917228
110007917237
110007917264
110007917273
110007917291
110007917308
110007917317
110007917335
110007917344
110007917353
110007917371
110007917380
110007917399
110007917415
110007917424
110007917433
110007917451
110007917460
110007917488
110007917497
110007917503
110007917512
110007917521
110007917530
110007917558
110007917576
110007917601
110007917610
110007917638
110007917656
110007917665
110007917674
110007917683
110007917709
110007917718
110007917727
110007917736
110007917745
110007917754
110007917763
110007917790
110007917825
110007917834
110007917843
110007917852
110007917861
110007917870
110007917889
110007917898
110007917914
110007917923
110007917932
110007917941
110007917987
110007918003
110007918012
110007918021
110007918049
110007918058
110007918085
110007918094
110007918101
110007918129
110007970142
110007970142
110008053809
110008055898
110008055914
110008055923
110008055932
110008055941
110008055950
110008055996
110008056012
110008056058
110008056076
110008056076
110008056101
110008056110
110008056110
110008056129
110008056147
110008056183
110008056183
110008056227
110008056236
110008056254
110008056272
110008056334
110008056361
110008056370
110008056414
110008056414
110008056441
110008056450
110008056478
110008056487
110008056511
110008056520
110008056539
110008056566
110008056575
110008056584
110008056593
110008056600
110008056619
110008056637
110008056646
110008056673
110008056691
110008056708
110008056717
110008056726
110008056753
110008056762
110008056833
110008056851
110008056860
110008056897
110008056922
110008056931
110008056986
110008056995
110008057002
110008057011
110008057048
110008057057
110008057084
110008057093
110008057128
110008057155
110008057191
110008057262
110008057271
110008057299
110008057306
110008057342
110008057379
110008057404
110008057431
110008057440
110008057459
110008057495
110008057501
110008057510
110008057547
110008057565
110008057912
110008057921
110008057949
110008057967
110008057976
110008104470
110008115271
110008115280
110008115299
110008115315
110008115324
110008115342
110008115360
110008115431
110008115501
110008115529
110008115556
110008115565
110008115574
110008115654
110008115716
110008115752
110008115887
110008115912
110008115930
110008115967
110008116038
110008116065
110008116092
110008116118
110008116145
110008116163
110008116234
110008116243
110008116323
110008116350
110008116458
110008116476
110008116494
110008116500
110008116519
110008116564
110008116644
110008116671
110008116680
110008116733
110008116760
110008116788
110008116797
110008116831
110008116895
110008116939
110008116957
110008116984
110008116993
110008117117
110008117144
110008117153
110008117171
110008117206
110008117224
110008117251
110008117260
110008117304
110008117340
110008117377
110008117395
110008117466
110008117554
110008117563
110008117590
110008117652
110008117661
110008117723
110008117750
110008117778
110008117803
110008117830
110008117849
110008117901
110008117947
110008117956
110008117974
110008118009
110008118027
110008118045
110008118107
110008118143
110008118278
110008118303
110008118312
110008118321
110008118349
110008118358
110008118456
110008118483
110008118492
110008118526
110008118599
110008118606
110008118624
110008118633
110008118651
110008118722
110008118740
110008118768
110008118811
110008118820
110008118857
110008118866
110008118875
110008118893
110008118900
110008118919
110008119080
110008119099
110008119106
110008119115
110008119133
110008119160
110008119179
110008119188
110008119197
110008119204
110008119213
110008119222
110008119231
110008119259
110008119277
110008119286
110008119295
110008119302
