110008119311
110008119348
110008119366
110008119375
110008119384
110008119393
110008119419
110008119437
110008119446
110008119455
110008119464
110008119473
110008119482
110008119491
110008119507
110008119525
110008119552
110008119561
110008119570
110008119589
110008119598
110008119614
110008119641
110008119650
110008119669
110008119678
110008119687
110008119696
110008119749
110008119758
110008119776
110008119794
110008119829
110008119838
110008119883
110008119892
110008119918
110008119936
110008119945
110008119954
110008119990
110008120005
110008120023
110008120032
110008120041
110008120069
110008120078
110008120103
110008120121
110008120130
110008120167
110008120176
110008120210
110008120229
110008120238
110008120256
110008120274
110008120283
110008120292
110008120309
110008120318
110008120336
110008120345
110008120363
110008120372
110008120381
110008120390
110008120407
110008120416
110008120425
110008120434
110008120443
110008120452
110008120461
110008120470
110008120489
110008120498
110008120504
110008120513
110008120522
110008120531
110008120540
110008120559
110008120568
110008120577
110008120586
110008120595
110008120602
110008120611
110008120620
110008120639
110008120648
110008120657
110008120666
110008120675
110008120684
110008120693
110008120700
110008120719
110008120728
110008120737
110008120746
110008120755
110008120773
110008120791
110008120808
110008120817
110008120826
110008120835
110008120844
110008120853
110008120862
110008120880
110008120899
110008120915
110008120924
110008120933
110008120942
110008120951
110008120960
110008120979
110008120988
110008120997
110008121004
110008121013
110008121031
110008121040
110008121059
110008121068
110008121077
110008121086
110008121095
110008121111
110008121120
110008121139
110008121148
110008121157
110008121166
110008121175
110008121184
110008121200
110008121219
110008121228
110008121237
110008121246
110008121255
110008121264
110008121273
110008121282
110008121291
110008121308
110008121326
110008121335
110008121344
110008121353
110008121362
110008121380
110008121399
110008121415
110008121433
110008121442
110008121451
110008121460
110008121488
110008121503
110008121512
110008121521
110008121530
110008121558
110008121567
110008121576
110008121585
110008121594
110008121610
110008121629
110008121638
110008121647
110008121656
110008121665
110008121683
110008121727
110008121754
110008121763
110008121772
110008121790
110008121816
110008121825
110008121889
110008121923
110008121941
110008121950
110008121969
110008121987
110008121996
110008122003
110008122021
110008122030
110008122085
110008122094
110008122110
110008122138
110008122147
110008122165
110008122218
110008122227
110008122236
110008122245
110008122254
110008122263
110008122272
110008122281
110008122316
110008122343
110008122352
110008122361
110008122389
110008122414
110008122423
110008122432
110008122441
110008122450
110008122469
110008122496
110008122539
110008122548
110008122557
110008122593
110008122600
110008122628
110008122637
110008122646
110008122655
110008122673
110008122691
110008122717
110008122726
110008122735
110008122753
110008122762
110008122780
110008122806
110008122824
110008122833
110008122851
110008122860
110008122879
110008122897
110008122904
110008122922
110008122940
110008122968
110008123066
110008123093
110008123100
110008123119
110008123137
110008123155
110008123182
110008123191
110008123226
110008123244
110008123253
110008123262
110008123280
110008123306
110008123315
110008123342
110008123360
110008123379
110008123388
110008123397
110008123422
110008123431
110008123440
110008123459
110008123468
110008123477
110008123495
110008123538
110008123547
110008123556
110008123565
110008123574
110008123609
110008123618
110008123636
110008123672
110008123681
110008123707
110008123716
110008123725
110008123734
110008123752
110008123770
110008123798
110008123841
110008123850
110008123869
110008123887
110008123896
110008123903
110008123921
110008124001
110008124010
110008124029
110008124047
110008124074
110008124136
110008124163
110008124172
110008124181
110008124207
110008124225
110008124234
110008124243
110008124252
110008124289
110008124341
110008124350
110008124369
110008124378
110008124387
110008124396
110008124412
110008124421
110008124449
110008124458
110008124467
110008124485
110008124494
110008124519
110008124528
110008124537
110008124564
110008124582
110008124608
110008124617
110008124635
110008124662
110008124671
110008124680
110008124715
110008124724
110008124733
110008124742
110008124751
110008124760
110008124788
110008124840
110008124868
110008124886
110008124895
110008124920
110008124939
110008124966
110008124984
110008125000
110008125055
110008125064
110008125073
110008125108
110008125135
110008125153
110008125162
110008125180
110008125215
110008125224
110008125251
110008125288
110008125297
110008125304
110008125313
110008125331
110008125340
110008125359
110008125377
110008125402
110008125411
110008125466
110008125484
110008125493
110008125509
110008125518
110008125527
110008125536
110008125545
110008125563
110008125572
110008125581
110008125590
110008125607
110008125634
110008125732
110008125796
110008125803
110008125821
110008125858
110008125867
110008125885
110008125901
110008125929
110008125938
110008125947
110008125965
110008125974
110008125983
110008125992
110008126009
110008126018
110008126036
110008126054
110008126072
110008126081
110008126107
110008126152
110008126170
110008126189
110008126223
110008126232
110008126241
110008126278
110008126312
110008126321
110008126330
110008126358
110008126385
110008126401
110008126410
110008126447
110008126483
110008126492
110008126580
110008126599
110008126615
110008126651
110008126660
110008126679
110008126688
110008126731
110008126759
110008126768
110008126786
110008126811
110008126857
110008126866
110008126884
110008126893
110008126919
110008126964
110008126982
110008126991
110008127026
110008127035
110008127044
110008127099
110008127106
110008127115
110008127124
110008127133
110008127151
110008127160
110008127179
110008127188
110008127197
110008127213
110008127240
110008127268
110008127277
110008127286
110008127302
110008127311
110008127348
110008127366
110008127384
110008127393
110008127419
110008127437
110008127473
110008127482
110008127491
110008127516
110008127534
110008127543
110008127570
110008127589
110008127598
110008127632
110008127641
110008127650
110008127678
110008127687
110008127696
110008127721
110008127730
110008127749
110008127758
110008127767
110008127776
110008127785
110008127794
110008127829
110008127838
110008127847
110008127856
110008127892
110008127909
110008127927
110008127936
110008127963
110008127981
110008128007
110008128016
110008128025
110008128043
110008128052
110008128070
110008128089
110008128098
110008128105
110008128114
110008128132
110008128141
110008128169
110008128178
110008128187
110008128196
110008128203
110008128212
110008128221
110008128230
110008128249
110008128301
110008128329
110008128365
110008128383
110008128418
110008128427
110008128436
110008128445
110008128463
110008128481
110008128490
110008128515
110008128524
110008128533
110008128542
110008128551
110008128588
110008128597
110008128604
110008128613
110008128622
110008128631
110008128640
110008128668
110008128677
110008128702
110008128711
110008128720
110008128739
110008128766
110008128775
110008128793
110008128837
110008128846
110008128855
110008128873
110008128882
110008128891
110008128908
110008128935
110008128944
110008128953
110008128962
110008128971
110008128999
110008129015
110008129042
110008129051
110008129060
110008129097
110008129140
110008129159
110008129177
110008129195
110008129202
110008129211
110008129220
110008129239
110008129257
110008129266
110008129284
110008129300
110008129328
110008129346
110008129364
110008129408
110008129417
110008129426
110008129435
110008129462
110008129480
110008129505
110008129514
110008129532
110008129541
110008129550
110008129578
110008129587
110008129596
110008129621
110008129649
110008129658
110008129667
110008129676
110008129694
110008129701
110008129729
110008129747
110008129756
110008129765
110008129774
110008129792
110008129818
110008129827
110008129854
110008129863
110008129872
110008129890
110008129907
110008129925
110008129943
110008129952
110008129961
110008129989
110008130003
110008130030
110008130049
110008130058
110008130067
110008130085
110008130094
110008130101
110008130129
110008130138
110008130147
110008130156
110008130192
110008130209
110008130218
110008130227
110008130236
110008130245
110008130254
110008130272
110008130281
110008130290
110008130307
110008130316
110008130334
110008130343
110008130352
110008130370
110008130389
110008130398
110008130414
110008130423
110008130432
110008130450
110008130469
110008130496
110008130502
110008130511
110008130520
110008130539
110008130557
110008130575
110008130600
110008130619
110008130637
110008130664
110008130691
110008130708
110008130726
110008130735
110008130744
110008130762
110008130771
110008130799
110008130806
110008130815
110008130833
110008130842
110008130851
110008130860
110008130879
110008130897
110008130904
110008130913
110008130922
110008130931
110008130940
110008130959
110008130968
110008130986
110008130995
110008131011
110008131020
110008131039
110008131048
110008131057
110008131066
110008131075
110008131084
110008131093
110008131100
110008131146
110008131155
110008131164
110008131182
110008131191
110008131235
110008131262
110008131324
110008131333
110008131342
110008131351
110008131397
110008131413
110008131422
110008131440
110008131459
110008131468
110008131477
110008131495
110008131529
110008131538
110008131547
110008131556
110008131565
110008131574
110008131583
110008131609
110008131627
110008131636
110008131645
110008131672
110008131690
110008131707
110008131716
110008131725
110008131743
110008131752
110008131761
110008131770
110008131789
110008131798
110008131805
110008131814
110008131823
110008131832
110008131841
110008131850
110008131878
110008131896
110008131903
110008131912
110008131921
110008131930
110008131949
110008131958
110008131967
110008131976
110008131985
110008131994
110008132001
110008132010
110008132029
110008132047
110008132056
110008132074
110008132083
110008132092
110008132109
110008132127
110008132154
110008132172
110008132181
110008132190
110008132207
110008132225
110008132234
110008132243
110008132261
110008132305
110008132314
110008132332
110008132350
110008132369
110008132378
110008132396
110008132403
110008132421
110008132430
110008132458
110008132467
110008132476
110008132485
110008132500
110008132519
110008132582
110008132591
110008132608
110008132617
110008132626
110008132644
110008132653
110008132662
110008132724
110008132742
110008132760
110008132779
110008132822
110008132840
110008132859
110008132868
110008132877
110008132886
110008132920
110008132939
110008132957
110008132975
110008132993
110008133028
110008133037
110008133046
110008133055
110008133064
110008133082
110008133091
110008133117
110008133126
110008133135
110008133144
110008133162
110008133171
110008133233
110008133251
110008133279
110008133288
110008133322
110008133340
110008133359
110008133368
110008133386
110008133420
110008133448
110008133457
110008133466
110008133475
110008133493
110008133518
110008133545
110008133554
110008133572
110008133590
110008133607
110008133616
110008133634
110008133652
110008133689
110008133698
110008133732
110008133750
110008133769
110008133778
110008133796
110008133803
110008133812
110008133830
110008133849
110008133858
110008133867
110008133885
110008133901
110008133974
110008133983
110008134027
110008134036
110008134045
110008134063
110008134081
110008134090
110008134107
110008134134
110008134152
110008134161
110008134170
110008134189
110008134198
110008134205
110008134223
110008134241
110008134250
110008134269
110008134278
110008134287
110008134321
110008134330
110008134358
110008134367
110008134385
110008134394
110008134401
110008134438
110008134447
110008134474
110008134483
110008134492
110008134508
110008134535
110008134553
110008134571
110008134580
110008134599
110008134615
110008134651
110008134722
110008134759
110008134795
110008134802
110008134811
110008134839
110008134857
110008134866
110008134875
110008134893
110008134900
110008134919
110008134928
110008185775
110008195078
110008312655
110008312931
110008312940
110008312959
110008312968
110008312986
110008312995
110008313002
110008313011
110008313020
110008313039
110008313048
110008313057
110008313066
110008313075
110008313084
110008313093
110008313100
110008313128
110008313146
110008313155
110008313164
110008313182
110008313191
110008313208
110008313217
110008313226
110008313235
110008313253
110008313262
110008313271
110008313280
110008313299
110008313306
110008313315
110008313324
110008313333
110008313342
110008313360
110008313379
110008313388
110008313397
110008313404
110008313413
110008313422
110008313431
110008313440
110008313459
110008313468
110008313477
110008313486
110008313495
110008313501
110008313510
110008313529
110008313538
110008313547
110008313556
