110008313565
110008313574
110008313583
110008313592
110008313609
110008313618
110008313627
110008313636
110008313645
110008313654
110008313663
110008313672
110008313681
110008313690
110008313707
110008313716
110008313725
110008313734
110008313743
110008313752
110008313761
110008313770
110008313805
110008313814
110008313823
110008313832
110008313841
110008313869
110008313878
110008313887
110008313896
110008313903
110008313912
110008313921
110008313930
110008313958
110008313967
110008313976
110008313985
110008313994
110008314001
110008314010
110008314029
110008314038
110008314047
110008314056
110008314065
110008314074
110008314083
110008314092
110008314118
110008314127
110008314136
110008314145
110008314154
110008314163
110008314172
110008314181
110008314190
110008314207
110008314216
110008314225
110008314234
110008314252
110008314261
110008314289
110008314305
110008314314
110008314323
110008314332
110008314341
110008314350
110008314369
110008314378
110008314396
110008314403
110008314412
110008314421
110008314430
110008314449
110008314458
110008314467
110008314476
110008314485
110008314494
110008314519
110008314528
110008314537
110008314546
110008314555
110008314564
110008314573
110008314582
110008314617
110008314626
110008314644
110008314662
110008314671
110008314680
110008314706
110008314715
110008314742
110008314760
110008314779
110008314788
110008314797
110008314804
110008314813
110008314822
110008314831
110008314840
110008314877
110008314886
110008314895
110008314902
110008314911
110008314920
110008314939
110008314948
110008314966
110008314975
110008314984
110008314993
110008315000
110008315019
110008315028
110008315037
110008315046
110008315055
110008315064
110008315073
110008315108
110008315126
110008315135
110008315153
110008315162
110008315171
110008315199
110008315206
110008315215
110008315224
110008315233
110008315242
110008315251
110008315260
110008315288
110008315297
110008315304
110008315313
110008315322
110008315331
110008315359
110008315368
110008315377
110008315386
110008315395
110008315402
110008315411
110008315420
110008315439
110008315448
110008315457
110008315466
110008315475
110008315484
110008315509
110008315527
110008315536
110008315545
110008315554
110008315563
110008315572
110008315581
110008315590
110008315607
110008315616
110008315625
110008315634
110008315643
110008315652
110008315661
110008315670
110008315689
110008315698
110008315705
110008315714
110008315723
110008315732
110008315741
110008315750
110008315769
110008315778
110008315787
110008315796
110008315803
110008315812
110008315821
110008315830
110008315849
110008315858
110008315867
110008315876
110008315894
110008315901
110008315910
110008315929
110008315938
110008315956
110008315965
110008315992
110008316009
110008316018
110008316027
110008316036
110008316045
110008316054
110008316063
110008316072
110008316081
110008316090
110008316107
110008316125
110008316143
110008316152
110008316161
110008316170
110008316189
110008316198
110008316205
110008316214
110008316223
110008316232
110008316241
110008316250
110008316278
110008316287
110008316296
110008316303
110008316321
110008316330
110008316358
110008316367
110008316376
110008316385
110008316394
110008316401
110008316410
110008316429
110008316447
110008316465
110008316474
110008316483
110008316508
110008316517
110008316526
110008316535
110008316544
110008316553
110008316562
110008316571
110008316580
110008316599
110008316606
110008316615
110008316624
110008316642
110008316651
110008316660
110008316679
110008316697
110008316704
110008316713
110008316722
110008316731
110008316740
110008316759
110008316777
110008316786
110008316795
110008316802
110008316811
110008316820
110008316839
110008316848
110008316857
110008316866
110008316875
110008316893
110008316900
110008316928
110008316937
110008317035
110008317062
110008317071
110008317080
110008317099
110008317106
110008317124
110008317142
110008317151
110008317160
110008317179
110008317188
110008317197
110008317204
110008317222
110008317259
110008317268
110008317277
110008317286
110008317295
110008317302
110008317311
110008317320
110008317339
110008317348
110008317357
110008317366
110008317375
110008317384
110008317393
110008317400
110008317419
110008317428
110008317437
110008317446
110008317455
110008317464
110008317473
110008317482
110008317491
110008317516
110008317525
110008317552
110008317561
110008317570
110008317589
110008317598
110008317605
110008317614
110008317623
110008317632
110008317641
110008317650
110008317669
110008317678
110008317687
110008317696
110008317703
110008317712
110008317721
110008317730
110008317749
110008317758
110008317767
110008317776
110008317785
110008317794
110008317801
110008317810
110008317829
110008317838
110008317847
110008317856
110008317865
110008317874
110008317892
110008317909
110008317918
110008317927
110008317936
110008317945
110008317954
110008317963
110008317972
110008317981
110008317990
110008318007
110008318016
110008318025
110008318034
110008318043
110008318052
110008318061
110008318070
110008318089
110008318105
110008318114
110008318123
110008318132
110008318141
110008318150
110008318178
110008318187
110008318196
110008318203
110008318212
110008318221
110008318230
110008318301
110008318310
110008318329
110008318338
110008318347
110008318365
110008318374
110008318383
110008318392
110008318409
110008318418
110008318427
110008318436
110008318445
110008318454
110008318463
110008318472
110008318481
110008318490
110008318506
110008318515
110008318524
110008318542
110008318560
110008318588
110008318613
110008318631
110008318640
110008318659
110008318668
110008318677
110008318702
110008318711
110008318720
110008318739
110008318748
110008318757
110008318766
110008318775
110008318784
110008318793
110008318800
110008318828
110008318837
110008318855
110008318864
110008318873
110008318882
110008318908
110008318917
110008318926
110008318935
110008318944
110008318953
110008318962
110008318971
110008318980
110008318999
110008319015
110008319024
110008319033
110008319042
110008319051
110008319060
110008319079
110008319104
110008319113
110008319122
110008319168
110008319177
110008319186
110008319195
110008319202
110008319211
110008319220
110008319239
110008319248
110008319275
110008319293
110008319364
110008319408
110008319444
110008319453
110008319471
110008319480
110008319499
110008319505
110008319514
110008319523
110008319532
110008319541
110008319569
110008319578
110008319587
110008319596
110008319612
110008319630
110008319649
110008319658
110008319676
110008319685
110008319701
110008319710
110008319747
110008319765
110008319774
110008319783
110008319792
110008319809
110008319818
110008319827
110008319836
110008319845
110008319854
110008319872
110008319890
110008319907
110008319916
110008319925
110008319934
110008319943
110008319952
110008319961
110008319970
110008319989
110008319998
110008320003
110008320021
110008320030
110008320049
110008320058
110008320067
110008320076
110008320085
110008320094
110008320101
110008320110
110008320129
110008320138
110008320147
110008320156
110008320165
110008320174
110008320183
110008320192
110008320209
110008320218
110008320227
110008320245
110008320272
110008320290
110008320307
110008320316
110008320325
110008320334
110008320361
110008320370
110008320389
110008320398
110008320414
110008320423
110008320432
110008320441
110008320478
110008320496
110008320502
110008320511
110008320520
110008320539
110008320548
110008320566
110008320575
110008320584
110008320593
110008320600
110008320619
110008320628
110008320637
110008320646
110008320655
110008320664
110008320673
110008320691
110008320708
110008320717
110008320726
110008320735
110008320744
110008320753
110008320762
110008320771
110008320780
110008320824
110008320842
110008320851
110008320860
110008320904
110008320940
110008320968
110008320977
110008320986
110008320995
110008321002
110008321011
110008321020
110008321039
110008321048
110008321057
110008321066
110008321075
110008321084
110008321093
110008321100
110008321119
110008321128
110008321137
110008321155
110008321173
110008321208
110008321226
110008321235
110008321271
110008321324
110008321342
110008321351
110008321360
110008321388
110008321404
110008321422
110008321431
110008321440
110008321468
110008321477
110008321486
110008321510
110008321538
110008321583
110008321592
110008321609
110008321618
110008321627
110008321645
110008321654
110008321681
110008321734
110008321743
110008321752
110008321761
110008321770
110008321789
110008321798
110008321805
110008321814
110008321823
110008321832
110008321841
110008321850
110008321869
110008321878
110008321887
110008321903
110008321921
110008321930
110008321949
110008321958
110008321994
110008322001
110008322010
110008322029
110008322038
110008322065
110008322074
110008322092
110008322127
110008322136
110008322154
110008322163
110008322216
110008322225
110008322234
110008322243
110008322252
110008322270
110008322289
110008322305
110008322314
110008322323
110008322332
110008322378
110008322387
110008322403
110008322421
110008322430
110008322458
110008322467
110008322476
110008322494
110008322528
110008322537
110008322564
110008322582
110008322591
110008322608
110008322635
110008322653
110008322662
110008322671
110008322680
110008322699
110008322715
110008322724
110008322733
110008322742
110008322751
110008322760
110008322779
110008322788
110008322797
110008322831
110008322840
110008322868
110008322877
110008322886
110008322895
110008322902
110008322911
110008322920
110008322939
110008322948
110008322957
110008322966
110008322975
110008322993
110008323000
110008323019
110008323028
110008323055
110008323064
110008323073
110008323091
110008323117
110008323126
110008323135
110008323144
110008323153
110008323171
110008323180
110008323199
110008323206
110008323224
110008323233
110008323242
110008323251
110008323260
110008323279
110008323288
110008323297
110008323304
110008323313
110008323322
110008323331
110008323359
110008323368
110008323377
110008323386
110008323402
110008323411
110008323420
110008323439
110008323448
110008323466
110008323475
110008323484
110008323493
110008323509
110008323518
110008323536
110008323545
110008323554
110008323572
110008323581
110008323590
110008323607
110008323616
110008323634
110008323643
110008323652
110008323661
110008323689
110008323705
110008323714
110008323723
110008323732
110008323750
110008323778
110008323787
110008323796
110008323803
110008323812
110008323821
110008323830
110008323849
110008323858
110008323867
110008323885
110008323894
110008323901
110008323929
110008323938
110008323965
110008323974
110008323983
110008323992
110008324009
110008324018
110008324027
110008324036
110008324045
110008324054
110008324063
110008324072
110008324081
110008324107
110008324116
110008324125
110008324134
110008324143
110008324152
110008324161
110008324170
110008324189
110008324205
110008324214
110008324223
110008324250
110008324269
110008324287
110008324296
110008324303
110008324321
110008324330
110008324349
110008324367
110008324376
110008324401
110008324429
110008324438
110008324456
110008324465
110008324474
110008324483
110008324492
110008324517
110008324526
110008324535
110008324571
110008324599
110008324606
110008324615
110008324633
110008324642
110008324660
110008324679
110008324688
110008324697
110008324704
110008324713
110008324722
110008324731
110008324740
110008324786
110008324811
110008324820
110008324848
110008324857
110008324866
110008324875
110008324884
110008324893
110008324919
110008324973
110008324982
110008324991
110008325008
110008325017
110008325035
110008325044
110008325053
110008325062
110008325071
110008325080
110008325115
110008325133
110008325142
110008325151
110008325160
110008325188
110008325197
110008325213
110008325259
110008325268
110008325277
110008325286
110008325295
110008325302
110008325311
110008325320
110008325339
110008325348
110008325366
110008325375
110008325384
110008325393
110008325419
110008325437
110008325446
110008325455
110008325464
110008325473
110008325482
110008325491
110008325507
110008325516
110008325525
110008325534
110008325543
110008325552
110008325570
110008325589
110008325598
110008325623
110008325632
110008325641
110008325678
110008325687
110008325696
110008325703
110008325712
110008325721
110008325730
110008325749
110008325758
110008325767
110008325794
110008325801
110008325810
110008325847
110008325856
110008325865
110008325874
110008325883
110008325892
110008325927
110008325936
110008325945
110008325963
110008325981
110008325990
110008326007
110008326025
110008326043
110008326070
110008326089
110008326098
110008326105
110008326114
110008326123
110008326132
110008326141
110008326169
110008326178
110008326187
110008326196
110008326203
110008326212
110008326221
110008326267
110008326276
110008326285
110008326294
110008326310
110008326329
110008326338
110008326356
110008326365
110008326374
110008326383
110008326392
110008326418
110008326427
110008326436
110008326445
110008326454
110008326472
110008326481
110008326490
110008326506
110008326515
110008326524
110008326533
110008326551
