110008326560
110008326588
110008326604
110008326613
110008326640
110008326659
110008326668
110008326677
110008326686
110008326695
110008326702
110008326711
110008326720
110008326757
110008326766
110008326784
110008326793
110008326800
110008326819
110008326828
110008326837
110008326855
110008326864
110008326882
110008326926
110008326935
110008326944
110008326953
110008326962
110008326971
110008326999
110008327006
110008327015
110008327024
110008327060
110008327079
110008327088
110008327104
110008327113
110008327122
110008327131
110008327140
110008327159
110008327168
110008327177
110008327186
110008327195
110008327211
110008327220
110008327239
110008327248
110008327257
110008327266
110008327275
110008327284
110008327293
110008327300
110008327319
110008327328
110008327337
110008327346
110008327355
110008327373
110008327382
110008327391
110008327408
110008327426
110008327435
110008327453
110008327462
110008327480
110008327499
110008327505
110008327514
110008327523
110008327532
110008327541
110008327550
110008327578
110008327587
110008327596
110008327612
110008327630
110008327649
110008327658
110008327667
110008327676
110008327685
110008327694
110008327701
110008327710
110008327729
110008327738
110008327747
110008327765
110008327783
110008327792
110008327809
110008327818
110008327836
110008327863
110008327872
110008327890
110008327925
110008327934
110008327943
110008327961
110008327970
110008328005
110008328014
110008328032
110008328041
110008328050
110008328078
110008328087
110008328103
110008328121
110008328149
110008328176
110008328194
110008328201
110008328210
110008328229
110008328247
110008328256
110008328265
110008328292
110008328309
110008328318
110008328327
110008328336
110008328345
110008328354
110008328363
110008328381
110008328407
110008328416
110008328425
110008328434
110008328443
110008328452
110008328461
110008328513
110008328522
110008328531
110008328540
110008328559
110008328568
110008328586
110008328595
110008328602
110008328620
110008328639
110008328648
110008328684
110008328700
110008328737
110008328755
110008328764
110008328773
110008328782
110008328791
110008328808
110008328817
110008328826
110008328835
110008328844
110008328853
110008328871
110008328880
110008328906
110008328915
110008328924
110008328933
110008328942
110008328979
110008328988
110008329013
110008329022
110008329031
110008329040
110008329059
110008329068
110008329077
110008329086
110008329102
110008329111
110008329120
110008329139
110008329148
110008329166
110008329175
110008329184
110008329193
110008329219
110008329237
110008329255
110008329264
110008329282
110008329308
110008329317
110008329326
110008329335
110008329353
110008329362
110008329371
110008329399
110008329406
110008329415
110008329424
110008329442
110008329451
110008329488
110008329497
110008329503
110008329512
110008329521
110008329530
110008329549
110008329558
110008329567
110008329576
110008329585
110008329594
110008329601
110008329610
110008329629
110008329647
110008329665
110008329683
110008329727
110008329736
110008329745
110008329763
110008329781
110008329790
110008329807
110008329816
110008329825
110008329834
110008329843
110008329852
110008329861
110008329870
110008329898
110008329905
110008329914
110008329923
110008329932
110008329950
110008329969
110008329978
110008329987
110008329996
110008330001
110008330010
110008330029
110008330047
110008330056
110008330092
110008330109
110008330118
110008330127
110008330145
110008330154
110008330163
110008330172
110008330190
110008330216
110008330225
110008330234
110008330252
110008330261
110008330270
110008330289
110008330298
110008330305
110008330314
110008330323
110008330341
110008330350
110008330369
110008330396
110008330403
110008330412
110008330421
110008330430
110008330449
110008330485
110008330494
110008330500
110008330519
110008330528
110008330537
110008330546
110008330555
110008330591
110008330617
110008330626
110008330635
110008330644
110008330653
110008330662
110008330671
110008330680
110008330699
110008330706
110008330715
110008330724
110008330733
110008330742
110008330751
110008330760
110008330779
110008330788
110008330797
110008330804
110008330822
110008330831
110008330840
110008330868
110008330877
110008330886
110008330895
110008330902
110008330911
110008330939
110008330948
110008330966
110008330975
110008330993
110008331019
110008331028
110008331037
110008331046
110008331055
110008331064
110008331082
110008331091
110008331108
110008331135
110008331144
110008331153
110008331162
110008331171
110008331215
110008331224
110008331242
110008331288
110008331322
110008331340
110008331368
110008331377
110008331395
110008331402
110008331411
110008331420
110008331448
110008331457
110008331466
110008331484
110008331509
110008331518
110008331527
110008331536
110008331545
110008331563
110008331572
110008331581
110008331590
110008331607
110008331616
110008331625
110008331634
110008331643
110008331652
110008331661
110008331670
110008331689
110008331698
110008331705
110008331714
110008331723
110008331732
110008331741
110008331769
110008331778
110008331787
110008331821
110008331830
110008331929
110008331947
110008331983
110008331992
110008332018
110008332027
110008332036
110008332045
110008332054
110008332063
110008332072
110008332081
110008332090
110008332107
110008332116
110008332125
110008332134
110008332143
110008332161
110008332170
110008332189
110008332198
110008332205
110008332214
110008332223
110008332232
110008332241
110008332250
110008332269
110008332278
110008332287
110008332296
110008332303
110008332312
110008332321
110008332330
110008332349
110008332376
110008332401
110008332410
110008332429
110008332438
110008332447
110008332456
110008332465
110008332474
110008332508
110008332526
110008332535
110008332544
110008332553
110008332562
110008332571
110008332580
110008332599
110008332615
110008332624
110008332642
110008332651
110008332679
110008332688
110008332697
110008332704
110008332713
110008332722
110008332731
110008332740
110008332759
110008332768
110008332786
110008332802
110008332811
110008332839
110008332848
110008332866
110008332884
110008332893
110008332900
110008332919
110008332928
110008332946
110008332955
110008332964
110008332973
110008332982
110008333008
110008333017
110008333035
110008333053
110008333062
110008333071
110008333080
110008333099
110008333106
110008333115
110008333124
110008333142
110008333151
110008333160
110008333179
110008333188
110008333197
110008333213
110008333231
110008333259
110008333268
110008333277
110008333286
110008333295
110008333302
110008333320
110008333339
110008333419
110008333428
110008333455
110008333464
110008333473
110008333482
110008333507
110008333516
110008333525
110008333534
110008333552
110008333561
110008333598
110008333605
110008333614
110008333623
110008333632
110008333650
110008333669
110008333678
110008333687
110008333696
110008333703
110008333721
110008333730
110008333749
110008333776
110008333785
110008333810
110008333838
110008333847
110008333865
110008333874
110008333909
110008333918
110008333936
110008333945
110008333954
110008333963
110008333972
110008333981
110008333990
110008334007
110008334016
110008334025
110008334034
110008334043
110008334061
110008356448
110008356457
110008356475
110008356484
110008356493
110008356509
110008356527
110008356536
110008356545
110008356572
110008356581
110008356590
110008356607
110008356616
110008356625
110008356652
110008356661
110008356670
110008356689
110008356698
110008356705
110008356723
110008356732
110008356741
110008356750
110008356769
110008356778
110008356787
110008356796
110008356803
110008356812
110008356821
110008356830
110008356849
110008356858
110008356867
110008356876
110008356885
110008356894
110008356901
110008356910
110008356929
110008356938
110008356947
110008356965
110008356983
110008356992
110008357009
110008357018
110008357027
110008357036
110008357045
110008357054
110008357063
110008357081
110008357090
110008357107
110008357116
110008357125
110008357134
110008357152
110008357161
110008357170
110008357189
110008357198
110008357214
110008357223
110008357232
110008357241
110008357250
110008357269
110008357278
110008357287
110008357296
110008357312
110008357321
110008357330
110008357349
110008357358
110008357367
110008357376
110008357385
110008357394
110008357401
110008357410
110008357429
110008357438
110008357447
110008357456
110008357465
110008357474
110008357483
110008357508
110008357517
110008357526
110008357535
110008357544
110008357553
110008357562
110008357580
110008357599
110008357606
110008357615
110008357624
110008357633
110008357642
110008357651
110008357660
110008357679
110008357688
110008357697
110008357713
110008357722
110008357731
110008357740
110008357759
110008357768
110008357777
110008357786
110008357795
110008357802
110008357811
110008357820
110008357839
110008357848
110008357857
110008357866
110008357875
110008357884
110008357893
110008357919
110008357928
110008357937
110008357964
110008357973
110008357982
110008357991
110008358008
110008358017
110008358035
110008358044
110008358053
110008358071
110008358080
110008358099
110008358106
110008358115
110008358124
110008358204
110008358240
110008358259
110008358268
110008358277
110008358295
110008358302
110008358311
110008358320
110008358339
110008358348
110008358357
110008358366
110008358375
110008358400
110008358419
110008358428
110008358437
110008358446
110008358455
110008358464
110008358473
110008358482
110008358491
110008358507
110008358516
110008358525
110008358534
110008358543
110008358561
110008358570
110008358589
110008358598
110008358605
110008358614
110008358623
110008358641
110008358650
110008358678
110008358687
110008358696
110008358703
110008358712
110008358721
110008358730
110008358749
110008358758
110008358767
110008358776
110008358785
110008358794
110008358810
110008358829
110008358838
110008358865
110008358874
110008358883
110008358936
110008358945
110008358990
110008359016
110008359025
110008359043
110008359061
110008359070
110008359089
110008359098
110008359105
110008359114
110008359123
110008359141
110008359150
110008359169
110008359212
110008359230
110008359249
110008359258
110008359267
110008359276
110008359285
110008359310
110008359338
110008359356
110008359365
110008359383
110008359392
110008359409
110008359418
110008359445
110008359454
110008359463
110008359472
110008359481
110008359490
110008359506
110008359515
110008359533
110008359542
110008359551
110008359560
110008359579
110008359597
110008359604
110008359613
110008359631
110008359640
110008359668
110008359686
110008359695
110008359702
110008359739
110008359748
110008359757
110008359775
110008359793
110008359800
110008359819
110008359828
110008359837
110008359908
110008359917
110008359926
110008359935
110008359944
110008359953
110008359962
110008359971
110008359980
110008359999
110008360004
110008360013
110008360040
110008360059
110008360068
110008360077
110008360111
110008360120
110008360139
110008360148
110008360175
110008360193
110008360237
110008360246
110008360255
110008360264
110008360273
110008360308
110008360335
110008360344
110008360362
110008360371
110008360380
110008360399
110008360406
110008360424
110008360433
110008360451
110008360460
110008360497
110008360521
110008360530
110008360549
110008360558
110008360585
110008360601
110008360610
110008360638
110008360647
110008360674
110008360683
110008360692
110008360709
110008360718
110008360727
110008360736
110008360745
110008360763
110008360772
110008360790
110008360807
110008360816
110008360825
110008360834
110008360843
110008360852
110008360861
110008360914
110008360923
110008360932
110008360941
110008360969
110008360987
110008360996
110008361003
110008361012
110008361021
110008361030
110008361049
110008361058
110008361067
110008361094
110008361101
110008361110
110008361129
110008361147
110008361156
110008361174
110008361192
110008361209
110008361218
110008361227
110008361245
110008361254
110008361263
110008361272
110008361325
110008361343
110008361352
110008361361
110008361370
110008361389
110008361398
110008361405
110008361414
110008361423
110008361441
110008361478
110008361487
110008361496
110008361502
110008361511
110008361520
110008361539
110008361548
110008361557
110008361575
110008361584
110008361619
110008361628
110008361646
110008361655
110008361673
110008361682
110008361691
110008361708
110008361717
110008361735
110008361744
110008361753
110008361771
110008361780
110008361799
110008361806
110008361815
110008361824
110008361833
110008361851
110008361879
110008361888
110008361897
110008361922
110008361931
110008361940
110008361959
110008361968
110008361977
110008361995
110008362002
110008362011
110008362020
110008362048
110008362057
110008362066
110008362075
110008362084
110008362100
110008362119
110008362128
110008362137
110008362146
110008362155
110008362164
110008362173
110008362182
110008362191
110008362208
110008362217
110008362226
110008362235
110008362244
110008362253
110008362262
110008362280
110008362306
110008362324
110008362333
110008362342
110008362351
110008362360
110008362388
110008362397
110008362404
