110008362413
110008362422
110008362431
110008362440
110008362459
110008362477
110008362486
110008362501
110008362510
110008362565
110008362583
110008362618
110008362627
110008362636
110008362645
110008362654
110008362663
110008362672
110008362681
110008362690
110008362707
110008362716
110008362725
110008362734
110008362752
110008362761
110008362770
110008362789
110008362798
110008362805
110008362814
110008362823
110008362832
110008362841
110008362850
110008362869
110008362878
110008362887
110008362896
110008362903
110008362921
110008362930
110008362949
110008362958
110008362967
110008362976
110008362994
110008363001
110008363010
110008363029
110008363038
110008363056
110008363065
110008363074
110008363083
110008363118
110008363127
110008363136
110008363145
110008363163
110008363172
110008363181
110008363190
110008363207
110008363216
110008363225
110008363252
110008363261
110008363270
110008363289
110008363298
110008363305
110008363314
110008363323
110008363341
110008363350
110008363369
110008363378
110008363387
110008363396
110008363403
110008363412
110008363421
110008363449
110008363467
110008363485
110008363494
110008363500
110008363519
110008363528
110008363537
110008363555
110008363573
110008363582
110008363591
110008363608
110008363617
110008363626
110008363635
110008363644
110008363653
110008363662
110008363680
110008363699
110008363706
110008363715
110008363724
110008363733
110008363751
110008363760
110008363779
110008363788
110008363797
110008363822
110008363831
110008363840
110008363859
110008363868
110008363877
110008363886
110008363911
110008363920
110008363939
110008363948
110008363957
110008363966
110008363975
110008363984
110008364019
110008364028
110008364037
110008364046
110008364064
110008364073
110008364082
110008364091
110008364108
110008364117
110008364135
110008364153
110008364162
110008364171
110008364180
110008364199
110008364206
110008364224
110008364233
110008364242
110008364251
110008364260
110008364279
110008364288
110008364297
110008364304
110008364331
110008364340
110008364359
110008364368
110008364411
110008364420
110008364439
110008364448
110008364475
110008364493
110008364518
110008364527
110008364536
110008364545
110008364554
110008364572
110008364581
110008364590
110008364607
110008364616
110008364625
110008364634
110008364643
110008364652
110008364661
110008364670
110008364689
110008364698
110008364705
110008364723
110008364732
110008364741
110008364750
110008364769
110008364778
110008364787
110008364796
110008364812
110008364821
110008364830
110008364849
110008364867
110008364876
110008364885
110008364894
110008364901
110008364910
110008364929
110008364938
110008364947
110008364956
110008364974
110008364983
110008364992
110008365018
110008365027
110008365036
110008365045
110008365054
110008365063
110008365072
110008365081
110008365090
110008365107
110008365116
110008365134
110008365152
110008365161
110008365198
110008365205
110008365214
110008365223
110008365232
110008365250
110008365278
110008365287
110008365296
110008365303
110008365312
110008365321
110008365349
110008365358
110008365367
110008365376
110008365385
110008365401
110008365410
110008365429
110008365438
110008365447
110008365465
110008365474
110008365483
110008365508
110008365526
110008365544
110008365562
110008365571
110008365580
110008365599
110008365606
110008365615
110008365624
110008365633
110008365642
110008365651
110008365660
110008365679
110008365704
110008365713
110008365722
110008365731
110008365740
110008365759
110008365768
110008365777
110008365811
110008365839
110008365848
110008365866
110008365875
110008365893
110008365919
110008365928
110008365937
110008365946
110008365955
110008365964
110008365973
110008365982
110008365991
110008366017
110008366026
110008366035
110008366044
110008366062
110008366071
110008366080
110008366099
110008366106
110008366115
110008366124
110008366133
110008366142
110008366151
110008366160
110008366179
110008366188
110008366197
110008366204
110008366213
110008366222
110008366231
110008366240
110008366268
110008366277
110008366286
110008366295
110008366302
110008366311
110008366320
110008366339
110008366357
110008366366
110008366375
110008366384
110008366393
110008366400
110008366419
110008366428
110008366437
110008366446
110008366455
110008366464
110008366473
110008366482
110008366491
110008366507
110008366516
110008366552
110008366561
110008366598
110008366605
110008366623
110008366641
110008366650
110008366678
110008366687
110008366712
110008366721
110008366730
110008366758
110008366767
110008366785
110008366801
110008366838
110008366847
110008366856
110008366865
110008366874
110008366883
110008366892
110008366909
110008366918
110008366927
110008366936
110008366945
110008366954
110008366963
110008366972
110008366990
110008367007
110008367016
110008367025
110008367034
110008367043
110008367052
110008367061
110008367070
110008367089
110008367098
110008367105
110008367114
110008367123
110008367132
110008367141
110008367150
110008367178
110008367196
110008367203
110008367212
110008367221
110008367230
110008367249
110008367258
110008367276
110008367294
110008367301
110008367329
110008367338
110008367347
110008367356
110008367365
110008367383
110008367392
110008367409
110008367418
110008367427
110008367436
110008367445
110008367454
110008367463
110008367481
110008367490
110008367506
110008367515
110008367524
110008367533
110008367551
110008367560
110008367588
110008367597
110008367604
110008367613
110008367622
110008367631
110008367640
110008367659
110008367668
110008367686
110008367695
110008367711
110008367720
110008367748
110008367757
110008367766
110008367793
110008367800
110008367846
110008367855
110008367864
110008367873
110008367882
110008367891
110008367917
110008367926
110008367935
110008367944
110008367962
110008367971
110008367980
110008368006
110008368015
110008368024
110008368033
110008368042
110008368051
110008368079
110008368088
110008368104
110008368113
110008368122
110008368131
110008368140
110008368159
110008368168
110008368195
110008368211
110008368220
110008368239
110008368248
110008368257
110008368266
110008368275
110008368293
110008368300
110008368319
110008368337
110008368346
110008368355
110008368382
110008368417
110008368426
110008368435
110008368444
110008368453
110008368462
110008368471
110008368480
110008368499
110008368505
110008368514
110008368523
110008368532
110008368541
110008368550
110008368569
110008368578
110008368596
110008368603
110008368621
110008368630
110008368649
110008368667
110008368676
110008368685
110008368694
110008368701
110008368710
110008368729
110008368738
110008368747
110008368756
110008368765
110008368774
110008368783
110008368792
110008368809
110008368818
110008368827
110008368836
110008368845
110008368881
110008368890
110008368907
110008368916
110008368925
110008368943
110008368952
110008368961
110008369005
110008369023
110008369050
110008369096
110008369103
110008369112
110008369121
110008369130
110008369158
110008369167
110008369176
110008369185
110008369194
110008369201
110008369210
110008369229
110008369238
110008369247
110008369256
110008369265
110008369274
110008369283
110008369292
110008369309
110008369318
110008369327
110008369336
110008369345
110008369354
110008369363
110008369381
110008369390
110008369407
110008369416
110008369425
110008369434
110008369443
110008369452
110008369461
110008369489
110008369498
110008369504
110008369513
110008369522
110008369531
110008369540
110008369559
110008369568
110008369577
110008369595
110008369602
110008369611
110008369620
110008369639
110008369648
110008369666
110008369675
110008369684
110008369700
110008369719
110008369728
110008369737
110008369755
110008369764
110008369773
110008369782
110008369791
110008369808
110008369817
110008369826
110008369835
110008369844
110008369853
110008369862
110008369871
110008369880
110008369899
110008369906
110008369915
110008369924
110008369933
110008369942
110008369951
110008369960
110008369979
110008369988
110008369997
110008370002
110008370011
110008370020
110008370039
110008370048
110008370057
110008370066
110008370075
110008370084
110008370093
110008370100
110008370119
110008370128
110008370137
110008370146
110008370155
110008370164
110008370182
110008370208
110008370226
110008370235
110008370244
110008370253
110008370262
110008370271
110008370280
110008370299
110008370306
110008370315
110008370333
110008370342
110008370351
110008370360
110008370379
110008370388
110008370397
110008370404
110008370413
110008370440
110008370459
110008370468
110008370477
110008370486
110008370495
110008370501
110008370510
110008370529
110008370538
110008370556
110008370565
110008370583
110008370592
110008370609
110008370618
110008370627
110008370636
110008370645
110008370654
110008370663
110008370690
110008370707
110008370716
110008370725
110008370734
110008370743
110008370752
110008370761
110008370789
110008370798
110008370805
110008370823
110008370832
110008370841
110008370850
110008370869
110008370878
110008370887
110008370896
110008370903
110008370912
110008370921
110008370930
110008370958
110008370967
110008370976
110008370994
110008371001
110008371010
110008371029
110008371047
110008371056
110008371074
110008371083
110008371092
110008371109
110008371118
110008371127
110008371136
110008371145
110008371154
110008371163
110008371172
110008371181
110008371190
110008371207
110008371216
110008371234
110008371243
110008371261
110008371270
110008371289
110008371298
110008371305
110008371314
110008371323
110008371332
110008371341
110008371350
110008371369
110008371387
110008371396
110008371403
110008371412
110008371421
110008371430
110008371449
110008371458
110008371467
110008371476
110008371494
110008371500
110008371528
110008371537
110008371546
110008371555
110008371573
110008371582
110008371591
110008371608
110008371617
110008371626
110008371635
110008371644
110008371653
110008371662
110008371671
110008371699
110008371706
110008371715
110008371724
110008371742
110008371751
110008371760
110008371788
110008371813
110008371822
110008371831
110008371840
110008371859
110008371868
110008371886
110008371895
110008371902
110008371920
110008371939
110008371948
110008371957
110008371966
110008371975
110008371984
110008371993
110008372000
110008372037
110008372046
110008372055
110008372064
110008372073
110008372091
110008372108
110008372117
110008372126
110008372135
110008372144
110008372153
110008372162
110008372171
110008372199
110008372206
110008372215
110008372224
110008372233
110008372242
110008372251
110008372260
110008372279
110008372288
110008372297
110008372313
110008372322
110008372331
110008372340
110008372359
110008372368
110008372377
110008372395
110008372402
110008372411
110008372420
110008372448
110008372457
110008372466
110008372475
110008372484
110008372509
110008372518
110008372527
110008372536
110008372545
110008372554
110008372563
110008372572
110008372581
110008372590
110008372607
110008372616
110008372625
110008372634
110008372643
110008372652
110008372661
110008372670
110008372689
110008372698
110008372705
110008372714
110008372723
110008372732
110008372741
110008372750
110008372769
110008372778
110008372787
110008372803
110008372812
110008372821
110008372830
110008372849
110008372858
110008372867
110008372876
110008372885
110008372894
110008372901
110008372910
110008372929
110008372938
110008372956
110008372965
110008372974
110008372983
110008372992
110008373009
110008373018
110008373036
110008373054
110008373063
110008373072
110008373081
110008373090
110008373107
110008373116
110008373125
110008373161
110008373170
110008373189
110008373198
110008373205
110008373214
110008373223
110008373241
110008373287
110008373303
110008373312
110008373321
110008373330
110008373349
110008373367
110008373376
110008373385
110008373394
110008373401
110008373410
110008373429
110008373438
110008373456
110008373465
110008373474
110008373483
110008373508
110008373517
110008373526
110008373535
110008373544
110008373553
110008373571
110008373580
110008373599
110008373606
110008373615
110008373624
110008373642
110008373660
110008373688
110008373697
110008373704
110008373722
110008373731
110008373740
110008373759
110008373768
110008373777
110008373786
110008373795
110008373802
110008373820
110008373839
110008373866
110008373884
110008373893
110008373900
110008373919
110008373928
110008373937
110008373946
110008373955
110008373973
110008373982
110008373991
110008374008
110008374017
110008374026
110008374035
110008374044
110008374053
110008374062
110008374071
110008374080
110008374099
110008374106
110008374115
110008374124
110008374133
110008374142
110008374151
110008374160
110008374179
110008374188
110008374197
110008374204
110008374213
110008374222
110008374240
110008374259
110008457641
110008457767
110008457794
110008457810
110008457838
110008457883
110008457918
110008459578
110008459649
110008459676
110008459738
110008459747
110008459756
110008459774
110008459792
110008460600
110008469889
110008473730
110008473927
110008481696
110008491827
110008495789
110008495798
110008495823
110008495869
110008495878
