110008495930
110008495949
110008495958
110008495967
110008495985
110008496010
110008496047
110008496056
110008496065
110008496074
110008496118
110008496127
110008496136
110008496145
110008496163
110008496172
110008496181
110008496207
110008496216
110008496234
110008496243
110008496252
110008496270
110008496314
110008496341
110008496350
110008496387
110008496396
110008496403
110008496467
110008496485
110008496519
110008496528
110008496537
110008496546
110008496555
110008496564
110008496617
110008496635
110008496644
110008496742
110008496779
110008496813
110008496822
110008496831
110008496840
110008496859
110008496877
110008496886
110008496895
110008496902
110008496948
110008496957
110008496966
110008496993
110008497037
110008497082
110008497091
110008497108
110008497162
110008497171
110008497199
110008497215
110008497224
110008497233
110008497260
110008497288
110008497297
110008497304
110008497331
110008497340
110008497359
110008497368
110008497377
110008497395
110008497402
110008497411
110008497420
110008497448
110008497457
110008497475
110008497484
110008497509
110008497527
110008497536
110008497554
110008497572
110008497590
110008497616
110008497652
110008497661
110008497670
110008497698
110008497705
110008497714
110008497723
110008497732
110008497741
110008497750
110008497769
110008497787
110008497812
110008497821
110008497849
110008497867
110008497876
110008497885
110008497894
110008497901
110008497910
110008497938
110008497947
110008497956
110008497974
110008497983
110008498009
110008498018
110008498072
110008498090
110008498116
110008498125
110008498134
110008498143
110008498198
110008498205
110008498232
110008498303
110008498330
110008498358
110008498394
110008498401
110008498429
110008498438
110008498447
110008498456
110008498483
110008498508
110008498535
110008498544
110008498553
110008498562
110008498571
110008498599
110008498606
110008498615
110008498633
110008498642
110008498651
110008498660
110008498688
110008498697
110008498722
110008498731
110008498740
110008498768
110008498795
110008498802
110008498811
110008498820
110008498839
110008498900
110008498919
110008498928
110008498964
110008498991
110008499008
110008499017
110008499026
110008499035
110008499053
110008499062
110008499080
110008499124
110008499142
110008499151
110008499179
110008499213
110008499222
110008499231
110008499240
110008499259
110008499268
110008499277
110008499286
110008499311
110008499320
110008499339
110008499348
110008499357
110008499366
110008499375
110008499384
110008499393
110008499419
110008499428
110008499446
110008499455
110008499464
110008499473
110008499491
110008499507
110008499516
110008499534
110008499589
110008499623
110008499641
110008499687
110008499703
110008499712
110008499776
110008499785
110008499794
110008499810
110008499838
110008499865
110008499883
110008499909
110008499918
110008499927
110008499936
110008499954
110008499963
110008499972
110008500005
110008500014
110008500050
110008500112
110008500158
110008500167
110008500176
110008500185
110008500238
110008500247
110008500256
110008500274
110008500309
110008500327
110008500336
110008500354
110008500363
110008500372
110008500381
110008500390
110008500425
110008500434
110008500443
110008500489
110008500498
110008500522
110008500559
110008500577
110008500586
110008500595
110008500602
110008500611
110008500639
110008500648
110008500657
110008500666
110008500675
110008500684
110008500700
110008500773
110008500808
110008500817
110008500826
110008500844
110008500853
110008500862
110008500880
110008500899
110008500906
110008500915
110008500924
110008500942
110008500951
110008500960
110008500997
110008501004
110008501013
110008501040
110008501059
110008501068
110008501077
110008501095
110008501102
110008501139
110008501200
110008501228
110008501237
110008501255
110008501282
110008501291
110008501317
110008501326
110008501335
110008501344
110008501353
110008501406
110008501415
110008501442
110008501451
110008501503
110008501530
110008501549
110008501638
110008501647
110008501692
110008501709
110008501754
110008501772
110008501781
110008501807
110008501834
110008501843
110008501889
110008501914
110008501987
110008502003
110008502012
110008502021
110008502030
110008502058
110008502085
110008502094
110008502101
110008502110
110008502129
110008502174
110008502209
110008502236
110008502272
110008502281
110008502290
110008502307
110008502316
110008502325
110008502370
110008502398
110008502405
110008502469
110008502478
110008502487
110008502496
110008502511
110008502539
110008502548
110008502557
110008502566
110008502646
110008502673
110008502726
110008502744
110008502762
110008502799
110008502833
110008502851
110008502888
110008502904
110008502931
110008502940
110008502995
110008503057
110008503075
110008503093
110008503119
110008503146
110008503164
110008503173
110008503182
110008503191
110008503217
110008503226
110008503253
110008503262
110008503271
110008503280
110008503299
110008503306
110008503324
110008503333
110008503360
110008503388
110008503397
110008503404
110008503413
110008503440
110008503459
110008503477
110008503486
110008503501
110008503510
110008503538
110008503547
110008503556
110008503583
110008503592
110008503609
110008503645
110008503707
110008503725
110008503770
110008503789
110008503798
110008503814
110008503841
110008503869
110008503878
110008503903
110008503921
110008503976
110008503985
110008504038
110008504109
110008504127
110008504163
110008504181
110008504190
110008504207
110008504216
110008504225
110008504234
110008504252
110008504298
110008504341
110008504350
110008504369
110008504378
110008504396
110008504458
110008504500
110008504519
110008504555
110008504564
110008504582
110008504591
110008504626
110008504671
110008504724
110008504760
110008504779
110008504788
110008504813
110008504859
110008504868
110008504886
110008504902
110008504975
110008504993
110008505037
110008505082
110008505091
110008505108
110008505126
110008505135
110008505144
110008505153
110008505162
110008505199
110008505297
110008505304
110008505322
110008505331
110008505386
110008505411
110008505448
110008505466
110008505493
110008505527
110008505554
110008505590
110008505616
110008505625
110008505634
110008505661
110008505689
110008505698
110008505723
110008505732
110008505741
110008505750
110008505778
110008505787
110008505821
110008505830
110008505858
110008505867
110008505876
110008505894
110008505910
110008505938
110008505947
110008505974
110008505992
110008506018
110008506045
110008506107
110008506116
110008506134
110008506143
110008506152
110008506161
110008506214
110008506232
110008506241
110008506278
110008506296
110008506321
110008506349
110008506367
110008506376
110008506385
110008506438
110008506447
110008506474
110008506508
110008506517
110008506526
110008506544
110008506571
110008506580
110008506599
110008506606
110008506615
110008506642
110008506651
110008506679
110008506722
110008506759
110008506768
110008506820
110008506839
110008506848
110008506875
110008506884
110008506893
110008506919
110008506946
110008506955
110008506964
110008506973
110008506982
110008507017
110008507026
110008507035
110008507071
110008507080
110008507106
110008507124
110008507142
110008507179
110008507204
110008507213
110008507222
110008507231
110008507259
110008507384
110008507393
110008507419
110008507455
110008507464
110008507482
110008507491
110008507507
110008507543
110008507561
110008507589
110008507605
110008507623
110008507632
110008507678
110008507687
110008507758
110008507794
110008507801
110008507810
110008507829
110008507838
110008507856
110008507865
110008507954
110008507972
110008507981
110008508007
110008508016
110008508034
110008508070
110008508105
110008508123
110008508178
110008508212
110008508221
110008508230
110008508249
110008508258
110008508347
110008508365
110008508374
110008508383
110008508392
110008508409
110008508418
110008508436
110008508445
110008508454
110008508463
110008508472
110008508490
110008508506
110008508533
110008508542
110008508579
110008508640
110008508677
110008508686
110008508695
110008508702
110008508711
110008508720
110008508739
110008508748
110008508775
110008508784
110008508800
110008508819
110008508864
110008508882
110008508962
110008508999
110008509006
110008509051
110008509060
110008509079
110008509140
110008509177
110008509220
110008509284
110008509293
110008509300
110008509319
110008509328
110008509337
110008509373
110008509462
110008509480
110008509532
110008509541
110008509550
110008509578
110008509587
110008509596
110008509603
110008509612
110008509621
110008509658
110008509676
110008509738
110008509747
110008509872
110008509881
110008509890
110008509943
110008509952
110008510012
110008510030
110008510058
110008510138
110008510156
110008510165
110008510183
110008510192
110008510218
110008510227
110008510245
110008510343
110008510352
110008510370
110008510389
110008510414
110008510432
110008510469
110008510478
110008510496
110008510502
110008510566
110008510575
110008510593
110008510655
110008510673
110008510708
110008510762
110008510771
110008510799
110008510842
110008510860
110008510879
110008510940
110008510959
110008510995
110008511002
110008511011
110008511048
110008511066
110008511075
110008511084
110008511100
110008511119
110008511128
110008511146
110008511155
110008511164
110008511173
110008511191
110008511217
110008511244
110008511280
110008511306
110008511333
110008511342
110008511413
110008511431
110008511556
110008511565
110008511574
110008511672
110008511690
110008511743
110008511761
110008511805
110008511814
110008511949
110008511967
110008511976
110008511985
110008511994
110008512029
110008512056
110008512092
110008512118
110008512127
110008512136
110008512145
110008512172
110008512207
110008512225
110008512234
110008512252
110008512261
110008512289
110008512314
110008512323
110008512332
110008512350
110008512387
110008512403
110008512467
110008512519
110008512537
110008512546
110008512564
110008512608
110008512626
110008512635
110008512644
110008512662
110008512680
110008512706
110008512760
110008512788
110008512797
110008512822
110008512868
110008512902
110008512948
110008512957
110008512966
110008512975
110008512984
110008513028
110008513037
110008513046
110008513055
110008513082
110008513091
110008513108
110008513117
110008513126
110008513153
110008513171
110008513180
110008513199
110008513206
110008513215
110008513242
110008513251
110008513260
110008513279
110008513288
110008513313
110008513322
110008513359
110008513368
110008513377
110008513395
110008513402
110008513420
110008513448
110008513475
110008513493
110008513545
110008513572
110008513581
110008513652
110008513689
110008513698
110008513705
110008513778
110008513787
110008513803
110008513812
110008513867
110008513876
110008513894
110008513901
110008513910
110008513929
110008513938
110008513947
110008513965
110008514009
110008514036
110008514045
110008514054
110008514063
110008514081
110008514107
110008514125
110008514143
110008514161
110008514170
110008514358
110008514376
110008514456
110008514465
110008514526
110008514553
110008514571
110008514580
110008514599
110008514615
110008514633
110008514642
110008514651
110008514679
110008514688
110008514697
110008514704
110008514713
110008514722
110008514731
110008514740
110008514759
110008514768
110008514795
110008514802
110008514811
110008514820
110008514839
110008514848
110008514857
110008514866
110008514875
110008514884
110008514919
110008514928
110008514937
110008514946
110008514955
110008514964
110008514991
110008515008
110008515017
110008515026
110008515035
110008515044
110008515053
110008515062
110008515080
110008515099
110008515106
110008515115
110008515124
110008515133
110008515142
110008515151
110008515179
110008515188
110008515197
110008515204
110008515213
110008515222
110008515231
110008515240
110008515259
110008515268
110008515286
110008515302
110008515311
110008515320
110008515348
110008515357
110008515366
110008515375
110008515384
110008515393
110008515400
110008515419
110008515428
110008515455
110008515464
110008515473
110008515482
110008515491
110008515507
110008515516
110008515534
110008515543
110008515552
110008515561
110008515570
110008515589
110008515598
110008515605
110008515614
110008515623
110008515632
110008515641
110008515650
110008515678
110008515687
110008515696
110008515703
110008515712
110008515721
110008515749
110008515758
110008515767
110008515776
110008515785
110008515794
110008515810
110008515829
110008515838
110008515847
110008515856
110008515883
110008515892
110008515909
110008515918
110008515927
110008515936
110008515945
110008515954
110008515963
110008515972
110008515981
110008516034
110008516043
110008516052
110008516061
110008516070
110008516089
110008516098
110008516105
110008516114
110008516123
110008516132
110008516141
110008516150
110008516169
110008516178
110008516187
110008516196
110008516203
110008516212
110008516221
110008516230
110008516249
110008516258
110008516267
110008516285
110008516294
110008516301
110008516310
110008516329
110008516338
110008516347
110008516365
110008516374
110008516383
