110008516392
110008516409
110008516418
110008516427
110008516436
110008516445
110008516454
110008516463
110008516472
110008516481
110008516490
110008516506
110008516515
110008516524
110008516533
110008516542
110008516551
110008516560
110008516579
110008516588
110008516604
110008516613
110008516631
110008516640
110008516668
110008516686
110008516702
110008516739
110008516748
110008516757
110008516766
110008516793
110008516800
110008516828
110008516837
110008516846
110008516864
110008516873
110008516882
110008516891
110008516908
110008516917
110008516935
110008516953
110008516971
110008516980
110008516999
110008517024
110008517042
110008517051
110008517079
110008517088
110008517097
110008517104
110008517113
110008517122
110008517131
110008517140
110008517159
110008517168
110008517186
110008517195
110008517202
110008517211
110008517220
110008517248
110008517284
110008517293
110008517328
110008517355
110008517391
110008517408
110008517417
110008517426
110008517444
110008517453
110008517462
110008517471
110008517514
110008517523
110008517532
110008517578
110008517587
110008517596
110008517603
110008517612
110008517649
110008517658
110008517667
110008517676
110008517685
110008517694
110008517738
110008517765
110008517774
110008517792
110008517809
110008517818
110008517827
110008517836
110008517845
110008517872
110008517881
110008517916
110008517943
110008517952
110008517961
110008517970
110008517989
110008517998
110008518005
110008518014
110008518032
110008518041
110008518050
110008518078
110008518087
110008518096
110008518103
110008518112
110008518121
110008518130
110008518149
110008518167
110008518176
110008518185
110008518201
110008518210
110008518238
110008518247
110008518265
110008518274
110008518327
110008518336
110008518354
110008518363
110008518381
110008518390
110008518434
110008518452
110008518461
110008518470
110008518498
110008518504
110008518522
110008518531
110008518540
110008518568
110008518577
110008518595
110008518602
110008518611
110008518639
110008518648
110008518657
110008518666
110008518700
110008518719
110008518728
110008518737
110008518746
110008518755
110008518782
110008518791
110008518808
110008518817
110008518835
110008518844
110008518853
110008518862
110008518880
110008518915
110008518951
110008518960
110008518979
110008518988
110008518997
110008519004
110008519013
110008519031
110008519040
110008519059
110008519077
110008519095
110008519102
110008519111
110008519120
110008519139
110008519148
110008519175
110008519193
110008519237
110008519246
110008519264
110008519273
110008519317
110008519326
110008519335
110008519344
110008519353
110008519362
110008519371
110008519380
110008519399
110008519406
110008519415
110008519424
110008519433
110008519442
110008519451
110008519497
110008519512
110008519521
110008519558
110008519567
110008519576
110008519610
110008519656
110008519683
110008519709
110008519718
110008519754
110008519772
110008519781
110008519790
110008519816
110008519825
110008519852
110008519861
110008519889
110008519898
110008519905
110008519914
110008519923
110008519932
110008519941
110008520010
110008520029
110008520038
110008520074
110008520083
110008520092
110008520109
110008520127
110008520136
110008520154
110008520163
110008520172
110008520181
110008520190
110008520207
110008520216
110008520225
110008520234
110008520243
110008520252
110008520270
110008520289
110008520298
110008520305
110008520323
110008520341
110008520350
110008520369
110008520396
110008520430
110008520458
110008520494
110008520519
110008520555
110008520564
110008520573
110008520582
110008520591
110008520617
110008520626
110008520644
110008520680
110008520699
110008520706
110008520715
110008520733
110008520751
110008520804
110008520813
110008520822
110008520831
110008520868
110008520877
110008520895
110008520902
110008520920
110008520948
110008520957
110008520984
110008520993
110008521019
110008521046
110008521055
110008521073
110008521082
110008521135
110008521144
110008521153
110008521162
110008521171
110008521180
110008521206
110008521224
110008521233
110008521260
110008521279
110008521322
110008521331
110008521340
110008521359
110008521368
110008521377
110008521386
110008521402
110008521411
110008521466
110008521475
110008521484
110008521509
110008521527
110008521545
110008521563
110008521581
110008521590
110008521607
110008521616
110008521625
110008521652
110008521661
110008521670
110008521689
110008521714
110008521723
110008521750
110008521787
110008521796
110008521803
110008521812
110008521821
110008521830
110008521858
110008521867
110008521876
110008521910
110008521929
110008521938
110008521947
110008521956
110008521965
110008521974
110008521983
110008522018
110008522036
110008522054
110008522072
110008522090
110008522152
110008522161
110008522170
110008522198
110008522214
110008522232
110008522241
110008522250
110008522349
110008522358
110008522394
110008522401
110008522410
110008522447
110008522492
110008522517
110008522526
110008522535
110008522544
110008522553
110008522562
110008522606
110008522615
110008522624
110008522633
110008522642
110008522651
110008522679
110008522704
110008522713
110008522722
110008522731
110008522802
110008522811
110008522820
110008522839
110008522848
110008522866
110008522893
110008522900
110008522928
110008522955
110008522964
110008522973
110008522982
110008522991
110008523017
110008523071
110008523080
110008523099
110008523106
110008523115
110008523124
110008523142
110008523179
110008523188
110008523222
110008523240
110008523268
110008523277
110008523286
110008523366
110008523446
110008523473
110008523507
110008523516
110008523543
110008523570
110008523632
110008523641
110008523669
110008523678
110008523687
110008523703
110008523730
110008523749
110008523776
110008523829
110008523838
110008523856
110008523865
110008523874
110008523918
110008523927
110008523936
110008544977
110008544986
110008544995
110008545011
110008545020
110008545039
110008545048
110008545066
110008545093
110008545100
110008545155
110008545164
110008545173
110008545182
110008545191
110008545217
110008545226
110008545253
110008545262
110008545271
110008545299
110008545306
110008545315
110008545333
110008545342
110008545379
110008545388
110008545397
110008545404
110008545413
110008545422
110008545440
110008545459
110008545468
110008545477
110008545486
110008545529
110008545538
110008545743
110008545752
110008545789
110008545798
110008545814
110008546127
110008546207
110008546449
110008546467
110008546476
110008546485
110008546494
110008546500
110008546519
110008546573
110008547019
110008547858
110008547867
110008547876
110008547885
110008547894
110008547901
110008547910
110008547929
110008547938
110008547947
110008547965
110008547974
110008547983
110008547992
110008548009
110008548018
110008548027
110008548036
110008548045
110008548054
110008548063
110008548072
110008548081
110008548090
110008548107
110008548116
110008548134
110008548152
110008548161
110008548170
110008548189
110008548198
110008548205
110008548214
110008548241
110008548287
110008548296
110008548303
110008548385
110008548394
110008548401
110008548410
110008548456
110008548483
110008548517
110008548526
110008548535
110008548544
110008548553
110008548562
110008548580
110008548606
110008548615
110008548624
110008548633
110008548642
110008548651
110008548679
110008548688
110008548697
110008548704
110008548713
110008548722
110008548731
110008548740
110008548759
110008548768
110008548777
110008548802
110008548811
110008548820
110008548848
110008548857
110008548866
110008548928
110008548991
110008549160
110008549231
110008549286
110008549295
110008549302
110008549311
110008549320
110008549357
110008549366
110008549375
110008549525
110008549552
110008549696
110008549721
110008549767
110008549776
110008549794
110008549801
110008549918
110008549954
110008549990
110008550004
110008550031
110008550040
110008550120
110008550166
110008550175
110008550219
110008550255
110008550264
110008550282
110008550335
110008550380
110008550406
110008550442
110008550460
110008550497
110008550503
110008550585
110008550594
110008550656
110008550745
110008550861
110008550898
110008550978
110008550987
110008551030
110008551049
110008551058
110008551067
110008551085
110008551094
110008551101
110008551192
110008551209
110008551245
110008551281
110008551361
110008551398
110008551405
110008551469
110008551520
110008551548
110008551584
110008551600
110008551619
110008551655
110008551708
110008551753
110008551799
110008551806
110008551815
110008552020
110008552093
110008552164
110008552217
110008552379
110008552422
110008552468
110008552477
110008552510
110008552645
110008552663
110008552681
110008552734
110008552814
110008552878
110008552887
110008552921
110008552949
110008552958
110008552985
110008553029
110008553163
110008553190
110008553243
110008553314
110008553387
110008553396
110008553421
110008553458
110008553476
110008553485
110008553494
110008553564
110008553582
110008553591
110008553608
110008553644
110008553662
110008553724
110008553788
110008553840
110008553868
110008553886
110008553895
110008553920
110008553948
110008553975
110008554000
110008554037
110008554064
110008554073
110008554126
110008554135
110008554144
110008554288
110008554304
110008554359
110008554368
110008554377
110008554386
110008554402
110008554466
110008554493
110008554518
110008554536
110008554698
110008554812
110008554821
110008554910
110008554929
110008554983
110008554992
110008555018
110008555027
110008555081
110008555107
110008555125
110008555143
110008555189
110008555205
110008555223
110008555232
110008555241
110008555296
110008555303
110008555321
110008555401
110008555410
110008555447
110008555465
110008555474
110008555483
110008555492
110008555508
110008555517
110008555526
110008555553
110008555562
110008555580
110008555599
110008555606
110008555615
110008555651
110008555688
110008555697
110008555713
110008555722
110008555731
110008555740
110008555759
110008555811
110008555820
110008555848
110008555900
110008555937
110008555946
110008555955
110008555973
110008555982
110008556008
110008556026
110008556044
110008556179
110008556188
110008556197
110008556204
110008556213
110008556240
110008556259
110008556268
110008556320
110008556339
110008556357
110008556366
110008556437
110008556446
110008556455
110008556525
110008556543
110008556552
110008556589
110008556598
110008556605
110008556614
110008556641
110008556650
110008556669
110008556721
110008556730
110008556758
110008556794
110008556865
110008556918
110008556927
110008556972
110008556981
110008557052
110008557061
110008557070
110008557098
110008557132
110008557150
110008557178
110008557187
110008557212
110008557221
110008557249
110008557267
110008557276
110008557294
110008557301
110008557310
110008557454
110008557490
110008557524
110008557533
110008557542
110008557560
110008557579
110008557588
110008557597
110008557622
110008557631
110008557659
110008557677
110008557695
110008557748
110008557757
110008557793
110008557828
110008557837
110008557846
110008557855
110008557891
110008557917
110008557953
110008557962
110008558088
110008558097
110008558104
110008558122
110008558202
110008558211
110008558220
110008558239
110008558248
110008558257
110008558266
110008558275
110008558284
110008558293
110008558300
110008558319
110008558328
110008558355
110008558373
110008558391
110008558408
110008558417
110008558426
110008558435
110008558444
110008558453
110008558480
110008558499
110008558505
110008558514
110008558523
110008558532
110008558541
110008558550
110008558569
110008558587
110008558596
110008558603
110008558612
110008558738
110008558925
110008558943
110008558952
110008558970
110008558989
110008558998
110008559005
110008559014
110008559096
110008559121
110008559185
110008559210
110008559229
110008559238
110008559247
110008559265
110008559274
110008559381
110008559390
110008559452
110008559461
110008559470
110008559522
110008559531
110008559568
110008559728
110008559960
110008560020
110008560039
110008560066
110008560075
110008560084
110008560093
110008560100
110008560137
110008560146
110008560155
110008560164
110008560173
110008560235
110008560244
110008560262
110008560271
110008560280
110008560299
110008560315
110008560342
110008560351
110008560360
110008560388
110008560404
110008560431
110008560459
110008560468
110008560547
110008560565
110008560574
110008560592
110008560609
110008560627
110008560672
110008560814
110008560869
110008560887
110008560921
110008560967
110008561145
110008561172
110008561207
110008561225
110008561314
110008561332
110008561378
110008561412
110008561421
110008561449
110008561519
110008561555
110008561564
110008561644
110008561797
110008561822
110008561831
110008561840
110008561886
110008561902
110008561911
110008561920
110008561939
110008561948
110008562037
110008562082
110008562108
110008562242
110008562251
110008562260
110008562279
110008562288
110008562313
110008562322
110008562331
110008562340
110008562359
110008562368
110008562439
110008562545
110008562643
110008562670
110008562689
110008562698
110008562723
110008562769
110008562778
110008562796
