110008562803
110008562858
110008562867
110008562885
110008562901
110008562910
110008562929
110008562938
110008562974
110008562983
110008563063
110008563081
110008563090
110008563107
110008563143
110008563161
110008563205
110008563250
110008563429
110008563704
110008564151
110008564160
110008564437
110008564516
110008564525
110008564534
110008564552
110008564598
110008564605
110008564669
110008564687
110008564703
110008564758
110008564776
110008564874
110008564945
110008565043
110008565105
110008565114
110008565310
110008565329
110008565338
110008565356
110008565392
110008565418
110008565427
110008565445
110008565472
110008565481
110008565515
110008565533
110008565542
110008565597
110008565604
110008565613
110008565622
110008565640
110008565668
110008565702
110008565711
110008565748
110008565757
110008565784
110008565819
110008565828
110008565837
110008565846
110008565855
110008565891
110008565908
110008565926
110008565944
110008565971
110008565980
110008566015
110008566042
110008566060
110008566088
110008566104
110008566113
110008566122
110008566195
110008566202
110008566239
110008566248
110008566346
110008566373
110008566408
110008566444
110008566462
110008566550
110008566612
110008566685
110008566952
110008567121
110008567149
110008567201
110008567247
110008567283
110008567835
110008567853
110008567871
110008567899
110008567906
110008567915
110008567924
110008567942
110008567951
110008567960
110008567979
110008568013
110008568102
110008568120
110008568157
110008568166
110008568175
110008568184
110008568200
110008568228
110008568264
110008568291
110008568326
110008568344
110008568371
110008568406
110008568576
110008568601
110008568629
110008568638
110008568647
110008568674
110008568718
110008568727
110008568736
110008568754
110008568763
110008568772
110008568781
110008568790
110008568807
110008568816
110008568834
110008568852
110008568861
110008568914
110008568950
110008569021
110008569030
110008569058
110008569067
110008569334
110008569361
110008569691
110008570037
110008570091
110008570108
110008570117
110008570126
110008570135
110008570144
110008570153
110008570162
110008570368
110008570377
110008570386
110008570448
110008570545
110008570554
110008570616
110008570625
110008570634
110008570643
110008570661
110008570769
110008571688
110008571713
110008571722
110008571731
110008571759
110008571777
110008571786
110008571795
110008572035
110008572044
110008572053
110008572071
110008572080
110008572099
110008572115
110008572133
110008572151
110008572160
110008572179
110008572222
110008572231
110008572286
110008572320
110008572339
110008572348
110008572357
110008572366
110008572375
110008572384
110008572419
110008572437
110008572446
110008572623
110008572632
110008572650
110008572703
110008572712
110008572721
110008572758
110008572785
110008572810
110008572829
110008572874
110008572883
110008572918
110008572927
110008572936
110008572945
110008572954
110008572963
110008572972
110008572990
110008573025
110008573034
110008573052
110008573105
110008573123
110008573141
110008573150
110008573169
110008573178
110008573196
110008573203
110008573212
110008573230
110008573276
110008573285
110008573294
110008573301
110008573338
110008573347
110008573356
110008573365
110008573383
110008573392
110008573409
110008573418
110008573436
110008573445
110008573454
110008573463
110008573490
110008573506
110008573560
110008573579
110008573588
110008573604
110008573613
110008573622
110008573677
110008573695
110008573711
110008573739
110008573748
110008573837
110008573846
110008573908
110008573926
110008573935
110008573944
110008573971
110008574006
110008574480
110008574499
110008574532
110008574541
110008574550
110008574596
110008574630
110008574649
110008574658
110008574676
110008574685
110008574710
110008574747
110008574756
110008574765
110008574774
110008574783
110008574792
110008574809
110008574818
110008574854
110008574863
110008574998
110008575005
110008575014
110008575023
110008575032
110008575103
110008575185
110008575595
110008575602
110008575700
110008575728
110008575737
110008575746
110008575755
110008575764
110008575773
110008575782
110008575808
110008575817
110008575835
110008575853
110008575880
110008575899
110008575906
110008575924
110008575933
110008575942
110008575951
110008575979
110008576013
110008576031
110008576040
110008576059
110008576077
110008576102
110008576139
110008576148
110008576157
110008576184
110008576193
110008576200
110008576219
110008576228
110008576255
110008576264
110008576282
110008576308
110008576317
110008576326
110008576335
110008576344
110008576362
110008576371
110008576549
110008576558
110008576567
110008576610
110008576647
110008576674
110008576692
110008576718
110008576736
110008576745
110008576754
110008576772
110008576781
110008576790
110008576816
110008576825
110008576834
110008576843
110008576852
110008576861
110008576870
110008576889
110008576898
110008576905
110008576950
110008576969
110008576978
110008576987
110008576996
110008577012
110008577021
110008577058
110008577067
110008577076
110008577094
110008577101
110008577110
110008577129
110008577138
110008577156
110008577183
110008577218
110008577227
110008577245
110008577254
110008577263
110008577307
110008577316
110008577325
110008577334
110008577361
110008577370
110008577389
110008577398
110008577405
110008577414
110008577423
110008577432
110008577441
110008577450
110008577469
110008577478
110008577487
110008577691
110008577735
110008577771
110008577780
110008577799
110008577815
110008577824
110008577842
110008578235
110008578271
110008578280
110008578397
110008578404
110008578681
110008578716
110008578734
110008578743
110008578752
110008578761
110008578770
110008578789
110008578798
110008578805
110008578823
110008578832
110008578841
110008578878
110008578887
110008578903
110008578912
110008578921
110008578930
110008578949
110008578958
110008578967
110008578976
110008579001
110008579010
110008579029
110008579056
110008579065
110008579074
110008579092
110008579136
110008579145
110008579163
110008579181
110008579190
110008579207
110008579243
110008579252
110008579261
110008579289
110008579298
110008579305
110008579323
110008579332
110008579350
110008579369
110008579396
110008579403
110008579412
110008579500
110008579519
110008579537
110008579546
110008579555
110008579644
110008579671
110008579680
110008579699
110008579715
110008579733
110008580311
110008580437
110008580525
110008580534
110008580543
110008580552
110008580570
110008581178
110008581766
110008581855
110008581864
110008581891
110008581917
110008581935
110008581971
110008581980
110008582006
110008582015
110008582961
110008582970
110008582989
110008583005
110008583014
110008583023
110008583041
110008583069
110008583087
110008583096
110008583103
110008583112
110008583121
110008583130
110008583149
110008583158
110008583167
110008583176
110008583185
110008583194
110008583201
110008583210
110008583238
110008583247
110008583256
110008583265
110008583292
110008583318
110008583354
110008583381
110008583416
110008583443
110008583452
110008583461
110008583489
110008583522
110008583531
110008583595
110008583620
110008583648
110008583719
110008583728
110008583826
110008583835
110008583844
110008583862
110008583933
110008583951
110008584013
110008584095
110008584102
110008584120
110008584139
110008584166
110008584175
110008584228
110008584237
110008584353
110008584362
110008584399
110008584406
110008584442
110008584451
110008584488
110008584503
110008584530
110008584594
110008584638
110008584709
110008584969
110008585058
110008585067
110008585138
110008585147
110008585156
110008585307
110008585325
110008585352
110008585405
110008585423
110008585487
110008585502
110008585557
110008585600
110008585619
110008585628
110008585673
110008585708
110008585717
110008585744
110008585753
110008585762
110008585824
110008585888
110008585913
110008585922
110008585931
110008585940
110008585977
110008585995
110008586002
110008586119
110008586128
110008586244
110008586253
110008586299
110008586306
110008586324
110008586342
110008586360
110008586397
110008586440
110008586538
110008586574
110008586627
110008586663
110008586743
110008586752
110008586761
110008586770
110008586789
110008586814
110008586832
110008587001
110008587038
110008587065
110008587092
110008587163
110008587190
110008587234
110008587243
110008587261
110008587323
110008587332
110008587341
110008587430
110008587476
110008587546
110008587617
110008587626
110008587635
110008587653
110008587733
110008587760
110008587840
110008587939
110008588091
110008588108
110008588117
110008588126
110008588153
110008588171
110008588242
110008588251
110008588260
110008588288
110008588297
110008588304
110008588313
110008588322
110008588340
110008588368
110008588377
110008588395
110008588411
110008588420
110008588439
110008588885
110008588894
110008588901
110008588910
110008589063
110008589170
110008589394
110008589456
110008589492
110008589508
110008589866
110008590177
110008590186
110008590239
110008590275
110008590284
110008590300
110008590328
110008590364
110008590373
110008590391
110008590417
110008590426
110008590453
110008590471
110008590480
110008590505
110008590514
110008590541
110008590550
110008590578
110008590667
110008590676
110008590738
110008590756
110008590783
110008590952
110008590989
110008591005
110008591014
110008591023
110008591121
110008591130
110008591149
110008591158
110008591167
110008591185
110008591201
110008591229
110008591247
110008591256
110008591265
110008591274
110008591327
110008591336
110008591345
110008591363
110008591381
110008591390
110008591407
110008591434
110008591452
110008591522
110008591559
110008591586
110008591595
110008591620
110008591639
110008591675
110008591693
110008591719
110008591737
110008591746
110008591755
110008591764
110008591773
110008591782
110008591791
110008591817
110008591826
110008592120
110008592139
110008592157
110008592166
110008592175
110008592184
110008592200
110008592237
110008592255
110008592273
110008592530
110008592558
110008592567
110008592585
110008592683
110008592692
110008592718
110008592807
110008592825
110008592834
110008592843
110008592852
110008592870
110008592889
110008592914
110008592950
110008592978
110008593012
110008593021
110008593030
110008593058
110008593067
110008593076
110008593165
110008593174
110008593192
110008593209
110008593236
110008593263
110008593290
110008593307
110008593343
110008593352
110008593370
110008593398
110008593423
110008593432
110008593441
110008593450
110008593511
110008593771
110008593806
110008593824
110008593833
110008593977
110008594119
110008594137
110008594146
110008594155
110008594235
110008594486
110008594495
110008594574
110008594583
110008594592
110008594618
110008594627
110008594645
110008594663
110008594672
110008594681
110008594707
110008594716
110008594743
110008594752
110008594761
110008594770
110008594789
110008594805
110008594823
110008594832
110008594850
110008594869
110008594878
110008594896
110008594921
110008594958
110008594985
110008594994
110008595001
110008595029
110008595038
110008595047
110008595065
110008595074
110008595092
110008595109
110008595118
110008595136
110008595190
110008595207
110008595234
110008595243
110008595252
110008595261
110008595270
110008595289
110008595305
110008595314
110008595323
110008595341
110008595350
110008595369
110008595387
110008595396
110008595449
110008595458
110008595467
110008595476
110008595485
110008595494
110008595500
110008595519
110008595528
110008595546
110008595564
110008595573
110008595582
110008595617
110008595626
110008595635
110008595644
110008595653
110008595662
110008595699
110008595715
110008595724
110008595733
110008595742
110008595760
110008595788
110008595797
110008595822
110008595840
110008595859
110008595886
110008595902
110008595911
110008595920
110008595939
110008595948
110008595966
110008595975
110008596000
110008596019
110008596028
110008596037
110008596046
110008596055
110008596073
110008596091
110008596117
110008596126
110008596135
110008596144
110008596153
110008596162
110008596180
110008596206
110008596233
110008596242
110008596251
110008596279
110008596304
110008596313
110008596331
110008596340
110008596359
110008596368
110008596377
110008596386
110008596395
110008596402
110008596411
110008596420
110008596439
110008596448
110008596457
110008596466
110008596475
110008596484
110008596493
110008596509
110008596518
110008596527
110008596536
110008596554
110008596563
110008596572
110008596670
110008596689
110008596698
110008596714
110008596723
110008596732
110008596741
110008596750
110008597321
110008597704
110008598222
110008599490
110008600308
110008600326
110008600335
110008600344
110008600353
110008600362
110008600371
110008600399
110008600406
110008600415
110008600424
110008600442
110008600497
110008600503
110008600512
110008600530
110008600629
110008600781
110008600790
110008601245
110008601263
110008601307
110008601352
110008601414
110008601441
110008601557
110008602413
110008602734
110008602805
110008602823
110008603163
110008603485
110008605198
110008605205
110008605303
110008605312
110008605321
