110008605349
110008605358
110008605367
110008605394
110008605401
110008605410
110008605438
110008605456
110008605465
110008605508
110008605517
110008605562
110008608550
110008608569
110008608578
110008608587
110008608596
110008608649
110008608658
110008608667
110008608694
110008608701
110008608710
110008608729
110008608747
110008608756
110008608765
110008608783
110008608792
110008608827
110008608845
110008608890
110008608916
110008608925
110008608943
110008608952
110008608961
110008608970
110008608989
110008608998
110008609005
110008609014
110008609023
110008609032
110008609069
110008609078
110008609087
110008609096
110008609103
110008609149
110008609158
110008609167
110008609176
110008609194
110008609210
110008609229
110008609309
110008609327
110008609345
110008609372
110008609390
110008609407
110008609416
110008609434
110008609461
110008609470
110008609595
110008609611
110008609773
110008609826
110008609835
110008609844
110008609853
110008609862
110008609880
110008609899
110008609960
110008609979
110008609997
110008610011
110008610020
110008610048
110008610057
110008610075
110008610084
110008610093
110008610100
110008610119
110008610137
110008610146
110008610164
110008610173
110008610208
110008610217
110008610226
110008610235
110008610253
110008610271
110008610280
110008610299
110008610306
110008610324
110008610342
110008610351
110008610360
110008610388
110008610397
110008610404
110008610431
110008610440
110008610459
110008610547
110008610556
110008610583
110008610609
110008610636
110008610654
110008610672
110008610690
110008610707
110008610716
110008610725
110008610752
110008610805
110008610869
110008610878
110008610903
110008610912
110008610921
110008610930
110008610949
110008610958
110008610967
110008610976
110008610985
110008610994
110008611001
110008611010
110008611029
110008611056
110008611118
110008611127
110008611136
110008611145
110008611154
110008611181
110008611190
110008611207
110008611234
110008611252
110008611305
110008611341
110008611350
110008611369
110008611378
110008611387
110008611396
110008611412
110008611421
110008611430
110008611449
110008611467
110008611476
110008611485
110008611500
110008611519
110008611528
110008611546
110008611555
110008611582
110008611608
110008611626
110008611635
110008611644
110008611671
110008611680
110008611715
110008611724
110008611733
110008611760
110008611779
110008611822
110008611831
110008611840
110008611859
110008611868
110008611877
110008611886
110008611902
110008611911
110008611920
110008611939
110008611948
110008611957
110008612064
110008612894
110008612910
110008612947
110008612956
110008612974
110008612983
110008612992
110008613009
110008613027
110008613036
110008613107
110008613134
110008614124
110008614455
110008614482
110008614491
110008614516
110008614525
110008614534
110008614543
110008614570
110008614589
110008614598
110008614623
110008614632
110008614678
110008614687
110008614703
110008614712
110008614721
110008614730
110008614749
110008614758
110008614767
110008614776
110008614847
110008614856
110008615383
110008615392
110008615454
110008615463
110008615481
110008615490
110008615506
110008615524
110008615551
110008615588
110008615597
110008615604
110008615613
110008615622
110008615659
110008615677
110008615695
110008615711
110008615720
110008615748
110008615775
110008615784
110008615793
110008615800
110008615819
110008615828
110008615837
110008615846
110008615855
110008615873
110008615882
110008615908
110008615926
110008615935
110008615944
110008615953
110008615962
110008615971
110008615980
110008615999
110008616006
110008616015
110008616042
110008616088
110008616097
110008616104
110008616131
110008616159
110008616168
110008616177
110008616186
110008616195
110008616202
110008616211
110008616220
110008616266
110008616275
110008616284
110008616300
110008616319
110008616328
110008616337
110008616346
110008616355
110008616364
110008616382
110008616408
110008616417
110008616426
110008616435
110008616462
110008616471
110008616480
110008616499
110008616505
110008616514
110008616523
110008616541
110008616550
110008616603
110008616612
110008616621
110008616630
110008616658
110008616667
110008616676
110008616685
110008616694
110008616701
110008616710
110008616729
110008616738
110008616747
110008616756
110008616765
110008616783
110008616792
110008616827
110008616836
110008616845
110008616854
110008616863
110008616872
110008616890
110008616907
110008616916
110008616925
110008616934
110008616952
110008616970
110008616989
110008616998
110008617014
110008617032
110008617041
110008617069
110008617078
110008617096
110008617112
110008617130
110008617149
110008617158
110008617185
110008617194
110008617201
110008617229
110008617238
110008617247
110008617256
110008617265
110008617283
110008617327
110008617363
110008617372
110008617407
110008617425
110008617452
110008617461
110008617470
110008617489
110008617498
110008617504
110008617513
110008617522
110008617531
110008617540
110008617559
110008617568
110008617577
110008617586
110008617595
110008617602
110008617611
110008617620
110008617639
110008617657
110008617666
110008617675
110008617700
110008617719
110008617728
110008617737
110008617746
110008617755
110008617764
110008617773
110008617782
110008617791
110008617808
110008617817
110008617826
110008617835
110008617844
110008617853
110008617862
110008617871
110008617880
110008617915
110008617951
110008617960
110008617979
110008617988
110008617997
110008618013
110008618022
110008618031
110008618040
110008618059
110008618077
110008618086
110008618102
110008618111
110008618139
110008618148
110008618157
110008618175
110008618184
110008618228
110008618237
110008618246
110008618264
110008618291
110008618308
110008618317
110008618326
110008618335
110008618371
110008618380
110008618399
110008618406
110008618442
110008618460
110008618479
110008618497
110008618521
110008618530
110008618549
110008618558
110008618567
110008618594
110008618601
110008618610
110008618629
110008618656
110008618674
110008618683
110008618709
110008618718
110008618727
110008618772
110008618781
110008618790
110008618905
110008618923
110008618932
110008619520
110008619548
110008619557
110008619566
110008619575
110008619600
110008619619
110008619628
110008619637
110008619646
110008619664
110008619673
110008619691
110008619717
110008619726
110008619771
110008619780
110008619815
110008619824
110008619851
110008619879
110008619888
110008619897
110008619904
110008619913
110008619931
110008619940
110008619959
110008619977
110008619995
110008620000
110008620019
110008620091
110008620144
110008620162
110008620171
110008620180
110008620199
110008620224
110008620251
110008620260
110008620279
110008620288
110008620304
110008620313
110008620322
110008620359
110008620368
110008620377
110008620386
110008620402
110008620411
110008620420
110008620457
110008620475
110008620527
110008620536
110008620545
110008620554
110008620563
110008620572
110008620590
110008620607
110008620616
110008620625
110008620634
110008620643
110008620652
110008620661
110008620670
110008620689
110008620705
110008620714
110008620723
110008620732
110008620741
110008620750
110008620769
110008620803
110008620812
110008620821
110008620830
110008620858
110008620867
110008620876
110008620901
110008620938
110008620965
110008620974
110008620983
110008620992
110008621009
110008621018
110008621054
110008621063
110008621161
110008621170
110008621189
110008621223
110008621241
110008621296
110008621303
110008621312
110008621321
110008621330
110008621401
110008621410
110008621429
110008621438
110008621483
110008621492
110008621517
110008621526
110008621544
110008621553
110008621580
110008621599
110008621624
110008621660
110008621704
110008621722
110008621731
110008621777
110008621795
110008621820
110008621982
110008621991
110008623114
110008623515
110008623542
110008623908
110008623953
110008624079
110008624113
110008624168
110008624284
110008624293
110008624373
110008624382
110008624444
110008624471
110008624480
110008624505
110008624514
110008624523
110008624532
110008624541
110008624578
110008624649
110008624658
110008624667
110008624685
110008624774
110008624783
110008624792
110008625078
110008625087
110008625096
110008625130
110008625167
110008625176
110008625201
110008625210
110008625265
110008625274
110008625292
110008625309
110008625318
110008625327
110008625336
110008625345
110008625354
110008625363
110008625381
110008625390
110008625407
110008625416
110008625443
110008625470
110008625489
110008625540
110008625595
110008625602
110008625611
110008625620
110008625639
110008625648
110008625657
110008625666
110008625675
110008625684
110008625693
110008625700
110008625791
110008625808
110008625817
110008625826
110008625835
110008625862
110008625924
110008625942
110008625960
110008625979
110008626040
110008626120
110008626139
110008626148
110008626166
110008626175
110008626184
110008626237
110008626246
110008626308
110008626326
110008626344
110008626371
110008626399
110008626433
110008626442
110008626451
110008626460
110008626479
110008626521
110008626530
110008626558
110008626567
110008626576
110008626585
110008626601
110008626647
110008626665
110008626683
110008626718
110008626852
110008629092
110008629109
110008629145
110008629216
110008629225
110008629234
110008629243
110008629252
110008629270
110008629298
110008629305
110008629323
110008629387
110008629396
110008629403
110008629412
110008629421
110008629430
110008629449
110008629458
110008629476
110008629485
110008629500
110008629519
110008629546
110008629591
110008629617
110008629626
110008629635
110008629644
110008629662
110008629680
110008629706
110008629715
110008630204
110008630213
110008630222
110008630231
110008630268
110008630277
110008630286
110008630295
110008630311
110008630339
110008630348
110008630357
110008630366
110008630384
110008630393
110008630400
110008630437
110008630446
110008630455
110008630473
110008630491
110008630516
110008630525
110008630552
110008630589
110008630605
110008630614
110008630623
110008630632
110008630749
110008630758
110008631098
110008631105
110008631123
110008631132
110008631169
110008631187
110008631196
110008631203
110008631212
110008631221
110008631230
110008631249
110008631267
110008631276
110008631294
110008631301
110008631329
110008631338
110008631347
110008631383
110008631392
110008631409
110008631436
110008631445
110008631472
110008631481
110008631524
110008631542
110008631551
110008631560
110008631579
110008631588
110008631604
110008631640
110008631659
110008631668
110008631686
110008631695
110008631702
110008631711
110008631720
110008631739
110008631766
110008631784
110008631793
110008631837
110008631846
110008631855
110008631864
110008631891
110008631935
110008631944
110008631953
110008631962
110008631971
110008631980
110008631999
110008632024
110008632033
110008632042
110008632079
110008632088
110008632097
110008632104
110008632113
110008632122
110008632131
110008632140
110008632159
110008632168
110008632195
110008632202
110008632239
110008632248
110008632257
110008632266
110008632275
110008632284
110008632319
110008632328
110008632373
110008632382
110008632426
110008632435
110008632444
110008632453
110008632480
110008632505
110008632514
110008632621
110008632630
110008632649
110008632667
110008632694
110008632729
110008632738
110008632774
110008632783
110008632792
110008632809
110008632818
110008632827
110008632836
110008632845
110008632863
110008632872
110008632881
110008632907
110008632916
110008632925
110008632934
110008632952
110008632961
110008632970
110008633014
110008633023
110008633032
110008633041
110008633050
110008633078
110008633103
110008633121
110008633130
110008633149
110008633158
110008633194
110008633201
110008633210
110008633229
110008633238
110008633256
110008633274
110008633283
110008633309
110008633318
110008633327
110008633345
110008633354
110008633372
110008633498
110008633586
110008633639
110008633764
110008633773
110008633782
110008633791
110008633808
110008633853
110008633862
110008633880
110008633906
110008633924
110008633933
110008633960
110008633979
110008633988
110008633997
110008634004
110008634013
110008634031
110008634059
110008634068
110008634077
110008634086
110008634095
110008634102
110008634120
110008634139
110008634148
110008634157
110008634175
110008634184
110008634193
110008634200
110008634219
110008634228
110008634246
110008634255
110008634264
110008634273
110008634282
110008634291
110008634317
110008634380
110008634415
110008634987
110008635012
110008635076
110008635085
110008635101
110008635156
110008635218
110008635254
110008635263
110008635290
110008635316
110008635325
110008635334
110008635343
110008635352
110008635361
110008635370
110008635389
110008635398
110008635414
110008635423
110008635432
110008635441
110008635450
110008635478
110008635487
110008635511
110008635520
110008635539
110008635548
110008635566
110008635584
110008635593
110008635619
110008635628
110008635637
110008635655
110008635664
110008635673
110008635682
110008635708
110008635717
110008635735
110008635771
110008635799
110008635851
110008635879
110008635888
110008635897
