110008635904
110008635922
110008635940
110008635959
110008635986
110008635995
110008636039
110008636048
110008636066
110008636075
110008636128
110008636137
110008636146
110008636155
110008636235
110008636262
110008636315
110008636342
110008636351
110008636360
110008636379
110008636388
110008636404
110008636413
110008636440
110008636798
110008636814
110008636823
110008636841
110008636903
110008636912
110008636921
110008636930
110008636958
110008636967
110008636976
110008636985
110008636994
110008637010
110008637083
110008637118
110008637127
110008637136
110008637181
110008637225
110008637298
110008637323
110008637378
110008637412
110008637537
110008637868
110008637911
110008637939
110008637948
110008638091
110008638108
110008638233
110008638260
110008639296
110008639303
110008639312
110008639330
110008639349
110008639358
110008639367
110008639376
110008639385
110008639394
110008639401
110008639429
110008639456
110008639508
110008639517
110008639679
110008641201
110008641238
110008641247
110008641265
110008641292
110008641318
110008641416
110008641434
110008641452
110008641489
110008641504
110008641540
110008641559
110008641611
110008641620
110008641639
110008641648
110008641657
110008641746
110008641755
110008641773
110008641782
110008641808
110008641817
110008641826
110008641871
110008641915
110008641933
110008641942
110008641951
110008641960
110008641979
110008641988
110008641997
110008642013
110008642040
110008642095
110008642102
110008642120
110008642200
110008642317
110008642362
110008642371
110008642380
110008642442
110008642451
110008642488
110008642503
110008642521
110008642530
110008642585
110008642709
110008642718
110008642727
110008643192
110008643236
110008643245
110008643478
110008643487
110008643511
110008643566
110008643628
110008643637
110008643655
110008643691
110008643708
110008643717
110008643726
110008643735
110008643744
110008643780
110008643806
110008643824
110008643833
110008643842
110008643851
110008643904
110008643922
110008643931
110008643940
110008643968
110008643977
110008643986
110008643995
110008644011
110008644039
110008644048
110008644066
110008644075
110008644084
110008644093
110008644100
110008644128
110008644146
110008644155
110008644173
110008644182
110008644226
110008644235
110008644244
110008644253
110008644262
110008644299
110008645617
110008645626
110008645635
110008645644
110008645680
110008645733
110008645788
110008645895
110008645902
110008645911
110008646331
110008646340
110008646439
110008646448
110008646457
110008646466
110008646965
110008646974
110008647009
110008647018
110008647036
110008647054
110008647081
110008647090
110008647134
110008647152
110008647170
110008647198
110008647205
110008647287
110008647535
110008647553
110008647562
110008647606
110008647615
110008647624
110008647642
110008647651
110008647688
110008647697
110008647713
110008647731
110008647740
110008647795
110008870515
110008870542
110008870551
110008870560
110008870579
110008870588
110008870668
110008870739
110008870766
110008870775
110008971274
110008971336
110008972674
110008972950
110008973192
110008973209
110008973511
110008973539
110008973548
110008974994
110008975001
110008975029
110008975038
110008975047
110008975065
110008975092
110008975127
110008975136
110008975145
110008975154
110008975163
110008975181
110008975190
110008975207
110008975225
110008975243
110008975261
110008975270
110008975289
110008975305
110008975314
110008975323
110008976563
110008977116
110008977134
110008977152
110008977161
110008977214
110008977232
110008977508
110008977553
110008977571
110008977599
110008977606
110008977651
110008977660
110008977688
110008977704
110008977722
110008977731
110008977740
110008977777
110008977795
110008977811
110008977848
110008977857
110008977866
110008977875
110008977900
110008977937
110008977946
110008977955
110008977973
110008977991
110008978008
110008978035
110008978062
110008978071
110008978080
110008978106
110008978115
110008981744
110008981771
110008981780
110008981833
110008981842
110008981851
110008981888
110008981897
110008981922
110008981959
110008982075
110008982084
110008982119
110008982182
110008982208
110008982226
110008982333
110008982342
110008982351
110008982397
110008982422
110008982459
110008982468
110008982529
110008982538
110008982547
110008982565
110008982583
110008982609
110008982627
110008982636
110008982645
110008982654
110008982672
110008982681
110008982716
110008982734
110008982798
110008982805
110008982823
110008982832
110008982878
110008982887
110008982896
110008982903
110008982912
110008982921
110008982930
110008982949
110008982994
110008983029
110008983065
110008983074
110008983092
110008983109
110008983118
110008983163
110008983225
110008983234
110008983243
110008983252
110008983261
110008983298
110008983314
110008983323
110008983369
110008983387
110008983430
110008983449
110008983476
110008983485
110008983494
110008983500
110008983555
110008983564
110008983573
110008983582
110008983591
110008983626
110008983662
110008983671
110008983715
110008983724
110008983742
110008983779
110008983788
110008983804
110008983840
110008983877
110008983895
110008983902
110008983911
110008983939
110008983957
110008984135
110008984331
110008984616
110008985125
110008985161
110008985606
110008985688
110008986703
110008986730
110008986749
110008986758
110008986794
110008986810
110008986838
110008986856
110008986874
110008988710
110008988792
110008988890
110008988916
110008988970
110008988989
110008989023
110008989032
110008989041
110008989069
110008989078
110008989087
110008989121
110008989149
110008989158
110008989167
110008989176
110008989194
110008989201
110008989210
110008989229
110008989256
110008989700
110008989737
110008989746
110008989755
110008989764
110008989817
110008989826
110008989835
110008989844
110008989880
110008989906
110008989933
110008989951
110008989960
110008989979
110008989997
110008990002
110008990020
110008990039
110008990048
110008990057
110008990388
110008990397
110008990431
110008990459
110008990468
110008990477
110008990501
110008990529
110008990556
110008990716
110008990770
110008990805
110008990823
110008990841
110008990850
110008990869
110008990878
110008990887
110008990930
110008991065
110008991109
110008991118
110008991127
110008991145
110008991172
110008991430
110008991582
110008991608
110008991635
110008991653
110008991662
110008991671
110008991680
110008991699
110008991706
110008991715
110008991724
110008991733
110008991751
110008994106
110008994179
110008994204
110008994277
110008994302
110008994473
110008994482
110008994507
110008994534
110008994561
110008994570
110008994589
110008994598
110008994614
110008994632
110008994641
110008994678
110008994687
110008994703
110008994712
110008994785
110008994794
110008994801
110008994829
110008994847
110008994856
110008994865
110008994892
110008994981
110008994990
110008995043
110008995052
110008995089
110008995098
110008995105
110008995123
110008995132
110008995249
110008995258
110008995276
110008995285
110008995338
110008995356
110008995383
110008995463
110008995472
110008995702
110008995711
110008995720
110008995739
110008996408
110008998549
110008998567
110008998576
110008998585
110008998594
110008998601
110008998610
110008998638
110008998647
110008998656
110008998665
110008998674
110008998709
110008998727
110008998736
110008998745
110008998772
110008998790
110008998807
110008998816
110008998825
110008999673
110008999682
110008999708
110008999726
110008999735
110008999744
110008999753
110008999771
110008999780
110008999799
110008999815
110008999824
110008999851
110008999860
110008999888
110008999897
110008999904
110008999922
110009000197
110009000213
110009001631
110009001784
110009002710
110009004763
110009004816
110009004825
110009004834
110009004843
110009004852
110009004861
110009004870
110009004889
110009004898
110009004923
110009004932
110009004941
110009004950
110009004969
110009004996
110009005003
110009005012
110009005021
110009005469
110009005780
110009006306
110009006342
110009006351
110009006360
110009006397
110009006422
110009006477
110009006495
110009006501
110009006510
110009006529
110009006538
110009006565
110009006574
110009006583
110009006592
110009006618
110009006636
110009006645
110009006654
110009006663
110009006672
110009006681
110009006690
110009006707
110009006716
110009006930
110009006958
110009007207
110009007378
110009007387
110009007403
110009008297
110009008377
110009008411
110009008420
110009008448
110009008457
110009008484
110009008493
110009008527
110009008536
110009008572
110009008581
110009008607
110009008616
110009008625
110009008643
110009008661
110009008670
110009008698
110009008705
110009008714
110009008787
110009009027
110009009045
110009009054
110009009679
110009009795
110009009802
110009010373
110009010382
110009010391
110009010408
110009010426
110009010444
110009012781
110009012790
110009012816
110009012825
110009012843
110009012889
110009012914
110009012923
110009012941
110009012950
110009012969
110009012978
110009012987
110009013021
110009013058
110009013085
110009013101
110009013110
110009013138
110009013156
110009013192
110009038237
110009038246
110009038255
110009038273
110009038282
110009038291
110009038308
110009038353
110009038362
110009038442
110009038451
110009038479
110009038488
110009038503
110009038521
110009038530
110009038549
110009038558
110009038567
110009038576
110009038585
110009038594
110009038601
110009038610
110009038638
110009038656
110009038692
110009038718
110009038727
110009038736
110009038745
110009038763
110009038790
110009038807
110009038852
110009038861
110009038870
110009038889
110009038898
110009038905
110009038914
110009038923
110009038969
110009038978
110009039021
110009039030
110009039067
110009039101
110009039129
110009039192
110009039209
110009039218
110009039236
110009039245
110009039254
110009039263
110009039281
110009039290
110009039334
110009039343
110009039361
110009039370
110009039398
110009039405
110009039414
110009039423
110009039441
110009039487
110009039496
110009039575
110009039593
110009039600
110009039619
110009039646
110009039655
110009039673
110009039682
110009039691
110009039735
110009039744
110009039753
110009039762
110009039806
110009039824
110009039842
110009039851
110009039860
110009039879
110009039897
110009039931
110009039940
110009039959
110009039968
110009039977
110009039995
110009040046
110009040055
110009040082
110009040091
110009040153
110009040162
110009040171
110009040180
110009040206
110009040215
110009040224
110009040242
110009040251
110009040260
110009040297
110009040304
110009040313
110009040322
110009040331
110009040340
110009040359
110009040368
110009040377
110009040386
110009040402
110009040411
110009040420
110009040448
110009040466
110009040475
110009040545
110009040616
110009040625
110009040652
110009040670
110009040698
110009040796
110009040812
110009040821
110009040858
110009040876
110009040885
110009041045
110009043944
110009044783
110009046996
110009047487
110009050310
110009050329
110009050409
110009050418
110009051122
110009051355
110009051569
110009051578
110009051587
110009051596
110009051603
110009051621
110009051630
110009051649
110009051658
110009051667
110009051694
110009051710
110009051738
110009051756
110009051774
110009051809
110009051827
110009051845
110009051854
110009051863
110009051872
110009051881
110009051890
110009051916
110009051934
110009051970
110009051989
110009051998
110009052014
110009052041
110009052050
110009052078
110009052087
110009052096
110009052103
110009052112
110009052121
110009052158
110009052700
110009052791
110009052924
110009053772
110009054012
110009055850
110009055896
110009055949
110009055958
110009056029
110009056038
110009056047
110009056065
110009056109
110009056118
110009056127
110009056154
110009056207
110009056234
110009056252
110009056270
110009056298
110009056458
110009056467
110009056494
110009056582
110009056591
110009056608
110009056626
110009056635
110009056653
110009056662
110009056671
110009056699
110009056715
110009056724
110009056733
110009056751
110009056760
110009056779
110009056788
110009056797
110009056804
110009056813
110009056822
110009056859
110009056868
110009056886
110009056895
110009056902
110009056911
110009056920
110009056939
110009056957
110009056966
110009056993
110009057000
110009057019
110009057028
110009057037
110009057046
110009057064
110009057108
110009057126
110009057135
110009057144
110009057233
110009057242
110009057251
110009057260
110009057279
110009057288
110009057297
110009057304
110009057420
110009058697
110009058704
110009058713
110009058722
110009058731
110009058740
110009058759
110009058768
110009058777
110009058786
110009059115
110009059124
110009059151
110009059188
110009059197
110009059204
110009059222
110009059231
110009059240
110009059259
110009059286
110009059295
110009059302
110009059357
110009059400
110009059419
110009059446
110009059703
110009059794
110009061745
110009062423
110009063921
110009064877
110009064902
110009065117
110009065625
110009065643
110009065652
110009065670
110009065705
110009065723
110009065732
