110009065741
110009065769
110009065787
110009065830
110009065849
110009065858
110009065876
110009065885
110009065938
110009065947
110009065965
110009065974
110009065983
110009066009
110009066018
110009066027
110009066036
110009066054
110009066063
110009066081
110009066090
110009066170
110009066205
110009066232
110009066535
110009066553
110009066562
110009066571
110009066599
110009066606
110009066615
110009068392
110009068418
110009068436
110009068445
110009068472
110009068506
110009068515
110009068524
110009068542
110009068631
110009068640
110009068659
110009068668
110009068677
110009068702
110009068711
110009068720
110009068748
110009068757
110009068766
110009068917
110009068935
110009069042
110009069051
110009069060
110009069097
110009069104
110009069131
110009069140
110009069211
110009069239
110009069266
110009069275
110009069284
110009069293
110009069382
110009069417
110009069426
110009069444
110009069499
110009069505
110009069514
110009069532
110009069541
110009069685
110009069701
110009069710
110009069738
110009069783
110009069827
110009069845
110009069925
110009069952
110009069961
110009069998
110009070012
110009070021
110009070058
110009070076
110009070085
110009070156
110009070209
110009070236
110009070272
110009070370
110009070405
110009070414
110009070423
110009070469
110009070487
110009070566
110009070600
110009070637
110009070655
110009070664
110009070673
110009070682
110009070717
110009070735
110009070762
110009070799
110009070824
110009070860
110009070888
110009070897
110009070995
110009071002
110009071057
110009071100
110009071119
110009071164
110009071182
110009071191
110009071208
110009071217
110009071226
110009071262
110009071351
110009071379
110009071388
110009071413
110009071422
110009071459
110009071501
110009071538
110009071556
110009071609
110009071627
110009071636
110009071654
110009071672
110009071681
110009071707
110009071716
110009071743
110009071770
110009071789
110009071949
110009071967
110009071985
110009072029
110009072136
110009072145
110009072154
110009072252
110009072270
110009072369
110009072378
110009072449
110009072458
110009072476
110009072494
110009072564
110009072573
110009072582
110009072626
110009072644
110009072662
110009072680
110009072699
110009072760
110009072804
110009072868
110009072877
110009072902
110009072911
110009072939
110009072948
110009072957
110009072984
110009072993
110009073000
110009073019
110009073064
110009073091
110009073126
110009073162
110009073206
110009073251
110009073260
110009073288
110009073359
110009073368
110009073439
110009073448
110009073475
110009073484
110009073493
110009073536
110009073554
110009073590
110009073616
110009073643
110009073698
110009073732
110009073741
110009073750
110009073778
110009073787
110009073796
110009073803
110009073910
110009073983
110009073992
110009074009
110009074045
110009074054
110009074063
110009074072
110009074081
110009074090
110009074116
110009074161
110009074205
110009074241
110009074250
110009074269
110009074287
110009074296
110009074321
110009074330
110009074358
110009074358
110009074385
110009074429
110009074438
110009074456
110009074465
110009074483
110009074492
110009074526
110009074535
110009074571
110009074580
110009074599
110009074606
110009074624
110009074651
110009074704
110009074713
110009074740
110009074759
110009074786
110009074795
110009074802
110009074811
110009074820
110009074848
110009074857
110009074875
110009074884
110009074893
110009075017
110009075026
110009075035
110009075071
110009075124
110009075142
110009075160
110009075204
110009075240
110009075259
110009075295
110009075311
110009075366
110009075437
110009075464
110009075473
110009075482
110009075491
110009075507
110009075589
110009075605
110009075650
110009075687
110009075712
110009075730
110009075767
110009075776
110009075794
110009075801
110009075810
110009075847
110009075856
110009075865
110009075909
110009075945
110009075954
110009076007
110009076016
110009076034
110009076061
110009076089
110009076098
110009076105
110009076114
110009076123
110009076132
110009076150
110009076169
110009076178
110009076196
110009076203
110009076221
110009076230
110009076267
110009076276
110009076285
110009076310
110009076329
110009076338
110009076365
110009076409
110009076418
110009076427
110009076445
110009076481
110009076533
110009076579
110009076622
110009076631
110009076640
110009076677
110009076695
110009076702
110009076757
110009076766
110009076775
110009076800
110009076819
110009076935
110009076962
110009076971
110009077024
110009077159
110009077168
110009077211
110009077220
110009077239
110009077248
110009077257
110009077300
110009077319
110009077328
110009077337
110009077391
110009077417
110009077444
110009077499
110009077514
110009077523
110009077541
110009077550
110009077569
110009077587
110009077621
110009077649
110009077685
110009077694
110009077747
110009077756
110009077774
110009077783
110009077809
110009077836
110009077854
110009077863
110009077872
110009077890
110009077907
110009077916
110009077925
110009077943
110009077952
110009077961
110009077970
110009077989
110009077998
110009078005
110009078023
110009078050
110009078087
110009078103
110009078121
110009078130
110009078158
110009078185
110009078238
110009078247
110009078256
110009078265
110009078283
110009078309
110009078327
110009078345
110009078381
110009078390
110009078407
110009078416
110009078425
110009078443
110009078461
110009078470
110009078498
110009078513
110009078522
110009078559
110009078568
110009078586
110009078602
110009078611
110009078620
110009078764
110009078782
110009078791
110009079031
110009079077
110009079095
110009079399
110009079718
110009079969
110009080779
110009081359
110009082232
110009082535
110009082820
110009083188
110009084383
110009084560
110009085471
110009085603
110009086586
110009086639
110009087549
110009088263
110009088566
110009089299
110009090438
110009091099
110009091240
110009095282
110009095530
110009096566
110009100150
110009100178
110009100329
110009100793
110009100926
110009100935
110009101122
110009101630
110009101989
110009102176
110009102185
110009103843
110009104021
110009104361
110009105100
110009105119
110009105137
110009105351
110009105501
110009105609
110009105707
110009105770
110009105985
110009106387
110009106537
110009106733
110009106813
110009107395
110009108107
110009108116
110009108161
110009108429
110009108875
110009108946
110009108964
110009108973
110009109302
110009109320
110009109357
110009109393
110009109400
110009109419
110009109437
110009109446
110009109455
110009109482
110009109491
110009109507
110009109534
110009109543
110009109561
110009109570
110009109589
110009109623
110009109678
110009109687
110009109712
110009109721
110009109730
110009109749
110009109758
110009109776
110009109801
110009109810
110009109829
110009109838
110009109856
110009109865
110009109936
110009110032
110009110069
110009110078
110009110087
110009110096
110009110103
110009110112
110009110121
110009110130
110009110149
110009110158
110009110176
110009110194
110009110274
110009110283
110009110309
110009110354
110009110372
110009110381
110009110416
110009110434
110009110443
110009110452
110009110470
110009110489
110009110513
110009110522
110009110540
110009110559
110009110568
110009110595
110009110602
110009110611
110009110639
110009110648
110009110737
110009110746
110009110764
110009110773
110009110782
110009110791
110009110808
110009110817
110009110844
110009110853
110009110862
110009110871
110009110915
110009110924
110009110942
110009110951
110009110960
110009110979
110009110997
110009111031
110009111040
110009111068
110009112637
110009112646
110009112655
110009112664
110009112682
110009112940
110009112986
110009112995
110009113048
110009113100
110009113137
110009113146
110009113155
110009113182
110009113217
110009113226
110009113271
110009113280
110009113315
110009113333
110009113397
110009113404
110009113440
110009113486
110009113495
110009113547
110009113556
110009113565
110009113574
110009113627
110009113663
110009113681
110009115331
110009115411
110009115439
110009115457
110009119122
110009120860
110009121486
110009121547
110009121565
110009121645
110009121690
110009121707
110009121725
110009121770
110009121823
110009121832
110009121841
110009121903
110009121912
110009121921
110009121930
110009121949
110009121958
110009121976
110009122001
110009122010
110009122029
110009122038
110009122047
110009122056
110009122074
110009122083
110009122118
110009122127
110009122136
110009122145
110009122163
110009122172
110009122216
110009122225
110009122234
110009122243
110009122270
110009122298
110009122341
110009122350
110009122369
110009122378
110009122403
110009122476
110009122500
110009122537
110009122564
110009122573
110009122582
110009122591
110009122608
110009122617
110009122626
110009122635
110009122653
110009122662
110009122671
110009122733
110009122742
110009122751
110009122788
110009122804
110009122822
110009122831
110009122840
110009122868
110009122886
110009122902
110009122911
110009122920
110009122957
110009122966
110009122975
110009123028
110009123037
110009123055
110009123073
110009123091
110009123135
110009123171
110009123242
110009123288
110009123304
110009123313
110009123322
110009123359
110009123377
110009123386
110009123395
110009123448
110009123457
110009123509
110009123518
110009123536
110009123545
110009123554
110009123581
110009123616
110009123652
110009123670
110009123732
110009123750
110009123778
110009123787
110009123821
110009123849
110009124009
110009124018
110009124054
110009129594
110009129610
110009129638
110009129647
110009129709
110009129727
110009129736
110009129745
110009129781
110009129807
110009129834
110009129969
110009129978
110009129996
110009130010
110009130109
110009130127
110009130261
110009130403
110009130421
110009130467
110009130546
110009130635
110009130706
110009130724
110009130733
110009130804
110009130948
110009130966
110009130975
110009131108
110009131233
110009131420
110009131439
110009131448
110009131466
110009131652
110009131929
110009131956
110009131992
110009132009
110009132722
110009132759
110009133810
110009134338
110009134551
110009134560
110009134695
110009135710
110009136407
110009136461
110009136602
110009136826
110009137013
110009137362
110009137371
110009137424
110009137442
110009137451
110009137460
110009137479
110009137497
110009137503
110009137521
110009137576
110009137594
110009137610
110009137629
110009137638
110009137647
110009137665
110009137674
110009137709
110009137807
110009138156
110009138165
110009138209
110009138272
110009138281
110009138307
110009138343
110009138352
110009138361
110009138423
110009138432
110009138441
110009138487
110009138496
110009138539
110009138548
110009138557
110009138566
110009138584
110009138628
110009138637
110009138646
110009138664
110009138673
110009138726
110009138735
110009138753
110009138762
110009138780
110009138799
110009138806
110009138815
110009138824
110009138879
110009138904
110009138913
110009138922
110009138986
110009139155
110009139191
110009139217
110009139306
110009139315
110009139324
110009139379
110009139565
110009139574
110009139627
110009139636
110009139645
110009139654
110009139663
110009139681
110009139716
110009139734
110009139743
110009139752
110009139761
110009139789
110009139805
110009139814
110009139823
110009139832
110009139850
110009139869
110009139930
110009139949
110009139967
110009139976
110009140045
110009140054
110009140063
110009140081
110009140116
110009140161
110009140170
110009140214
110009140223
110009140250
110009152718
110009152727
110009152754
110009152898
110009152950
110009152969
110009152978
110009153049
110009153067
110009153147
110009153174
110009153263
110009153281
110009153334
110009153502
110009162681
110009162716
110009162734
110009162743
110009162752
110009162761
110009163056
110009163074
110009163092
110009163109
110009163216
110009258203
110009258230
110009258392
110009258631
110009258980
110009259863
110009260655
110009261921
110009261985
110009262001
110009262038
110009262074
110009262270
110009263457
110009263518
110009263929
110009263938
110009263974
110009263983
110009264036
110009264107
110009264214
110009264303
110009264349
110009264367
110009264401
110009264410
110009264447
110009264562
110009264857
110009264866
110009264893
110009264991
110009270136
110009272811
110009272937
110009272982
110009273044
110009273053
110009273099
110009273124
110009273151
110009273838
110009274123
110009274141
110009274150
110009274178
110009274310
110009274392
110009274427
110009274454
110009274481
110009274506
110009274597
110009274668
110009274720
110009274757
110009274837
110009274855
110009274864
110009274891
110009274908
110009275024
110009275104
110009275186
110009275266
110009275300
110009275373
110009275382
110009275417
110009275426
110009275435
110009275444
110009275471
110009275480
110009275523
110009275621
110009275649
110009275872
110009275907
110009275934
110009275989
110009276069
110009276130
110009276158
110009276238
110009276292
110009276336
110009276470
110009276559
110009276595
110009276648
110009276666
110009276942
