110009277031
110009277059
110009277148
110009277228
110009277264
110009277308
110009277317
110009277335
110009277362
110009277406
110009277530
110009277549
110009277558
110009277567
110009277601
110009277683
110009277736
110009277861
110009278174
110009280385
110009280394
110009281035
110009281348
110009281749
110009281758
110009281883
110009281927
110009282025
110009282043
110009282061
110009282070
110009282114
110009282203
110009282212
110009282258
110009282267
110009287020
110009287486
110009287583
110009287627
110009287636
110009287654
110009287690
110009287743
110009287832
110009287841
110009287896
110009288145
110009295565
110009295752
110009295823
110009304083
110009304207
110009304332
110009304369
110009304403
110009304449
110009304485
110009304564
110009304662
110009304671
110009304733
110009304813
110009304840
110009304877
110009305108
110009311182
110009311208
110009311351
110009311360
110009311681
110009311690
110009311823
110009311958
110009311967
110009311976
110009312010
110009312056
110009312092
110009320449
110009321037
110009321046
110009321055
110009321091
110009321313
110009321420
110009321607
110009321778
110009323044
110009323400
110009323419
110009323437
110009323491
110009325701
110009327576
110009327745
110009327987
110009328049
110009328094
110009328101
110009328129
110009328147
110009328165
110009328236
110009328290
110009328316
110009328361
110009328389
110009328414
110009328432
110009328487
110009328600
110009330606
110009330615
110009330624
110009330688
110009331151
110009331179
110009331268
110009331614
110009331678
110009331838
110009335228
110009335237
110009335264
110009335308
110009335451
110009335460
110009335512
110009336487
110009336502
110009343040
110009343200
110009345048
110009345226
110009345235
110009345280
110009345422
110009349268
110009349339
110009349357
110009350790
110009351557
110009351566
110009351646
110009351691
110009352020
110009352057
110009352208
110009352226
110009352244
110009352253
110009352262
110009352271
110009352280
110009352306
110009352324
110009352333
110009352342
110009352379
110009352388
110009352397
110009352404
110009352422
110009352431
110009352459
110009352477
110009352486
110009352510
110009352529
110009352538
110009352547
110009352556
110009352565
110009352574
110009352583
110009352592
110009352627
110009352636
110009352654
110009352663
110009352672
110009352681
110009352690
110009352716
110009352743
110009352761
110009352770
110009352789
110009352798
110009352805
110009352814
110009352823
110009352832
110009352878
110009352887
110009352896
110009352921
110009352930
110009352949
110009352958
110009352967
110009353001
110009353010
110009353029
110009353038
110009353083
110009354288
110009354297
110009354322
110009354340
110009354359
110009354377
110009354395
110009354402
110009354411
110009354457
110009354475
110009354493
110009354509
110009354527
110009354536
110009354545
110009354572
110009354652
110009354661
110009354714
110009354723
110009354732
110009354741
110009354769
110009354830
110009354849
110009354876
110009354885
110009354894
110009354901
110009354938
110009354974
110009354983
110009355018
110009355036
110009355107
110009355125
110009355134
110009355170
110009355198
110009355205
110009355223
110009355232
110009355241
110009355269
110009355287
110009355312
110009355330
110009355367
110009355376
110009355385
110009355394
110009355401
110009355429
110009355438
110009355447
110009355456
110009355465
110009355474
110009355483
110009355508
110009355571
110009355599
110009355606
110009355624
110009355642
110009355660
110009355679
110009355688
110009355704
110009355768
110009355777
110009355802
110009355811
110009355848
110009355893
110009355900
110009355919
110009355937
110009355955
110009355964
110009355973
110009355982
110009356008
110009356017
110009356026
110009356044
110009356053
110009356062
110009356106
110009356115
110009356124
110009356142
110009356151
110009356160
110009356179
110009356204
110009356231
110009356240
110009356259
110009356268
110009356295
110009356302
110009356339
110009356348
110009356357
110009356366
110009356375
110009356384
110009356393
110009356400
110009356419
110009356428
110009356437
110009356464
110009356482
110009356491
110009356516
110009356543
110009356552
110009356570
110009356605
110009356614
110009356632
110009356641
110009356650
110009356687
110009356696
110009356703
110009356749
110009356758
110009356801
110009356810
110009356829
110009356838
110009356856
110009356865
110009356892
110009356909
110009356918
110009356927
110009356945
110009356954
110009356963
110009356972
110009356990
110009357016
110009357025
110009357034
110009357052
110009357089
110009357105
110009357123
110009357132
110009357150
110009357169
110009357178
110009357187
110009357203
110009357212
110009357221
110009357230
110009357249
110009357258
110009357267
110009357276
110009357285
110009357301
110009357310
110009357347
110009357356
110009357374
110009357383
110009357409
110009357418
110009357436
110009357454
110009357463
110009357490
110009357506
110009357524
110009357542
110009357551
110009357579
110009357588
110009357597
110009357604
110009357613
110009357622
110009357631
110009357640
110009357668
110009357695
110009357702
110009357711
110009357748
110009357757
110009357766
110009357775
110009357784
110009357793
110009357819
110009357846
110009357855
110009357864
110009357873
110009357882
110009357908
110009357917
110009357935
110009357944
110009357962
110009357971
110009357980
110009358006
110009358015
110009358024
110009358042
110009358051
110009358088
110009358097
110009358104
110009358113
110009358131
110009358140
110009358159
110009358168
110009358186
110009358195
110009358248
110009358257
110009358275
110009358364
110009358382
110009358391
110009358408
110009358417
110009358426
110009358435
110009358444
110009358453
110009358462
110009358471
110009358480
110009358499
110009358505
110009358514
110009358523
110009358532
110009358541
110009358550
110009358596
110009358603
110009358612
110009358621
110009358630
110009358649
110009358658
110009358667
110009358676
110009358685
110009358710
110009358729
110009358738
110009358747
110009358792
110009358809
110009358827
110009358854
110009358863
110009358872
110009358890
110009358907
110009358916
110009358952
110009358970
110009358989
110009358998
110009359014
110009359023
110009359032
110009359050
110009359069
110009359078
110009359087
110009359096
110009359103
110009359112
110009359121
110009359130
110009359149
110009359158
110009359167
110009359185
110009359194
110009359256
110009359265
110009359274
110009359283
110009359309
110009359318
110009359327
110009359336
110009359345
110009359354
110009359363
110009359372
110009359390
110009359416
110009359425
110009359443
110009359452
110009359470
110009359498
110009359513
110009359522
110009359540
110009359559
110009415971
110009415999
110009416024
110009416033
110009416051
110009416104
110009416131
110009416159
110009416168
110009416177
110009416195
110009416202
110009416220
110009416248
110009416266
110009416275
110009416284
110009416300
110009416319
110009416337
110009416346
110009416355
110009416364
110009416373
110009416382
110009416391
110009416444
110009416453
110009416471
110009416499
110009416514
110009416523
110009416550
110009416569
110009423052
110009423123
110009423132
110009423169
110009423178
110009423203
110009423212
110009423249
110009423329
110009423338
110009423409
110009423436
110009423454
110009423463
110009423490
110009423515
110009423551
110009423560
110009423579
110009423597
110009423631
110009423702
110009423819
110009423828
110009423846
110009423882
110009423926
110009423953
110009423971
110009424051
110009424088
110009424168
110009424177
110009424202
110009424257
110009424266
110009424284
110009424337
110009424346
110009424355
110009424364
110009424382
110009424417
110009424426
110009424444
110009424471
110009424658
110009424694
110009424765
110009424783
110009424845
110009424854
110009424872
110009424916
110009424970
110009425023
110009425032
110009425103
110009425167
110009425229
110009425238
110009425247
110009425283
110009425345
110009425354
110009425372
110009425489
110009425498
110009425522
110009425540
110009425595
110009425602
110009425620
110009425639
110009425657
110009425700
110009425719
110009425737
110009425755
110009425808
110009425835
110009425844
110009425880
110009425899
110009425906
110009425960
110009426031
110009426040
110009426068
110009426086
110009426095
110009426157
110009426166
110009426219
110009426237
110009426255
110009426273
110009426291
110009426380
110009426406
110009426415
110009426433
110009426503
110009426512
110009426521
110009426576
110009426594
110009426610
110009426665
110009426727
110009426754
110009426781
110009426790
110009426807
110009426816
110009426852
110009426861
110009426905
110009426914
110009426923
110009426932
110009426941
110009426950
110009427003
110009427021
110009427030
110009427049
110009427085
110009427094
110009427101
110009427192
110009427218
110009427227
110009427236
110009427263
110009427272
110009427290
110009427316
110009427334
110009427343
110009427361
110009427389
110009427487
110009427520
110009427539
110009427566
110009427575
110009427584
110009427628
110009427637
110009427646
110009427655
110009427806
110009427815
110009427833
110009427851
110009427888
110009427897
110009427913
110009427931
110009427940
110009427959
110009427995
110009428002
110009428039
110009428075
110009428093
110009428100
110009428119
110009428137
110009428146
110009428164
110009428173
110009428208
110009428306
110009428315
110009428324
110009428342
110009428379
110009428397
110009428404
110009428468
110009428477
110009428501
110009428510
110009428556
110009428565
110009428583
110009428592
110009428609
110009428672
110009428681
110009428725
110009428743
110009428761
110009428814
110009428832
110009428841
110009428878
110009428903
110009428949
110009428967
110009428985
110009429001
110009429010
110009429029
110009429083
110009429118
110009429127
110009429154
110009429172
110009429234
110009429243
110009429289
110009429332
110009429369
110009429396
110009429403
110009429430
110009429449
110009429458
110009429467
110009429494
110009429555
110009429564
110009429608
110009429644
110009429680
110009429724
110009429733
110009429751
110009429760
110009429788
110009429840
110009429859
110009429886
110009429902
110009429911
110009429939
110009429957
110009430008
110009430026
110009430035
110009430071
110009430106
110009430115
110009430124
110009430142
110009430151
110009430179
110009430197
110009430204
110009430213
110009430222
110009430231
110009430240
110009430259
110009430277
110009430311
110009430320
110009430357
110009430419
110009430491
110009430516
110009430605
110009430623
110009430730
110009430767
110009430829
110009430865
110009430874
110009430927
110009430936
110009430981
110009431007
110009445047
110009445127
110009445172
110009445207
110009445243
110009445261
110009445813
110009445822
110009445831
110009445868
110009445877
110009445939
110009445948
110009445984
110009446046
110009446046
110009446064
110009446082
110009446117
110009446153
110009446171
110009446199
110009446206
110009446233
110009446242
110009446304
110009446313
110009446322
110009446331
110009446340
110009446359
110009446368
110009446439
110009446457
110009446466
110009446475
110009446484
110009446509
110009446527
110009446536
110009446545
110009446554
110009446563
110009446581
110009446590
110009446643
110009446689
110009446705
110009446714
110009446741
110009446750
110009446769
110009446787
110009446803
110009446812
110009446821
110009446830
110009446849
110009446858
110009446867
110009446885
110009446894
110009446956
110009446965
110009447009
110009447018
110009447027
110009447036
110009447045
110009447081
110009447090
110009447125
110009447143
110009447161
110009447189
110009447223
110009447241
110009447250
110009447269
110009447278
110009447287
110009447303
110009447312
110009447367
110009447401
110009447429
110009447447
110009447474
110009447483
110009447508
110009447517
110009447526
110009447535
110009447544
110009447553
110009447562
110009447580
110009447599
110009447606
110009447642
110009447651
110009447660
110009447679
110009447704
110009447722
110009447731
110009447768
110009447811
110009447839
110009447857
110009447866
110009447900
110009447937
110009447955
110009447964
110009447973
110009447982
110009447991
110009448008
110009448044
110009448053
110009449873
110009450325
110009450370
110009450432
110009450584
110009450628
110009450691
110009450708
110009450771
110009450833
110009450851
110009450879
110009450897
110009450913
110009452546
110009452555
110009452573
110009452617
110009452635
110009452653
110009453714
110009453769
110009453796
110009453803
110009453812
110009453821
110009453849
110009453858
110009453894
110009454090
110009454107
110009454116
110009454134
110009454143
110009454152
110009454161
110009454170
110009454189
110009454198
110009454214
110009454223
110009454250
110009454278
110009454287
110009454303
