110009454321
110009454321
110009454367
110009454376
110009454385
110009454991
110009455124
110009455133
110009455151
110009455160
110009455197
110009455204
110009455213
110009455222
110009455231
110009455240
110009455268
110009455277
110009455295
110009455302
110009455320
110009455614
110009455865
110009455874
110009455892
110009455927
110009455936
110009455954
110009455981
110009455990
110009456007
110009456025
110009456089
110009456105
110009456132
110009456178
110009456187
110009456212
110009456230
110009456249
110009456267
110009456276
110009456301
110009456338
110009456347
110009456356
110009456374
110009456418
110009456427
110009456445
110009456454
110009456463
110009456472
110009456481
110009456524
110009456533
110009456542
110009456551
110009456560
110009456579
110009456604
110009456613
110009456659
110009456677
110009456686
110009456695
110009456702
110009456720
110009456766
110009456793
110009456800
110009456828
110009456837
110009456846
110009456855
110009456864
110009488492
110009488562
110009488580
110009488642
110009488660
110009488688
110009488713
110009488731
110009488768
110009488786
110009488928
110009489017
110009489053
110009489133
110009489188
110009489204
110009489213
110009489240
110009489277
110009489311
110009489320
110009489339
110009489366
110009489384
110009489393
110009489428
110009489437
110009489455
110009489507
110009489516
110009489561
110009489605
110009489614
110009489641
110009489758
110009489767
110009489801
110009489865
110009489883
110009489909
110009489918
110009490103
110009490112
110009490167
110009490185
110009490210
110009490309
110009490327
110009490336
110009490372
110009490381
110009490390
110009490434
110009490461
110009490470
110009490489
110009490504
110009490513
110009490522
110009490595
110009490666
110009490675
110009490693
110009490719
110009490728
110009490737
110009490764
110009490808
110009490817
110009490826
110009490835
110009490844
110009490862
110009490871
110009490924
110009490942
110009490988
110009490997
110009491022
110009491031
110009491086
110009491102
110009491111
110009491139
110009491148
110009491166
110009491246
110009491264
110009491273
110009491291
110009491308
110009491317
110009491335
110009491380
110009491406
110009491424
110009491433
110009491451
110009491503
110009491521
110009491530
110009491576
110009491585
110009491594
110009491594
110009491601
110009491610
110009491656
110009491674
110009491683
110009491692
110009491709
110009491718
110009491745
110009491754
110009491763
110009491807
110009491816
110009491834
110009491861
110009491898
110009491905
110009491923
110009491932
110009491969
110009491978
110009491987
110009491996
110009492003
110009492021
110009492049
110009492058
110009492067
110009492076
110009492085
110009492094
110009492101
110009492129
110009492138
110009492147
110009492156
110009492165
110009492183
110009492209
110009492218
110009492254
110009492272
110009492281
110009492307
110009492325
110009492334
110009492343
110009492361
110009492398
110009492405
110009492414
110009492423
110009492432
110009492450
110009492469
110009492487
110009492520
110009492548
110009492566
110009492584
110009492593
110009492619
110009492628
110009492637
110009492646
110009492655
110009492664
110009492673
110009492717
110009492744
110009492762
110009492771
110009492806
110009492815
110009492824
110009492879
110009492897
110009492904
110009492940
110009492959
110009492968
110009492986
110009493002
110009493039
110009566656
110009566665
110009566709
110009566736
110009566781
110009566807
110009573425
110009573452
110009573498
110009573513
110009573540
110009573577
110009573602
110009573611
110009573620
110009573639
110009573648
110009573657
110009573666
110009573693
110009573719
110009573737
110009573755
110009573773
110009573782
110009573791
110009573835
110009573853
110009573899
110009573933
110009573960
110009574004
110009574031
110009574068
110009574095
110009574157
110009574184
110009574193
110009574200
110009574237
110009574246
110009574255
110009574308
110009574326
110009574353
110009574371
110009574380
110009574415
110009574451
110009574460
110009574479
110009574497
110009574512
110009574521
110009574585
110009574594
110009574601
110009574674
110009574683
110009574692
110009574709
110009574718
110009574727
110009574736
110009574763
110009574772
110009574807
110009574816
110009574825
110009574843
110009574852
110009574870
110009574889
110009574914
110009574932
110009574950
110009574987
110009574996
110009575021
110009575049
110009601467
110009601485
110009601528
110009601537
110009601555
110009601582
110009601591
110009601617
110009601635
110009601644
110009601653
110009601662
110009601706
110009601715
110009601797
110009601804
110009601822
110009601886
110009601920
110009601984
110009601993
110009602000
110009602019
110009602028
110009602037
110009602064
110009602091
110009602108
110009602117
110009602126
110009602144
110009602153
110009602162
110009602171
110009602199
110009602215
110009602224
110009602233
110009602251
110009602288
110009602297
110009602322
110009602331
110009602340
110009602359
110009602395
110009602402
110009602420
110009602457
110009602466
110009602475
110009602493
110009602509
110009602518
110009602545
110009602590
110009602616
110009602625
110009602643
110009602652
110009602698
110009602705
110009602750
110009602769
110009602894
110009602910
110009602929
110009602983
110009602992
110009603027
110009603036
110009603045
110009603063
110009603072
110009603081
110009603090
110009603116
110009603170
110009603189
110009603198
110009603232
110009603241
110009603250
110009603269
110009603278
110009603312
110009603330
110009603376
110009603385
110009603394
110009603410
110009603429
110009603438
110009603447
110009603456
110009603465
110009603474
110009603483
110009603517
110009603526
110009603553
110009603562
110009603571
110009603580
110009603599
110009603651
110009603660
110009603679
110009603688
110009603697
110009603704
110009603713
110009603722
110009603777
110009603786
110009603802
110009603811
110009603820
110009603839
110009603848
110009603857
110009603875
110009603884
110009603893
110009603900
110009603919
110009603928
110009603946
110009604008
110009604026
110009604044
110009604053
110009604071
110009604080
110009604106
110009604115
110009604124
110009604151
110009604179
110009604197
110009604222
110009604259
110009604268
110009604277
110009604286
110009604295
110009604320
110009604357
110009604375
110009604384
110009604393
110009604400
110009604419
110009604437
110009604473
110009604482
110009604507
110009604525
110009604534
110009604552
110009604561
110009604570
110009604598
110009604614
110009604623
110009604650
110009604669
110009604687
110009604703
110009604721
110009604730
110009604749
110009604767
110009604801
110009605007
110009605016
110009605025
110009605043
110009605105
110009605114
110009606783
110009606792
110009606809
110009606845
110009606872
110009606881
110009607121
110009607130
110009607149
110009607158
110009607194
110009607210
110009607238
110009607247
110009607256
110009607274
110009607309
110009607318
110009607327
110009607336
110009607345
110009607354
110009607363
110009607407
110009607425
110009607434
110009607452
110009607461
110009607489
110009607504
110009607513
110009607522
110009607531
110009607540
110009607568
110009607586
110009607611
110009607639
110009607657
110009607693
110009607700
110009607755
110009607764
110009607791
110009607808
110009607817
110009607853
110009607899
110009607906
110009607915
110009607924
110009607933
110009607942
110009607951
110009607960
110009608077
110009608102
110009608139
110009608148
110009608175
110009608184
110009608193
110009608200
110009608219
110009608246
110009608264
110009608282
110009608291
110009608317
110009608344
110009608353
110009608362
110009608406
110009608415
110009608442
110009608451
110009608488
110009608497
110009608503
110009608512
110009608585
110009608594
110009608610
110009608870
110009608898
110009608905
110009608914
110009608950
110009608969
110009608978
110009610082
110009610091
110009610108
110009610126
110009610135
110009610171
110009610180
110009610233
110009610242
110009610251
110009610279
110009610297
110009610340
110009610386
110009610395
110009610402
110009610411
110009610420
110009610439
110009610448
110009610457
110009610616
110009610661
110009610965
110009611027
110009611072
110009611081
110009611107
110009611116
110009611134
110009611143
110009611170
110009611205
110009612124
110009612204
110009612240
110009612348
110009613203
110009613221
110009613506
110009613524
110009613551
110009613588
110009613631
110009613640
110009613659
110009613677
110009613686
110009613702
110009613711
110009613720
110009613757
110009613784
110009613793
110009613882
110009613926
110009613935
110009614024
110009614033
110009614042
110009614051
110009614097
110009614131
110009614202
110009614266
110009614300
110009614319
110009614355
110009614364
110009614382
110009614417
110009614435
110009614444
110009614453
110009614514
110009614532
110009614569
110009614578
110009614587
110009614603
110009614630
110009614649
110009614658
110009614667
110009614676
110009614685
110009614701
110009614729
110009614747
110009614765
110009614774
110009614792
110009614809
110009614818
110009614827
110009614836
110009614845
110009614854
110009614872
110009614934
110009615149
110009615167
110009615176
110009615185
110009615194
110009615292
110009615336
110009615345
110009615354
110009615381
110009615390
110009615407
110009615425
110009615434
110009615443
110009615452
110009615461
110009615489
110009615498
110009615522
110009615568
110009615577
110009615595
110009615602
110009615611
110009615620
110009615648
110009615862
110009615871
110009615906
110009615997
110009616111
110009616120
110009616148
110009616157
110009616166
110009616264
110009616291
110009616335
110009616399
110009616530
110009616674
110009616692
110009616727
110009616736
110009616889
110009616941
110009616987
110009616996
110009617076
110009617094
110009617129
110009617147
110009617209
110009617218
110009617370
110009617450
110009617469
110009617487
110009617520
110009617575
110009617584
110009617637
110009617646
110009617655
110009617664
110009617717
110009617842
110009617851
110009617888
110009617913
110009617968
110009617977
110009618039
110009618048
110009618084
110009618306
110009618388
110009618459
110009618583
110009618618
110009618636
110009618645
110009618681
110009618690
110009618725
110009618743
110009618752
110009618930
110009618958
110009618967
110009618985
110009618994
110009619010
110009619038
110009619047
110009619056
110009619145
110009619323
110009619449
110009619467
110009619476
110009619555
110009619591
110009620213
110009620259
110009620507
110009620810
110009620838
110009620847
110009621212
110009621221
110009621230
110009621249
110009621267
110009621365
110009621374
110009621418
110009621436
110009621454
110009621463
110009621481
110009621490
110009621515
110009621524
110009621551
110009621560
110009621588
110009621597
110009621613
110009621846
110009621980
110009622159
110009622195
110009622202
110009622239
110009622248
110009622257
110009622382
110009622514
110009622587
110009622596
110009622612
110009622630
110009622649
110009622658
110009622667
110009622685
110009622694
110009622701
110009622710
110009622729
110009622738
110009622747
110009622774
110009622783
110009622818
110009622836
110009622863
110009622872
110009622907
110009622916
110009622925
110009622943
110009622961
110009622970
110009622989
110009623023
110009623032
110009623041
110009623078
110009623103
110009623158
110009623185
110009623201
110009623238
110009623247
110009623354
110009623363
110009623372
110009623407
110009623416
110009623425
110009623443
110009623452
110009623461
110009623489
110009623498
110009623513
110009623522
110009623531
110009623568
110009623586
110009623595
110009623602
110009623611
110009623620
110009623666
110009623675
110009623684
110009623700
110009623773
110009623942
110009623960
110009623979
110009624013
110009624068
110009624086
110009624665
110009624674
110009624745
110009624852
110009624932
110009624950
110009624969
110009624978
110009624996
110009625003
110009625030
110009625049
110009625058
110009625067
110009625076
110009625094
110009625101
110009625129
110009625174
110009625183
110009625192
110009625209
110009625218
110009625227
110009625236
110009625245
110009625254
110009625272
110009625325
110009625334
110009625343
110009625352
110009625361
110009625398
110009625405
110009625414
110009625432
110009625441
110009625450
110009625478
110009625487
110009625502
110009625511
110009625539
110009625548
110009625575
110009625584
110009625593
110009625619
110009625637
110009625646
110009625655
110009625664
110009625673
110009625682
110009625691
110009625735
110009625744
110009625753
110009625762
110009625771
110009625799
110009625815
110009625824
110009625851
110009625897
110009625904
110009625913
110009625922
110009625959
110009625968
110009625995
110009626020
110009626048
110009626057
110009626066
110009626093
