110009626137
110009626146
110009626155
110009626217
110009626342
110009626351
110009626360
110009626422
110009626431
110009626440
110009626459
110009626468
110009626477
110009626501
110009626510
110009626529
110009626556
110009626574
110009626583
110009626609
110009626618
110009626627
110009626636
110009626663
110009626672
110009626690
110009626707
110009626725
110009626761
110009626770
110009626814
110009626823
110009626832
110009626869
110009626949
110009626967
110009627092
110009627118
110009627458
110009627467
110009627476
110009627494
110009627671
110009627680
110009627724
110009627877
110009627902
110009627993
110009628171
110009628180
110009628199
110009628206
110009628215
110009628251
110009628313
110009628340
110009628359
110009628439
110009628457
110009628466
110009628493
110009628518
110009628536
110009628581
110009628590
110009628607
110009628661
110009628723
110009628732
110009628741
110009628750
110009628769
110009628778
110009628787
110009628812
110009628821
110009628849
110009628858
110009628894
110009628901
110009628910
110009628929
110009628956
110009628965
110009628983
110009628992
110009629009
110009629027
110009629036
110009629054
110009629072
110009629081
110009629125
110009629134
110009629152
110009629161
110009629198
110009629205
110009629214
110009629223
110009630239
110009630514
110009630532
110009630541
110009630550
110009630578
110009630596
110009630603
110009630612
110009630621
110009630630
110009630667
110009630685
110009630710
110009630738
110009630747
110009630854
110009630872
110009631041
110009631452
110009632754
110009632905
110009632923
110009632932
110009633423
110009633539
110009634173
110009634271
110009634333
110009634342
110009634725
110009634985
110009635092
110009635494
110009636019
110009638204
110009638213
110009638240
110009638268
110009638286
110009638311
110009638320
110009638348
110009638357
110009638366
110009638375
110009638384
110009638419
110009638437
110009638446
110009638464
110009638473
110009638482
110009638491
110009638516
110009638525
110009638534
110009638552
110009638561
110009638570
110009638589
110009638605
110009638614
110009638623
110009638632
110009638650
110009638669
110009638678
110009638696
110009638703
110009638712
110009638758
110009640460
110009640585
110009641227
110009641236
110009641245
110009641263
110009641272
110009641290
110009641307
110009641316
110009641334
110009641389
110009641398
110009641405
110009641423
110009641432
110009641441
110009641469
110009641487
110009641502
110009641511
110009641539
110009641566
110009641575
110009641584
110009641691
110009641708
110009641735
110009641744
110009641771
110009641815
110009641824
110009641833
110009641842
110009641851
110009641860
110009641888
110009641897
110009641977
110009641986
110009642002
110009642011
110009642048
110009642066
110009642093
110009642100
110009642128
110009642146
110009642164
110009642173
110009642217
110009642226
110009642235
110009642244
110009642262
110009642315
110009642351
110009642360
110009642404
110009642413
110009642422
110009642431
110009642440
110009642468
110009642477
110009642486
110009642495
110009642510
110009642529
110009642538
110009642547
110009642565
110009642574
110009642583
110009642609
110009642618
110009642627
110009642716
110009642725
110009642752
110009642770
110009642789
110009642798
110009642805
110009642832
110009642850
110009642878
110009642887
110009642896
110009642903
110009642912
110009642921
110009642930
110009642949
110009642967
110009642976
110009642985
110009642994
110009643001
110009645900
110009647864
110009647944
110009647953
110009647962
110009647971
110009647980
110009647999
110009648006
110009648015
110009648024
110009648033
110009648042
110009648060
110009648088
110009648097
110009648104
110009648113
110009648122
110009648131
110009648140
110009648159
110009648168
110009648177
110009648186
110009648211
110009648471
110009648480
110009648649
110009649149
110009649210
110009649238
110009649247
110009649265
110009649274
110009649292
110009649309
110009649318
110009649327
110009649336
110009649354
110009649372
110009649390
110009649407
110009649434
110009649461
110009649470
110009649498
110009649513
110009649522
110009649568
110009649595
110009649611
110009649657
110009649693
110009649700
110009649728
110009649746
110009649773
110009649782
110009649791
110009649808
110009649835
110009649844
110009649871
110009649906
110009649979
110009649997
110009650010
110009650038
110009650047
110009650065
110009650074
110009650109
110009650136
110009650154
110009650172
110009650181
110009650216
110009650225
110009650261
110009650270
110009650298
110009650305
110009650323
110009650332
110009650341
110009650378
110009650387
110009650403
110009650412
110009650421
110009650430
110009650449
110009650467
110009650476
110009650485
110009650494
110009650519
110009650528
110009650537
110009650617
110009650626
110009650635
110009650662
110009650671
110009650680
110009650706
110009650715
110009650751
110009650760
110009650779
110009650788
110009650822
110009650831
110009650859
110009650868
110009650877
110009650886
110009650911
110009650948
110009650957
110009650966
110009650984
110009651000
110009651019
110009651046
110009651055
110009651082
110009651108
110009651117
110009651126
110009651144
110009651180
110009651206
110009651215
110009651242
110009651260
110009651279
110009651288
110009651313
110009651359
110009651368
110009651402
110009651420
110009651439
110009651457
110009651475
110009651484
110009651493
110009651509
110009651545
110009651554
110009651563
110009651572
110009651607
110009651616
110009651634
110009651643
110009651661
110009651670
110009651787
110009651821
110009651830
110009651867
110009651885
110009651929
110009651956
110009651974
110009651992
110009652009
110009652018
110009652027
110009652054
110009652090
110009652107
110009652125
110009652134
110009652143
110009652152
110009652170
110009652189
110009652232
110009652250
110009652269
110009652278
110009652349
110009652358
110009652367
110009652394
110009652401
110009652410
110009652456
110009652465
110009652474
110009652483
110009652508
110009652526
110009652535
110009652553
110009652571
110009652580
110009652599
110009652615
110009652624
110009652633
110009652642
110009652679
110009652697
110009652722
110009652731
110009652768
110009652777
110009652786
110009652811
110009652820
110009652848
110009652866
110009652884
110009652893
110009652919
110009652928
110009652937
110009652946
110009652955
110009652964
110009653008
110009653017
110009653044
110009653053
110009653062
110009653071
110009653080
110009653099
110009653106
110009653115
110009653142
110009653151
110009653160
110009653179
110009653188
110009653204
110009653213
110009653222
110009653231
110009653259
110009653268
110009653277
110009653286
110009653295
110009653302
110009653311
110009653320
110009653366
110009653375
110009653384
110009653393
110009653419
110009653428
110009653446
110009653455
110009653482
110009653507
110009653525
110009653543
110009653552
110009653623
110009653730
110009653749
110009653758
110009653776
110009653794
110009653801
110009653810
110009653829
110009653838
110009653892
110009653909
110009653936
110009653945
110009653954
110009653981
110009654007
110009654016
110009654034
110009654052
110009654061
110009654070
110009654089
110009654098
110009654114
110009654123
110009654203
110009654212
110009654221
110009654230
110009654249
110009654294
110009654310
110009654329
110009654338
110009654356
110009654383
110009654392
110009654409
110009654418
110009654436
110009654445
110009654454
110009654463
110009654472
110009654490
110009654506
110009654515
110009654533
110009654542
110009654551
110009654579
110009654604
110009654631
110009654640
110009654659
110009654668
110009654686
110009654695
110009654702
110009654720
110009654739
110009654757
110009654766
110009654784
110009654800
110009654828
110009654846
110009654908
110009654917
110009654926
110009654944
110009654953
110009654962
110009655006
110009655024
110009655042
110009655079
110009655097
110009655104
110009655122
110009655131
110009655168
110009655177
110009655195
110009655211
110009655284
110009655809
110009655827
110009655854
110009655872
110009655916
110009655934
110009656050
110009656078
110009656087
110009656103
110009656112
110009656121
110009656130
110009656149
110009656158
110009656167
110009656238
110009656256
110009656265
110009656283
110009656292
110009656309
110009656336
110009656354
110009656363
110009656425
110009656639
110009661561
110009661570
110009661589
110009661598
110009661605
110009661632
110009661650
110009661669
110009661703
110009661721
110009661776
110009661785
110009661794
110009662524
110009662533
110009662560
110009662622
110009662631
110009662659
110009662668
110009662695
110009662720
110009662739
110009662748
110009662784
110009662793
110009662800
110009662837
110009662846
110009662855
110009662864
110009662908
110009662935
110009662944
110009662953
110009662980
110009662999
110009663006
110009663015
110009663024
110009663079
110009663088
110009663104
110009663113
110009663122
110009663131
110009663168
110009663239
110009663248
110009663257
110009663266
110009663300
110009663319
110009663337
110009663346
110009663355
110009663364
110009663391
110009663408
110009663435
110009663462
110009663480
110009663499
110009663514
110009663523
110009663550
110009663569
110009663578
110009663621
110009663630
110009663649
110009663676
110009663685
110009663694
110009663710
110009663729
110009663738
110009663747
110009663765
110009663774
110009663783
110009663792
110009663818
110009663827
110009663836
110009663854
110009663916
110009663934
110009663943
110009663952
110009663998
110009664014
110009664023
110009664032
110009664041
110009664050
110009664069
110009664087
110009664103
110009664121
110009664185
110009664194
110009664210
110009664229
110009664247
110009664256
110009664265
110009664274
110009664283
110009664292
110009664318
110009664327
110009664354
110009664381
110009664390
110009664407
110009664416
110009664425
110009664434
110009664443
110009664470
110009664489
110009664498
110009664513
110009664522
110009664531
110009664568
110009664586
110009664611
110009664639
110009664648
110009664657
110009664666
110009664675
110009664684
110009664693
110009664700
110009664719
110009664728
110009664737
110009664746
110009664755
110009664764
110009664782
110009664808
110009664817
110009664835
110009664844
110009664871
110009664899
110009664906
110009664915
110009664924
110009664933
110009664942
110009664997
110009665004
110009665013
110009665022
110009665031
110009665077
110009665086
110009665095
110009665102
110009665139
110009665148
110009665157
110009665166
110009665175
110009665184
110009665228
110009665237
110009665246
110009665255
110009665291
110009665308
110009665326
110009665335
110009665353
110009665362
110009665371
110009665380
110009665406
110009665415
110009665424
110009665433
110009665442
110009665460
110009665488
110009665503
110009665512
110009665521
110009665530
110009665558
110009665567
110009665576
110009665585
110009665610
110009665629
110009665647
110009665656
110009665665
110009665683
110009665692
110009665709
110009665718
110009665736
110009665763
110009665772
110009665781
110009665807
110009665816
110009665825
110009665834
110009665843
110009665852
110009665861
110009665870
110009665898
110009665905
110009665923
110009665932
110009665941
110009665950
110009665978
110009666012
110009666021
110009666030
110009666067
110009666076
110009666085
110009666094
110009666101
110009666129
110009666138
110009666156
110009666174
110009666183
110009666192
110009666209
110009666218
110009666245
110009666254
110009666263
110009666281
110009666307
110009666316
110009666325
110009666334
110009666343
110009666352
110009666370
110009666389
110009666405
110009666432
110009666450
110009666469
110009666478
110009666487
110009666496
110009666520
110009666539
110009666557
110009666566
110009666575
110009666593
110009666619
110009666628
110009666655
110009666664
110009666673
110009666682
110009666708
110009666744
110009666753
110009666771
110009666780
110009666824
110009666833
110009666842
110009666851
110009666879
110009666888
110009666897
110009666904
110009666913
110009666922
110009666940
110009666959
110009666977
110009666986
110009666995
110009667002
110009667011
110009667020
110009667048
110009667093
110009667100
110009667164
110009667173
110009667182
110009667191
110009667208
110009667244
110009667253
110009667271
110009667280
110009667299
110009667324
110009667333
110009667342
110009667379
110009667388
110009667397
110009667404
110009667431
110009667440
110009667468
110009667486
110009667495
110009667529
110009667556
110009667574
110009667583
110009667609
110009667654
110009667690
110009667707
110009667734
110009667743
110009667770
110009667789
110009667798
110009667805
110009667814
110009667823
110009667832
110009667841
110009667850
110009667869
110009667896
110009667903
110009667921
110009667930
110009667949
110009667985
110009667994
110009668010
110009668047
