110009668056
110009668065
110009668083
110009668092
110009668118
110009668136
110009668145
110009668163
110009668181
110009668190
110009668207
110009668225
110009668243
110009668252
110009668261
110009668270
110009668289
110009668298
110009668305
110009668314
110009668323
110009668332
110009668341
110009668369
110009668396
110009668403
110009668412
110009668430
110009668449
110009668458
110009668476
110009668485
110009668494
110009668528
110009668555
110009668902
110009668957
110009668966
110009668993
110009669000
110009669028
110009669046
110009669055
110009669117
110009669224
110009669581
110009669616
110009669625
110009669689
110009669698
110009669732
110009669750
110009669787
110009669796
110009669803
110009669812
110009669821
110009669830
110009669876
110009669885
110009669910
110009669929
110009669938
110009669974
110009669983
110009670016
110009670025
110009670052
110009670061
110009670070
110009670098
110009670105
110009670114
110009670132
110009670150
110009670187
110009670196
110009670212
110009670249
110009670258
110009670294
110009670329
110009670338
110009670347
110009670365
110009670383
110009670392
110009670427
110009670445
110009670481
110009670506
110009670542
110009670551
110009670560
110009670579
110009670613
110009670622
110009670631
110009670640
110009670659
110009670668
110009670677
110009670686
110009670695
110009670702
110009670711
110009670739
110009670748
110009670757
110009670766
110009670775
110009670784
110009670793
110009670819
110009670837
110009670846
110009670855
110009670873
110009670882
110009670908
110009670917
110009670926
110009670953
110009670962
110009670971
110009670980
110009671006
110009671015
110009671024
110009671033
110009671042
110009671104
110009671113
110009671177
110009671195
110009671211
110009671220
110009671248
110009671293
110009671300
110009671319
110009671328
110009671337
110009671346
110009671355
110009671364
110009671373
110009671391
110009671408
110009671417
110009671426
110009671435
110009671444
110009671453
110009671462
110009671471
110009671499
110009671505
110009671514
110009671523
110009671541
110009671569
110009671587
110009671603
110009671649
110009671658
110009671685
110009671701
110009671729
110009671738
110009671756
110009671774
110009671792
110009671809
110009671827
110009671836
110009671872
110009671881
110009671934
110009671943
110009671952
110009671961
110009671970
110009671998
110009672050
110009672078
110009672096
110009672103
110009672121
110009672158
110009672167
110009672176
110009672194
110009672238
110009672247
110009672256
110009672265
110009672274
110009672283
110009672309
110009672318
110009672372
110009672381
110009672443
110009672452
110009672470
110009672489
110009672531
110009672595
110009672602
110009672611
110009672639
110009672648
110009672657
110009672684
110009672693
110009672700
110009672728
110009672755
110009672764
110009672773
110009672791
110009672808
110009672817
110009672826
110009672835
110009672871
110009672906
110009672915
110009672924
110009672933
110009672942
110009672979
110009672997
110009673004
110009673022
110009673031
110009673040
110009673059
110009673077
110009673086
110009673095
110009673102
110009673111
110009673120
110009673139
110009673148
110009673157
110009673175
110009673184
110009673237
110009673246
110009673255
110009673264
110009673273
110009673282
110009673335
110009673344
110009673353
110009673362
110009673380
110009673415
110009673424
110009673442
110009673488
110009673503
110009673530
110009673576
110009673585
110009673647
110009673665
110009673683
110009673834
110009673852
110009673861
110009673889
110009673898
110009673905
110009673932
110009673941
110009673969
110009673987
110009674003
110009674012
110009674263
110009675823
110009675841
110009675850
110009675878
110009675887
110009675896
110009675912
110009675921
110009675930
110009675949
110009676118
110009676671
110009677509
110009677545
110009677554
110009677590
110009677607
110009677652
110009677661
110009677670
110009677689
110009677732
110009677750
110009677778
110009678143
110009678170
110009678198
110009678205
110009678214
110009678223
110009678232
110009678241
110009678287
110009678296
110009678303
110009678321
110009678330
110009678349
110009678358
110009678367
110009678376
110009678401
110009678429
110009678438
110009678456
110009678465
110009678483
110009678508
110009678526
110009678615
110009678624
110009678679
110009678688
110009678820
110009678982
110009681237
110009687188
110009687213
110009687231
110009687268
110009687295
110009687311
110009687320
110009687393
110009688150
110009688169
110009688178
110009688481
110009688793
110009688800
110009688819
110009688828
110009688846
110009688873
110009689015
110009689024
110009689033
110009689042
110009689177
110009689186
110009689257
110009689408
110009691002
110009691020
110009691039
110009691048
110009691057
110009691137
110009691155
110009691164
110009691217
110009691235
110009691244
110009691253
110009691262
110009691495
110009691510
110009691529
110009691556
110009691681
110009691707
110009691761
110009691770
110009692555
110009692840
110009692877
110009692886
110009692895
110009692911
110009692939
110009693313
110009693331
110009693340
110009693536
110009693545
110009693563
110009693572
110009693607
110009693625
110009693643
110009693705
110009693714
110009693750
110009693778
110009693830
110009693867
110009693876
110009693894
110009693965
110009694009
110009694027
110009694036
110009694045
110009694063
110009694081
110009694090
110009694107
110009694116
110009694134
110009694189
110009694205
110009694232
110009694250
110009694269
110009694535
110009694544
110009694553
110009694624
110009694633
110009694642
110009696212
110009696338
110009696347
110009696356
110009696445
110009696472
110009696490
110009696506
110009696524
110009696542
110009696579
110009698210
110009698229
110009698461
110009698470
110009698513
110009698540
110009698568
110009698577
110009698611
110009698620
110009698639
110009698657
110009698675
110009699415
110009699424
110009699460
110009701126
110009701215
110009701224
110009701368
110009701448
110009701509
110009701518
110009701689
110009701698
110009702713
110009702713
110009704515
110009704551
110009704560
110009704579
110009704613
110009704631
110009704640
110009704659
110009704739
110009704748
110009704757
110009704819
110009705505
110009705596
110009705621
110009705649
110009705658
110009705676
110009705710
110009705738
110009705747
110009705765
110009705783
110009705881
110009705907
110009705916
110009705961
110009705989
110009706041
110009706050
110009706096
110009706112
110009706121
110009706158
110009706167
110009706176
110009706210
110009706229
110009706265
110009706318
110009706327
110009706336
110009706345
110009706354
110009706363
110009706372
110009706390
110009706425
110009706470
110009706489
110009706498
110009706504
110009706531
110009706559
110009706568
110009706577
110009706595
110009706602
110009706620
110009706639
110009706648
110009706675
110009706684
110009706693
110009706719
110009706728
110009706737
110009706746
110009706755
110009706764
110009706773
110009706782
110009706791
110009706853
110009706862
110009706880
110009706906
110009706915
110009706933
110009706951
110009706960
110009706997
110009707004
110009707013
110009707022
110009707040
110009707638
110009713676
110009713685
110009713836
110009713872
110009713881
110009713907
110009714014
110009714023
110009714032
110009714149
110009714327
110009714336
110009714390
110009714443
110009714531
110009714568
110009714611
110009714684
110009714693
110009714746
110009714773
110009714915
110009715004
110009719974
110009742207
110009742216
110009742225
110009742234
110009742261
110009742270
110009742289
110009742298
110009742305
110009742314
110009742332
110009742341
110009742350
110009742396
110009742403
110009742412
110009742430
110009742494
110009742500
110009742537
110009742546
110009742555
110009742582
110009742591
110009742626
110009742635
110009742644
110009742653
110009742662
110009742699
110009742715
110009742724
110009742733
110009742751
110009742760
110009742797
110009742804
110009742822
110009742840
110009742859
110009742902
110009742911
110009742920
110009742939
110009742966
110009742993
110009743000
110009743019
110009743037
110009743046
110009743055
110009743073
110009743091
110009743108
110009743126
110009743153
110009743162
110009743199
110009743206
110009743233
110009743251
110009743260
110009743279
110009743297
110009743304
110009743313
110009743322
110009743331
110009743340
110009743359
110009743368
110009743377
110009743402
110009743411
110009743420
110009743448
110009743466
110009743475
110009743484
110009743509
110009743518
110009743527
110009743545
110009743572
110009743581
110009743590
110009743616
110009743625
110009743634
110009743643
110009743652
110009743689
110009743698
110009743714
110009743723
110009743741
110009743769
110009743787
110009743796
110009743849
110009743858
110009743867
110009743876
110009743894
110009743929
110009743938
110009743947
110009743956
110009743965
110009743974
110009743983
110009743992
110009744009
110009744018
110009744027
110009744036
110009744045
110009744054
110009744063
110009744072
110009744081
110009744090
110009744107
110009744116
110009744125
110009744134
110009744152
110009744189
110009744223
110009744241
110009744250
110009744278
110009744303
110009744321
110009744330
110009744349
110009744358
110009744367
110009744376
110009744385
110009744394
110009744401
110009744410
110009744429
110009744438
110009744465
110009744474
110009744517
110009744535
110009744544
110009744562
110009744599
110009744606
110009744615
110009744624
110009744633
110009744642
110009744660
110009744679
110009744704
110009744786
110009744811
110009744820
110009744875
110009744928
110009744955
110009745008
110009745026
110009745044
110009745099
110009745115
110009745133
110009745142
110009745259
110009745302
110009745311
110009745384
110009745393
110009772442
110009785526
110009785535
110009785544
110009785553
110009785562
110009785571
110009785599
110009785615
110009785624
110009785633
110009785651
110009785660
110009785679
110009785697
110009785704
110009785722
110009785740
110009785759
110009785768
110009785777
110009785786
110009785820
110009785857
110009785866
110009785928
110009785955
110009785973
110009785982
110009786017
110009786026
110009786044
110009786071
110009786080
110009786099
110009786115
110009786124
110009786160
110009786188
110009786197
110009786213
110009786222
110009786240
110009786259
110009786286
110009786339
110009786366
110009786375
110009786384
110009786393
110009786428
110009786446
110009786455
110009786473
110009786482
110009786491
110009786507
110009786516
110009786543
110009786570
110009786589
110009786598
110009786623
110009786632
110009786669
110009786687
110009786696
110009786703
110009786758
110009786776
110009786810
110009786829
110009786838
110009786847
110009786874
110009786883
110009786909
110009786927
110009786936
110009786954
110009786981
110009787025
110009787052
110009787070
110009787098
110009787105
110009787123
110009787132
110009787141
110009787150
110009787178
110009787187
110009787212
110009787230
110009787258
110009787285
110009787301
110009787310
110009787329
110009787338
110009787356
110009787365
110009787374
110009787383
110009787392
110009787418
110009787427
110009787436
110009787454
110009787481
110009787524
110009787542
110009787551
110009787560
110009787604
110009787613
110009787631
110009787640
110009787668
110009787677
110009787686
110009787695
110009787711
110009787720
110009787748
110009787784
110009787819
110009787864
110009787882
110009787891
110009787908
110009787917
110009787944
110009787953
110009787962
110009787999
110009788024
110009788033
110009788051
110009788060
110009788079
110009788131
110009788159
110009788177
110009788211
110009788220
110009788257
110009788293
110009788328
110009788346
110009788426
110009788435
110009788471
110009788505
110009788514
110009788550
110009788569
110009788578
110009788587
110009788612
110009788621
110009788630
110009788658
110009788667
110009788676
110009788694
110009788710
110009788738
110009788783
110009788792
110009788809
110009788818
110009788854
110009788863
110009788872
110009788881
110009788890
110009788907
110009788961
110009788970
110009788989
110009788998
110009789005
110009789032
110009789041
110009789050
110009789069
110009789078
110009789087
110009789096
110009789112
110009789121
110009789185
110009789201
110009789210
110009789229
110009789256
110009789318
110009789327
110009789354
110009789407
110009789531
110009789568
110009789577
110009789586
110009789719
110009789773
110009789808
110009789817
110009789835
110009789853
110009789862
110009789871
110009789899
110009789906
110009789915
110009789942
110009789960
110009789988
110009789997
110009790002
110009790011
110009790020
110009790039
110009790048
110009790057
110009790100
110009790119
110009790137
110009790146
110009790164
110009790173
110009790182
110009790191
110009790208
110009790244
110009790271
110009790280
