110009790299
110009790306
110009790324
110009790351
110009790360
110009790379
110009790413
110009792938
110009792974
110009793116
110009793125
110009793214
110009793250
110009793278
110009793394
110009793401
110009793456
110009793483
110009793508
110009793615
110009793624
110009793660
110009793795
110009793802
110009793875
110009793955
110009793964
110009794017
110009794035
110009794053
110009794080
110009794124
110009794133
110009794222
110009794231
110009794259
110009794268
110009794277
110009794357
110009794393
110009795061
110009796266
110009796337
110009796514
110009796952
110009797791
110009798068
110009801777
110009802197
110009804284
110009805470
110009805531
110009806175
110009806175
110009806219
110009806344
110009809742
110009810936
110009810963
110009810981
110009811089
110009811105
110009811114
110009811150
110009811230
110009811294
110009811409
110009811481
110009811533
110009811613
110009811686
110009811711
110009811828
110009811926
110009812122
110009812266
110009812346
110009812391
110009812417
110009820569
110009820667
110009820694
110009820701
110009820783
110009820863
110009820881
110009820952
110009820989
110009821014
110009821032
110009821050
110009821121
110009821167
110009821185
110009821265
110009821309
110009821318
110009821354
110009821372
110009821425
110009821489
110009821513
110009821540
110009821577
110009821611
110009821657
110009821666
110009821835
110009821906
110009821915
110009821933
110009822040
110009822068
110009822086
110009822095
110009822139
110009822157
110009822184
110009822200
110009822219
110009822273
110009822291
110009822335
110009822362
110009822371
110009822399
110009822415
110009822512
110009822558
110009822576
110009822601
110009822629
110009822638
110009822647
110009822665
110009822692
110009822727
110009822807
110009822816
110009822852
110009822941
110009823003
110009823021
110009823049
110009823094
110009823138
110009823156
110009823218
110009823245
110009823254
110009823496
110009823575
110009842439
110009846541
110009857299
110009860882
110009860944
110009860971
110009861024
110009861097
110009861293
110009861417
110009861453
110009861471
110009861499
110009861578
110009861649
110009861658
110009861907
110009862041
110009862050
110009862069
110009862078
110009862103
110009862121
110009862149
110009862158
110009862327
110009862345
110009862443
110009862595
110009862602
110009862639
110009862648
110009862657
110009862675
110009862737
110009862782
110009862871
110009862906
110009862979
110009863004
110009863068
110009863077
110009863193
110009863219
110009863335
110009863898
110009863914
110009864021
110009864058
110009864174
110009864281
110009864334
110009864539
110009864584
110009864637
110009864897
110009864922
110009865155
110009865253
110009865440
110009865501
110009865716
110009865734
110009865743
110009865761
110009865770
110009865805
110009865823
110009865841
110009865878
110009865967
110009866001
110009866056
110009866065
110009866216
110009866243
110009866270
110009866289
110009933199
110009933206
110009933215
110009933233
110009933242
110009933260
110009933279
110009933313
110009933340
110009933359
110009933377
110009933386
110009933395
110009933402
110009933420
110009933439
110009933457
110009933466
110009933484
110009933493
110009933509
110009933518
110009933536
110009933545
110009933563
110009933572
110009933616
110009933625
110009933652
110009933689
110009933705
110009933714
110009933750
110009933769
110009933778
110009933787
110009933803
110009933812
110009933929
110009933956
110009933965
110009933992
110009934072
110009934081
110009934116
110009934134
110009934161
110009934170
110009934205
110009934269
110009934278
110009934287
110009934330
110009934376
110009934394
110009934429
110009934474
110009934483
110009934517
110009934526
110009934535
110009934544
110009934553
110009934562
110009934580
110009934642
110009934679
110009934688
110009934704
110009934713
110009934740
110009934768
110009934786
110009934811
110009934839
110009934848
110009934866
110009934875
110009934893
110009934928
110009934937
110009934946
110009934991
110009935008
110009935035
110009935044
110009935062
110009935071
110009935142
110009935160
110009935179
110009935188
110009935197
110009935222
110009935268
110009935277
110009935295
110009935311
110009935348
110009935357
110009935366
110009935375
110009935428
110009935437
110009935455
110009935473
110009935482
110009935491
110009935507
110009935516
110009935525
110009935534
110009935561
110009935589
110009935623
110009935632
110009935650
110009935687
110009935696
110009935703
110009935712
110009935721
110009935730
110009935776
110009935847
110009935856
110009935865
110009935874
110009935883
110009935892
110009935909
110009935945
110009935981
110009936007
110009936043
110009936061
110009936089
110009936114
110009936141
110009936178
110009936187
110009936196
110009936212
110009936267
110009936301
110009936310
110009936329
110009936347
110009936356
110009936365
110009936383
110009936409
110009936418
110009936427
110009936463
110009936533
110009936631
110009936677
110009936686
110009936711
110009936720
110009936739
110009936748
110009936766
110009936800
110009936819
110009936837
110009936846
110009936864
110009936882
110009936908
110009936935
110009936962
110009936971
110009936980
110009936999
110009937015
110009937033
110009937042
110009937051
110009937060
110009937079
110009937113
110009937122
110009937131
110009937140
110009937159
110009937168
110009937177
110009937186
110009937195
110009937248
110009937300
110009937319
110009937337
110009937346
110009937355
110009937364
110009937382
110009937391
110009937408
110009937417
110009937444
110009937462
110009937499
110009937514
110009937523
110009937532
110009937541
110009937550
110009937578
110009937612
110009937630
110009937658
110009937667
110009937676
110009937701
110009937738
110009937738
110009937747
110009937756
110009937792
110009937818
110009937836
110009937845
110009937854
110009937863
110009937907
110009937916
110009937943
110009937961
110009937998
110009938005
110009938050
110009938069
110009938096
110009938103
110009938112
110009938176
110009938185
110009938194
110009938201
110009938210
110009938229
110009938256
110009938265
110009938292
110009938309
110009938318
110009938327
110009938345
110009938354
110009938381
110009938416
110009938425
110009938434
110009938461
110009938470
110009938489
110009938498
110009938504
110009938531
110009938577
110009938620
110009938648
110009938675
110009938684
110009938693
110009938719
110009938728
110009938737
110009938755
110009938764
110009938773
110009938782
110009938791
110009938808
110009938826
110009938844
110009938853
110009938871
110009938880
110009938899
110009938906
110009938915
110009938924
110009938933
110009938942
110009938979
110009938988
110009938997
110009939004
110009939013
110009939031
110009939040
110009939059
110009939068
110009939077
110009939095
110009939102
110009939111
110009939139
110009939148
110009939157
110009939175
110009939184
110009939219
110009939246
110009939308
110009939326
110009939344
110009939353
110009939362
110009939371
110009939399
110009939406
110009939415
110009939424
110009939442
110009939451
110009939460
110009939479
110009939488
110009939512
110009939530
110009939610
110009939674
110009939692
110009939745
110009939772
110009939781
110009939834
110009939843
110009939950
110009940145
110009942116
110009943614
110009944917
110009945694
110009947120
110009949128
110009949315
110009949342
110009950213
110009952685
110009952845
110009952854
110009952872
110009952881
110009952890
110009952916
110009952934
110009952989
110009953023
110009953032
110009953041
110009953103
110009953121
110009953185
110009953210
110009953238
110009953283
110009953292
110009953309
110009953327
110009953336
110009953452
110009953489
110009953498
110009953504
110009953531
110009953611
110009953648
110009953666
110009953684
110009953693
110009953700
110009953728
110009953755
110009953773
110009953808
110009953817
110009953826
110009953835
110009953844
110009953853
110009953862
110009953871
110009953915
110009953924
110009953933
110009953942
110009953979
110009953988
110009954004
110009954031
110009954040
110009954059
110009954086
110009954111
110009954120
110009954139
110009954166
110009954193
110009954219
110009954228
110009954237
110009954255
110009954273
110009954291
110009954335
110009954353
110009954371
110009954415
110009954424
110009954433
110009954460
110009954503
110009954512
110009954521
110009954530
110009954567
110009954656
110009954674
110009954692
110009954718
110009954781
110009954807
110009954816
110009954825
110009954834
110009954843
110009954870
110009954889
110009954898
110009954932
110009954969
110009954978
110009954996
110009955021
110009955049
110009955076
110009955094
110009955110
110009955129
110009955138
110009955165
110009955183
110009955209
110009955245
110009955325
110009955432
110009955478
110009955502
110009955539
110009955557
110009955628
110009955637
110009955646
110009955726
110009955753
110009955799
110009955851
110009955879
110009955888
110009955913
110009955931
110009955959
110009955968
110009956002
110009956039
110009956066
110009956075
110009956093
110009956137
110009956146
110009956155
110009956164
110009956226
110009956235
110009956244
110009956280
110009956315
110009956324
110009956342
110009956351
110009956379
110009956397
110009956529
110009956547
110009956583
110009956609
110009956636
110009956645
110009956654
110009956681
110009956716
110009956725
110009956752
110009956832
110009956887
110009956949
110009956985
110009957001
110009957010
110009957029
110009957056
110009957074
110009957092
110009957136
110009957154
110009957207
110009957216
110009957225
110009957234
110009957341
110009957378
110009957396
110009957421
110009957449
110009957476
110009957485
110009957494
110009957500
110009957546
110009957555
110009957564
110009957591
110009957626
110009957671
110009957699
110009957715
110009957724
110009957742
110009957751
110009957760
110009957822
110009957831
110009957948
110009957957
110009957966
110009957993
110009958000
110009958019
110009958037
110009958046
110009958055
110009958091
110009958135
110009958162
110009958180
110009958199
110009958206
110009958233
110009958242
110009958251
110009958279
110009958288
110009958304
110009958313
110009958322
110009958331
110009958377
110009958386
110009958395
110009958420
110009958439
110009958448
110009958457
110009958484
110009958536
110009958545
110009958581
110009958652
110009958670
110009958698
110009958723
110009958732
110009958750
110009958778
110009958787
110009958803
110009958858
110009958894
110009958947
110009958965
110009958974
110009958992
110009959009
110009959018
110009959027
110009959036
110009959054
110009959063
110009959072
110009959134
110009959152
110009959170
110009959198
110009959205
110009959214
110009959223
110009959232
110009959269
110009959278
110009959287
110009959303
110009959321
110009959349
110009959358
110009959367
110009959394
110009959401
110009959429
110009959447
110009959465
110009959483
110009959508
110009959535
110009959544
110009959553
110009959571
110009959599
110009959615
110009959633
110009959642
110009959660
110009959688
110009959704
110009959731
110009959759
110009959768
110009959777
110009959795
110009959802
110009959811
110009959820
110009959839
110009959848
110009959857
110009959875
110009959884
110009959893
110009959900
110009959919
110009959928
110009959937
110009959946
110009959982
110009959991
110009960006
110009960024
110009960042
110009960060
110009960079
110009960088
110009960097
110009960113
110009960122
110009960131
110009960140
110009960159
110009960168
110009960177
110009960186
110009960195
110009960202
110009960211
110009960220
110009960239
110009960248
110009960257
110009960266
110009960275
110009960293
110009960300
110009960319
110009960328
110009960337
110009960364
110009960391
110009960426
110009960435
110009960444
110009960453
110009960462
110009960471
110009960480
110009960499
110009960505
110009960514
110009960523
110009960550
110009960578
110009960587
110009960596
110009960603
110009960621
110009960658
110009960667
110009960694
110009960738
110009960747
110009960756
110009960765
110009960774
110009960792
110009960809
110009960836
110009960854
110009960863
110009960872
110009960881
110009960890
110009960907
110009960916
110009960925
110009960934
110009960943
110009960952
110009960961
110009960970
110009960989
110009960998
110009961005
110009961014
110009961032
110009961041
110009961069
110009961078
110009961096
110009961112
110009961130
110009961149
110009961158
110009961167
110009961176
110009961185
110009961194
110009961201
110009961210
110009961229
110009961238
110009961247
110009961256
110009961265
110009961274
110009961292
110009961318
110009961327
110009961336
110009961345
110009961363
110009961372
110009961390
110009961425
110009961434
110009961443
110009961452
110009961461
110009961498
110009961504
110009961513
110009961531
110009961559
110009961568
110009961577
110009961586
110009961611
110009961620
