110009961648
110009961666
110009961675
110009961700
110009961728
110009961737
110009961746
110009961755
110009961773
110009961817
110009961826
110009961844
110009961853
110009961871
110009961880
110009961906
110009961924
110009961933
110009961951
110009961979
110009961988
110009961997
110009962004
110009962013
110009962040
110009962059
110009962068
110009962157
110009962193
110009962200
110009962219
110009962228
110009962255
110009962264
110009962282
110009962291
110009962308
110009962326
110009962335
110009962344
110009962362
110009962399
110009962406
110009962415
110009962433
110009962442
110009962451
110009962460
110009962479
110009962497
110009962503
110009962512
110009962521
110009962530
110009962549
110009962558
110009962567
110009962585
110009962594
110009962601
110009962610
110009962629
110009962665
110009962674
110009962692
110009962709
110009962727
110009962736
110009962754
110009962763
110009962781
110009962790
110009962843
110009962852
110009962861
110009962889
110009962905
110009962923
110009962932
110009962941
110009962950
110009962969
110009962987
110009962996
110009963003
110009963021
110009963030
110009963049
110009963058
110009963076
110009963085
110009963094
110009963110
110009963138
110009963147
110009963165
110009963174
110009963183
110009963192
110009963209
110009963227
110009963236
110009963245
110009963272
110009963281
110009963307
110009963316
110009963325
110009963343
110009963352
110009963361
110009963370
110009963405
110009963423
110009963432
110009963450
110009963469
110009963478
110009963487
110009963511
110009963520
110009963548
110009963566
110009963575
110009963584
110009963628
110009963655
110009963664
110009963673
110009963682
110009963708
110009963735
110009963744
110009963753
110009963762
110009963771
110009963780
110009963799
110009963815
110009963842
110009963851
110009963888
110009963904
110009963913
110009963922
110009963940
110009963968
110009963977
110009964020
110009964048
110009964066
110009964075
110009964093
110009964100
110009964119
110009964128
110009964137
110009964146
110009964155
110009964217
110009964244
110009964262
110009964280
110009964306
110009964315
110009964324
110009964342
110009964351
110009964388
110009964397
110009964404
110009964413
110009964431
110009964440
110009964459
110009964468
110009964477
110009964486
110009964495
110009964501
110009964510
110009964547
110009964583
110009964592
110009964618
110009964627
110009964636
110009964645
110009964654
110009964672
110009964681
110009964690
110009964707
110009964716
110009964761
110009964789
110009964814
110009964823
110009964832
110009964878
110009964887
110009964896
110009964903
110009964930
110009964949
110009964958
110009964967
110009964994
110009965001
110009965010
110009965038
110009965047
110009965092
110009965145
110009965216
110009965225
110009965234
110009965261
110009965270
110009965323
110009965332
110009965403
110009965430
110009965449
110009965458
110009965467
110009965519
110009965537
110009965555
110009965573
110009965608
110009965617
110009965626
110009965644
110009965653
110009965662
110009965671
110009965699
110009965715
110009965724
110009965742
110009965760
110009965797
110009965804
110009965877
110009965895
110009965911
110009965920
110009965966
110009966055
110009966073
110009966117
110009966126
110009966135
110009966162
110009966180
110009966199
110009966215
110009966224
110009966279
110009966288
110009966297
110009966304
110009966313
110009966322
110009966359
110009966368
110010006554
110010038360
110010038379
110010038388
110010038397
110010038404
110010038413
110010038468
110010038477
110010038495
110010038529
110010038538
110010038547
110010038556
110010038583
110010038618
110010038645
110010038707
110010038716
110010038725
110010038734
110010038789
110010038798
110010038814
110010038832
110010038841
110010038850
110010038869
110010038912
110010038921
110010038930
110010038949
110010038958
110010038976
110010039001
110010039010
110010039029
110010039092
110010039118
110010039127
110010039136
110010039207
110010039243
110010039305
110010039314
110010039323
110010039341
110010039350
110010039412
110010039449
110010039467
110010039476
110010039485
110010039494
110010039537
110010039555
110010039564
110010039573
110010039662
110010039706
110010039724
110010039751
110010039779
110010039804
110010039813
110010039859
110010039911
110010039984
110010040008
110010040026
110010040035
110010040044
110010040115
110010040160
110010040179
110010040204
110010040222
110010040231
110010040268
110010040286
110010040295
110010040302
110010040320
110010040348
110010040357
110010040375
110010040428
110010040437
110010040455
110010040473
110010040507
110010040516
110010040525
110010040534
110010040543
110010040552
110010040561
110010040605
110010040614
110010040623
110010040650
110010040678
110010040703
110010040712
110010040758
110010040776
110010040794
110010040801
110010040829
110010040838
110010040892
110010040918
110010040927
110010040936
110010040945
110010040954
110010040963
110010040972
110010040981
110010041007
110010041016
110010041025
110010041034
110010041052
110010041089
110010041114
110010041141
110010041150
110010041169
110010041178
110010041187
110010041203
110010041212
110010041249
110010041258
110010041267
110010041285
110010041294
110010041310
110010041329
110010041392
110010041454
110010041463
110010041472
110010041481
110010041506
110010041515
110010041524
110010041533
110010041551
110010041560
110010041579
110010041631
110010041640
110010041668
110010041686
110010041711
110010041720
110010041739
110010041748
110010041757
110010041766
110010041784
110010041800
110010041935
110010041962
110010041971
110010041999
110010042104
110010042220
110010042373
110010042391
110010042444
110010042471
110010042480
110010042499
110010042514
110010042569
110010042596
110010042667
110010042676
110010042685
110010042729
110010042765
110010042872
110010042881
110010042952
110010042970
110010043005
110010043032
110010043078
110010043185
110010043210
110010043256
110010043265
110010043274
110010043283
110010043292
110010043318
110010043336
110010043345
110010043363
110010043498
110010043504
110010043531
110010043577
110010043595
110010043675
110010043684
110010043746
110010043791
110010043826
110010043862
110010043871
110010043880
110010043960
110010043979
110010044031
110010044111
110010044139
110010044166
110010044228
110010044308
110010044317
110010044344
110010044362
110010044371
110010044406
110010044415
110010044424
110010044488
110010044530
110010044558
110010044567
110010044576
110010044585
110010044594
110010044601
110010044610
110010044656
110010044674
110010044683
110010044709
110010044718
110010044736
110010044745
110010044772
110010044807
110010044816
110010044825
110010044852
110010044889
110010044905
110010045003
110010045030
110010045049
110010045094
110010045129
110010045174
110010045209
110010045227
110010045236
110010045307
110010045325
110010045334
110010045343
110010045423
110010045441
110010045496
110010045539
110010045566
110010045575
110010045628
110010045637
110010045771
110010045806
110010045833
110010045879
110010045888
110010045968
110010046164
110010046208
110010046333
110010046459
110010046495
110010046547
110010046618
110010046752
110010046921
110010047154
110010047172
110010047207
110010047369
110010047387
110010047396
110010047412
110010047421
110010047449
110010047458
110010047467
110010047476
110010047537
110010047582
110010047591
110010047608
110010047662
110010047699
110010047742
110010047788
110010047813
110010047859
110010047920
110010047957
110010047984
110010048055
110010048108
110010048359
110010048402
110010048448
110010048466
110010048554
110010048572
110010048625
110010048670
110010048830
110010048849
110010049143
110010049287
110010049296
110010049303
110010049312
110010049349
110010049358
110010049367
110010049394
110010049571
110010049580
110010049731
110010049946
110010050005
110010050577
110010050620
110010050675
110010050700
110010050853
110010051040
110010051077
110010051095
110010051102
110010051111
110010051120
110010051184
110010051273
110010051282
110010051291
110010051308
110010051326
110010051344
110010051362
110010051399
110010051406
110010051415
110010051424
110010051433
110010051442
110010051451
110010051460
110010051497
110010051512
110010051549
110010051558
110010051576
110010051585
110010051594
110010051610
110010051629
110010051647
110010051656
110010051674
110010051683
110010051709
110010051727
110010051736
110010051763
110010051781
110010051816
110010051825
110010051834
110010051843
110010051870
110010051889
110010051969
110010051978
110010051987
110010051996
110010052012
110010052049
110010052058
110010052245
110010052263
110010052272
110010052487
110010052520
110010068069
110010068087
110010068096
110010068103
110010068130
110010068149
110010068176
110010068185
110010068201
110010068210
110010068265
110010068283
110010068292
110010068318
110010068336
110010068345
110010068354
110010068363
110010068425
110010068434
110010068443
110010068452
110010068470
110010068489
110010068504
110010068531
110010068586
110010068602
110010068611
110010068620
110010068675
110010068693
110010068728
110010068764
110010068808
110010068835
110010068844
110010068862
110010068871
110010068915
110010068942
110010068960
110010068988
110010068997
110010069004
110010069102
110010069111
110010069148
110010069157
110010069200
110010069219
110010069246
110010069264
110010069273
110010069282
110010069344
110010069362
110010069371
110010069380
110010069399
110010069479
110010069488
110010069530
110010069549
110010069567
110010069601
110010069674
110010069683
110010069692
110010069718
110010069736
110010069745
110010069754
110010069763
110010069781
110010069834
110010069843
110010069852
110010069905
110010069923
110010070038
110010070047
110010070056
110010070065
110010070083
110010070118
110010070163
110010070181
110010070305
110010070314
110010070332
110010070341
110010070350
110010070396
110010070403
110010070421
110010070430
110010070467
110010070476
110010070494
110010070500
110010070519
110010070528
110010070537
110010070555
110010070573
110010070617
110010070626
110010070635
110010070662
110010070715
110010070751
110010070760
110010070822
110010070831
110010070877
110010070902
110010070920
110010070948
110010070966
110010070984
110010071019
110010071055
110010071117
110010071171
110010071180
110010071199
110010071206
110010071242
110010071251
110010071260
110010071322
110010071368
110010071395
110010071411
110010071420
110010071527
110010071572
110010071607
110010071616
110010071625
110010071634
110010071643
110010071661
110010071670
110010071689
110010071723
110010071778
110010071796
110010071812
110010071894
110010071910
110010071929
110010071965
110010072018
110010072027
110010072036
110010072063
110010072072
110010072081
110010072090
110010072107
110010072116
110010072134
110010072143
110010072152
110010072161
110010072189
110010072198
110010072241
110010072250
110010072278
110010072330
110010072349
110010072376
110010072394
110010072401
110010072438
110010072474
110010072483
110010072492
110010072517
110010072535
110010072571
110010072599
110010072615
110010072633
110010072660
110010072679
110010072697
110010072704
110010072713
110010072722
110010072731
110010072768
110010072786
110010072802
110010072811
110010072848
110010072875
110010072900
110010072928
110010072982
110010073035
110010073071
110010073080
110010073099
110010073106
110010073133
110010073151
110010073160
110010073188
110010073204
110010073222
110010073231
110010073240
110010073268
110010073295
110010073302
110010073311
110010073320
110010073348
110010073357
110010073366
110010073384
110010073393
110010073400
110010073428
110010073437
110010073446
110010073473
110010073482
110010073491
110010073507
110010073516
110010073534
110010073543
110010073598
110010073605
110010073650
110010073678
110010073703
110010073712
110010073730
110010073758
110010073767
110010073794
110010073801
110010073810
110010073829
110010073838
110010073847
110010073865
110010073874
110010073918
110010073936
110010073963
110010073990
110010074025
110010074070
110010074098
110010074105
110010074178
110010074203
110010074212
110010074230
110010074249
110010074258
110010074285
110010074294
110010074338
110010074347
110010074356
110010074383
110010074454
110010074472
110010074481
110010074490
110010074506
110010074515
110010074560
110010074597
110010074622
110010074640
110010074659
110010074668
110010074677
110010074686
110010074695
110010074739
110010074775
110010074784
110010074828
110010074846
110010074864
110010074873
110010074891
110010074917
110010074935
110010074944
110010074953
110010074962
110010074980
110010074999
110010075015
110010075060
110010075088
110010075113
110010075122
110010075140
110010075186
110010075220
110010075257
110010075328
110010075391
110010075417
110010075435
110010075453
110010075471
110010075532
110010075541
110010075550
110010075587
110010075596
110010075630
110010075701
110010075747
110010075756
110010075765
110010075836
