110010075943
110010076149
110010076158
110010076229
110010080544
110010081909
110010082711
110010084979
110010085086
110010086682
110010088270
110010088555
110010088653
110010090926
110010091480
110010093843
110010095814
110010098704
110010099080
110010099142
110010099179
110010099295
110010099302
110010099311
110010099320
110010099339
110010099491
110010099525
110010099534
110010099669
110010099703
110010099730
110010099749
110010099758
110010099767
110010099776
110010099794
110010099801
110010099847
110010099856
110010099865
110010099918
110010099945
110010099972
110010100005
110010100041
110010100103
110010100121
110010100158
110010100210
110010100256
110010100274
110010100309
110010100327
110010100354
110010100372
110010100381
110010100416
110010100425
110010100443
110010100498
110010100504
110010100522
110010100531
110010100595
110010100602
110010100620
110010100648
110010100657
110010100666
110010100675
110010100693
110010100700
110010100719
110010100826
110010100835
110010100862
110010100899
110010100924
110010100942
110010100951
110010100979
110010101022
110010101077
110010101111
110010101139
110010101148
110010101273
110010101282
110010101291
110010101424
110010101433
110010101442
110010101451
110010101460
110010101488
110010101512
110010101549
110010101558
110010101576
110010101585
110010101594
110010101601
110010101610
110010101647
110010101665
110010101692
110010101709
110010101736
110010101745
110010101763
110010101781
110010101807
110010101816
110010101834
110010101852
110010101889
110010101898
110010101905
110010101923
110010101978
110010101987
110010101996
110010102012
110010102021
110010102030
110010102049
110010102067
110010102076
110010102085
110010102101
110010102138
110010102147
110010102156
110010102165
110010102192
110010102209
110010102236
110010102263
110010102272
110010102281
110010102307
110010102316
110010102325
110010102343
110010102352
110010102361
110010102370
110010102389
110010102398
110010102414
110010102423
110010102432
110010102450
110010102487
110010102496
110010102511
110010102520
110010102548
110010102557
110010102575
110010102584
110010102600
110010102619
110010102628
110010102637
110010102664
110010102673
110010102691
110010102708
110010102717
110010102726
110010102735
110010102744
110010102753
110010102762
110010102771
110010102780
110010102799
110010102806
110010102815
110010102851
110010102860
110010102879
110010102897
110010102904
110010102959
110010102977
110010102986
110010103002
110010103011
110010103020
110010103039
110010103066
110010103100
110010103155
110010103173
110010103226
110010103280
110010103299
110010103306
110010103324
110010103388
110010103468
110010103501
110010103510
110010103538
110010103556
110010103583
110010103618
110010103627
110010103707
110010103743
110010103761
110010103832
110010103878
110010103903
110010103921
110010103930
110010103958
110010104029
110010104038
110010104047
110010104074
110010104118
110010104127
110010104154
110010104172
110010104181
110010104190
110010104261
110010104298
110010104332
110010104341
110010104350
110010104369
110010104396
110010104403
110010104412
110010104421
110010104458
110010104467
110010104476
110010104485
110010104500
110010104519
110010104528
110010104537
110010104546
110010104573
110010104591
110010104608
110010104617
110010104653
110010104662
110010104699
110010104751
110010104797
110010104804
110010104822
110010104831
110010104859
110010104868
110010104911
110010104939
110010104957
110010104966
110010104984
110010104993
110010105000
110010105019
110010105028
110010105037
110010105046
110010105055
110010105091
110010105108
110010105117
110010105126
110010105153
110010105171
110010105180
110010105206
110010105215
110010105233
110010105288
110010105322
110010105359
110010105386
110010105411
110010105420
110010105448
110010105466
110010105475
110010105484
110010105518
110010105563
110010105590
110010105607
110010105625
110010105643
110010105652
110010105670
110010105698
110010105705
110010105714
110010105732
110010105741
110010105750
110010105787
110010105803
110010105830
110010105849
110010105867
110010105901
110010105974
110010106009
110010106018
110010106027
110010106036
110010106072
110010106081
110010106134
110010106152
110010106223
110010106232
110010106429
110010106438
110010106456
110010106483
110010106535
110010106580
110010106615
110010106651
110010106679
110010106704
110010106713
110010106722
110010106740
110010106759
110010106839
110010106848
110010106857
110010106866
110010106875
110010106884
110010106928
110010106937
110010107026
110010107035
110010107044
110010107053
110010107099
110010107106
110010107115
110010107124
110010107151
110010107160
110010107179
110010107188
110010107204
110010107213
110010107222
110010107231
110010107268
110010107277
110010107286
110010107295
110010107302
110010107311
110010107339
110010107348
110010107384
110010107400
110010107419
110010107428
110010107437
110010107446
110010107455
110010107464
110010107473
110010107482
110010107507
110010107534
110010107543
110010107552
110010107561
110010107589
110010107605
110010107614
110010107623
110010107632
110010107678
110010107687
110010107712
110010107730
110010107749
110010107776
110010107785
110010107794
110010107801
110010107829
110010107838
110010107847
110010107874
110010107883
110010107892
110010107909
110010107918
110010107927
110010107936
110010107945
110010107954
110010107972
110010107981
110010107990
110010108025
110010108052
110010108098
110010108105
110010108132
110010108141
110010108178
110010108230
110010108285
110010108294
110010108338
110010108365
110010108383
110010108409
110010108418
110010108463
110010108506
110010108524
110010108542
110010108560
110010108579
110010108588
110010108597
110010108604
110010108613
110010108640
110010108668
110010108677
110010108702
110010108711
110010108739
110010108766
110010108775
110010108784
110010108837
110010108864
110010108873
110010108891
110010108926
110010108953
110010108980
110010109015
110010109024
110010109051
110010109079
110010109131
110010109159
110010109211
110010109220
110010109248
110010109275
110010109284
110010109328
110010109337
110010109355
110010109364
110010109373
110010109417
110010109453
110010109471
110010109505
110010109550
110010109587
110010109596
110010109667
110010109685
110010109701
110010109710
110010109729
110010109756
110010109774
110010109863
110010109890
110010109916
110010109934
110010109943
110010109998
110010110058
110010110067
110010110076
110010110094
110010110101
110010110110
110010110138
110010110147
110010110174
110010110192
110010110209
110010110218
110010110254
110010110272
110010110281
110010110290
110010110307
110010110325
110010110334
110010110343
110010110352
110010110361
110010110370
110010110389
110010110398
110010110405
110010110423
110010110432
110010110441
110010110450
110010110469
110010110478
110010110487
110010110496
110010110520
110010110539
110010110548
110010110557
110010110566
110010110575
110010110593
110010110600
110010110619
110010110628
110010110637
110010110646
110010110655
110010110673
110010110682
110010110691
110010110708
110010110717
110010110726
110010110735
110010110744
110010110753
110010110762
110010110771
110010110780
110010110799
110010110806
110010110815
110010110833
110010110842
110010110860
110010110888
110010110897
110010110904
110010110913
110010110922
110010110931
110010110959
110010110977
110010110986
110010110995
110010111002
110010111011
110010111039
110010111048
110010111057
110010111066
110010111075
110010111093
110010111100
110010111119
110010111128
110010111137
110010111146
110010111155
110010111173
110010111182
110010111191
110010111208
110010111431
110010111440
110010114688
110010114697
110010114722
110010114731
110010114777
110010114786
110010114820
110010114848
110010114866
110010114875
110010114893
110010114928
110010114937
110010115259
110010115268
110010115295
110010115311
110010115339
110010115348
110010115357
110010115366
110010115400
110010115491
110010115525
110010115543
110010115589
110010115605
110010115623
110010115632
110010115650
110010115669
110010115678
110010115687
110010115703
110010115767
110010115785
110010115801
110010115810
110010115838
110010115847
110010115927
110010115945
110010115972
110010115990
110010116025
110010116034
110010116043
110010116070
110010116089
110010116098
110010116114
110010116123
110010116141
110010116169
110010116187
110010116258
110010116285
110010116301
110010116329
110010116613
110010116631
110010117818
110010119585
110010120127
110010120145
110010121126
110010121135
110010121144
110010121153
110010121288
110010121297
110010121304
110010121313
110010121340
110010121395
110010121448
110010121956
110010122143
110010122526
110010122919
110010122928
110010123008
110010123277
110010123311
110010123348
110010123428
110010123437
110010123464
110010123473
110010123482
110010123507
110010123543
110010123561
110010123570
110010123589
110010123598
110010123614
110010123623
110010123632
110010123669
110010123678
110010123703
110010123712
110010123721
110010123749
110010123758
110010123794
110010123801
110010123954
110010124748
110010124837
110010124846
110010124926
110010124944
110010124953
110010125060
110010125097
110010125104
110010125113
110010125159
110010125168
110010125177
110010125890
110010125907
110010125943
110010126041
110010126050
110010126112
110010126158
110010126167
110010126185
110010126256
110010126265
110010126274
110010126292
110010126309
110010126318
110010126327
110010126336
110010126345
110010126782
110010126862
110010126906
110010126915
110010126933
110010127059
110010127120
110010127335
110010127371
110010127399
110010129360
110010129397
110010129413
110010129431
110010129618
110010129627
110010129636
110010129645
110010129654
110010129681
110010129690
110010129707
110010129725
110010129734
110010129743
110010129752
110010129814
110010129850
110010129869
110010129887
110010129896
110010129903
110010129912
110010130125
110010132285
110010132294
110010133186
110010133257
110010133364
110010133426
110010133499
110010133569
110010133587
110010133603
110010133694
110010133738
110010133783
110010148287
110010148312
110010148330
110010148358
110010148376
110010148438
110010148447
110010148456
110010148474
110010148508
110010148571
110010148580
110010148642
110010148660
110010148679
110010155205
110010155214
110010155232
110010155241
110010155250
110010155438
110010155456
110010155474
110010155483
110010155517
110010155535
110010155580
110010283674
110010283727
110010285404
110010285556
110010285627
110010285681
110010285805
110010285823
110010287448
110010287634
110010290531
110010291424
110010291479
110010293477
110010294314
110010295947
110010296857
110010297099
110010297188
110010297213
110010297295
110010297419
110010297543
110010297552
110010298613
110010298695
110010299587
110010299596
110010299603
110010299612
110010299667
110010299676
110010300076
110010300094
110010300370
110010305507
110010306613
110010306622
110010310010
110010310207
110010310234
110010310243
110010312330
110010313197
110010313516
110010315275
110010315364
110010315480
110010315523
110010319477
110010319798
110010319994
110010320063
110010320072
110010320134
110010320438
110010320517
110010320553
110010320571
110010320580
110010320633
110010320642
110010320731
110010321516
110010321730
110010322141
110010322347
110010324835
110010324933
110010324960
110010324979
110010327299
110010327636
110010327672
110010327690
110010327725
110010327734
110010327743
110010327841
110010328056
110010328127
110010332498
110010333415
110010333549
110010333585
110010335789
110010335798
110010335814
110010335841
110010336083
110010336118
110010336136
110010336494
110010338009
110010338134
110010338349
110010338367
110010338447
110010338456
110010338474
110010338517
110010338526
110010338562
110010338571
110010338731
110010338857
110010338866
110010338884
110010338900
110010338928
110010338955
110010339008
110010339053
110010339259
110010339455
110010339605
110010339721
110010343841
110010344047
110010344154
110010344163
110010344289
110010344421
110010344724
110010344733
110010344742
110010344779
110010344877
110010344895
110010344911
110010344966
110010345000
110010345153
110010345171
110010345180
110010348070
110010357318
110010357363
110010357407
110010357728
110010358120
110010358148
110010358184
110010358219
110010358291
110010358558
110010363409
110010363631
110010363659
110010363668
110010363837
110010363873
110010364033
110010364079
110010364088
110010364104
110010364916
110010365201
110010365247
110010365327
110010365719
110010365773
110010365817
110010366031
110010366040
110010366308
110010366353
110010366433
110010366479
110010366503
110010366512
110010366601
110010366692
110010366709
110010366745
110010366807
110010366914
110010366941
110010367959
110010367977
110010368048
110010368146
110010368226
110010368333
110010368379
110010368404
110010368495
110010368645
110010368672
110010368707
110010368716
110010368949
110010368958
110010368994
110010369029
110010369038
110010369074
110010369083
