110010369092
110010369118
110010369234
110010369270
110010369298
110010369350
110010369378
110010369387
110010370133
110010370277
110010372293
110010375726
110010375762
110010375959
110010380097
110010380113
110010380168
110010380266
110010380346
110010380373
110010380505
110010380685
110010380694
110010380747
110010380756
110010380925
110010380952
110010381014
110010381032
110010381096
110010381176
110010381256
110010381309
110010381318
110010381336
110010381345
110010383673
110010383717
110010383771
110010383806
110010383815
110010384048
110010384066
110010384084
110010384119
110010384155
110010384164
110010384217
110010384235
110010384244
110010384253
110010384262
110010384315
110010384967
110010385537
110010385546
110010385591
110010385608
110010385644
110010385653
110010392869
110010393261
110010393403
110010393662
110010393751
110010394402
110010398827
110010398836
110010398854
110010398881
110010399014
110010399149
110010399229
110010399318
110010399461
110010399504
110010399513
110010399602
110010399648
110010399871
110010400155
110010400235
110010400244
110010413775
110010418743
110010418752
110010418814
110010418823
110010418832
110010418850
110010418878
110010418887
110010418903
110010418949
110010418976
110010419010
110010419047
110010419083
110010421070
110010421178
110010421285
110010421329
110010421347
110010421356
110010421374
110010421383
110010421427
110010421454
110010424754
110010424763
110010424914
110010424941
110010424969
110010425012
110010425021
110010425030
110010425156
110010425165
110010425192
110010425398
110010425566
110010425584
110010427582
110010429839
110010430907
110010431611
110010431648
110010431844
110010432111
110010432282
110010432326
110010432718
110010451313
110010451741
110010451812
110010452385
110010452599
110010452848
110010453259
110010453455
110010453641
110010453669
110010453721
110010453829
110010454132
110010454418
110010454490
110010454631
110010454711
110010454837
110010525805
110010529614
110010534261
110010548871
110010549291
110010551795
110010552366
110010557628
110010558574
110010558814
110010559001
110010559546
110010569526
110010569535
110010569553
110010569795
110010570015
110010570024
110010570051
110010570060
110010570079
110010573762
110010574217
110010574226
110010575216
110010575323
110010575396
110010575546
110010575573
110010575626
110010575635
110010577321
110010577786
110010578026
110010578320
110010578339
110010578543
110010580754
110010580816
110010580825
110010580834
110010580843
110010580852
110010580870
110010580905
110010580914
110010580923
110010580987
110010581049
110010581058
110010581067
110010581094
110010581129
110010581138
110010581147
110010581183
110010581218
110010581227
110010581245
110010581281
110010581290
110010581316
110010581325
110010581334
110010581370
110010581389
110010581398
110010581432
110010581441
110010581619
110010581628
110010581637
110010581646
110010581655
110010581664
110010581673
110010581682
110010581691
110010581879
110010581888
110010581913
110010581931
110010581959
110010581986
110010582020
110010582066
110010582075
110010582084
110010582137
110010582397
110010582404
110010582413
110010582440
110010582459
110010582468
110010582477
110010583154
110010583172
110010583190
110010583225
110010583234
110010583243
110010583252
110010583261
110010583270
110010583305
110010583314
110010583323
110010584215
110010584224
110010584233
110010584242
110010584279
110010584288
110010584313
110010584322
110010584331
110010584340
110010584359
110010584368
110010584377
110010584386
110010584402
110010584411
110010584420
110010584457
110010584466
110010584475
110010584484
110010584493
110010584509
110010584518
110010584527
110010584554
110010584563
110010586641
110010586650
110010586669
110010586678
110010586687
110010586696
110010586703
110010586712
110010586721
110010586730
110010586749
110010586758
110010586767
110010586785
110010586794
110010586801
110010586810
110010586829
110010586838
110010586847
110010586865
110010586883
110010586918
110010586954
110010586981
110010586990
110010587007
110010587025
110010587034
110010587043
110010587052
110010587061
110010587089
110010587098
110010587105
110010587114
110010587123
110010587141
110010587150
110010587169
110010587178
110010587203
110010587212
110010587221
110010587230
110010587249
110010587267
110010587276
110010587285
110010587294
110010587301
110010587310
110010587329
110010587347
110010587356
110010587365
110010587463
110010587490
110010587588
110010587597
110010587604
110010587622
110010587640
110010587659
110010587668
110010589639
110010589728
110010592073
110010592162
110010592206
110010592215
110010592224
110010592242
110010592279
110010592368
110010592769
110010593027
110010593081
110010594035
110010594286
110010594302
110010596890
110010596907
110010596916
110010596925
110010596934
110010596943
110010597862
110010598335
110010617001
110010617029
110010617038
110010617047
110010617056
110010617074
110010617083
110010617092
110010617109
110010617118
110010617145
110010617154
110010617190
110010617225
110010617234
110010617243
110010617252
110010617261
110010617270
110010617305
110010617323
110010617332
110010617350
110010617369
110010617387
110010617396
110010617412
110010617421
110010617430
110010617449
110010617485
110010617494
110010617500
110010617519
110010617528
110010617555
110010617564
110010617573
110010617582
110010617608
110010617626
110010617635
110010617644
110010617653
110010617662
110010617671
110010617680
110010617715
110010617733
110010617760
110010617788
110010617804
110010617813
110010617822
110010617831
110010617840
110010617868
110010617877
110010617886
110010617895
110010617911
110010617920
110010617939
110010617948
110010617957
110010617975
110010618019
110010618064
110010619580
110010619599
110010619615
110010619624
110010619642
110010619651
110010619660
110010619679
110010619697
110010619704
110010619722
110010619731
110010619740
110010619786
110010619802
110010619811
110010619820
110010619857
110010619893
110010619900
110010620319
110010620328
110010620337
110010620346
110010620382
110010620408
110010620417
110010620435
110010620444
110010620462
110010620471
110010620480
110010620499
110010620514
110010620541
110010620569
110010621096
110010621112
110010621121
110010621130
110010621149
110010621158
110010621167
110010621176
110010621185
110010621194
110010621201
110010621210
110010621229
110010621238
110010621354
110010621700
110010621728
110010621737
110010621746
110010621755
110010621764
110010621773
110010621782
110010621791
110010621808
110010621826
110010621853
110010621871
110010621880
110010621906
110010621915
110010621933
110010621951
110010622022
110010622031
110010623940
110010623959
110010623986
110010623995
110010624002
110010624020
110010624039
110010624048
110010624066
110010624075
110010624084
110010624093
110010624119
110010624155
110010624164
110010624486
110010624495
110010624510
110010624547
110010624556
110010624565
110010624583
110010624592
110010624609
110010624627
110010624672
110010624681
110010624690
110010624707
110010624716
110010624725
110010624734
110010624743
110010624770
110010624798
110010624805
110010624841
110010624850
110010624869
110010624878
110010624958
110010624976
110010624985
110010624994
110010625001
110010625010
110010625029
110010625038
110010625047
110010625065
110010626787
110010628393
110010628437
110010628473
110010628614
110010638024
110010639951
110010639960
110010639979
110010639988
110010639997
110010640002
110010640011
110010640048
110010640066
110010640075
110010640253
110010640262
110010640271
110010640280
110010640299
110010640306
110010640324
110010640333
110010640342
110010640351
110010640360
110010640379
110010640388
110010640404
110010640413
110010640422
110010640431
110010640556
110010640716
110010642634
110010642652
110010642670
110010642689
110010642714
110010642732
110010642741
110010642750
110010642769
110010642787
110010642796
110010642803
110010642821
110010642830
110010642849
110010642858
110010642867
110010642885
110010642910
110010642929
110010642938
110010642956
110010642965
110010642974
110010643045
110010643054
110010643063
110010643072
110010643081
110010643107
110010643116
110010643143
110010643152
110010643170
110010643198
110010643214
110010643303
110010643401
110010646275
110010646319
110010646364
110010646499
110010682001
110010682181
110010682243
110010682323
110010682476
110010682626
110010682715
110010683028
110010683224
110010683439
110010683572
110010684027
110010684090
110010684170
110010684250
110010684474
110010684580
110010684599
110010684713
110010684802
110010684875
110010684928
110010685017
110010685188
110010686221
110010686230
110010686258
110010686267
110010686276
110010686285
110010686294
110010686301
110010686579
110010686588
110010686604
110010686613
110010686622
110010686631
110010686640
110010686668
110010686677
110010686686
110010687300
110010687319
110010687337
110010687355
110010687364
110010687373
110010687408
110010687417
110010687426
110010687435
110010687444
110010687453
110010687471
110010687480
110010687499
110010687505
110010687514
110010687523
110010687532
110010687541
110010687550
110010687569
110010687587
110010687596
110010687612
110010687649
110010687658
110010687667
110010687676
110010687694
110010687710
110010687738
110010687747
110010687765
110010687774
110010687809
110010687818
110010689246
110010689255
110010689273
110010689282
110010689291
110010689308
110010689317
110010689326
110010689335
110010689344
110010689353
110010689718
110010689754
110010689781
110010689790
110010689807
110010689987
110010698478
110010700214
110010700651
110010700857
110010700866
110010700928
110010701124
110010701357
110010701437
110010701473
110010701543
110010701623
110010701749
110010702105
110010702114
110010702150
110010702169
110010702310
110010702338
110010702347
110010702383
110010702463
110010702515
110010702524
110010702533
110010702542
110010702551
110010702579
110010702613
110010702622
110010702631
110010702659
110010702668
110010702711
110010702720
110010702739
110010702757
110010702766
110010702775
110010702784
110010702846
110010702855
110010702864
110010702873
110010702882
110010702891
110010702908
110010702917
110010702926
110010702944
110010702953
110010702962
110010702999
110010703006
110010703024
110010703042
110010703051
110010703079
110010703088
110010703097
110010703104
110010703113
110010703122
110010703131
110010703140
110010703177
110010703186
110010703195
110010703211
110010703239
110010703300
110010703319
110010703337
110010703364
110010703373
110010703408
110010703417
110010703426
110010703435
110010703453
110010703480
110010703499
110010703505
110010703514
110010703523
110010703541
110010703550
110010703569
110010703578
110010703603
110010703630
110010703649
110010703658
110010703676
110010703685
110010703694
110010703701
110010703710
110010703729
110010703738
110010703747
110010703756
110010703765
110010706156
110010706165
110010706174
110010706183
110010706192
110010706209
110010706227
110010706478
110010706496
110010706511
110010706566
110010707477
110010708029
110010708038
110010708047
110010708056
110010708065
110010708083
110010708109
110010708136
110010708145
110010708154
110010708305
110010708314
110010708332
110010708341
110010708350
110010708378
110010708519
110010708528
110010708537
110010708546
110010708555
110010708564
110010708573
110010708617
110010708626
110010708635
110010708797
110010708804
110010708813
110010708895
110010708902
110010708911
110010708948
110010708957
110010708975
110010708984
110010708993
110010709144
110010709162
110010709171
110010709180
110010709199
110010709279
110010709304
110010709359
110010709368
110010710025
110010710034
110010710043
110010710052
110010710061
110010710070
110010710089
110010710098
110010710105
110010710123
110010710132
110010710141
110010711275
110010711284
110010711293
110010711300
110010711328
110010711337
110010711346
110010711364
110010711373
110010711658
110010711667
110010711685
110010711738
110010711765
110010711783
110010711792
110010711809
110010711827
110010711836
110010711845
110010711872
110010711916
110010711925
110010711934
110010711943
110010712112
110010712121
110010712158
110010712167
110010712176
110010712185
110010712194
110010712318
110010712327
110010712336
110010712354
110010712363
110010712372
110010712381
110010712390
110010712407
110010712425
110010712434
110010712595
110010712602
110010712611
110010712620
110010712639
110010712666
110010712675
110010712684
110010712693
110010712700
110010712719
110010712728
110010712746
110010712755
110010712764
110010712773
110010712826
110010712844
110010712853
110010712871
110010712880
110010712899
110010712906
110010712915
110010712924
110010712933
110010712942
110010712951
110010712960
110010712979
110010712997
110010718893
110010718946
110010718964
110010719044
110010719062
110010719071
110010719099
110010719106
110010719115
110010719124
110010719133
110010719142
110010719151
110010719160
110010719179
110010719188
110010719197
