110010719204
110010719213
110010719222
110010719231
110010719240
110010719259
110010719268
110010719277
110010719286
110010719302
110010719311
110010719348
110010719357
110010719366
110010719516
110010719525
110010719543
110010719552
110010719561
110010719570
110010719589
110010719598
110010719605
110010719614
110010719623
110010719632
110010719641
110010719678
110010719687
110010719703
110010719712
110010719758
110010719767
110010719776
110010719785
110010719801
110010719810
110010719829
110010719838
110010719874
110010719883
110010719892
110010719909
110010719918
110010719927
110010719936
110010719954
110010719963
110010719972
110010719981
110010720014
110010720023
110010720247
110010720265
110010720274
110010720283
110010720309
110010720318
110010720327
110010720345
110010720354
110010720363
110010720390
110010720407
110010720416
110010720425
110010720434
110010720443
110010720452
110010720461
110010720470
110010720489
110010720504
110010720513
110010720531
110010720540
110010720568
110010720577
110010720586
110010720602
110010720620
110010720639
110010720648
110010720675
110010720684
110010720700
110010720719
110010720737
110010720773
110010720782
110010720817
110010720826
110010720835
110010720853
110010720862
110010720871
110010720880
110010720899
110010720906
110010720915
110010720924
110010720933
110010720942
110010720951
110010720960
110010721068
110010721077
110010721086
110010721102
110010721111
110010721120
110010721139
110010721148
110010721157
110010721442
110010721451
110010721460
110010721488
110010721497
110010721503
110010721512
110010721521
110010721530
110010721629
110010721638
110010721647
110010721656
110010721665
110010721709
110010721718
110010721736
110010721763
110010721772
110010721790
110010723075
110010723315
110010723725
110010724369
110010724626
110010724797
110010727455
110010728052
110010728123
110010728212
110010728294
110010728356
110010728383
110010728588
110010728819
110010728828
110010728864
110010728873
110010728882
110010728891
110010729168
110010730030
110010730076
110010730101
110010730245
110010735302
110010735320
110010735623
110010735883
110010736178
110010736338
110010736347
110010736356
110010736392
110010736436
110010736828
110010736944
110010737122
110010737140
110010737177
110010737300
110010737523
110010737818
110010737943
110010738103
110010738130
110010738274
110010738345
110010738354
110010738425
110010738434
110010738452
110010738504
110010738666
110010738728
110010738997
110010739353
110010739512
110010739674
110010739978
110010740118
110010740127
110010740136
110010740154
110010740467
110010742562
110010742679
110010742795
110010753309
110010753345
110010753416
110010753425
110010753461
110010753531
110010753568
110010753620
110010753657
110010753700
110010753728
110010753737
110010753791
110010753853
110010754237
110010754255
110010754371
110010754415
110010754424
110010754442
110010754451
110010754479
110010754497
110010754512
110010754530
110010754549
110010754558
110010754567
110010757966
110010757984
110010757993
110010758000
110010758171
110010758313
110010758331
110010758368
110010758536
110010758545
110010758554
110010758572
110010758581
110010758590
110010758607
110010758616
110010758625
110010758634
110010758643
110010758652
110010758661
110010758670
110010758689
110010758698
110010758705
110010758714
110010758732
110010758750
110010758769
110010758778
110010758787
110010758796
110010758803
110010758812
110010758821
110010758830
110010758849
110010758867
110010758894
110010758901
110010760505
110010760514
110010760523
110010760532
110010760541
110010760550
110010760569
110010760578
110010768543
110010768552
110010768561
110010768570
110010768589
110010768598
110010768605
110010768614
110010768623
110010768632
110010768650
110010768669
110010768678
110010768687
110010768696
110010768703
110010768712
110010768721
110010768730
110010768749
110010768758
110010768767
110010768776
110010768785
110010768794
110010768810
110010768838
110010768847
110010768856
110010768865
110010768874
110010768883
110010768909
110010768918
110010768927
110010768936
110010768945
110010768963
110010768972
110010768981
110010769007
110010769016
110010769025
110010769034
110010769052
110010769061
110010769070
110010769089
110010769098
110010769114
110010769123
110010769132
110010769169
110010769178
110010769187
110010769196
110010769203
110010769212
110010769230
110010769249
110010769258
110010769285
110010769301
110010769329
110010769338
110010769347
110010769356
110010769365
110010769383
110010769392
110010769409
110010769418
110010769427
110010769445
110010769454
110010769463
110010769472
110010769481
110010769506
110010769515
110010769533
110010769542
110010769551
110010769560
110010769588
110010769597
110010769604
110010769622
110010769640
110010769659
110010769668
110010769677
110010769686
110010769695
110010769702
110010769711
110010769720
110010769739
110010769748
110010769757
110010769766
110010769775
110010769784
110010769793
110010769800
110010769819
110010769828
110010769837
110010769846
110010769864
110010769873
110010769908
110010769935
110010769944
110010769953
110010769971
110010769980
110010770004
110010770022
110010770031
110010770040
110010770059
110010770068
110010770077
110010770111
110010770120
110010770166
110010770175
110010770184
110010770219
110010770228
110010770264
110010770344
110010770353
110010770362
110010770371
110010770380
110010770451
110010770488
110010770497
110010770521
110010770601
110010770692
110010770941
110010771049
110010771058
110010771254
110010771441
110010771469
110010771478
110010771735
110010771762
110010780805
110010780823
110010780832
110010783802
110010783964
110010783973
110010784071
110010784124
110010784151
110010784188
110010784240
110010784259
110010784268
110010784277
110010784286
110010784295
110010784302
110010784320
110010784348
110010784357
110010784366
110010784375
110010784384
110010784400
110010784428
110010784446
110010784455
110010784473
110010784482
110010784491
110010784516
110010784525
110010784534
110010784543
110010784552
110010784561
110010790625
110010790634
110010790643
110010790652
110010790661
110010790689
110010790698
110010790705
110010790714
110010790723
110010790732
110010790750
110010790778
110010790787
110010790796
110010790803
110010790812
110010790821
110010790830
110010790858
110010790867
110010790876
110010790885
110010790901
110010790965
110010791027
110010791063
110010793178
110010793187
110010793196
110010793212
110010793230
110010793249
110010793258
110010793267
110010793276
110010793285
110010793294
110010794024
110010794033
110010794042
110010794060
110010794079
110010794088
110010794097
110010794113
110010794122
110010794140
110010794159
110010794168
110010796102
110010796157
110010796246
110010796308
110010796460
110010797067
110010797263
110010797370
110010797405
110010797432
110010797548
110010797673
110010797682
110010797717
110010797780
110010797842
110010797897
110010797959
110010798075
110010798084
110010798093
110010798119
110010798146
110010798244
110010798253
110010798351
110010798360
110010798404
110010798413
110010798431
110010798440
110010798477
110010798565
110010799519
110010799528
110010799555
110010799564
110010800375
110010800561
110010808279
110010809429
110010813209
110010813218
110010813263
110010813272
110010813478
110010813726
110010813744
110010813753
110010813799
110010813806
110010813824
110010821593
110010821691
110010821753
110010822048
110010822431
110010822636
110010822663
110010822672
110010822921
110010822949
110010823074
110010823092
110010823261
110010823289
110010823617
110010823699
110010823957
110010823993
110010824037
110010824108
110010824322
110010824634
110010824778
110010824812
110010824894
110010824983
110010825027
110010825116
110010825143
110010825161
110010825189
110010825214
110010825223
110010825303
110010825624
110010825679
110010838219
110010838308
110010838317
110010838326
110010838424
110010838772
110010838790
110010838825
110010838843
110010838861
110010838941
110010839012
110010839049
110010839085
110010839147
110010839174
110010839218
110010839227
110010839281
110010839325
110010839361
110010839405
110010839469
110010839487
110010839511
110010839557
110010839593
110010839600
110010839637
110010839646
110010839735
110010839771
110010839922
110010839959
110010840019
110010840037
110010840055
110010840091
110010840144
110010840180
110010840215
110010840242
110010840279
110010840331
110010840340
110010840439
110010840484
110010840518
110010840572
110010840590
110010840689
110010840750
110010840778
110010840787
110010840830
110010840867
110010840876
110010840885
110010840947
110010840992
110010841134
110010841269
110010857894
110010947431
110010947459
110010947486
110010947529
110010947547
110010947574
110010947636
110010947654
110010947663
110010947725
110010947887
110010947903
110010947958
110010947985
110010947994
110010948001
110010948010
110010948029
110010948047
110010948127
110010948145
110010948154
110010948163
110010948181
110010948190
110010948234
110010948243
110010948261
110010950578
110010950587
110010950603
110010950989
110010951210
110010951292
110010951354
110010951504
110010951577
110010951693
110010951700
110010951817
110010951835
110010951844
110010951853
110010951862
110010951871
110010952102
110010953655
110010954431
110010954501
110010954510
110010954529
110010954538
110010954556
110010954592
110011014534
110011014570
110011014801
110011014883
110011014909
110011014927
110011015052
110011015114
110011015356
110011015365
110011015392
110011015490
110011015542
110011015551
110011015560
110011015819
110011016006
110011016202
110011016239
110011016266
110011016523
110011016550
110011016596
110011016612
110011016621
110011016676
110011016694
110011016783
110011017005
110011017069
110011017176
110011017194
110011017201
110011017292
110011017452
110011017559
110011017595
110011017602
110011017611
110011017666
110011017719
110011017746
110011017853
110011017933
110011018040
110011018120
110011018503
110011018825
110011018905
110011019968
110011023338
110011049962
110011050316
110011050600
110011050931
110011051280
110011051397
110011051413
110011051422
110011051440
110011051459
110011051501
110011051556
110011051645
110011051654
110011051681
110011051743
110011051770
110011051805
110011051814
110011051823
110011051930
110011051949
110011052001
110011052038
110011052092
110011052109
110011052145
110011052154
110011052216
110011052298
110011052467
110011052485
110011052500
110011052537
110011052751
110011052804
110011052895
110011052902
110011053028
110011053055
110011053199
110011053260
110011053279
110011053493
110011053527
110011053536
110011053643
110011053858
110011053867
110011053885
110011053894
110011054036
110011054090
110011054205
110011054214
110011054438
110011054517
110011054526
110011054535
110011054580
110011054679
110011054740
110011054759
110011054768
110011054786
110011054811
110011055124
110011055339
110011055393
110011055419
110011055561
110011055721
110011055801
110011055829
110011056007
110011056052
110011056061
110011056178
110011056267
110011056285
110011056454
110011056613
110011056837
110011056891
110011057042
110011057373
110011057667
110011057694
110011057774
110011057809
110011057854
110011058425
110011058675
110011058782
110011058853
110011058933
110011058979
110011058988
110011059086
110011059530
110011059549
110011059558
110011059914
110011060190
110011060261
110011060476
110011060494
110011060537
110011060635
110011060742
110011060813
110011060920
110011060984
110011061215
110011061475
110011061493
110011061563
110011061821
110011061956
110011062009
110011062116
110011062152
110011062223
110011062250
110011062296
110011062580
110011062606
110011062624
110011062740
110011062802
110011062820
110011063026
110011063080
110011063142
110011063213
110011063277
110011063801
110011063810
110011063936
110011063954
110011064105
110011064141
110011064203
110011064249
110011064338
110011064356
110011064427
110011064711
110011064775
110011064793
110011065042
110011065097
110011065300
110011065435
110011065471
110011065550
110011065783
110011065943
110011065970
110011066087
110011066309
110011066336
110011066666
110011066755
110011066764
110011067148
110011067816
110011067843
110011067889
110011067898
110011067914
110011067923
110011067932
110011067941
110011067978
110011067987
110011068147
110011068165
110011068192
110011068236
110011068281
110011068290
110011068316
110011068325
110011068334
110011068389
110011068423
110011068432
110011068450
110011068469
110011068502
110011068771
110011068780
110011068799
110011068815
110011068833
110011068842
110011068860
110011069431
110011069459
110011069477
110011069896
110011069958
110011070134
110011070438
110011071008
110011071687
110011072454
110011072597
110011072622
110011072659
110011072784
110011073060
110011073211
110011073391
110011073435
110011073630
110011073685
110011073845
110011074149
110011074489
110011074498
110011142584
110011187018
110011187198
110011190004
110011191067
110011193920
