110011193939
110011193966
110011193975
110011194019
110011194046
110011194055
110011194064
110011194359
110011194377
110011194386
110011194395
110011194411
110011194420
110011194448
110011194518
110011194554
110011194714
110011194769
110011194803
110011194858
110011195072
110011195321
110011195385
110011195438
110011195492
110011195606
110011195740
110011195820
110011195937
110011196035
110011196641
110011196678
110011196936
110011197025
110011197150
110011197383
110011197551
110011197597
110011197622
110011197631
110011197640
110011197668
110011197793
110011197800
110011197882
110011198015
110011198051
110011198088
110011198131
110011198168
110011198266
110011198346
110011198710
110011198845
110011198916
110011198961
110011199087
110011199345
110011199372
110011199611
110011199648
110011199666
110011199693
110011199782
110011200048
110011200100
110011200119
110011200164
110011200173
110011200244
110011200333
110011200342
110011200379
110011200388
110011200397
110011200440
110011200468
110011200486
110011200495
110011200565
110011200618
110011200725
110011200734
110011200850
110011200903
110011200921
110011200949
110011200967
110011201038
110011201074
110011201092
110011201127
110011201154
110011201172
110011201332
110011201369
110011201378
110011201396
110011201412
110011201421
110011201458
110011201500
110011201564
110011201573
110011201608
110011201644
110011201724
110011201742
110011201760
110011201779
110011201788
110011201804
110011201831
110011201902
110011201911
110011202064
110011202073
110011202091
110011202242
110011202251
110011202260
110011202331
110011202386
110011202466
110011202545
110011202572
110011202590
110011202607
110011202705
110011202714
110011202750
110011202778
110011202812
110011202821
110011202867
110011202876
110011202894
110011202910
110011202929
110011202965
110011203045
110011203125
110011203152
110011203189
110011203376
110011203438
110011203688
110011203697
110011203740
110011203777
110011203795
110011203900
110011203919
110011203955
110011203973
110011204080
110011204099
110011204124
110011204204
110011204222
110011204231
110011204320
110011204419
110011204614
110011204641
110011204678
110011204703
110011204712
110011204730
110011204749
110011204758
110011204794
110011204810
110011204856
110011204918
110011205123
110011205203
110011205230
110011205481
110011205542
110011205739
110011206024
110011206097
110011206140
110011206220
110011206373
110011206471
110011206514
110011206596
110011206765
110011206809
110011206818
110011206845
110011206863
110011207014
110011207050
110011207121
110011207185
110011207201
110011207265
110011207327
110011207504
110011207540
110011207559
110011207666
110011207728
110011207764
110011207899
110011207997
110011208095
110011208111
110011208148
110011208219
110011208246
110011208521
110011208594
110011208638
110011208647
110011208772
110011208861
110011208889
110011208941
110011209067
110011209085
110011209129
110011209138
110011209147
110011209156
110011209174
110011209245
110011209548
110011209637
110011209717
110011209753
110011209762
110011209897
110011209940
110011210046
110011210322
110011210386
110011210493
110011210741
110011210769
110011211036
110011211161
110011211189
110011211232
110011211312
110011211330
110011211410
110011211429
110011211465
110011211535
110011211615
110011211633
110011211722
110011211759
110011212035
110011212106
110011212142
110011212160
110011212339
110011212384
110011212552
110011212561
110011212589
110011212605
110011212785
110011212847
110011212927
110011212936
110011212945
110011213221
110011213230
110011213249
110011213258
110011213329
110011213338
110011213356
110011213383
110011213436
110011213472
110011213560
110011213622
110011213775
110011213864
110011214006
110011214104
110011214122
110011214541
110011214550
110011214569
110011214587
110011214612
110011214630
110011214774
110011214863
110011214934
110011214970
110011214989
110011214998
110011215050
110011215130
110011215238
110011215247
110011215292
110011215318
110011215354
110011215416
110011215639
110011215700
110011215755
110011215782
110011215835
110011215899
110011215906
110011215933
110011216166
110011216200
110011216228
110011216237
110011216692
110011216790
110011216807
110011216834
110011217021
110011217110
110011217227
110011217263
110011217691
110011217744
110011217904
110011217922
110011218039
110011218556
110011218716
110011218805
110011218985
110011219109
110011219332
110011219537
110011324307
110011324316
110011324334
110011324343
110011324352
110011325618
110011326172
110011326243
110011326822
110011326966
110011327046
110011327055
110011327144
110011327233
110011327331
110011327395
110011327527
110011327652
110011327803
110011327812
110011327830
110011327876
110011327894
110011327929
110011327938
110011327947
110011327965
110011327974
110011328018
110011328054
110011328072
110011328081
110011328107
110011328116
110011328134
110011328143
110011328152
110011328241
110011328250
110011328269
110011328287
110011328303
110011328312
110011328321
110011328349
110011328385
110011328410
110011328429
110011328474
110011328483
110011328492
110011328517
110011328544
110011328580
110011328606
110011328651
110011328679
110011328697
110011328759
110011328795
110011328811
110011328820
110011328857
110011328866
110011328875
110011328884
110011328919
110011328946
110011328955
110011328964
110011328973
110011328982
110011328991
110011329026
110011329099
110011329204
110011329213
110011329231
110011329240
110011329259
110011329277
110011329286
110011329295
110011329302
110011329311
110011329320
110011329339
110011329357
110011329366
110011329384
110011329393
110011329400
110011329428
110011329437
110011329446
110011329455
110011329464
110011329473
110011329482
110011329491
110011329507
110011329516
110011329525
110011329703
110011329847
110011329856
110011329865
110011329874
110011329883
110011329892
110011329909
110011329918
110011329927
110011329936
110011329945
110011329954
110011329963
110011329972
110011329981
110011329990
110011330005
110011330014
110011330023
110011330032
110011330041
110011330050
110011330069
110011330078
110011330087
110011330096
110011330103
110011330112
110011330121
110011330130
110011330149
110011330158
110011330167
110011330176
110011330185
110011330194
110011330201
110011330238
110011330693
110011330700
110011330719
110011330728
110011330737
110011330746
110011330755
110011330764
110011330773
110011330782
110011330817
110011330826
110011330853
110011330862
110011330871
110011330880
110011330899
110011330906
110011330924
110011330942
110011330997
110011331004
110011331013
110011331022
110011331031
110011331184
110011331200
110011331219
110011331228
110011331255
110011331264
110011331273
110011331282
110011331308
110011331317
110011331326
110011331335
110011331344
110011331362
110011331371
110011331380
110011331399
110011331406
110011331424
110011331433
110011331442
110011331451
110011331460
110011331512
110011331601
110011331610
110011331745
110011331754
110011331914
110011331950
110011332067
110011332183
110011332263
110011332735
110011332753
110011333155
110011333360
110011333422
110011333468
110011333878
110011333967
110011333985
110011333994
110011334001
110011334010
110011334038
110011334047
110011334056
110011334065
110011334074
110011334083
110011334092
110011334109
110011334118
110011334127
110011334136
110011334145
110011334154
110011334369
110011334500
110011334680
110011334948
110011335082
110011335242
110011335322
110011336018
110011336045
110011336544
110011336795
110011336964
110011337106
110011337339
110011337838
110011337954
110011338221
110011338338
110011338720
110011338980
110011339131
110011339809
110011339989
110011340566
110011348470
110011348559
110011348899
110011349656
110011350475
110011350858
110011351544
110011351562
110011352785
110011352801
110011354346
110011355684
110011356077
110011356567
110011359840
110011359975
110011360883
110011361766
110011363372
110011363826
110011364086
110011364095
110011364102
110011364825
110011364861
110011364923
110011364941
110011364950
110011365012
110011365058
110011365218
110011365227
110011365263
110011365307
110011365325
110011365352
110011365398
110011365566
110011365593
110011365628
110011365673
110011365753
110011365815
110011365842
110011365851
110011365860
110011365904
110011365922
110011365986
110011366002
110011366011
110011366039
110011366057
110011366501
110011366681
110011367056
110011367500
110011377072
110011377143
110011377161
110011377198
110011377250
110011377278
110011377312
110011377330
110011377358
110011377410
110011377429
110011377438
110011377483
110011377508
110011377526
110011377606
110011377722
110011377795
110011380576
110011380683
110011380692
110011380889
110011381245
110011381478
110011381487
110011381496
110011381502
110011381511
110011381520
110011381575
110011381584
110011381593
110011381619
110011381646
110011381655
110011381664
110011384714
110011384723
110011384741
110011384750
110011384769
110011384778
110011384787
110011384803
110011384812
110011384821
110011384830
110011384849
110011384858
110011384876
110011384885
110011384894
110011385027
110011385036
110011385072
110011385116
110011385143
110011385161
110011385189
110011385205
110011385214
110011385232
110011385483
110011385508
110011385517
110011385526
110011385544
110011385571
110011389693
110011389719
110011390921
110011391181
110011392867
110011392974
110011393018
110011398139
110011400251
110011404998
110011405256
110011405265
110011405292
110011405595
110011406040
110011406068
110011409822
110011412220
110011415682
110011415888
110011416814
110011417118
110011417485
110011417920
110011418215
110011418242
110011421425
110011421489
110011421559
110011423771
110011423860
110011424119
110011424155
110011424280
110011424299
110011430512
110011433065
110011433396
110011433813
110011434055
110011434466
110011436044
110011436151
110011436623
110011436892
110011439158
110011443517
110011443535
110011443544
110011443973
110011444062
110011444142
110011444963
110011445506
110011445766
110011446211
110011447201
110011458733
110011458751
110011459812
110011459830
110011459849
110011459858
110011459876
110011459885
110011459894
110011459910
110011459929
110011459938
110011459947
110011459965
110011459974
110011459983
110011460016
110011460025
110011460043
110011460052
110011463834
110011463905
110011465002
110011467572
110011481752
110011481761
110011481903
110011482065
110011485259
110011486542
110011492385
110011496764
110011499878
110011506405
110011511177
110011512951
110011513031
110011514432
110011514469
110011514478
110011514487
110011514502
110011514566
110011514584
110011514593
110011514619
110011514628
110011514637
110011514646
110011514655
110011514673
110011514682
110011514691
110011514762
110011514780
110011514806
110011514824
110011514922
110011515048
110011515057
110011516047
110011516074
110011516083
110011516092
110011516109
110011516118
110011516154
110011516181
110011516216
110011516243
110011516289
110011516298
110011516305
110011516314
110011516341
110011516378
110011516387
110011516396
110011516403
110011516412
110011516449
110011516467
110011516476
110011516500
110011516528
110011516537
110011516591
110011516644
110011516653
110011516662
110011516671
110011516680
110011516706
110011516751
110011516797
110011516831
110011516868
110011516877
110011516957
110011516966
110011516975
110011517019
110011517028
110011517055
110011517082
110011517117
110011517135
110011517144
110011517180
110011517199
110011517224
110011517242
110011517251
110011517279
110011517331
110011517340
110011517359
110011517368
110011517377
110011517395
110011517402
110011517457
110011517466
110011517475
110011517484
110011517518
110011517527
110011517545
110011517554
110011517563
110011517590
110011517616
110011517634
110011517670
110011517689
110011517698
110011517741
110011517750
110011517769
110011517778
110011517787
110011517796
110011517867
110011517876
110011517885
110011517938
110011517992
110011518018
110011518036
110011518045
110011518072
110011518081
110011518116
110011518134
110011518143
110011518161
110011518170
110011518189
110011518198
110011518205
110011518214
110011518223
110011518232
110011518312
110011518321
110011518394
110011518429
110011518438
110011518474
110011518492
110011518535
110011518544
110011518562
110011518571
110011518580
110011518599
110011518633
110011518642
110011518679
110011518722
110011518740
110011518777
110011518802
110011518811
110011518820
110011518848
110011518857
110011518875
110011518900
110011518919
110011518937
110011518946
110011518964
110011518991
110011519017
110011519062
110011519106
110011519151
110011519188
110011519204
110011519231
110011519240
110011519259
110011519302
110011519311
110011519320
110011519339
110011519348
110011519357
110011519419
110011519428
110011519437
110011519446
110011519455
110011519482
110011519491
110011519507
110011519543
110011519570
110011519605
110011519623
110011519669
110011519678
110011519703
110011519721
110011519776
110011519785
110011519801
