110011519847
110011519856
110011519927
110011519936
110011519945
110011519963
110011519981
110011520014
110011520130
110011520158
110011520167
110011520210
110011520229
110011520336
110011520345
110011520354
110011520363
110011520372
110011520381
110011520390
110011520416
110011520425
110011520489
110011520504
110011520513
110011520540
110011520577
110011520586
110011520595
110011520639
110011520648
110011520728
110011520737
110011520746
110011520755
110011520808
110011520826
110011520844
110011520960
110011521013
110011521095
110011521148
110011521184
110011521200
110011521219
110011521228
110011521255
110011521264
110011521273
110011521353
110011521380
110011521415
110011521442
110011521451
110011521479
110011521512
110011521549
110011521610
110011521683
110011521692
110011521709
110011521763
110011521781
110011521834
110011521861
110011521898
110011521905
110011521914
110011521941
110011521969
110011521987
110011522003
110011522021
110011522030
110011522049
110011522058
110011522067
110011522076
110011522085
110011522094
110011522110
110011522165
110011522183
110011522236
110011522272
110011522281
110011522290
110011522334
110011522343
110011522352
110011522370
110011522423
110011522487
110011522496
110011522548
110011522566
110011522575
110011522600
110011522628
110011522646
110011522655
110011522708
110011522753
110011522762
110011522780
110011522799
110011522815
110011522824
110011522833
110011522842
110011522879
110011522897
110011522968
110011522977
110011522986
110011522995
110011523002
110011523011
110011523048
110011523093
110011523146
110011523164
110011523173
110011523182
110011523191
110011523208
110011523226
110011523235
110011523244
110011523253
110011523280
110011523360
110011523379
110011523388
110011523397
110011523422
110011523459
110011523468
110011523477
110011523486
110011523495
110011523501
110011523529
110011523538
110011523565
110011523574
110011528374
110011534107
110011534526
110011550990
110011569953
110011570077
110011572609
110011573047
110011573118
110011573136
110011573314
110011573403
110011573458
110011573617
110011573635
110011573644
110011573653
110011573706
110011573715
110011573733
110011573742
110011573751
110011573760
110011573779
110011573788
110011573797
110011573804
110011573822
110011573831
110011574260
110011574297
110011574331
110011574368
110011574377
110011574395
110011574411
110011574439
110011574448
110011574466
110011574475
110011574493
110011574518
110011574545
110011574554
110011574563
110011574581
110011574590
110011574616
110011574625
110011574652
110011574894
110011574956
110011574992
110011575045
110011575081
110011575090
110011575107
110011575116
110011575125
110011575152
110011575161
110011575170
110011582224
110011582233
110011582242
110011582251
110011582279
110011582929
110011582974
110011583009
110011583045
110011583394
110011583401
110011583410
110011583429
110011583615
110011583633
110011583688
110011583713
110011583722
110011583740
110011583759
110011583857
110011584017
110011584026
110011584035
110011584053
110011584062
110011584080
110011584106
110011584115
110011584124
110011584133
110011584160
110011584188
110011584197
110011584213
110011584222
110011584268
110011584348
110011584366
110011585212
110011585221
110011585640
110011586015
110011586079
110011586159
110011587112
110011587363
110011587470
110011587693
110011587700
110011587719
110011587746
110011587782
110011587808
110011587835
110011587844
110011587880
110011587899
110011587933
110011587942
110011587960
110011587979
110011587988
110011588004
110011588031
110011588102
110011588111
110011588148
110011588157
110011588184
110011588200
110011588237
110011588246
110011588255
110011588273
110011588353
110011588362
110011588442
110011588521
110011588530
110011588567
110011588601
110011588629
110011588638
110011588656
110011588674
110011588683
110011588709
110011588736
110011588772
110011588781
110011588898
110011588905
110011590037
110011590126
110011590484
110011590652
110011590698
110011590705
110011590732
110011590769
110011590778
110011590821
110011590830
110011590858
110011590867
110011590885
110011590929
110011591054
110011591278
110011591287
110011591580
110011591599
110011591740
110011592366
110011592384
110011592419
110011592650
110011592918
110011592927
110011593276
110011593597
110011593677
110011593686
110011593748
110011593784
110011593819
110011593828
110011593855
110011593873
110011593908
110011593935
110011594122
110011594275
110011594499
110011594756
110011594872
110011595069
110011595121
110011595470
110011595498
110011595540
110011595719
110011595737
110011595764
110011595791
110011595817
110011595853
110011595979
110011595997
110011596013
110011596031
110011596059
110011596068
110011596086
110011596139
110011596148
110011596157
110011596166
110011596193
110011596200
110011596237
110011596326
110011596825
110011597067
110011597183
110011597539
110011597860
110011598048
110011598146
110011611675
110011612157
110011612371
110011612488
110011612763
110011612996
110011613003
110011613058
110011613110
110011613156
110011613254
110011613325
110011613566
110011613584
110011613691
110011613762
110011614850
110011615136
110011616527
110011616787
110011617919
110011618428
110011619230
110011619294
110011643365
110011648093
110011648789
110011648967
110011649467
110011649528
110011649724
110011650631
110011651774
110011653585
110011655182
110011660540
110011668383
110011686808
110011686871
110011687111
110011688147
110011688361
110011690571
110011690802
110011691446
110011693319
110011693382
110011695736
110011695861
110011696478
110011696664
110011697100
110011697280
110011701729
110011701765
110011701809
110011701836
110011701872
110011701881
110011701890
110011701916
110011701943
110011701952
110011701970
110011701989
110011702078
110011702087
110011702130
110011702149
110011702201
110011702238
110011702256
110011702274
110011702309
110011702318
110011702327
110011702336
110011702345
110011702390
110011702407
110011702425
110011702434
110011702443
110011702498
110011702513
110011702522
110011702540
110011702568
110011702577
110011702611
110011702620
110011702639
110011702666
110011702675
110011702684
110011702693
110011702728
110011702737
110011702746
110011702755
110011702764
110011702808
110011702817
110011702835
110011702871
110011702899
110011702915
110011702951
110011702960
110011702979
110011702988
110011702997
110011703004
110011703013
110011703022
110011703031
110011703040
110011703059
110011703077
110011703095
110011703148
110011703166
110011703175
110011703184
110011703200
110011703219
110011703228
110011703237
110011703255
110011703264
110011703273
110011703308
110011703317
110011703326
110011703335
110011703344
110011703353
110011703362
110011703380
110011703406
110011703415
110011703424
110011703442
110011703460
110011703479
110011703497
110011703521
110011703530
110011703558
110011703576
110011704076
110011704263
110011704478
110011704708
110011706207
110011706653
110011706662
110011708358
110011708367
110011708919
110011731199
110011731242
110011731251
110011731288
110011731297
110011731304
110011731313
110011731322
110011731331
110011731359
110011731395
110011731420
110011731509
110011731518
110011731545
110011731563
110011731625
110011731643
110011731732
110011731741
110011731769
110011731812
110011731910
110011731929
110011731938
110011731947
110011731974
110011731983
110011732018
110011732027
110011732036
110011732054
110011732081
110011732090
110011732107
110011732134
110011732152
110011732170
110011732214
110011732223
110011732232
110011732278
110011732287
110011732303
110011732312
110011732321
110011732358
110011732410
110011732429
110011732429
110011732438
110011732508
110011732535
110011732562
110011732599
110011732651
110011732697
110011732740
110011732768
110011732777
110011732795
110011732802
110011732811
110011732820
110011732857
110011732875
110011732900
110011732919
110011732937
110011732955
110011732973
110011733044
110011733062
110011733080
110011733099
110011733115
110011733124
110011733142
110011733151
110011733179
110011733240
110011733268
110011733277
110011733286
110011733295
110011733302
110011733320
110011733339
110011733366
110011733384
110011733455
110011733473
110011733507
110011733516
110011733525
110011733534
110011733561
110011733623
110011733632
110011733687
110011733730
110011733749
110011733767
110011733767
110011733785
110011733794
110011733801
110011733810
110011733838
110011733883
110011733892
110011733981
110011733990
110011734016
110011734025
110011734061
110011734105
110011734132
110011734141
110011734169
110011734203
110011734230
110011734249
110011734267
110011734301
110011734310
110011734329
110011734338
110011734347
110011734356
110011734383
110011734409
110011734515
110011734524
110011734542
110011734551
110011734560
110011734588
110011734597
110011734604
110011734613
110011734631
110011734659
110011734677
110011734686
110011734702
110011734739
110011734766
110011734775
110011734784
110011734793
110011734800
110011734935
110011734944
110011735033
110011735097
110011735104
110011735113
110011735122
110011735140
110011735159
110011735177
110011735195
110011735220
110011735266
110011735284
110011735293
110011735300
110011735328
110011735373
110011735391
110011735408
110011735444
110011735480
110011735499
110011735514
110011735569
110011735603
110011735621
110011735630
110011735649
110011735667
110011735685
110011735738
110011735747
110011735774
110011735792
110011735827
110011735845
110011735854
110011735863
110011735872
110011735907
110011735943
110011735952
110011735961
110011735970
110011736005
110011736032
110011736069
110011736078
110011736096
110011736103
110011736149
110011736158
110011736176
110011736201
110011736238
110011736283
110011736345
110011736372
110011736381
110011736390
110011736416
110011736425
110011736434
110011736443
110011736452
110011736489
110011736498
110011736513
110011736522
110011736540
110011736666
110011736684
110011736693
110011736700
110011736719
110011736728
110011736755
110011736862
110011736951
110011736979
110011737031
110011737059
110011737068
110011737102
110011737120
110011737166
110011737175
110011737184
110011737228
110011737237
110011737255
110011737282
110011737291
110011737326
110011737344
110011737362
110011737380
110011737399
110011737406
110011737479
110011737488
110011737497
110011737512
110011737521
110011737530
110011737549
110011737558
110011737576
110011737585
110011737594
110011737629
110011737638
110011737656
110011737692
110011737709
110011737718
110011737745
110011737781
110011737834
110011737843
110011737889
110011737898
110011737914
110011737923
110011737932
110011737950
110011738003
110011738021
110011738049
110011738085
110011738094
110011738129
110011738138
110011738147
110011738192
110011738218
110011738227
110011738254
110011738272
110011738281
110011738307
110011738316
110011738361
110011738389
110011738398
110011738414
110011738502
110011738520
110011738539
110011738548
110011738557
110011738584
110011738619
110011738646
110011738655
110011738682
110011738691
110011738717
110011738762
110011771760
110011772288
110011772297
110011772402
110011772439
110011772466
110011772484
110011772493
110011772545
110011772572
110011772581
110011772634
110011772670
110011772698
110011772769
110011772778
110011772787
110011772803
110011772821
110011772858
110011772867
110011772876
110011772901
110011772938
110011772965
110011772974
110011773027
110011773045
110011773063
110011773072
110011773081
110011773107
110011773116
110011773125
110011773143
110011773205
110011773214
110011773223
110011773241
110011773250
110011773287
110011773312
110011773321
110011773330
110011773376
110011773429
110011773465
110011773492
110011773571
110011773606
110011773615
110011773660
110011773679
110011773697
110011773704
110011773731
110011773777
110011773786
110011773802
110011773857
110011773884
110011773937
110011773964
110011773991
110011774008
110011774017
110011774026
110011774044
110011774053
110011774062
110011774071
110011774115
110011774124
110011774133
110011774197
110011774204
110011774231
110011774240
110011774259
110011774268
110011783882
110011784079
110011784122
110011784168
110011784186
110011784195
110011784202
110011784211
110011784220
110011784248
110011784257
110011784266
110011784275
110011784284
110011784293
110011784300
110011784319
110011784355
110011784364
110011784373
110011784382
110011784391
110011784408
110011784417
110011784426
110011784480
110011784499
110011784523
110011784550
110011784569
110011784587
110011784603
110011784658
110011784667
110011784676
110011784701
110011784710
110011784765
110011784845
110011784863
110011789476
110011792266
110011792300
110011792319
110011792355
110011792373
110011792382
110011792408
110011792435
110011792444
110011792453
110011792499
110011792523
110011792541
110011792569
110011792621
110011792658
110011792676
110011792756
110011792765
110011792809
110011792836
110011792863
110011792970
110011793023
110011793050
110011793069
110011793078
110011793096
110011793167
