110011796716
110011796725
110011796823
110011796878
110011796896
110011796921
110011796949
110011796976
110011797047
110011797065
110011797092
110011797109
110011797136
110011797154
110011797421
110011802745
110011802754
110011802763
110011802772
110011802790
110011804770
110011806778
110011806796
110011806830
110011806858
110011806867
110011806894
110011806910
110011806956
110011806992
110011807027
110011807036
110011807045
110011807063
110011807090
110011807107
110011807143
110011807152
110011807161
110011807170
110011807198
110011807250
110011807269
110011807278
110011807287
110011807296
110011807303
110011807349
110011807358
110011807376
110011807385
110011807394
110011807900
110011808295
110011808311
110011808339
110011808348
110011808366
110011808375
110011808384
110011808428
110011808437
110011808446
110011808455
110011808464
110011808473
110011808482
110011808491
110011808507
110011808516
110011808534
110011808543
110011808552
110011808561
110011808589
110011808605
110011808623
110011808632
110011808641
110011808650
110011808678
110011808696
110011808712
110011808721
110011808749
110011808758
110011808785
110011808794
110011808810
110011808829
110011808838
110011808990
110011809007
110011809025
110011809052
110011809061
110011809098
110011809150
110011809196
110011809267
110011809276
110011809294
110011809356
110011809383
110011809409
110011809418
110011809454
110011809490
110011809515
110011809542
110011809560
110011809588
110011809597
110011809711
110011809748
110011809757
110011809766
110011809935
110011809962
110011810120
110011810148
110011810166
110011810175
110011810193
110011810200
110011810219
110011810228
110011810237
110011810264
110011810273
110011810282
110011810291
110011810308
110011810317
110011810326
110011810335
110011810353
110011810399
110011810406
110011810415
110011810433
110011810442
110011810479
110011810488
110011810503
110011810512
110011810521
110011810567
110011810576
110011810610
110011810629
110011810656
110011810674
110011810683
110011810692
110011810709
110011810718
110011810727
110011810736
110011810745
110011810754
110011810763
110011810781
110011810790
110011810816
110011810825
110011810852
110011810898
110011810923
110011812164
110011813608
110011813680
110011813706
110011813715
110011822144
110011822199
110011822215
110011822297
110011822536
110011822830
110011822974
110011823633
110011823811
110011823937
110011824142
110011824730
110011824785
110011824794
110011824963
110011825016
110011825089
110011825132
110011825454
110011825711
110011826202
110011826408
110011826435
110011826845
110011826863
110011826916
110011826943
110011826970
110011826989
110011826998
110011827997
110011828460
110011828488
110011828497
110011828601
110011828656
110011829290
110011829628
110011829717
110011829735
110011829824
110011830224
110011830420
110011831018
110011831036
110011831134
110011831269
110011831553
110011832918
110011832981
110011832990
110011833007
110011834694
110011834729
110011834738
110011834756
110011834890
110011834916
110011840188
110011840197
110011840204
110011840213
110011840222
110011840231
110011840268
110011840277
110011840286
110011840295
110011840311
110011840320
110011840339
110011840348
110011840357
110011840366
110011840375
110011840384
110011840400
110011840419
110011840437
110011840446
110011840455
110011840464
110011840473
110011840482
110011840491
110011840525
110011840534
110011840552
110011840561
110011840589
110011840598
110011840614
110011840623
110011840641
110011840650
110011840669
110011840696
110011840703
110011840712
110011840730
110011840749
110011840758
110011840785
110011840801
110011840810
110011840829
110011840847
110011840874
110011840883
110011840918
110011840927
110011840936
110011840945
110011840954
110011840963
110011840972
110011840990
110011841007
110011841025
110011841043
110011841070
110011841089
110011841098
110011841132
110011841169
110011841178
110011841187
110011841212
110011841230
110011841249
110011841258
110011841267
110011841285
110011841294
110011841310
110011841329
110011841347
110011841365
110011841374
110011841409
110011841418
110011841427
110011841436
110011841454
110011841463
110011841472
110011841490
110011841515
110011841524
110011841542
110011841551
110011841560
110011841622
110011841631
110011841659
110011841668
110011841695
110011841711
110011841748
110011841757
110011841766
110011841775
110011841793
110011841819
110011841828
110011841846
110011841855
110011841864
110011841882
110011841891
110011841917
110011841926
110011841935
110011841944
110011841953
110011841962
110011841999
110011842024
110011842033
110011842060
110011842079
110011842088
110011842122
110011842159
110011842177
110011842195
110011842211
110011842266
110011842275
110011842284
110011842293
110011842300
110011842337
110011842382
110011842391
110011842408
110011842417
110011842426
110011842444
110011842453
110011842471
110011842480
110011842499
110011842505
110011842514
110011842523
110011842569
110011842578
110011842587
110011842596
110011842621
110011842649
110011842658
110011842667
110011842676
110011842685
110011842694
110011842710
110011842729
110011842738
110011842747
110011842765
110011842774
110011842783
110011842792
110011842818
110011842836
110011842854
110011842863
110011842872
110011842907
110011842916
110011842925
110011842934
110011842952
110011842970
110011842998
110011843087
110011843096
110011843112
110011843149
110011843167
110011843176
110011843194
110011843201
110011843265
110011843274
110011843283
110011843318
110011843327
110011843363
110011843372
110011843416
110011843434
110011843461
110011843531
110011843540
110011843568
110011843611
110011843620
110011843657
110011843693
110011843719
110011843728
110011843737
110011843746
110011843755
110011843791
110011843835
110011843844
110011843853
110011843862
110011843880
110011843899
110011843915
110011843933
110011843951
110011843960
110011843979
110011843997
110011844004
110011844031
110011844040
110011844059
110011844068
110011844095
110011844111
110011844120
110011844139
110011844148
110011844166
110011844193
110011844200
110011844228
110011844291
110011844308
110011844317
110011844326
110011844335
110011844344
110011844362
110011844415
110011844442
110011844451
110011844460
110011844497
110011844512
110011844576
110011844585
110011844718
110011844745
110011844754
110011844941
110011845012
110011845076
110011845085
110011845174
110011845272
110011845290
110011845414
110011845423
110011845450
110011845478
110011845511
110011845520
110011845557
110011845593
110011845646
110011845655
110011845664
110011845682
110011845691
110011845708
110011845726
110011845744
110011845771
110011845799
110011845815
110011845824
110011845913
110011845959
110011846057
110011846075
110011846093
110011846119
110011846235
110011846244
110011846253
110011846262
110011846271
110011846299
110011846342
110011846388
110011846413
110011846422
110011846459
110011846468
110011846477
110011846486
110011846501
110011846538
110011846565
110011846592
110011846609
110011846627
110011846636
110011846645
110011846663
110011846672
110011846681
110011846716
110011846725
110011846734
110011846743
110011846752
110011846761
110011846814
110011846832
110011846930
110011846967
110011846976
110011847001
110011847047
110011847118
110011847127
110011847145
110011847163
110011847172
110011847190
110011847207
110011847225
110011847234
110011847243
110011847252
110011847314
110011847332
110011847341
110011847369
110011847378
110011847403
110011847449
110011847458
110011847476
110011847494
110011847582
110011847608
110011847706
110011847751
110011847797
110011847804
110011847831
110011847920
110011847948
110011847975
110011847993
110011848028
110011848037
110011848055
110011848073
110011848082
110011848091
110011848126
110011848135
110011848144
110011848153
110011848162
110011848180
110011848242
110011848251
110011848260
110011848304
110011848313
110011848322
110011848331
110011848340
110011848377
110011848386
110011848395
110011848420
110011848448
110011848475
110011848484
110011848518
110011848527
110011848536
110011848554
110011848563
110011848572
110011848590
110011848616
110011848625
110011848643
110011848750
110011848769
110011848796
110011848803
110011848821
110011848849
110011848858
110011848885
110011848894
110011848901
110011848910
110011848938
110011848947
110011848956
110011848965
110011848983
110011848992
110011849018
110011849036
110011849045
110011849054
110011849063
110011849090
110011849116
110011849125
110011849152
110011849214
110011849241
110011849287
110011849296
110011849312
110011849447
110011849492
110011849526
110011849580
110011849599
110011849642
110011849660
110011849679
110011849731
110011849768
110011849777
110011849786
110011849795
110011849820
110011849875
110011849884
110011849928
110011849937
110011849955
110011849973
110011849991
110011850014
110011850032
110011850041
110011850050
110011850087
110011850112
110011850121
110011850158
110011850167
110011850194
110011850210
110011850229
110011850247
110011850256
110011850265
110011850274
110011850292
110011850318
110011850327
110011850416
110011850425
110011850443
110011851308
110011851353
110011851371
110011851399
110011851415
110011851424
110011851433
110011851442
110011851451
110011851460
110011851497
110011851512
110011851530
110011851549
110011851567
110011851987
110011851996
110011852021
110011852030
110011852049
110011852058
110011852067
110011852076
110011852138
110011852147
110011852156
110011852165
110011852174
110011852227
110011852236
110011852245
110011852254
110011852263
110011852272
110011852281
110011852290
110011852334
110011852361
110011852389
110011852405
110011852414
110011852441
110011852450
110011852478
110011852487
110011852496
110011852502
110011852520
110011852682
110011852691
110011852717
110011852744
110011852753
110011852771
110011852824
110011852879
110011852888
110011852904
110011852922
110011852986
110011853002
110011853057
110011853066
110011853093
110011853128
110011853155
110011853191
110011853253
110011853262
110011853280
110011853299
110011853306
110011853315
110011853351
110011853360
110011853379
110011853413
110011853431
110011853459
110011853468
110011853486
110011853495
110011854181
110011854216
110011854234
110011854314
110011854350
110011854378
110011854387
110011854396
110011854430
110011854528
110011854671
110011858007
110011858285
110011859499
110011859774
110011859792
110011859854
110011859998
110011860058
110011860227
110011860940
110011861208
110011862911
110011862939
110011862948
110011862966
110011862984
110011862993
110011863019
110011863064
110011863073
110011863091
110011863108
110011863135
110011863153
110011863180
110011863215
110011863260
110011863279
110011863304
110011863313
110011863322
110011863340
110011863395
110011863402
110011863411
110011863420
110011863448
110011863457
110011863509
110011863527
110011863536
110011863545
110011863554
110011863563
110011863581
110011863590
110011863607
110011863616
110011863643
110011863661
110011863698
110011863705
110011863714
110011863732
110011863769
110011863778
110011863796
110011863812
110011863849
110011863858
110011863867
110011863885
110011863894
110011863929
110011863974
110011863992
110011864009
110011864036
110011864045
110011864063
110011864072
110011864090
110011864107
110011864134
110011864143
110011864152
110011864161
110011864170
110011864189
110011864214
110011864232
110011864312
110011864321
110011864330
110011864376
110011864394
110011864410
110011864429
110011864438
110011864465
110011864474
110011864508
110011864571
110011864606
110011864615
110011864651
110011864660
110011864679
110011864704
110011864722
110011864731
110011864768
110011864777
110011864795
110011864802
110011864893
110011864900
110011864937
110011864955
110011864964
110011864982
110011865008
110011865026
110011865053
110011865080
110011865106
110011865124
110011865133
110011865188
110011865204
110011865507
110011865525
110011865534
110011865552
110011865614
110011865623
110011865632
110011865641
110011865650
110011865678
110011865703
110011865712
110011865730
110011865749
110011865758
110011865767
110011865785
110011865794
110011865810
110011865847
110011865856
110011865883
110011865892
110011865909
110011865918
110011881623
110011882374
110011882846
110011883211
110011883391
110011883435
110011883612
110011883658
110011884292
110011884577
110011884586
110011884595
110011885638
110011885914
110011886129
110011886209
110011886708
110011886833
110011886842
110011886860
110011886888
110011887066
110011887084
110011887093
110011887100
110011887182
110011887191
110011887208
110011887226
110011887244
110011887333
110011887379
110011887388
110011887397
110011887413
110011887422
110011887459
110011887556
110011887618
110011887636
110011887672
110011887690
110011887725
110011887743
110011887761
110011887770
110011887798
110011887805
110011887814
110011887841
110011887869
110011887921
110011887949
110011887958
110011887994
110011888010
110011888118
110011888136
110011888154
110011888190
110011888289
110011888298
