110011888314
110011888341
110011888387
110011888403
110011888412
110011888421
110011888458
110011888485
110011888500
110011888617
110011888671
110011888699
110011888715
110011888724
110011888788
110011888797
110011888804
110011888813
110011888831
110011888859
110011888868
110011888877
110011888886
110011888902
110011888920
110011888957
110011889000
110011889037
110011889046
110011889055
110011889091
110011889171
110011889180
110011889224
110011889233
110011889251
110011889279
110011889340
110011889359
110011889386
110011889395
110011889411
110011889420
110011889457
110011889475
110011889527
110011889545
110011889572
110011889616
110011889625
110011889652
110011889698
110011889705
110011889714
110011889750
110011889778
110011889796
110011889821
110011889849
110011889876
110011889947
110011889992
110011890007
110011890034
110011890043
110011890061
110011890098
110011890105
110011890141
110011890150
110011890169
110011890178
110011890249
110011890285
110011890294
110011890301
110011890310
110011890338
110011890427
110011890436
110011890445
110011890463
110011890472
110011890533
110011890579
110011890604
110011890640
110011890659
110011890668
110011890695
110011890711
110011890720
110011890757
110011890775
110011890819
110011890908
110011890962
110011890980
110011891006
110011891015
110011891024
110011891033
110011891088
110011891104
110011891113
110011891122
110011891140
110011891159
110011891186
110011891275
110011891293
110011891319
110011891328
110011891364
110011891408
110011891435
110011891444
110011891453
110011891480
110011891499
110011891505
110011891514
110011891523
110011891541
110011891578
110011891587
110011891612
110011891630
110011891729
110011891765
110011891774
110011891792
110011891836
110011891845
110011891881
110011891925
110011891970
110011892014
110011892023
110011892032
110011892041
110011892078
110011892103
110011892112
110011892121
110011892149
110011892247
110011892283
110011892292
110011892318
110011909523
110011909970
110011910049
110011910085
110011910272
110011910334
110011910343
110011910432
110011910557
110011910815
110011910824
110011910833
110011910913
110011910931
110011910968
110011910995
110011911002
110011911084
110011911146
110011911164
110011911191
110011911208
110011911235
110011911244
110011911342
110011911404
110011911752
110011916668
110011922866
110011924793
110011924819
110011924864
110011924917
110011926014
110011926513
110011926522
110011926540
110011926586
110011926657
110011926666
110011926675
110011926684
110011926700
110011926719
110011926728
110011926737
110011926764
110011926773
110011926791
110011926808
110011926817
110011926826
110011926844
110011926853
110011926871
110011926924
110011926933
110011926951
110011926979
110011926988
110011927004
110011927013
110011927031
110011927040
110011927068
110011927077
110011927086
110011927095
110011927120
110011927139
110011927148
110011927157
110011927166
110011927175
110011927193
110011927200
110011927255
110011927291
110011927308
110011927335
110011927353
110011927362
110011927380
110011927399
110011927406
110011927460
110011927479
110011927488
110011927497
110011927503
110011927521
110011927549
110011927594
110011927601
110011927656
110011927665
110011927674
110011927692
110011927718
110011927727
110011927736
110011927763
110011927772
110011927807
110011927816
110011927852
110011927861
110011927870
110011927905
110011927932
110011927978
110011927996
110011928030
110011928138
110011928227
110011928316
110011928334
110011928343
110011928423
110011928432
110011928441
110011928478
110011928496
110011928502
110011928511
110011928520
110011928539
110011928575
110011928593
110011928600
110011928637
110011928664
110011928682
110011928691
110011928708
110011928753
110011928780
110011928904
110011928913
110011928922
110011928959
110011928986
110011928995
110011929002
110011929020
110011929039
110011929057
110011929066
110011929100
110011929119
110011929128
110011929137
110011929146
110011929208
110011929217
110011929226
110011929253
110011929262
110011929271
110011929280
110011929315
110011929342
110011929351
110011929360
110011929379
110011929397
110011929422
110011929468
110011929477
110011929486
110011929495
110011929547
110011929556
110011929565
110011929574
110011929592
110011929690
110011929716
110011929725
110011929789
110011929798
110011929823
110011929850
110011929887
110011929912
110011929921
110011940285
110011940294
110011942657
110011942764
110011942773
110011942844
110011942979
110011942988
110011943004
110011943031
110011943059
110011943077
110011943139
110011943148
110011943157
110011943255
110011943273
110011943362
110011943479
110011943656
110011943825
110011943889
110011943941
110011943950
110011943969
110011943987
110011944021
110011944058
110011944067
110011944076
110011944085
110011944094
110011944101
110011944110
110011944174
110011944281
110011944307
110011944316
110011944325
110011944343
110011944370
110011944398
110011944405
110011944478
110011944496
110011944548
110011944575
110011944584
110011944600
110011944646
110011944673
110011944691
110011944708
110011944744
110011944806
110011944815
110011944824
110011944842
110011944904
110011945011
110011945039
110011945066
110011945084
110011945093
110011945119
110011945128
110011945217
110011945226
110011945235
110011945244
110011945262
110011945271
110011945280
110011945306
110011945315
110011945360
110011945379
110011945388
110011945397
110011945404
110011945413
110011945422
110011945468
110011945486
110011945547
110011945556
110011945565
110011945681
110011945716
110011945725
110011945743
110011945930
110012141280
110012141315
110012141404
110012141510
110012141565
110012141574
110012141725
110012141789
110012141869
110012141921
110012142074
110012142092
110012142109
110012142127
110012143279
110012143304
110012143313
110012143322
110012143359
110012143377
110012143395
110012143411
110012143420
110012143439
110012143457
110012143493
110012143536
110012143545
110012143554
110012145259
110012145776
110012145785
110012145794
110012149353
110012149362
110012149371
110012149406
110012151081
110012151116
110012151125
110012151143
110012151152
110012151170
110012151205
110012151232
110012151296
110012151303
110012151321
110012151330
110012155755
110012160197
110012163657
110012163755
110012163764
110012163773
110012163871
110012163915
110012163951
110012163988
110012163997
110012164004
110012164059
110012164068
110012164086
110012164102
110012164111
110012164120
110012164139
110012164148
110012164184
110012164193
110012164219
110012164889
110012164898
110012164905
110012164923
110012165003
110012165012
110012165094
110012165101
110012165138
110012165147
110012165174
110012165192
110012165227
110012165370
110012165405
110012168536
110012168572
110012168590
110012168625
110012168643
110012168652
110012168670
110012168723
110012168732
110012168741
110012168750
110012168803
110012168812
110012170453
110012170532
110012170550
110012170569
110012170587
110012170596
110012170612
110012170658
110012170676
110012170685
110012170694
110012171577
110012172601
110012172638
110012172647
110012172656
110012172692
110012172718
110012172727
110012172807
110012172816
110012172825
110012172834
110012172870
110012173174
110012173192
110012173209
110012173281
110012173316
110012173334
110012173343
110012173389
110012173398
110012173405
110012174431
110012174459
110012174501
110012174529
110012174538
110012174565
110012174574
110012174583
110012174627
110012174636
110012174681
110012175001
110012175038
110012175065
110012175092
110012175118
110012175136
110012175154
110012175190
110012175207
110012175234
110012175261
110012175305
110012175332
110012177241
110012184787
110012184796
110012185866
110012185875
110012185893
110012185919
110012185937
110012185964
110012185973
110012185991
110012186008
110012186017
110012186026
110012186062
110012186099
110012186106
110012186115
110012186124
110012186133
110012186142
110012186151
110012186160
110012186188
110012186197
110012192162
110012192171
110012192215
110012192233
110012192251
110012192288
110012192304
110012192313
110012192493
110012192518
110012192527
110012192536
110012192545
110012192554
110012192563
110012192572
110012193465
110012193474
110012193483
110012193562
110012193571
110012193580
110012193615
110012193633
110012193660
110012193679
110012193713
110012193722
110012193731
110012193740
110012193759
110012193768
110012193777
110012193786
110012193795
110012193802
110012193820
110012193839
110012193848
110012193857
110012193866
110012193875
110012193893
110012193900
110012193919
110012193928
110012203686
110012203695
110012203702
110012203711
110012203720
110012203739
110012203748
110012203757
110012203766
110012203775
110012203784
110012203793
110012203800
110012203819
110012203828
110012203837
110012203846
110012203855
110012203864
110012203873
110012203882
110012203891
110012203908
110012203917
110012203926
110012203935
110012203944
110012203953
110012203962
110012203971
110012203980
110012203999
110012204006
110012204015
110012204024
110012204033
110012204042
110012204051
110012204060
110012206424
110012206433
110012206442
110012206451
110012206460
110012206488
110012206503
110012206512
110012206521
110012206530
110012206549
110012206567
110012206576
110012206585
110012206594
110012206629
110012206638
110012206647
110012206656
110012206665
110012206674
110012206683
110012206692
110012207058
110012207067
110012207085
110012207101
110012207138
110012207165
110012207192
110012207227
110012207245
110012207254
110012208011
110012208020
110012208039
110012208075
110012208093
110012208137
110012208146
110012208182
110012208208
110012208217
110012208324
110012208360
110012208388
110012208422
110012210954
110012211025
110012211034
110012211043
110012211052
110012211070
110012211098
110012211105
110012211132
110012211150
110012211169
110012211178
110012211187
110012211196
110012211203
110012211212
110012211221
110012211230
110012211258
110012211276
110012211285
110012211294
110012212765
110012214861
110012215824
110012218876
110012218929
110012218947
110012218965
110012218974
110012218992
110012219009
110012219027
110012219045
110012219063
110012219072
110012219081
110012219090
110012219107
110012219116
110012219125
110012219134
110012219143
110012219802
110012219875
110012219884
110012219893
110012219919
110012219928
110012219964
110012220097
110012220122
110012220140
110012222415
110012222424
110012222433
110012222442
110012222451
110012222497
110012222503
110012222512
110012222549
110012222558
110012222567
110012222576
110012222585
110012222594
110012222601
110012222610
110012222629
110012222638
110012222647
110012222683
110012222692
110012222727
110012222736
110012222745
110012222754
110012222763
110012222772
110012223432
110012223450
110012223478
110012223496
110012223539
110012223600
110012223628
110012223637
110012223655
110012223664
110012223708
110012223717
110012223726
110012223744
110012223799
110012223815
110012223842
110012223851
110012223860
110012223888
110012223931
110012223940
110012223968
110012223977
110012223986
110012223995
110012224011
110012224039
110012224066
110012224075
110012224084
110012224093
110012224100
110012224128
110012224137
110012224155
110012224164
110012224182
110012224191
110012224217
110012224244
110012224253
110012224262
110012224271
110012224280
110012224299
110012224306
110012224324
110012224333
110012224342
110012224351
110012224360
110012224379
110012224388
110012224397
110012224404
110012224413
110012224422
110012224431
110012224440
110012224459
110012224477
110012224495
110012224510
110012224529
110012224538
110012224565
110012224574
110012224583
110012224592
110012224609
110012224618
110012224627
110012224636
110012224645
110012224654
110012224663
110012224672
110012224681
110012224690
110012224707
110012224716
110012224725
110012224734
110012224743
110012224752
110012224761
110012224770
110012224789
110012224798
110012224805
110012224814
110012224823
110012224841
110012224850
110012224878
110012224896
110012224903
110012224912
110012224921
110012224930
110012224958
110012224976
110012224985
110012224994
110012225001
110012225010
110012225038
110012225047
110012225056
110012225083
110012225092
110012225109
110012225118
110012225127
110012225136
110012225145
110012225154
110012225163
110012225172
110012225181
110012225190
110012225207
110012225216
110012225225
110012225234
110012225243
110012225252
110012225261
110012225289
110012225298
110012225305
110012225314
110012225323
110012225332
110012225341
110012225350
110012225369
110012225378
110012225387
110012225396
110012225403
110012225412
110012225421
110012225430
110012225449
110012225458
110012225476
110012225868
110012225877
110012225886
110012225895
110012225902
110012225920
110012225939
110012225948
110012225957
110012225993
110012226019
110012226028
110012226037
110012226055
110012226073
110012226091
110012226108
110012226126
110012226135
110012226162
110012226171
110012226180
110012226199
110012226910
110012226938
110012226947
110012226956
110012226965
110012226983
