110012226992
110012227009
110012227027
110012227036
110012227054
110012227063
110012227072
110012227107
110012227125
110012227198
110012227223
110012228749
110012228758
110012228767
110012228776
110012228785
110012228794
110012228829
110012228847
110012228865
110012228874
110012228927
110012228936
110012228945
110012228981
110012228990
110012229007
110012229016
110012229025
110012229034
110012229043
110012229052
110012229061
110012229070
110012229089
110012229098
110012229150
110012229169
110012229178
110012229196
110012229203
110012229212
110012229221
110012229230
110012229249
110012229258
110012229267
110012229276
110012229294
110012229310
110012229329
110012229356
110012229365
110012229374
110012229383
110012229392
110012229409
110012229418
110012229427
110012229436
110012229445
110012229515
110012229524
110012229533
110012229891
110012229917
110012229926
110012229935
110012229944
110012229953
110012229962
110012229980
110012229999
110012230031
110012230086
110012230095
110012230111
110012230120
110012230139
110012230148
110012230157
110012230184
110012230193
110012230200
110012230255
110012231236
110012231245
110012231254
110012231263
110012231281
110012231290
110012231307
110012231316
110012231325
110012231334
110012231343
110012231352
110012231361
110012231370
110012231389
110012231398
110012231405
110012231414
110012231423
110012231441
110012231469
110012231478
110012231487
110012231496
110012231502
110012231511
110012231520
110012231548
110012231557
110012231575
110012231584
110012231593
110012231600
110012231619
110012231628
110012231637
110012231646
110012231655
110012231664
110012231673
110012231682
110012231708
110012231717
110012231726
110012231735
110012231753
110012231762
110012231780
110012231799
110012231806
110012231815
110012231824
110012231833
110012233181
110012233190
110012233207
110012233216
110012233243
110012233252
110012233261
110012233270
110012233289
110012233298
110012233332
110012233341
110012233350
110012233369
110012233378
110012233396
110012233403
110012233421
110012233449
110012233458
110012233467
110012233476
110012233485
110012233760
110012233779
110012234144
110012234153
110012234171
110012234180
110012234199
110012234206
110012234215
110012234224
110012234233
110012234242
110012234251
110012234279
110012234288
110012234297
110012234304
110012234313
110012234322
110012234331
110012234340
110012234359
110012234368
110012234377
110012237150
110012237169
110012237178
110012237203
110012237221
110012237230
110012237249
110012237258
110012237267
110012237276
110012237285
110012237329
110012237365
110012237374
110012237383
110012238827
110012238836
110012238845
110012238854
110012238872
110012238881
110012238890
110012238907
110012238925
110012238934
110012238943
110012238961
110012238970
110012238989
110012238998
110012239005
110012239014
110012239023
110012239032
110012239041
110012239050
110012239069
110012239078
110012239087
110012239096
110012239103
110012239112
110012239167
110012239176
110012239247
110012239407
110012241145
110012241154
110012241163
110012241172
110012241181
110012241190
110012241225
110012241234
110012241243
110012241252
110012241270
110012241289
110012241305
110012241323
110012241332
110012241341
110012241350
110012241387
110012241396
110012241403
110012241421
110012241430
110012242233
110012242322
110012242331
110012242340
110012242359
110012242386
110012242395
110012242420
110012242439
110012242448
110012242493
110012242518
110012242527
110012242536
110012242545
110012242554
110012243875
110012243884
110012243893
110012243900
110012243928
110012243937
110012243946
110012243955
110012243964
110012243973
110012243982
110012243991
110012244008
110012244026
110012244035
110012244044
110012244053
110012244062
110012244080
110012244106
110012244115
110012244124
110012244133
110012244142
110012244151
110012244160
110012244179
110012244188
110012244197
110012247130
110012247158
110012247194
110012247201
110012247210
110012247229
110012247238
110012247247
110012247256
110012247274
110012247292
110012247318
110012247327
110012247336
110012247345
110012247354
110012247363
110012247372
110012247381
110012247390
110012247407
110012247416
110012247425
110012247434
110012247452
110012247461
110012247470
110012247489
110012247498
110012247504
110012247960
110012247979
110012248004
110012248013
110012248022
110012248031
110012248059
110012248077
110012248086
110012248095
110012248102
110012248111
110012248139
110012248148
110012248157
110012248166
110012248184
110012248193
110012248200
110012248219
110012248228
110012248237
110012248763
110012248807
110012248941
110012248950
110012248987
110012249021
110012249030
110012249405
110012249423
110012249780
110012249799
110012249806
110012249815
110012249824
110012249833
110012249842
110012249860
110012249879
110012249888
110012249897
110012249904
110012249913
110012249922
110012249931
110012249940
110012249959
110012249968
110012249977
110012249986
110012249995
110012250009
110012250018
110012250036
110012250045
110012250054
110012250063
110012250081
110012250116
110012250125
110012250134
110012250143
110012250152
110012250170
110012250189
110012250410
110012250474
110012250535
110012250553
110012251160
110012251204
110012251268
110012251295
110012251311
110012251320
110012251348
110012251375
110012251400
110012251428
110012251446
110012251455
110012251482
110012251570
110012251632
110012253612
110012253630
110012253649
110012253658
110012253774
110012253836
110012253854
110012253863
110012253890
110012253916
110012253925
110012260613
110012260668
110012260695
110012260702
110012260748
110012260766
110012260775
110012260793
110012260800
110012260819
110012260828
110012260837
110012260864
110012260873
110012260891
110012261970
110012261998
110012262005
110012262014
110012262023
110012262032
110012262069
110012262078
110012262087
110012262103
110012262112
110012262121
110012262130
110012262149
110012262158
110012262167
110012262176
110012262185
110012262194
110012262201
110012262210
110012262229
110012262238
110012262247
110012262256
110012262274
110012262283
110012262292
110012262979
110012262988
110012263004
110012263013
110012263077
110012263086
110012263095
110012263166
110012263264
110012265440
110012265468
110012265510
110012265583
110012265592
110012265609
110012265636
110012265672
110012265690
110012265725
110012265743
110012265761
110012267867
110012267876
110012268198
110012268205
110012268508
110012268517
110012268535
110012268544
110012268553
110012268571
110012268580
110012268599
110012268615
110012268624
110012268642
110012268651
110012268660
110012268679
110012268688
110012268697
110012268704
110012268713
110012268722
110012268731
110012269794
110012283796
110012283803
110012283830
110012283849
110012283858
110012283867
110012283876
110012283885
110012283894
110012283901
110012283910
110012283929
110012283938
110012283947
110012283956
110012283974
110012283983
110012283992
110012284009
110012284018
110012284027
110012284063
110012284072
110012284081
110012284090
110012284107
110012284125
110012284134
110012284143
110012284152
110012284161
110012284170
110012284321
110012284401
110012284438
110012284615
110012284660
110012284811
110012284893
110012285017
110012285053
110012285268
110012285320
110012285909
110012285990
110012286070
110012286294
110012286409
110012286622
110012286640
110012286659
110012286846
110012287248
110012287417
110012295408
110012295417
110012295471
110012295523
110012295532
110012295541
110012295550
110012295907
110012299850
110012299878
110012299887
110012299896
110012299958
110012300018
110012300027
110012300036
110012300189
110012300250
110012300269
110012300312
110012300465
110012300492
110012300517
110012301927
110012305291
110012305317
110012305326
110012305344
110012305399
110012305406
110012305415
110012305424
110012305433
110012305442
110012305451
110012305460
110012305479
110012305488
110012305709
110012305727
110012305763
110012305781
110012305790
110012305807
110012305825
110012305834
110012305843
110012305870
110012305914
110012305923
110012305932
110012305941
110012305950
110012305969
110012305978
110012305996
110012306030
110012306049
110012306058
110012306147
110012306245
110012306290
110012306316
110012306325
110012306334
110012306389
110012306584
110012306593
110012306619
110012306637
110012306646
110012306655
110012306664
110012306726
110012315100
110012315119
110012315388
110012315440
110012315477
110012315486
110012315734
110012315770
110012315798
110012316485
110012316895
110012316902
110012316939
110012316966
110012316975
110012316984
110012316993
110012317046
110012317064
110012317171
110012317180
110012317215
110012317288
110012317322
110012317331
110012317340
110012317386
110012317395
110012317402
110012317411
110012317420
110012317439
110012317448
110012317457
110012317484
110012317509
110012317527
110012317545
110012317563
110012317572
110012317714
110012317723
110012317778
110012317787
110012317803
110012317812
110012317821
110012317830
110012317849
110012317876
110012317885
110012317901
110012321825
110012321996
110012322003
110012322094
110012322101
110012322110
110012322129
110012322174
110012322272
110012322281
110012322352
110012322361
110012322389
110012322405
110012322414
110012322450
110012322520
110012322539
110012322575
110012322619
110012322628
110012322691
110012322753
110012322762
110012322799
110012322806
110012322815
110012322842
110012322851
110012322888
110012322897
110012322922
110012322959
110012322968
110012322977
110012322995
110012323002
110012323020
110012323039
110012323048
110012323093
110012323100
110012323119
110012323137
110012323146
110012323155
110012323173
110012323182
110012323191
110012323217
110012323244
110012323271
110012323315
110012323342
110012323360
110012323404
110012323413
110012323440
110012323477
110012323486
110012323495
110012323501
110012323529
110012323538
110012323547
110012323565
110012323609
110012323618
110012323645
110012323663
110012323681
110012323716
110012323725
110012323734
110012323743
110012323752
110012323761
110012323832
110012323841
110012323887
110012323903
110012323912
110012323930
110012323958
110012323967
110012324001
110012324010
110012324029
110012324038
110012324047
110012324083
110012324109
110012324118
110012324136
110012324154
110012324163
110012324181
110012324190
110012324216
110012324225
110012324243
110012324252
110012324270
110012324289
110012324298
110012324314
110012324332
110012324341
110012324350
110012324387
110012324403
110012324412
110012324476
110012324485
110012324537
110012324564
110012324582
110012324608
110012324617
110012324626
110012324653
110012324662
110012324715
110012324724
110012324733
110012324742
110012324751
110012324760
110012324779
110012324831
110012324877
110012324902
110012324939
110012324984
110012324993
110012325019
110012325028
110012325046
110012325064
110012325082
110012325135
110012325153
110012325180
110012325199
110012325242
110012325260
110012325279
110012325304
110012325313
110012325340
110012325368
110012325377
110012325386
110012325402
110012325420
110012325439
110012325448
110012325466
110012325484
110012325509
110012325518
110012325527
110012325536
110012325545
110012325554
110012325652
110012325661
110012325698
110012325705
110012325714
110012325723
110012325732
110012325769
110012325796
110012325803
110012325812
110012325830
110012325849
110012325858
110012325974
110012326045
110012326054
110012326134
110012326456
110012326492
110012326508
110012326517
110012326526
110012327222
110012327231
110012327240
110012327277
110012327302
110012327320
110012327348
110012327366
110012327393
110012327464
110012327482
110012327507
110012327516
110012327552
110012327570
110012327605
110012327632
110012327650
110012327696
110012327703
110012327721
110012327730
110012327785
110012327909
110012327918
110012327927
110012327936
110012327945
110012327954
110012327981
110012328034
110012328089
110012328114
110012328123
110012328141
110012328178
110012328187
110012328230
110012328258
110012328285
110012328301
110012328347
110012328356
110012328365
110012328383
110012328392
110012328418
110012328427
110012328472
110012328481
110012328506
110012328515
110012328533
110012328542
110012328551
110012328560
110012328613
110012328631
110012328640
110012328677
110012328686
110012328711
110012328757
110012328766
110012328775
110012328784
110012328800
110012328819
110012328828
110012328846
110012328855
110012328864
110012328882
110012328891
110012328926
110012328944
110012328953
110012329140
110012329159
110012329168
110012329177
110012329186
110012329195
110012329211
110012329239
110012329248
110012329257
110012329266
110012329275
110012329284
110012329300
110012329328
110012329337
110012329346
110012331191
110012331217
110012331235
110012331253
110012331280
110012331299
110012331930
110012332449
110012332877
110012335543
110012335865
110012337131
110012337514
110012337523
110012337541
110012337550
110012337578
110012337587
110012337612
110012337630
110012337649
110012337676
110012337694
110012337701
110012337710
