110012337729
110012337738
110012337747
110012337756
110012337765
110012337774
110012337783
110012337792
110012337809
110012337818
110012337836
110012337845
110012337854
110012337952
110012337961
110012337989
110012338005
110012338014
110012338050
110012338069
110012338078
110012338096
110012338112
110012338121
110012338130
110012338167
110012338176
110012338185
110012338210
110012338229
110012338256
110012338675
110012338684
110012339665
110012341144
110012341215
110012384561
110012446317
110012446763
110012447076
110012447263
110012460620
110012460871
110012479237
110012485453
110012485499
110012485514
110012485532
110012485532
110012485596
110012485612
110012485658
110012485738
110012485827
110012485943
110012485952
110012486229
110012486247
110012486274
110012486345
110012486434
110012486513
110012486666
110012486675
110012486782
110012508599
110012508624
110012508937
110012508973
110012509035
110012509071
110012509231
110012509268
110012509339
110012511843
110012516250
110012516544
110012516937
110012520575
110012520726
110012520744
110012521226
110012521985
110012522840
110012522859
110012523144
110012523171
110012523180
110012523199
110012523215
110012523484
110012523518
110012523607
110012523652
110012524394
110012524456
110012525570
110012526178
110012533605
110012534007
110012534016
110012534294
110012534409
110012534739
110012534837
110012534846
110012535186
110012536087
110012537228
110012537237
110012537255
110012537264
110012537273
110012537282
110012537291
110012537308
110012537317
110012537326
110012537335
110012537344
110012537353
110012537362
110012537371
110012537380
110012537790
110012538888
110012539146
110012539164
110012539173
110012539191
110012539217
110012539226
110012539235
110012539244
110012539271
110012539280
110012539306
110012539315
110012539324
110012539333
110012539342
110012539351
110012539360
110012539379
110012539397
110012539404
110012539413
110012539422
110012539431
110012539440
110012539459
110012539468
110012539477
110012539486
110012539510
110012539529
110012539538
110012539547
110012539556
110012539565
110012539574
110012539583
110012539592
110012539609
110012539618
110012539627
110012539645
110012539654
110012539672
110012539681
110012539690
110012539707
110012539716
110012539725
110012539734
110012539743
110012539752
110012539761
110012539770
110012539789
110012539798
110012539805
110012539814
110012539823
110012539832
110012539841
110012539850
110012539869
110012539878
110012539887
110012539896
110012539903
110012539912
110012539921
110012539930
110012539949
110012539967
110012539976
110012539985
110012539994
110012540009
110012540018
110012540027
110012540036
110012540054
110012540072
110012540081
110012540090
110012540107
110012540116
110012540134
110012540152
110012540161
110012540170
110012540189
110012540198
110012540205
110012540214
110012540223
110012540232
110012540241
110012540250
110012540269
110012540278
110012540287
110012540296
110012540303
110012540312
110012540321
110012540330
110012540349
110012540358
110012540367
110012540376
110012540385
110012540394
110012540401
110012540410
110012540429
110012540438
110012540447
110012540456
110012540465
110012540474
110012540508
110012540517
110012540526
110012540535
110012540553
110012540562
110012540571
110012540580
110012540606
110012540615
110012540624
110012540633
110012540642
110012540651
110012540660
110012540679
110012540688
110012540697
110012540704
110012540713
110012540731
110012540740
110012540759
110012540768
110012540777
110012540786
110012540795
110012540802
110012540811
110012540820
110012540839
110012540848
110012540857
110012540875
110012540893
110012540900
110012540919
110012540928
110012540937
110012540946
110012540964
110012540973
110012540982
110012541008
110012541026
110012541035
110012541044
110012541062
110012541071
110012541080
110012541099
110012541106
110012541115
110012541124
110012541142
110012541151
110012541160
110012541179
110012541188
110012541197
110012541204
110012541222
110012541231
110012541240
110012541259
110012541268
110012541277
110012541286
110012541295
110012541302
110012541311
110012541339
110012541348
110012541357
110012541366
110012541384
110012541393
110012541419
110012541428
110012541437
110012541446
110012541464
110012541482
110012541491
110012541516
110012541525
110012541534
110012541543
110012541552
110012541561
110012541570
110012541589
110012541598
110012541614
110012541623
110012541641
110012541650
110012541669
110012541678
110012541687
110012541696
110012541703
110012541712
110012541721
110012541730
110012541758
110012541767
110012541776
110012541785
110012541794
110012541801
110012541810
110012541829
110012541838
110012541847
110012541856
110012541865
110012541874
110012541883
110012541892
110012541909
110012541927
110012541945
110012541954
110012542043
110012542052
110012542061
110012542070
110012542089
110012542098
110012542123
110012542132
110012542141
110012542150
110012542187
110012542196
110012542203
110012542221
110012542230
110012542249
110012546851
110012546879
110012546888
110012546897
110012546904
110012546922
110012546940
110012546959
110012546968
110012546977
110012546986
110012546995
110012547002
110012547011
110012547039
110012547057
110012547084
110012547093
110012547100
110012547119
110012547137
110012547146
110012547155
110012547164
110012547173
110012547182
110012547208
110012547805
110012547814
110012547823
110012547832
110012547841
110012547850
110012547869
110012547878
110012547887
110012547896
110012547903
110012547912
110012547921
110012547930
110012547949
110012547958
110012547976
110012547985
110012547994
110012548038
110012548047
110012548056
110012548065
110012548074
110012548083
110012548092
110012548118
110012548127
110012548136
110012548145
110012548154
110012548163
110012548181
110012548190
110012548207
110012548216
110012548225
110012548234
110012548243
110012548252
110012548270
110012548289
110012548305
110012548314
110012548323
110012548332
110012548341
110012548350
110012548378
110012548387
110012548412
110012548430
110012548449
110012548458
110012548476
110012548494
110012548519
110012548528
110012548546
110012548564
110012548582
110012548591
110012548608
110012548617
110012548626
110012548635
110012548644
110012548653
110012548662
110012548671
110012548680
110012548699
110012548706
110012548715
110012548733
110012548751
110012548760
110012548779
110012548788
110012548797
110012548804
110012548813
110012548822
110012548831
110012548840
110012548859
110012548868
110012548886
110012548895
110012548902
110012548911
110012548920
110012548939
110012548948
110012548966
110012548975
110012548984
110012548993
110012549000
110012549019
110012549028
110012549037
110012549046
110012549055
110012549064
110012549073
110012549082
110012549091
110012549108
110012549135
110012549162
110012549171
110012549180
110012549199
110012549206
110012549215
110012549224
110012549242
110012549251
110012549260
110012549279
110012549288
110012549297
110012549304
110012549322
110012549331
110012549340
110012549359
110012549368
110012549377
110012549386
110012549395
110012549402
110012549411
110012549420
110012549448
110012549457
110012549466
110012549475
110012549484
110012549493
110012549509
110012549518
110012549527
110012549536
110012549545
110012549554
110012549563
110012549581
110012549590
110012549607
110012549616
110012549625
110012549634
110012549643
110012549652
110012549661
110012549670
110012549705
110012549714
110012549723
110012549732
110012549750
110012549769
110012549787
110012549796
110012549803
110012549821
110012549830
110012549849
110012549867
110012549876
110012549885
110012549894
110012549910
110012549929
110012549938
110012549947
110012549956
110012549965
110012549983
110012549992
110012550006
110012550015
110012550024
110012550033
110012550042
110012550051
110012550060
110012550079
110012550088
110012550097
110012550104
110012550113
110012550122
110012550131
110012550140
110012550159
110012550168
110012550177
110012550186
110012550195
110012550202
110012550211
110012550220
110012550239
110012550248
110012550257
110012550266
110012550275
110012550293
110012550300
110012550319
110012550328
110012550337
110012550346
110012550355
110012550364
110012550373
110012550382
110012550391
110012550426
110012550435
110012550444
110012550453
110012550471
110012550480
110012550499
110012550505
110012550514
110012550523
110012550532
110012550541
110012550550
110012550578
110012550587
110012550596
110012550612
110012550621
110012550630
110012550649
110012550658
110012550667
110012550676
110012550685
110012550694
110012550701
110012550710
110012550729
110012550738
110012550747
110012550756
110012550765
110012550792
110012550809
110012550818
110012550827
110012550836
110012550845
110012550854
110012550863
110012550872
110012550881
110012550907
110012550925
110012550934
110012550952
110012550961
110012550989
110012550998
110012551005
110012551014
110012551023
110012551032
110012551041
110012551050
110012551069
110012551078
110012551087
110012551096
110012551103
110012551112
110012551121
110012551149
110012551158
110012551167
110012551176
110012551185
110012551194
110012551201
110012551210
110012551229
110012551256
110012551265
110012551283
110012551292
110012551309
110012551318
110012551336
110012551345
110012551363
110012551381
110012551390
110012551407
110012551416
110012551425
110012551434
110012551443
110012551452
110012551461
110012551470
110012551489
110012551498
110012551639
110012551666
110012551755
110012552415
110012552424
110012552442
110012552451
110012552503
110012554360
110012554379
110012554538
110012554547
110012554556
110012554681
110012554707
110012554770
110012554805
110012554832
110012554841
110012555662
110012558204
110012564992
110012565054
110012565107
110012565143
110012565152
110012565170
110012566721
110012566776
110012566794
110012566810
110012566892
110012566909
110012567016
110012567025
110012567052
110012567061
110012567105
110012567123
110012567132
110012567196
110012567230
110012567294
110012567301
110012567338
110012567409
110012567445
110012567454
110012567472
110012567515
110012567542
110012567560
110012567855
110012567864
110012567873
110012567882
110012567891
110012573811
110012573839
110012573875
110012573884
110012573893
110012573900
110012573919
110012573928
110012573937
110012573955
110012573964
110012573973
110012573982
110012573991
110012574008
110012574017
110012574026
110012574035
110012574044
110012574053
110012574062
110012574071
110012574080
110012574400
110012574428
110012576257
110012576266
110012576275
110012576300
110012576319
110012576328
110012576355
110012576364
110012576373
110012576382
110012576391
110012576408
110012576541
110012576550
110012576569
110012576578
110012576596
110012576603
110012576612
110012576621
110012576630
110012576649
110012576658
110012576667
110012576676
110012576685
110012576701
110012576710
110012576738
110012576774
110012576783
110012576792
110012576809
110012576818
110012576836
110012576845
110012576854
110012576863
110012576872
110012576881
110012576890
110012576907
110012576916
110012576925
110012576934
110012576943
110012576961
110012576970
110012576989
110012576998
110012577005
110012577014
110012577023
110012577032
110012577041
110012577050
110012577069
110012577078
110012577087
110012577096
110012577103
110012577112
110012577121
110012577130
110012577149
110012577158
110012577167
110012577176
110012577185
110012577194
110012577201
110012577210
110012577229
110012577238
110012577247
110012577256
110012577265
110012577274
110012577283
110012577292
110012577309
110012577318
110012577327
110012577336
110012577345
110012577363
110012577372
110012577381
110012577390
110012577407
110012577416
110012577425
110012577434
110012577452
110012577470
110012577489
110012577498
110012577504
110012577513
110012577522
110012577531
110012577540
110012577559
110012577568
110012577577
110012577586
110012577595
110012577602
110012577611
110012577620
110012577639
110012577648
110012577657
110012577666
110012577675
110012577684
110012577693
110012577700
110012577719
110012577728
110012577737
110012577746
110012577755
110012577764
110012577773
110012577782
110012577791
110012577808
110012577826
110012577835
110012577844
110012577853
110012577862
110012577871
110012577880
110012577899
110012577906
110012577915
110012577924
110012577933
110012577942
110012577951
110012577960
110012577979
110012577997
110012578004
110012578013
110012578022
110012578031
110012578040
110012578059
110012578068
110012578077
110012578086
110012578095
110012578102
110012578111
110012578120
110012578157
110012578166
110012578175
110012578193
110012578200
110012578219
110012578228
110012578237
110012578246
110012578264
110012578273
110012578282
110012578291
110012578317
110012578326
110012578335
110012578344
110012578353
110012578362
110012578371
110012578406
110012578415
110012578424
110012578433
110012578442
110012578451
110012578460
110012578479
110012578488
110012578497
110012578503
110012578512
110012578521
110012578530
110012578549
110012578558
