110012578567
110012578576
110012578585
110012578594
110012578601
110012578610
110012578629
110012578638
110012578647
110012578656
110012578665
110012578692
110012578718
110012578727
110012578736
110012578745
110012578754
110012578763
110012578772
110012578781
110012578790
110012578807
110012578816
110012578825
110012578834
110012578843
110012578852
110012578861
110012578889
110012578905
110012578923
110012578932
110012578941
110012578950
110012578969
110012578978
110012578987
110012578996
110012579003
110012579021
110012579030
110012579067
110012579076
110012579085
110012579094
110012579101
110012579110
110012579129
110012579138
110012579147
110012579156
110012579165
110012579192
110012579218
110012579227
110012579236
110012579245
110012579254
110012579263
110012579281
110012579290
110012579307
110012579316
110012579334
110012579343
110012579352
110012579361
110012579370
110012579389
110012579398
110012579405
110012579414
110012579423
110012579432
110012579441
110012579450
110012579469
110012579478
110012579487
110012579496
110012579502
110012579511
110012579520
110012579548
110012579557
110012579566
110012579575
110012579584
110012579593
110012579600
110012579628
110012579637
110012579646
110012579655
110012579664
110012579673
110012579682
110012579691
110012579708
110012579717
110012579726
110012579735
110012579744
110012579753
110012579762
110012579771
110012579780
110012579799
110012579815
110012579824
110012579833
110012579842
110012579851
110012579860
110012579879
110012579888
110012579897
110012579904
110012579913
110012579931
110012579959
110012579968
110012579977
110012579986
110012579995
110012580000
110012580019
110012580028
110012580037
110012580055
110012580073
110012580082
110012580091
110012580117
110012580126
110012580144
110012580153
110012580162
110012580171
110012580180
110012580199
110012580206
110012580215
110012580224
110012580233
110012580242
110012580251
110012580260
110012580279
110012580288
110012580297
110012580304
110012580322
110012580331
110012580340
110012580359
110012580359
110012580368
110012580377
110012580402
110012580411
110012580420
110012580439
110012580466
110012580475
110012580484
110012580493
110012580518
110012580527
110012580536
110012580545
110012580554
110012580563
110012580572
110012580581
110012580590
110012580607
110012580625
110012580634
110012580643
110012580661
110012580670
110012580689
110012580698
110012580705
110012580714
110012580723
110012580732
110012580741
110012580769
110012580787
110012580796
110012580803
110012580812
110012580821
110012580830
110012580849
110012580858
110012580867
110012580876
110012580894
110012580910
110012580929
110012580938
110012580947
110012580956
110012580965
110012580974
110012580983
110012580992
110012581009
110012581018
110012581027
110012581036
110012581045
110012581054
110012581063
110012581072
110012581107
110012581116
110012581125
110012581134
110012581143
110012581152
110012581161
110012581170
110012581189
110012581198
110012581205
110012581214
110012581223
110012581232
110012581250
110012581269
110012581278
110012581287
110012581296
110012581303
110012581321
110012581330
110012581349
110012581358
110012581367
110012581376
110012581385
110012581394
110012581401
110012581438
110012581447
110012581456
110012581465
110012581474
110012581483
110012581492
110012581508
110012581517
110012581526
110012581544
110012581553
110012581571
110012581606
110012581615
110012581624
110012581633
110012581642
110012581651
110012581660
110012581679
110012581688
110012581697
110012581704
110012581713
110012581722
110012581731
110012581740
110012581759
110012581768
110012581777
110012581786
110012581795
110012581802
110012581811
110012581820
110012581866
110012581875
110012581884
110012581893
110012581900
110012581928
110012581937
110012581946
110012581955
110012581964
110012581973
110012581982
110012581991
110012582008
110012582026
110012582035
110012582044
110012582053
110012582062
110012582071
110012582080
110012582099
110012582106
110012582115
110012582124
110012582142
110012582151
110012582160
110012582179
110012582188
110012582197
110012582204
110012582222
110012582231
110012582259
110012582268
110012582277
110012582286
110012582295
110012582302
110012582311
110012582320
110012582366
110012582393
110012582400
110012582419
110012582428
110012582437
110012582446
110012582464
110012582473
110012582482
110012582491
110012582507
110012582516
110012582525
110012582543
110012582552
110012582561
110012582570
110012582589
110012582598
110012582605
110012582614
110012582623
110012582650
110012582669
110012582678
110012582687
110012582703
110012582712
110012582721
110012582730
110012582749
110012582767
110012582776
110012582785
110012582794
110012582801
110012582847
110012582865
110012582874
110012582936
110012582945
110012582954
110012582963
110012582972
110012582981
110012582990
110012583007
110012583016
110012583025
110012583034
110012583043
110012583070
110012583089
110012583098
110012583105
110012583114
110012583123
110012583132
110012583141
110012583150
110012583169
110012583178
110012583187
110012583203
110012583212
110012583221
110012583230
110012583249
110012583258
110012583276
110012583285
110012583294
110012583301
110012583310
110012583329
110012583338
110012583347
110012583356
110012583365
110012583374
110012583383
110012583392
110012583409
110012583418
110012583427
110012583436
110012583445
110012583454
110012583463
110012583472
110012583481
110012583490
110012583506
110012583524
110012583533
110012583542
110012583551
110012583560
110012583579
110012583597
110012583604
110012583613
110012583622
110012583631
110012583640
110012583659
110012583668
110012583677
110012583686
110012583695
110012583711
110012583720
110012583739
110012583757
110012583766
110012583784
110012583793
110012583819
110012583828
110012583837
110012583846
110012583855
110012583864
110012583873
110012583891
110012583908
110012583917
110012583926
110012583935
110012583944
110012583953
110012583962
110012583971
110012583980
110012583999
110012584006
110012584015
110012584024
110012584033
110012584042
110012584051
110012584060
110012584079
110012584088
110012584097
110012584104
110012584113
110012584122
110012584131
110012584159
110012584168
110012584177
110012584186
110012584195
110012584248
110012584266
110012584275
110012584300
110012584319
110012584328
110012584337
110012584364
110012584373
110012584382
110012584408
110012584417
110012584426
110012584435
110012584444
110012584453
110012584462
110012584471
110012584480
110012584505
110012584514
110012584532
110012584541
110012584550
110012584569
110012584578
110012584587
110012584596
110012584603
110012584612
110012584621
110012584630
110012584649
110012584658
110012584667
110012584676
110012584685
110012584694
110012584710
110012584729
110012584756
110012584765
110012584774
110012584783
110012584809
110012584818
110012584827
110012584836
110012584854
110012584863
110012584881
110012584890
110012584916
110012584943
110012584952
110012584961
110012584970
110012584989
110012584998
110012585005
110012585023
110012585032
110012585041
110012585050
110012585069
110012585078
110012585087
110012585096
110012585130
110012585149
110012585158
110012585167
110012585176
110012585185
110012585194
110012585201
110012585210
110012585238
110012585247
110012585256
110012585265
110012585274
110012585283
110012585292
110012585309
110012585318
110012585327
110012585336
110012585345
110012585354
110012585363
110012585372
110012585381
110012585390
110012585407
110012585416
110012585425
110012585434
110012585470
110012585489
110012585498
110012585504
110012585513
110012585522
110012585531
110012585577
110012585586
110012585595
110012585602
110012585611
110012585620
110012585639
110012585648
110012585657
110012585666
110012585675
110012585684
110012585693
110012585700
110012585719
110012585728
110012585737
110012585746
110012585755
110012585764
110012585773
110012585782
110012585791
110012585808
110012585817
110012585826
110012585835
110012585844
110012585853
110012585862
110012585871
110012585880
110012585899
110012585906
110012585915
110012585924
110012585933
110012585942
110012585951
110012585960
110012585979
110012585997
110012586004
110012586013
110012586022
110012586031
110012586040
110012586068
110012586077
110012586086
110012586095
110012586102
110012586111
110012586120
110012586139
110012586148
110012586157
110012586166
110012586175
110012586184
110012586193
110012586200
110012586219
110012586228
110012586237
110012586246
110012586264
110012586273
110012586282
110012586291
110012586308
110012586317
110012586326
110012586335
110012586344
110012586353
110012586362
110012586371
110012586380
110012586399
110012586415
110012586424
110012586433
110012586442
110012586451
110012586460
110012586479
110012586488
110012586497
110012586503
110012586512
110012586521
110012586530
110012586549
110012586567
110012586576
110012586594
110012586601
110012586610
110012586629
110012586647
110012586656
110012586665
110012586674
110012586692
110012586709
110012586718
110012586736
110012586745
110012586754
110012586763
110012587389
110012594745
110012594932
110012596208
110012596404
110012596761
110012596814
110012596869
110012596921
110012596958
110012596985
110012597010
110012597092
110012597109
110012597118
110012597127
110012597154
110012597181
110012597190
110012597207
110012597234
110012597314
110012597369
110012597430
110012597485
110012597564
110012597591
110012597653
110012597733
110012598661
110012598670
110012598714
110012598778
110012598796
110012598901
110012598938
110012598956
110012602317
110012602415
110012606581
110012606787
110012606803
110012606821
110012606849
110012606858
110012606867
110012606894
110012606901
110012606910
110012606974
110012607009
110012617971
110012617980
110012618051
110012618079
110012618088
110012618131
110012618195
110012618266
110012618355
110012618364
110012618658
110012621252
110012621261
110012621270
110012621289
110012621298
110012621314
110012621332
110012621555
110012621564
110012621582
110012621608
110012621617
110012621653
110012621662
110012621680
110012621699
110012621779
110012621813
110012621868
110012621939
110012621984
110012622000
110012622019
110012622037
110012622046
110012622108
110012622215
110012622340
110012622368
110012622689
110012622723
110012622732
110012622741
110012622769
110012622778
110012622821
110012622849
110012622867
110012622901
110012622910
110012622974
110012623009
110012623027
110012623036
110012623045
110012623072
110012623107
110012623125
110012623134
110012623189
110012623198
110012623214
110012623223
110012623241
110012623250
110012623296
110012623321
110012623401
110012623447
110012623456
110012623465
110012623492
110012623526
110012623535
110012623544
110012623562
110012623571
110012623580
110012623606
110012623660
110012623688
110012623697
110012623731
110012623740
110012623759
110012623768
110012623777
110012623795
110012623937
110012623982
110012624179
110012624240
110012624277
110012624464
110012624507
110012624516
110012624874
110012625007
110012625221
110012625230
110012625285
110012625383
110012625481
110012625515
110012625748
110012629254
110012629290
110012629584
110012629799
110012629879
110012629904
110012630037
110012630091
110012630108
110012630144
110012630171
110012640794
110012641025
110012641169
110012641294
110012650470
110012650559
110012656820
110012659676
110012659694
110012659701
110012659729
110012659765
110012660021
110012660156
110012660174
110012660183
110012660192
110012660209
110012660254
110012660520
110012664492
110012664651
110012665160
110012665179
110012665188
110012665197
110012665222
110012665231
110012665400
110012665419
110012665455
110012665464
110012665491
110012665507
110012665525
110012665543
110012665552
110012665570
110012665632
110012665641
110012665650
110012665678
110012665687
110012665696
110012665703
110012665712
110012665847
110012665856
110012665874
110012665883
110012665909
110012665918
110012665927
110012665936
110012665981
110012665990
110012666007
110012666025
110012666043
110012674123
110012674347
110012674374
110012674392
110012674418
110012674427
110012674436
110012674454
110012674472
110012674481
110012674490
110012674506
110012674515
110012674524
110012674551
110012674579
110012674604
110012674622
110012674631
110012674640
110012674668
110012674962
110012675024
110012675033
110012675809
110012675854
110012675863
110012675989
110012676050
110012676292
110012676309
110012676318
110012676327
110012676336
110012676345
110012676363
110012676381
110012676390
110012676407
110012676416
110012676522
110012676611
110012676620
110012676639
110012676657
110012676666
110012676675
110012676700
110012676746
110012676764
110012676773
110012676791
110012676817
110012676826
110012676835
110012676853
110012676862
110012676906
110012676915
110012676924
110012676933
110012676942
110012676951
110012676960
110012676979
110012677031
110012677040
110012677068
110012677077
110012677111
110012677120
110012677139
110012677148
110012677166
110012677184
110012677193
110012677219
