110012677237
110012677273
110012677291
110012677308
110012677326
110012677371
110012677406
110012677415
110012677424
110012677433
110012677460
110012677479
110012677488
110012677497
110012677530
110012677558
110012677567
110012677576
110012677585
110012677610
110012677629
110012677656
110012677674
110012677683
110012677692
110012677709
110012677718
110012677736
110012677745
110012677781
110012677790
110012677807
110012677825
110012677834
110012677861
110012677898
110012677905
110012677914
110012677923
110012677932
110012677941
110012677950
110012677969
110012677978
110012678003
110012678012
110012678021
110012678049
110012678067
110012678085
110012678094
110012678218
110012678227
110012678236
110012678263
110012679556
110012679949
110012679985
110012680170
110012680624
110012680777
110012680795
110012680811
110012680820
110012681035
110012681044
110012681053
110012681062
110012681080
110012681099
110012681115
110012681133
110012681142
110012681320
110012681339
110012681348
110012681375
110012681393
110012681419
110012684345
110012684354
110012684363
110012684372
110012684381
110012684407
110012684531
110012686931
110012686940
110012686968
110012687495
110012687663
110012687681
110012688083
110012688136
110012688706
110012688715
110012688724
110012688859
110012688868
110012688877
110012688886
110012688895
110012688902
110012688911
110012688939
110012688957
110012688984
110012689000
110012689046
110012689108
110012689117
110012689180
110012689206
110012689215
110012689233
110012689251
110012689260
110012689279
110012689340
110012689368
110012689377
110012689723
110012689732
110012689741
110012689750
110012689778
110012689787
110012689803
110012689812
110012689830
110012691202
110012691211
110012691239
110012691248
110012691266
110012691284
110012691293
110012691319
110012691328
110012691337
110012691355
110012691364
110012693004
110012705359
110012705395
110012705402
110012705411
110012705420
110012705439
110012705457
110012705466
110012705475
110012705484
110012705527
110012705554
110012705563
110012705572
110012705590
110012705607
110012705705
110012705714
110012705723
110012705830
110012705849
110012705929
110012705938
110012705947
110012705956
110012705974
110012705992
110012706036
110012706045
110012706054
110012706063
110012706072
110012706081
110012706090
110012706116
110012706125
110012706134
110012706143
110012706152
110012706170
110012706214
110012706278
110012706303
110012706321
110012706330
110012706349
110012706358
110012706376
110012706410
110012706429
110012706438
110012706456
110012706483
110012706517
110012706526
110012706535
110012706544
110012706848
110012706857
110012706866
110012706884
110012706900
110012706919
110012706937
110012706946
110012706982
110012707035
110012707053
110012707062
110012707071
110012707080
110012707099
110012707106
110012707142
110012707179
110012707197
110012707204
110012707231
110012709961
110012709998
110012710021
110012710469
110012710478
110012710487
110012710735
110012711217
110012712065
110012712074
110012712083
110012712207
110012712216
110012712225
110012714456
110012714465
110012748688
110012748697
110012748713
110012748722
110012748731
110012749589
110012749605
110012749641
110012749730
110012749749
110012752645
110012752663
110012752681
110012752716
110012752725
110012752743
110012752752
110012752798
110012752805
110012752869
110012753074
110012753083
110012753092
110012753163
110012753172
110012753181
110012753207
110012753430
110012753467
110012753476
110012753485
110012753494
110012753528
110012753546
110012753564
110012753582
110012753591
110012753608
110012753617
110012753653
110012753662
110012753671
110012753680
110012753742
110012753751
110012753760
110012753779
110012753788
110012753797
110012753804
110012753831
110012753895
110012753902
110012753911
110012753920
110012753939
110012753957
110012753966
110012753984
110012754019
110012754046
110012754055
110012754073
110012754082
110012754117
110012754135
110012754162
110012754171
110012754233
110012754251
110012754260
110012754279
110012754288
110012754297
110012754304
110012754313
110012754340
110012754377
110012754395
110012754493
110012754778
110012754787
110012754796
110012754803
110012755866
110012755875
110012755900
110012755919
110012755937
110012755946
110012755955
110012755964
110012755982
110012755991
110012756008
110012756035
110012756044
110012756053
110012756071
110012756080
110012756099
110012798874
110012799935
110012799980
110012800166
110012800558
110012802770
110012802789
110012802798
110012802814
110012802823
110012804135
110012804545
110012804581
110012804590
110012804956
110012804983
110012807980
110012808006
110012808042
110012808060
110012808097
110012808104
110012808113
110012808131
110012808159
110012808177
110012808195
110012808211
110012808220
110012808239
110012808248
110012808275
110012808319
110012808541
110012808569
110012808587
110012808596
110012808603
110012808612
110012808621
110012808630
110012808649
110012808694
110012808701
110012808710
110012808729
110012808818
110012808827
110012808836
110012808854
110012808863
110012808881
110012808925
110012808943
110012808952
110012808970
110012809005
110012809014
110012809023
110012809032
110012809041
110012809069
110012809112
110012809121
110012809158
110012809167
110012809176
110012809194
110012809210
110012809229
110012809238
110012809256
110012809265
110012809274
110012809283
110012809292
110012809318
110012809327
110012809336
110012809345
110012809363
110012809372
110012809381
110012809425
110012809434
110012809461
110012809470
110012809498
110012809513
110012809522
110012809531
110012809540
110012809559
110012809577
110012809586
110012809602
110012809611
110012809620
110012809639
110012809666
110012809684
110012809693
110012809719
110012809728
110012809737
110012810002
110012810011
110012810057
110012810066
110012810075
110012810100
110012810119
110012810128
110012810235
110012810869
110012810878
110012811635
110012811644
110012811671
110012811680
110012811699
110012811706
110012811724
110012811733
110012811751
110012811760
110012811779
110012811788
110012811797
110012811813
110012816603
110012816612
110012816621
110012818727
110012819209
110012838527
110012838554
110012838661
110012838689
110012838741
110012838769
110012838849
110012838894
110012838965
110012838992
110012839018
110012839045
110012839090
110012839116
110012839161
110012839189
110012839232
110012839250
110012839303
110012839410
110012839483
110012839517
110012840417
110012840435
110012840541
110012840596
110012840621
110012840710
110012840747
110012840792
110012840836
110012840881
110012840970
110012840998
110012841023
110012841078
110012841096
110012841112
110012841167
110012841283
110012841372
110012841522
110012841577
110012841611
110012841648
110012841700
110012841808
110012841862
110012841933
110012842031
110012842148
110012842246
110012842264
110012842335
110012842399
110012842488
110012842558
110012842576
110012842601
110012842638
110012842674
110012842709
110012842772
110012842825
110012842870
110012842923
110012842978
110012843012
110012843049
110012843085
110012843156
110012843183
110012843227
110012843557
110012843628
110012843646
110012843682
110012843753
110012843799
110012843833
110012843860
110012843888
110012843931
110012843977
110012844011
110012844075
110012844128
110012844164
110012844743
110012844805
110012844869
110012845010
110012845038
110012845056
110012845074
110012845181
110012845350
110012845430
110012845485
110012845546
110012845644
110012845680
110012845706
110012845751
110012846395
110012846466
110012846545
110012846689
110012846849
110012846965
110012846983
110012847116
110012847287
110012847483
110012847544
110012847606
110012848008
110012848623
110012848641
110012849212
110012849347
110012849365
110012849515
110012849622
110012849800
110012849944
110012849999
110012850030
110012850067
110012850245
110012850307
110012850496
110012850520
110012850799
110012850842
110012850959
110012851100
110012851208
110012851226
110012851609
110012851690
110012851752
110012851798
110012852181
110012852207
110012852680
110012852797
110012852868
110012852911
110012853126
110012853279
110012853297
110012853386
110012853402
110012853420
110012853625
110012853885
110012853901
110012853965
110012854250
110012854483
110012854526
110012854599
110012854615
110012854660
110012854786
110012854811
110012854937
110012855286
110012855311
110012855491
110012855614
110012855632
110012855703
110012855758
110012855883
110012855990
110012856025
110012856105
110012856383
110012856445
110012856481
110012856588
110012856613
110012856748
110012856846
110012856908
110012857042
110012857088
110012857113
110012857195
110012857239
110012857453
110012857499
110012857550
110012857729
110012857774
110012857827
110012857907
110012857943
110012858023
110012859754
110012859807
110012891674
110012891807
110012892575
110012892593
110012892922
110012893011
110012893342
110012894305
110012894859
110012895055
110012895894
110012895974
110012896090
110012896223
110012897339
110012897838
110012904214
110012904429
110012904483
110012904526
110012905767
110012906659
110012907248
110012909031
110012909175
110012910127
110012910500
110012911117
110012911983
110012912312
110012912456
110012912633
110012912651
110012913213
110012913286
110012913311
110012914365
110012914819
110012915738
110012916041
110012916443
110012918156
110012918931
110012924210
110012928911
110012941237
110012941451
110012942441
110012942478
110012943814
110012943823
110012943850
110012943949
110012943967
110012944038
110012944225
110012944261
110012944305
110012944332
110012944387
110012944564
110012945563
110012945625
110012946250
110012946722
110012946768
110012946795
110012946811
110012947197
110012947339
110012947375
110012947455
110012947473
110012947552
110012947776
110012947954
110012948034
110012948098
110012948212
110012948294
110012948310
110012948329
110012948356
110012948454
110012948506
110012948640
110012948695
110012948775
110012948793
110012949079
110012949177
110012949471
110012949550
110012949569
110012949596
110012949747
110012949916
110012949934
110012949952
110012949970
110012950057
110012950066
110012950431
110012950930
110012950967
110012950994
110012951056
110012951118
110012951323
110012951332
110012951341
110012951528
110012951564
110012951886
110012951911
110012952046
110012952199
110012952288
110012952377
110012952723
110012952929
110012952956
110012953535
110012954561
110012956480
110012956523
110012967833
110012967959
110012968075
110012968093
110012968173
110012968217
110012969840
110012970080
110012970151
110012970213
110012970339
110012970357
110012970605
110012970712
110012970776
110012971025
110012971221
110012971276
110012971711
110012971784
110012972159
110012972239
110012972480
110012972578
110012972765
110012972783
110012972818
110012972907
110012973023
110012973032
110012973407
110012973434
110012973489
110012973773
110012973906
110012973951
110012974013
110012974077
110012974415
110012974576
110012974629
110012974656
110012974718
110012974745
110012975012
110012975209
110012975405
110012975520
110012975557
110012975655
110012975860
110012975888
110012976510
110012976574
110012976681
110012976770
110012977010
110012977038
110012977332
110012977421
110012977485
110012977591
110012977653
110012977733
110012977840
110012977948
110012978117
110012978153
110012978206
110012978279
110012978322
110012978377
110012978395
110012978484
110012978572
110012978769
110012978901
110012978965
110012979027
110012979107
110012979152
110012979410
110012979535
110012979704
110012979759
110012979919
110012980382
110012980471
110012980676
110012980881
110012981103
110012981176
110012981568
110012981648
110012981746
110012982004
110012982068
110012982228
110012982317
110012982629
110012982665
110012982807
110012982950
110012982978
110012983049
110012983209
110012983245
110012983307
110012983520
110012983664
110012983735
110012983762
110012983780
110012983904
110012983922
110012983940
110012983995
110012984057
110012984191
110012984244
110012984324
110012984379
110012984510
110012984538
110012984565
110012984583
110012984805
110012984921
110012985190
110012985396
110012985403
110012985591
110012985653
110012985760
110012985813
110012985895
110012986135
110012986162
110012986484
110012986947
110012987116
110012987508
110012987651
110012987900
110012987946
110012988099
110012988133
110012988525
110012988598
110012988847
110012989196
110012989267
110012989383
110012989427
110012989720
110012989784
110012989980
110012990148
110012990460
110012990601
110012990638
110012990763
110012991334
110012991352
110012991414
110012992477
110012992510
110012992896
110012992930
110012993145
110012993671
110012994073
110012994714
110012995125
110012995170
110012995232
110012995296
110012995330
110012995802
110012996419
110012996981
110012997034
110012997258
110012997711
110012997837
110012997935
110012998480
110012998756
110012998881
110012999112
110012999639
110012999880
110013000064
110013000484
110013000518
110013001296
110013002856
110013004168
