110013005602
110013006077
110013007593
110013007833
110013008066
110013008618
110013009403
110013009449
110013009715
110013010179
110013010222
110013010669
110013010810
110013010945
110013011016
110013011640
110013011766
110013012168
110013012195
110013013050
110013014308
110013014479
110013014558
110013014638
110013015094
110013015432
110013015664
110013015717
110013016681
110013018091
110013018643
110013019018
110013019811
110013019955
110013020319
110013020827
110013021087
110013021336
110013021522
110013021639
110013021853
110013021942
110013021988
110013022004
110013022031
110013022077
110013023316
110013024057
110013024280
110013024887
110013026215
110013123510
110013124378
110013124797
110013125082
110013125661
110013127302
110013128515
110013130405
110013130423
110013132671
110013134474
110013134580
110013136043
110013138933
110013141938
110013143419
110013144800
110013145257
110013145300
110013145747
110013145916
110013146014
110013150883
110013153755
110013154709
110013157715
110013158714
110013160284
110013160355
110013160391
110013160952
110013160970
110013161130
110013161158
110013161531
110013161782
110013161880
110013161906
110013161942
110013162040
110013162068
110013162086
110013162344
110013162380
110013162460
110013162521
110013162549
110013162567
110013162665
110013162852
110013163012
110013163156
110013163218
110013163664
110013163682
110013163744
110013163968
110013164002
110013164146
110013164208
110013164244
110013164280
110013164306
110013164324
110013164609
110013164645
110013164663
110013165118
110013165564
110013165742
110013165760
110013166260
110013166402
110013166625
110013166661
110013166689
110013166705
110013166983
110013167269
110013167321
110013167544
110013168008
110013168222
110013168357
110013168570
110013168650
110013168696
110013168730
110013168758
110013168794
110013168838
110013168856
110013169123
110013169329
110013169427
110013169793
110013169917
110013170013
110013170095
110013170111
110013170139
110013170175
110013170219
110013170317
110013170460
110013170488
110013170549
110013170665
110013170683
110013170709
110013170763
110013170807
110013171101
110013171165
110013171209
110013171566
110013171726
110013171842
110013171986
110013172020
110013172182
110013172841
110013173225
110013173243
110013173582
110013174206
110013174224
110013174322
110013174466
110013174527
110013174607
110013174625
110013174661
110013174769
110013175045
110013175063
110013175125
110013175143
110013175205
110013175303
110013175820
110013176008
110013176160
110013176222
110013176623
110013176703
110013176981
110013191786
110013191802
110013191866
110013191893
110013192071
110013192151
110013192179
110013192268
110013192473
110013192516
110013192525
110013192561
110013192598
110013192669
110013192687
110013192776
110013192856
110013192865
110013192874
110013192918
110013192990
110013193007
110013193025
110013193052
110013193089
110013193098
110013193132
110013193276
110013193310
110013193347
110013193374
110013193383
110013193392
110013193409
110013193427
110013193436
110013193454
110013193463
110013193506
110013193515
110013193766
110013193775
110013193800
110013193819
110013193828
110013193908
110013194177
110013194257
110013194284
110013194319
110013194364
110013194444
110013194499
110013194514
110013194630
110013194649
110013194667
110013194694
110013194701
110013194738
110013194774
110013194792
110013195005
110013195023
110013195032
110013195041
110013195194
110013195201
110013195210
110013195229
110013195247
110013195265
110013195345
110013195470
110013195504
110013195531
110013195648
110013195657
110013195719
110013195737
110013195808
110013195826
110013195871
110013196479
110013196488
110013196497
110013196512
110013196549
110013196558
110013196610
110013196709
110013196816
110013196825
110013196978
110013197012
110013197352
110013197361
110013197389
110013197414
110013197487
110013197726
110013197744
110013197799
110013197806
110013197824
110013221030
110013221334
110013221762
110013222413
110013224331
110013226455
110013227025
110013227285
110013228694
110013229078
110013229096
110013229238
110013229416
110013230351
110013230440
110013231029
110013231074
110013231145
110013231449
110013231519
110013231537
110013231699
110013232019
110013232117
110013232171
110013232279
110013232402
110013232670
110013233009
110013233278
110013233483
110013233562
110013233660
110013234008
110013235203
110013235356
110013235383
110013235409
110013235427
110013235739
110013236569
110013236694
110013242801
110013242936
110013242963
110013243178
110013243622
110013244328
110013244364
110013244499
110013244809
110013244863
110013244907
110013245032
110013245185
110013245274
110013245372
110013245522
110013245620
110013245684
110013245764
110013245782
110013245853
110013245899
110013245960
110013246068
110013246326
110013246362
110013246415
110013270110
110013282198
110013282223
110013282312
110013282447
110013284409
110013284542
110013284748
110013284891
110013284935
110013284944
110013284962
110013284980
110013284999
110013285024
110013285033
110013285051
110013285140
110013285168
110013285177
110013285863
110013287442
110013287451
110013287460
110013287488
110013287549
110013287567
110013287610
110013287629
110013287647
110013287692
110013287718
110013287727
110013287736
110013287745
110013287754
110013287772
110013287781
110013287816
110013287825
110013287834
110013287843
110013287852
110013287870
110013287978
110013288021
110013288030
110013288049
110013288076
110013288085
110013288094
110013288101
110013288110
110013289066
110013289164
110013289333
110013289351
110013289379
110013289397
110013289574
110013289592
110013289770
110013289798
110013289805
110013289823
110013289841
110013289869
110013289887
110013289921
110013289949
110013291534
110013291543
110013291561
110013292301
110013292329
110013292356
110013292427
110013293355
110013293373
110013293391
110013293417
110013293621
110013293952
110013293970
110013293989
110013294005
110013294023
110013294050
110013294078
110013294103
110013294121
110013294130
110013294158
110013294176
110013294201
110013294229
110013294256
110013294274
110013294292
110013294345
110013294363
110013294372
110013294390
110013294407
110013294416
110013294425
110013294434
110013294443
110013294461
110013294489
110013294504
110013294559
110013294595
110013294611
110013294639
110013294657
110013294693
110013294719
110013294737
110013294764
110013294782
110013294808
110013294817
110013294826
110013294835
110013294880
110013294899
110013294933
110013294951
110013294979
110013295013
110013295040
110013295059
110013295068
110013295111
110013295193
110013295228
110013295246
110013295264
110013295291
110013295326
110013295353
110013295442
110013295460
110013295479
110013295497
110013295530
110013295567
110013295601
110013295629
110013295665
110013295683
110013295709
110013295736
110013295745
110013296156
110013296165
110013297208
110013297280
110013297306
110013297315
110013297422
110013297459
110013297501
110013299304
110013299331
110013299377
110013299395
110013299420
110013299448
110013299484
110013299554
110013299572
110013299581
110013299590
110013299607
110013299616
110013299634
110013299643
110013299661
110013299689
110013299812
110013299867
110013299876
110013299910
110013299947
110013299965
110013299983
110013299992
110013300007
110013300025
110013300043
110013300070
110013300089
110013300098
110013300105
110013300114
110013300123
110013300132
110013300141
110013300169
110013300196
110013300203
110013300212
110013300230
110013300258
110013300276
110013300294
110013300310
110013300338
110013300347
110013300356
110013300365
110013300383
110013300418
110013300436
110013300445
110013300463
110013300481
110013300515
110013300533
110013300542
110013300560
110013300588
110013300613
110013300622
110013300659
110013300668
110013300686
110013300695
110013300711
110013300739
110013300757
110013300775
110013300784
110013300800
110013300828
110013300837
110013300864
110013300873
110013300891
110013300908
110013300926
110013300944
110013300962
110013300980
110013300999
110013301015
110013301033
110013301051
110013301104
110013301122
110013301140
110013301168
110013301186
110013301195
110013301202
110013301220
110013301239
110013301257
110013301266
110013301284
110013301293
110013301337
110013301355
110013301382
110013301391
110013301417
110013301453
110013301471
110013301505
110013301523
110013301532
110013301550
110013301569
110013301603
110013301612
110013301630
110013301649
110013301685
110013301701
110013301729
110013301747
110013301756
110013301774
110013301792
110013301827
110013301845
110013301854
110013301872
110013301881
110013301907
110013301952
110013301961
110013301989
110013301998
110013302014
110013302050
110013302078
110013302096
110013302112
110013302130
110013302149
110013302167
110013302185
110013302194
110013302210
110013302229
110013302247
110013302265
110013302292
110013302309
110013302336
110013302354
110013302381
110013302407
110013302434
110013302443
110013302461
110013302489
110013302504
110013302513
110013302531
110013302559
110013302568
110013302586
110013302595
110013302611
110013302620
110013302657
110013302675
110013302684
110013302700
110013302746
110013302755
110013302773
110013302791
110013302817
110013302835
110013302853
110013302871
110013302899
110013302906
110013302924
110013302942
110013302951
110013302979
110013303004
110013303022
110013303040
110013303095
110013303102
110013303120
110013303139
110013303157
110013303166
110013303184
110013303200
110013303228
110013303246
110013303264
110013303273
110013303291
110013303317
110013303326
110013303335
110013303371
110013303399
110013303415
110013303424
110013303442
110013303460
110013303479
110013303497
110013303521
110013303549
110013303567
110013303585
110013303594
110013303610
110013303638
110013303665
110013303692
110013303718
110013303727
110013303763
110013303781
110013303816
110013303843
110013303870
110013303898
110013303923
110013303932
110013303950
110013304192
110013304209
110013304218
110013304236
110013304254
110013304263
110013304281
110013304290
110013304307
110013304325
110013304334
110013304361
110013304389
110013304398
110013304414
110013304432
110013306975
110013306993
110013307073
110013307091
110013307108
110013307992
110013308027
110013308045
110013308072
110013308090
110013308116
110013311852
110013311870
110013311914
110013311923
110013311941
110013312129
110013312236
110013312245
110013312254
110013312263
110013312272
110013312290
110013312316
110013312325
110013312343
110013312352
110013312361
110013312370
110013312389
110013312539
110013312575
110013313789
110013313850
110013315233
110013315466
110013315607
110013315796
110013315938
110013316036
110013316152
110013316223
110013316287
110013316624
110013316633
110013316731
110013316759
110013316795
110013316802
110013316811
110013317179
110013317188
110013317197
110013317213
110013317222
110013317259
110013317268
110013317277
110013317534
110013318123
110013318132
110013318613
110013321226
110013321235
110013321351
110013321379
110013321388
110013322494
110013322500
110013322706
110013323144
110013323331
110013323340
110013323359
110013323368
110013323377
110013323386
110013323439
110013323448
110013323457
110013323466
110013323475
110013323484
110013323493
110013323527
110013323536
110013323545
110013323581
110013323607
110013323616
110013323625
110013323643
110013323652
110013323689
110013323698
110013325160
110013326230
110013326873
110013326917
110013326935
110013327079
110013327088
110013327122
110013327532
110013327596
110013327854
110013328336
110013328737
110013328791
110013328924
110013328951
110013328988
110013328997
110013329004
110013329255
110013329273
110013329291
110013329326
110013329353
110013329371
110013329433
110013329585
110013329594
110013329638
110013329656
110013329692
110013330001
110013330118
110013330537
110013330555
110013330573
110013330582
110013330662
110013330822
110013330840
110013335408
110013335499
110013335649
110013335667
110013335701
110013335809
110013335836
110013336390
110013336522
110013337004
110013337068
110013337442
110013339351
110013339360
110013339404
110013341240
110013341268
110013341348
110013341366
110013341375
110013341981
110013342034
110013342711
110013342720
110013342757
110013342766
110013342891
110013343015
110013343042
110013345460
110013345479
110013345683
110013345709
110013345718
110013345727
110013345745
110013346174
110013346192
110013346209
110013346218
110013346227
110013346236
110013346272
110013346281
110013346290
110013346325
110013346334
110013346352
110013346370
110013346389
110013346977
110013347011
110013347315
110013347324
110013347333
110013347342
110013347351
110013347397
110013347565
110013347574
110013347583
110013347627
110013347636
110013347654
110013350408
110013351853
110013351862
110013351899
110013351906
110013351915
110013351933
110013351942
110013351951
110013357474
110013357483
110013357651
110013357740
110013357759
110013357768
110013357777
110013357786
110013357795
110013357802
