110013357820
110013357839
110013357857
110013357866
110013357875
110013357884
110013357893
110013357900
110013357919
110013357928
110013357937
110013357946
110013357955
110013357964
110013357973
110013357982
110013358008
110013358017
110013358026
110013358035
110013358044
110013358053
110013358071
110013358080
110013358099
110013358115
110013358124
110013358133
110013358151
110013358160
110013358179
110013358188
110013358204
110013358213
110013358231
110013358259
110013358464
110013358473
110013358482
110013358491
110013358507
110013358516
110013358525
110013358534
110013359720
110013360264
110013360326
110013361129
110013361147
110013361174
110013361281
110013361860
110013361897
110013361922
110013362011
110013362155
110013362388
110013362431
110013362627
110013363458
110013364607
110013364625
110013367463
110013368480
110013369265
110013369318
110013369381
110013369425
110013369461
110013369540
110013369577
110013369611
110013369684
110013369728
110013369844
110013369906
110013369933
110013369988
110013370084
110013370137
110013370164
110013370244
110013370271
110013370306
110013370379
110013370404
110013370501
110013370556
110013370583
110013370618
110013370645
110013370672
110013370690
110013370743
110013370823
110013370850
110013370887
110013370949
110013370994
110013371029
110013371074
110013371109
110013371145
110013371154
110013371216
110013371234
110013371350
110013371494
110013371537
110013371582
110013371680
110013371742
110013371797
110013371822
110013371859
110013371911
110013371966
110013371993
110013372028
110013372082
110013372126
110013372153
110013372199
110013372279
110013372322
110013372395
110013372420
110013372484
110013372527
110013372554
110013372643
110013372689
110013372732
110013372787
110013372821
110013372858
110013372901
110013372910
110013372956
110013372992
110013373036
110013373063
110013373107
110013373125
110013373189
110013373214
110013373269
110013373303
110013373410
110013373438
110013373474
110013373526
110013373535
110013373580
110013373704
110013373740
110013373802
110013373928
110013373964
110013374017
110013374044
110013374071
110013374142
110013374295
110013374339
110013374393
110013374437
110013374482
110013374516
110013374552
110013374623
110013374641
110013374696
110013374730
110013374801
110013374838
110013374874
110013374918
110013374945
110013374963
110013375007
110013375034
110013375052
110013375089
110013375132
110013375169
110013375249
110013375267
110013375365
110013375445
110013375472
110013375515
110013375551
110013375677
110013375775
110013375837
110013375882
110013376471
110013376532
110013376587
110013376685
110013376783
110013376961
110013377032
110013377096
110013377158
110013377185
110013377210
110013377256
110013377318
110013377336
110013377443
110013377531
110013377540
110013377577
110013378585
110013378601
110013378718
110013378932
110013380867
110013380885
110013380929
110013380974
110013381116
110013381205
110013381269
110013381312
110013381330
110013381367
110013381385
110013381508
110013381526
110013381553
110013381599
110013384168
110013385979
110013386004
110013386013
110013386674
110013394610
110013394692
110013394718
110013394727
110013394736
110013394745
110013394754
110013394987
110013394996
110013395003
110013395806
110013396137
110013396208
110013396217
110013396226
110013396235
110013396244
110013396262
110013396299
110013396306
110013397136
110013397476
110013399125
110013399223
110013399303
110013399456
110013399492
110013399606
110013399964
110013400006
110013400042
110013400159
110013400293
110013400319
110013400328
110013400346
110013400391
110013400523
110013400667
110013400676
110013400765
110013400934
110013401096
110013401103
110013401158
110013402772
110013402781
110013402790
110013402852
110013402861
110013402950
110013402969
110013403003
110013403030
110013403049
110013403067
110013403076
110013404495
110013404501
110013404681
110013404690
110013404707
110013404716
110013404725
110013404734
110013404770
110013404887
110013404930
110013405010
110013405029
110013405047
110013405065
110013405083
110013405154
110013405163
110013405172
110013405181
110013405190
110013405207
110013405216
110013405305
110013405387
110013405403
110013405500
110013408428
110013408437
110013408446
110013408455
110013409105
110013409212
110013409338
110013409463
110013409524
110013409533
110013409542
110013409560
110013409579
110013409702
110013409748
110013409757
110013409775
110013409784
110013409873
110013409908
110013409935
110013409944
110013409953
110013409999
110013410148
110013410166
110013410291
110013410317
110013410344
110013410433
110013410451
110013410692
110013410941
110013410969
110013411003
110013411030
110013411058
110013411085
110013411094
110013411101
110013411110
110013411129
110013411138
110013411156
110013411165
110013411174
110013411192
110013411245
110013411254
110013411272
110013411307
110013411334
110013411352
110013411361
110013411389
110013411398
110013411405
110013411414
110013411423
110013411450
110013411469
110013411566
110013411575
110013411600
110013411619
110013411637
110013411646
110013411655
110013411664
110013411691
110013411726
110013411753
110013411762
110013411799
110013411824
110013411833
110013411860
110013411940
110013411959
110013412100
110013412128
110013412137
110013412146
110013412155
110013412173
110013412191
110013412208
110013412217
110013412315
110013412324
110013412333
110013412351
110013412459
110013412477
110013412486
110013412501
110013412583
110013412645
110013412663
110013412672
110013412716
110013412743
110013412798
110013412805
110013412878
110013412958
110013413038
110013413047
110013413074
110013413092
110013413127
110013413145
110013413190
110013413216
110013413225
110013413234
110013413252
110013413298
110013413314
110013413341
110013413369
110013413485
110013413494
110013413500
110013413555
110013413591
110013413715
110013413751
110013413868
110013413886
110013413920
110013413957
110013414000
110013414019
110013414037
110013414055
110013414108
110013414126
110013414135
110013414144
110013414153
110013414199
110013414288
110013414297
110013414377
110013414395
110013414411
110013414420
110013414466
110013414484
110013414518
110013414590
110013414643
110013414689
110013414723
110013414732
110013414750
110013414803
110013414812
110013414867
110013414876
110013414894
110013414901
110013415018
110013415036
110013415054
110013415063
110013415107
110013415125
110013415170
110013415223
110013415269
110013415287
110013415296
110013415303
110013415349
110013415376
110013415438
110013415571
110013415660
110013415679
110013415768
110013415777
110013415839
110013415919
110013415937
110013415946
110013415964
110013416017
110013416053
110013416099
110013416151
110013416179
110013416188
110013416197
110013416213
110013416240
110013416277
110013416295
110013416311
110013416393
110013416419
110013416437
110013416473
110013416482
110013416534
110013416543
110013416561
110013416598
110013416605
110013416614
110013416641
110013416678
110013416696
110013416730
110013416856
110013416874
110013416909
110013416954
110013416990
110013417025
110013417052
110013417178
110013417196
110013417203
110013417267
110013417276
110013417285
110013417418
110013417481
110013417490
110013417542
110013417551
110013417560
110013417588
110013417597
110013417622
110013417640
110013417668
110013417775
110013417784
110013417800
110013417864
110013417926
110013418024
110013418104
110013418122
110013418131
110013418159
110013418211
110013418248
110013418293
110013418328
110013418337
110013418355
110013418462
110013418480
110013418514
110013418596
110013418603
110013418621
110013418658
110013418676
110013418694
110013418729
110013418738
110013418756
110013418845
110013418872
110013418925
110013418952
110013418961
110013418989
110013419014
110013419078
110013419130
110013419167
110013419185
110013419201
110013419256
110013419345
110013419363
110013419425
110013419443
110013419504
110013419531
110013419577
110013419586
110013419595
110013419639
110013419666
110013419693
110013419719
110013419728
110013419773
110013419791
110013419808
110013419817
110013419844
110013419871
110013419880
110013419915
110013419924
110013419942
110013419951
110013419960
110013420020
110013420048
110013420066
110013420075
110013420093
110013420119
110013420137
110013420146
110013420164
110013420182
110013420191
110013420280
110013420379
110013420397
110013420422
110013420431
110013420468
110013420495
110013420556
110013420565
110013420574
110013420663
110013420681
110013420707
110013420716
110013420734
110013420770
110013420798
110013420841
110013420878
110013420887
110013420930
110013420958
110013420985
110013421047
110013421074
110013421083
110013421136
110013421181
110013421225
110013421234
110013421305
110013421350
110013421378
110013421412
110013421421
110013421467
110013421485
110013421500
110013421582
110013421617
110013421635
110013421644
110013421653
110013421662
110013421680
110013421724
110013421751
110013421859
110013421868
110013421939
110013421984
110013422037
110013422046
110013422064
110013422162
110013422206
110013422288
110013422331
110013422386
110013422484
110013422572
110013422723
110013422732
110013422778
110013422821
110013422867
110013422894
110013422901
110013423009
110013423018
110013423045
110013423081
110013423116
110013423143
110013423170
110013423287
110013423358
110013423376
110013423456
110013423492
110013423571
110013423580
110013423606
110013423624
110013423642
110013423660
110013423688
110013423704
110013423713
110013423740
110013423759
110013423768
110013423777
110013423802
110013423839
110013423857
110013423884
110013423955
110013423973
110013424017
110013424026
110013424044
110013424062
110013424115
110013424133
110013424142
110013424160
110013424213
110013424222
110013424240
110013424268
110013424286
110013424428
110013424525
110013424543
110013424589
110013424721
110013424767
110013424801
110013424954
110013424963
110013425007
110013425098
110013425178
110013425196
110013425338
110013425409
110013425454
110013425481
110013425515
110013425560
110013425579
110013425588
110013425613
110013425622
110013425757
110013425775
110013425873
110013425882
110013425908
110013425917
110013425944
110013425971
110013425980
110013426015
110013426024
110013426060
110013426079
110013426113
110013426122
110013426168
110013426257
110013426293
110013426382
110013426444
110013426471
110013426514
110013426569
110013426890
110013426943
110013426970
110013427014
110013427032
110013427087
110013427176
110013427229
110013427309
110013427318
110013427345
110013427372
110013427381
110013427452
110013427461
110013427513
110013427531
110013427595
110013427657
110013427666
110013427684
110013427719
110013427728
110013427835
110013427853
110013427871
110013427942
110013427960
110013427979
110013428022
110013428102
110013428157
110013428200
110013428264
110013428282
110013428308
110013428362
110013428399
110013428415
110013428424
110013428433
110013428451
110013428479
110013428488
110013428530
110013428549
110013428585
110013428638
110013428647
110013428709
110013428718
110013428736
110013428754
110013428816
110013428825
110013428834
110013428852
110013428898
110013428914
110013428978
110013429021
110013429030
110013429067
110013429254
110013429272
110013429361
110013429450
110013429478
110013429557
110013429584
110013429637
110013429655
110013429664
110013429673
110013429682
110013429771
110013429780
110013429806
110013429833
110013429888
110013429904
110013429940
110013429968
110013429986
110013430000
110013430037
110013430091
110013430108
110013430126
110013430162
110013430180
110013430242
110013430386
110013430420
110013430493
110013430527
110013430554
110013430607
110013430634
110013430787
110013430796
110013430812
110013430867
110013430992
110013431009
110013431063
110013431143
110013431152
110013431241
110013431269
110013431330
110013431358
110013431385
110013431394
110013431401
110013431429
110013431465
110013431474
110013431526
110013431580
110013431740
110013431777
110013431839
110013431884
110013431893
110013431937
110013431946
110013431955
110013431973
110013431982
110013432133
110013432188
110013432204
110013432213
110013432231
110013432286
110013432366
110013432375
110013432516
110013432525
110013432570
110013432632
110013432678
110013432687
110013432767
110013432847
110013432856
110013432865
110013432883
110013432892
110013432918
110013432927
110013432981
110013433043
110013433089
110013433114
110013433178
110013433221
110013433249
110013433329
110013433383
110013433392
110013433427
110013433463
110013433481
110013433515
110013433579
110013433604
110013433613
110013433668
110013433702
110013433739
110013433757
110013433828
110013433864
110013433917
110013433926
110013433953
110013433999
110013434006
110013434079
110013434122
110013434159
110013434177
110013434266
110013434293
110013434408
110013434453
110013434499
110013434523
110013434603
110013434667
110013434676
110013434747
110013434765
110013434783
110013434809
110013434836
110013434881
110013434934
110013434961
110013435014
