110013435087
110013435121
110013435158
110013435176
110013435185
110013435194
110013435201
110013435229
110013435238
110013435265
110013435283
110013435292
110013435354
110013435381
110013435452
110013435489
110013435504
110013435513
110013435540
110013435648
110013435666
110013435693
110013435746
110013435755
110013435899
110013435942
110013436031
110013436077
110013436200
110013436246
110013436282
110013436308
110013436335
110013436344
110013436399
110013436415
110013436638
110013436656
110013436772
110013436781
110013436790
110013436816
110013436889
110013436898
110013436932
110013437049
110013437101
110013437165
110013437192
110013437227
110013437263
110013437272
110013437281
110013437423
110013437502
110013437566
110013437575
110013437584
110013437628
110013437637
110013437717
110013437762
110013437815
110013437851
110013437904
110013437931
110013437986
110013438002
110013438057
110013438066
110013438093
110013438191
110013438262
110013438342
110013438351
110013438379
110013438501
110013438565
110013438583
110013438609
110013438645
110013438672
110013438681
110013438725
110013438743
110013438805
110013438841
110013438850
110013438878
110013438887
110013438921
110013438967
110013439029
110013439038
110013439047
110013439065
110013439074
110013439092
110013439109
110013439136
110013439181
110013439190
110013439207
110013439216
110013439261
110013439305
110013439350
110013439476
110013439494
110013439500
110013439519
110013439528
110013439555
110013439635
110013439699
110013439706
110013439742
110013439779
110013439797
110013439813
110013439886
110013440053
110013440062
110013440099
110013440106
110013440115
110013440240
110013440437
110013440525
110013440598
110013440623
110013440650
110013440669
110013440678
110013440767
110013440794
110013440829
110013440856
110013440892
110013440963
110013440981
110013441034
110013441061
110013441070
110013441089
110013441123
110013441141
110013441150
110013441169
110013441212
110013441230
110013441347
110013441365
110013441383
110013441409
110013441445
110013441472
110013441579
110013441588
110013441597
110013441622
110013441640
110013441659
110013441711
110013441720
110013441739
110013441855
110013441908
110013441917
110013441935
110013441944
110013441953
110013441980
110013442042
110013442088
110013442104
110013442122
110013442131
110013442140
110013442195
110013442202
110013442248
110013442266
110013442284
110013442293
110013442328
110013442355
110013442453
110013442462
110013442499
110013442523
110013442541
110013442569
110013442578
110013442621
110013442649
110013442667
110013442676
110013442774
110013442827
110013442854
110013442863
110013442970
110013443005
110013443087
110013443194
110013443238
110013443309
110013443345
110013443416
110013443452
110013443498
110013443522
110013443568
110013443586
110013443648
110013443666
110013443693
110013443728
110013443746
110013443764
110013443791
110013443826
110013443871
110013443880
110013443951
110013443997
110013444004
110013444022
110013444139
110013444184
110013444193
110013444219
110013444255
110013444264
110013444406
110013444415
110013444424
110013444638
110013444647
110013444683
110013444692
110013444709
110013444727
110013444736
110013444745
110013444763
110013444807
110013444825
110013444834
110013444861
110013444905
110013444923
110013444950
110013444969
110013444987
110013445030
110013445058
110013445192
110013445272
110013445316
110013445423
110013445478
110013445548
110013445566
110013445600
110013445646
110013445762
110013445851
110013445860
110013445888
110013445913
110013445922
110013446075
110013446084
110013446100
110013446119
110013446128
110013446146
110013446182
110013446208
110013446253
110013446280
110013446299
110013446333
110013446529
110013446547
110013446565
110013446618
110013446627
110013446645
110013446672
110013446681
110013446707
110013446725
110013446734
110013446743
110013446761
110013446770
110013446823
110013446878
110013446896
110013446903
110013446967
110013446976
110013446994
110013447029
110013447047
110013447109
110013447172
110013447252
110013447261
110013447332
110013447369
110013447378
110013447403
110013447430
110013447458
110013447467
110013447617
110013447653
110013447715
110013447760
110013447779
110013447788
110013447831
110013447877
110013447902
110013447920
110013447948
110013447957
110013447993
110013448019
110013448037
110013448117
110013448144
110013448153
110013448215
110013448242
110013448313
110013448331
110013448484
110013448527
110013448545
110013448607
110013448661
110013448705
110013448723
110013448830
110013448894
110013448938
110013448992
110013449045
110013449054
110013449125
110013449205
110013449250
110013449296
110013449303
110013449330
110013449376
110013449483
110013449492
110013449544
110013449606
110013449642
110013449660
110013449697
110013449713
110013449722
110013449731
110013449740
110013449768
110013449786
110013449811
110013449866
110013449928
110013449937
110013449973
110013449991
110013450005
110013450032
110013450050
110013450078
110013450087
110013450130
110013450149
110013450167
110013450247
110013450274
110013450292
110013450309
110013450327
110013450354
110013450407
110013450470
110013450531
110013450559
110013450568
110013450639
110013450675
110013450746
110013450755
110013450791
110013450817
110013450899
110013450915
110013450988
110013451013
110013451095
110013451120
110013451228
110013451273
110013451308
110013451335
110013451451
110013451488
110013451647
110013451861
110013451870
110013451889
110013451898
110013451914
110013451932
110013451978
110013452003
110013452012
110013452049
110013452067
110013452076
110013452094
110013452129
110013452138
110013452209
110013452316
110013452389
110013452450
110013452557
110013452619
110013452673
110013452682
110013452717
110013452799
110013452806
110013452888
110013452897
110013453020
110013453342
110013453404
110013453422
110013453459
110013453486
110013453495
110013453574
110013453609
110013453654
110013453716
110013453725
110013453734
110013453798
110013453823
110013453878
110013453896
110013453903
110013453912
110013453985
110013454001
110013454047
110013454065
110013454074
110013454136
110013454172
110013454207
110013454216
110013454234
110013454243
110013454261
110013454298
110013454323
110013454332
110013454369
110013454421
110013454449
110013454476
110013454519
110013454591
110013454626
110013454635
110013454644
110013454653
110013454662
110013454671
110013454715
110013454724
110013454751
110013454779
110013454788
110013454868
110013454911
110013454920
110013454939
110013454957
110013454975
110013454993
110013455000
110013455135
110013455144
110013455199
110013455233
110013455242
110013455279
110013455297
110013455304
110013455359
110013455377
110013455402
110013455518
110013455536
110013455563
110013455581
110013455607
110013455643
110013455705
110013455714
110013455723
110013455741
110013455787
110013455796
110013455803
110013455830
110013455849
110013455876
110013455885
110013455894
110013455938
110013455983
110013456027
110013456072
110013456116
110013456125
110013456134
110013456152
110013456161
110013456241
110013456250
110013456269
110013456278
110013456296
110013456321
110013456358
110013456385
110013456410
110013456429
110013456465
110013456517
110013456562
110013456571
110013456642
110013456651
110013456679
110013456697
110013456713
110013456759
110013456777
110013456786
110013456802
110013456820
110013456955
110013457053
110013457062
110013457124
110013457142
110013457151
110013457179
110013457197
110013457204
110013457231
110013457268
110013457348
110013457357
110013457437
110013457455
110013457491
110013457525
110013457543
110013457632
110013457678
110013457712
110013457794
110013457883
110013457909
110013457927
110013457936
110013458089
110013458098
110013458123
110013458374
110013458392
110013458445
110013458506
110013458757
110013458837
110013458908
110013458935
110013458953
110013458980
110013458999
110013459024
110013459051
110013459079
110013459113
110013459122
110013459159
110013459168
110013459202
110013459257
110013459373
110013459391
110013459621
110013459630
110013459649
110013459676
110013459765
110013459774
110013459792
110013459818
110013459845
110013459854
110013459943
110013459998
110013460067
110013460147
110013460156
110013460183
110013460227
110013460263
110013460272
110013460281
110013460307
110013460370
110013460414
110013460450
110013460487
110013460511
110013460584
110013460600
110013460619
110013460708
110013460806
110013460851
110013461100
110013461182
110013461226
110013461235
110013461262
110013461404
110013461440
110013461477
110013461501
110013461529
110013461609
110013461636
110013461681
110013461761
110013461789
110013461805
110013461887
110013461903
110013461921
110013461949
110013462010
110013462092
110013462172
110013462181
110013462252
110013462289
110013462298
110013462305
110013462314
110013462332
110013462369
110013462396
110013462403
110013462430
110013462467
110013462485
110013462519
110013462555
110013462591
110013462671
110013462742
110013462760
110013462831
110013462840
110013462859
110013462868
110013462920
110013463028
110013463046
110013463144
110013463233
110013463242
110013463260
110013463304
110013463386
110013463466
110013463518
110013463616
110013463698
110013463723
110013463732
110013463787
110013463812
110013463938
110013463974
110013463983
110013464009
110013464018
110013464045
110013464063
110013464081
110013464107
110013464116
110013464125
110013464134
110013464143
110013464161
110013464189
110013464198
110013464223
110013464232
110013464303
110013464312
110013464367
110013464385
110013464394
110013464429
110013464465
110013464517
110013464606
110013464697
110013464740
110013464768
110013464777
110013464811
110013464820
110013464839
110013464866
110013464937
110013464973
110013465071
110013465080
110013465124
110013465188
110013465222
110013465268
110013465277
110013465311
110013465366
110013465446
110013465507
110013465516
110013465525
110013465534
110013465598
110013465632
110013465641
110013465696
110013465721
110013465730
110013465749
110013465847
110013465883
110013465892
110013465936
110013466098
110013466203
110013466230
110013466310
110013466329
110013466338
110013466356
110013466383
110013466436
110013466481
110013466490
110013466515
110013466551
110013466560
110013466597
110013466640
110013466668
110013466686
110013466720
110013466748
110013466775
110013466793
110013466873
110013466935
110013466971
110013467024
110013467042
110013467097
110013467113
110013467131
110013467159
110013467177
110013467202
110013467220
110013467239
110013467266
110013467300
110013467319
110013467346
110013467355
110013467373
110013467444
110013467453
110013467499
110013467578
110013467603
110013467658
110013467710
110013467729
110013467765
110013467792
110013467818
110013467854
110013467863
110013467881
110013467916
110013467970
110013468050
110013468103
110013468112
110013468130
110013468167
110013468229
110013468247
110013468381
110013468498
110013468513
110013468586
110013468620
110013468657
110013468728
110013468782
110013468791
110013468817
110013468844
110013468871
110013468906
110013468942
110013469031
110013469059
110013469095
110013469120
110013469166
110013469193
110013469344
110013469380
110013469406
110013469415
110013469433
110013469479
110013469530
110013469576
110013469665
110013469683
110013469781
110013469978
110013469996
110013470083
110013470127
110013470136
110013470243
110013470261
110013470341
110013470430
110013470458
110013470476
110013470519
110013470573
110013470591
110013470742
110013470957
110013471082
110013471117
110013471135
110013471144
110013471180
110013471206
110013471242
110013471331
110013471368
110013471439
110013471448
110013471475
110013471509
110013471518
110013471590
110013471616
110013471670
110013471698
110013471705
110013471741
110013471830
110013471858
110013471901
110013471965
110013472045
110013472081
110013472134
110013472205
110013472250
110013472287
110013472349
110013472358
110013472367
110013472376
110013472483
110013472492
110013472517
110013472526
110013472535
110013472553
110013472571
110013472599
110013472633
110013472660
110013472731
110013472768
110013472839
110013472857
110013472866
110013472875
110013472900
110013472919
110013472955
110013472964
110013473053
110013473115
110013473124
110013473142
110013473188
110013473213
110013473231
110013473240
110013473259
110013473286
110013473302
110013473339
110013473375
110013473384
110013473393
110013473419
110013473428
110013473437
110013473473
110013473482
110013473552
110013473598
110013473605
110013473614
110013473623
110013473632
110013473650
110013473810
110013473829
110013473838
110013473892
110013473909
110013473918
110013473954
110013473990
110013474098
110013474123
110013474230
110013474258
110013474392
110013474524
110013474560
110013474597
110013474631
110013474640
110013474677
110013474711
110013474757
110013474775
110013474846
110013474855
110013474864
110013474891
110013474917
110013474944
110013474971
110013474999
110013475024
110013475051
110013475113
