110013475131
110013475284
110013475364
110013475444
110013475453
110013475462
110013475499
110013475550
110013475569
110013475587
110013475630
110013475694
110013475701
110013475747
110013475756
110013475765
110013475792
110013475809
110013475827
110013475863
110013475881
110013475890
110013475916
110013475925
110013476005
110013476149
110013476185
110013476210
110013476247
110013476318
110013476345
110013476354
110013476381
110013476425
110013476452
110013476498
110013476568
110013476577
110013476639
110013476684
110013476719
110013476782
110013476808
110013476817
110013476826
110013476844
110013476853
110013476862
110013476915
110013476924
110013476979
110013476997
110013477095
110013477102
110013477111
110013477120
110013477175
110013477200
110013477255
110013477264
110013477282
110013477353
110013477371
110013477380
110013477399
110013477433
110013477442
110013477497
110013477512
110013477521
110013477576
110013477594
110013477665
110013477718
110013477736
110013477745
110013477790
110013477834
110013477843
110013477941
110013477950
110013477996
110013478049
110013478058
110013478085
110013478110
110013478245
110013478281
110013478343
110013478352
110013478389
110013478398
110013478496
110013478771
110013478799
110013478833
110013478931
110013478940
110013478959
110013479002
110013479039
110013479075
110013479093
110013479146
110013479155
110013479244
110013479253
110013479280
110013479342
110013479351
110013479486
110013479501
110013479510
110013479529
110013479556
110013479565
110013479574
110013479583
110013479592
110013479618
110013479645
110013479672
110013479725
110013479743
110013479752
110013479770
110013479805
110013479832
110013479841
110013479869
110013479896
110013479921
110013479967
110013479994
110013480018
110013480107
110013480250
110013480367
110013480394
110013480465
110013480492
110013480508
110013480517
110013480562
110013480624
110013480660
110013480679
110013480688
110013480722
110013480731
110013480768
110013480777
110013480875
110013480900
110013480964
110013481035
110013481044
110013481071
110013481142
110013481151
110013481179
110013481259
110013481268
110013481277
110013481320
110013481384
110013481437
110013481455
110013481473
110013481482
110013481534
110013481543
110013481589
110013481614
110013481623
110013481632
110013481650
110013481696
110013481721
110013481730
110013481776
110013481918
110013481936
110013481954
110013481972
110013481981
110013482061
110013482105
110013482203
110013482249
110013482310
110013482374
110013482454
110013482560
110013482597
110013482604
110013482631
110013482668
110013482711
110013482819
110013482837
110013482855
110013482999
110013483006
110013483131
110013483239
110013483300
110013483337
110013483346
110013483382
110013483391
110013483435
110013483480
110013483505
110013483523
110013483685
110013483729
110013483756
110013483765
110013483818
110013483907
110013483961
110013483989
110013484032
110013484069
110013484112
110013484121
110013484149
110013484176
110013484229
110013484238
110013484274
110013484283
110013484354
110013484372
110013484416
110013484470
110013484504
110013484559
110013484577
110013484595
110013484620
110013484639
110013484657
110013484773
110013484835
110013484899
110013484915
110013484933
110013484942
110013484997
110013485086
110013485139
110013485148
110013485264
110013485282
110013485317
110013485326
110013485335
110013485353
110013485371
110013485406
110013485415
110013485424
110013485488
110013485521
110013485549
110013485567
110013485576
110013485638
110013485656
110013485718
110013485727
110013485754
110013485843
110013485969
110013485978
110013486003
110013486049
110013486058
110013486067
110013486076
110013486156
110013486209
110013486281
110013486307
110013486405
110013486520
110013486548
110013486566
110013486600
110013486637
110013486762
110013486780
110013486904
110013486995
110013487119
110013487128
110013487253
110013487262
110013487306
110013487388
110013487397
110013487413
110013487501
110013487529
110013487565
110013487672
110013487707
110013487814
110013487832
110013487841
110013487887
110013487912
110013487921
110013488010
110013488029
110013488118
110013488154
110013488207
110013488243
110013488449
110013488485
110013488528
110013488555
110013488564
110013488582
110013488653
110013488671
110013488706
110013488760
110013488804
110013488822
110013488920
110013488975
110013488984
110013488993
110013489055
110013489082
110013489117
110013489260
110013489322
110013489439
110013489457
110013489475
110013489484
110013489493
110013489518
110013489527
110013489643
110013489661
110013489670
110013489698
110013489705
110013489732
110013489769
110013489778
110013489787
110013489812
110013489910
110013489965
110013490025
110013490034
110013490114
110013490141
110013490187
110013490196
110013490267
110013490310
110013490329
110013490383
110013490409
110013490427
110013490677
110013490711
110013490873
110013490962
110013491042
110013491284
110013491293
110013491346
110013491364
110013491373
110013491391
110013491523
110013491603
110013491630
110013491685
110013491701
110013491738
110013491809
110013491907
110013492032
110013492050
110013492158
110013492210
110013492256
110013492283
110013492309
110013492345
110013492461
110013492513
110013492568
110013492657
110013492666
110013492700
110013492826
110013492899
110013492960
110013492979
110013493068
110013493148
110013493166
110013493219
110013493228
110013493237
110013493317
110013493326
110013493344
110013493353
110013493399
110013493406
110013493433
110013493442
110013493460
110013493488
110013493497
110013493530
110013493594
110013493610
110013493629
110013493718
110013493816
110013493861
110013493914
110013493941
110013494021
110013494076
110013494183
110013494209
110013494218
110013494272
110013494325
110013494352
110013494487
110013494557
110013494673
110013494708
110013494780
110013494799
110013494815
110013494888
110013494931
110013494986
110013495002
110013495011
110013495039
110013495057
110013495066
110013495155
110013495235
110013495271
110013495306
110013495351
110013495388
110013495431
110013495468
110013495529
110013495627
110013495672
110013495690
110013495743
110013495798
110013495832
110013495903
110013495930
110013495949
110013495976
110013495994
110013496010
110013496065
110013496074
110013496136
110013496225
110013496234
110013496305
110013496449
110013496494
110013496500
110013496528
110013496555
110013496573
110013496617
110013496635
110013496733
110013496788
110013496797
110013496868
110013496911
110013496948
110013497000
110013497037
110013497126
110013497135
110013497340
110013497518
110013497554
110013497572
110013497616
110013497661
110013497670
110013497698
110013497723
110013497778
110013497803
110013497867
110013497992
110013498009
110013498018
110013498063
110013498090
110013498107
110013498116
110013498143
110013498189
110013498198
110013498214
110013498241
110013498269
110013498330
110013498438
110013498456
110013498508
110013498517
110013498535
110013498544
110013498553
110013498624
110013498704
110013498731
110013498786
110013498811
110013498866
110013498875
110013498884
110013498919
110013499026
110013499044
110013499080
110013499133
110013499179
110013499240
110013499268
110013499348
110013499357
110013499366
110013499437
110013499455
110013499464
110013499482
110013499543
110013499552
110013499561
110013499589
110013499758
110013499767
110013499801
110013499874
110013499936
110013499990
110013500032
110013500069
110013500103
110013500158
110013500210
110013500238
110013500274
110013500283
110013500309
110013500461
110013500489
110013500513
110013500540
110013500657
110013500684
110013500746
110013500773
110013500791
110013500871
110013500906
110013500960
110013501004
110013501059
110013501077
110013501095
110013501120
110013501166
110013501175
110013501193
110013501255
110013501273
110013501291
110013501308
110013501335
110013501362
110013501399
110013501424
110013501451
110013501479
110013501594
110013501754
110013501807
110013501834
110013501861
110013501914
110013501941
110013501987
110013502067
110013502085
110013502094
110013502110
110013502129
110013502147
110013502156
110013502165
110013502174
110013502272
110013502290
110013502370
110013502432
110013502450
110013502557
110013502584
110013502593
110013502646
110013502879
110013502888
110013502897
110013502913
110013502922
110013502931
110013502959
110013502986
110013502995
110013503057
110013503084
110013503093
110013503119
110013503217
110013503360
110013503388
110013503397
110013503440
110013503477
110013503529
110013503592
110013503618
110013503663
110013503770
110013503823
110013503869
110013503958
110013503976
110013503985
110013504038
110013504056
110013504109
110013504127
110013504136
110013504172
110013504190
110013504243
110013504323
110013504341
110013504412
110013504485
110013504494
110013504519
110013504537
110013504546
110013504573
110013504582
110013504724
110013504804
110013504840
110013504895
110013504911
110013504948
110013504966
110013504975
110013504993
110013505019
110013505073
110013505126
110013505135
110013505206
110013505215
110013505484
110013505509
110013505625
110013505643
110013505652
110013505741
110013505787
110013505812
110013505894
110013505910
110013506027
110013506036
110013506054
110013506081
110013506107
110013506134
110013506198
110013506250
110013506287
110013506296
110013506349
110013506438
110013506483
110013506517
110013506571
110013506615
110013506651
110013506679
110013506704
110013506713
110013506768
110013506786
110013506802
110013506820
110013506884
110013506946
110013506955
110013507017
110013507026
110013507044
110013507115
110013507142
110013507160
110013507222
110013507277
110013507295
110013507302
110013507348
110013507366
110013507375
110013507393
110013507437
110013507516
110013507534
110013507570
110013507589
110013507598
110013507623
110013507669
110013507687
110013507721
110013507730
110013507758
110013507801
110013507810
110013507829
110013507838
110013507909
110013507936
110013507945
110013507954
110013507972
110013507990
110013508098
110013508105
110013508123
110013508150
110013508178
110013508187
110013508203
110013508212
110013508249
110013508267
110013508285
110013508310
110013508347
110013508356
110013508374
110013508418
110013508436
110013508533
110013508588
110013508702
110013508748
110013508784
110013508800
110013508891
110013508908
110013508917
110013508999
110013509033
110013509042
110013509060
110013509186
110013509202
110013509211
110013509220
110013509248
110013509257
110013509266
110013509300
110013509346
110013509364
110013509373
110013509417
110013509444
110013509480
110013509499
110013509550
110013509578
110013509621
110013509630
110013509667
110013509701
110013509729
110013509818
110013509872
110013509952
110013510030
110013510076
110013510094
110013510138
110013510209
110013510307
110013510325
110013510469
110013510520
110013510557
110013510600
110013510717
110013510726
110013510771
110013510824
110013510833
110013510860
110013510879
110013510913
110013510959
110013510968
110013511002
110013511020
110013511066
110013511084
110013511128
110013511146
110013511155
110013511235
110013511262
110013511404
110013511440
110013511495
110013511501
110013511538
110013511547
110013511565
110013511592
110013511716
110013511725
110013511789
110013511832
110013511841
110013511850
110013511912
110013511921
110013511958
110013511967
110013511985
110013512029
110013512252
110013512261
110013512332
110013512378
110013512412
110013512430
110013512500
110013512528
110013512573
110013512680
110013512742
110013512779
110013512804
110013512895
110013513019
110013513073
110013513288
110013513331
110013513340
110013513368
110013513420
110013513439
110013513448
110013513509
110013513536
110013513563
110013513732
110013513741
110013513750
110013513778
110013513803
110013513830
110013513858
110013514018
110013514036
110013514063
110013514116
110013514134
110013514198
110013514250
110013514287
110013514349
110013514367
110013514385
110013514410
110013514544
110013514553
110013514580
110013514615
110013514633
110013514704
110013514722
110013514777
110013514802
110013514811
110013514866
110013514884
110013514893
110013514900
110013515071
110013515384
110013515428
110013515473
110013515482
110013515516
110013515623
110013515712
110013515730
110013515810
110013515829
110013515838
110013515856
110013515883
110013515963
110013515981
110013516043
110013516061
110013516070
110013516123
110013516178
110013516249
110013516267
110013516338
110013516356
110013516436
110013516445
110013516454
110013516463
110013516506
110013516551
110013516597
110013516604
110013516775
110013516864
110013516926
110013517006
110013517033
110013517088
110013517140
110013517168
110013517177
110013517202
110013517211
110013517257
110013517355
110013517417
110013517426
110013517453
110013517541
110013517710
110013517729
110013517747
110013517756
110013517827
110013517907
110013517925
110013517970
110013517998
110013518229
110013518247
110013518327
110013518372
110013518452
110013518522
110013518540
