110013518559
110013518675
110013518700
110013518728
110013518737
110013518791
110013518862
110013518871
110013518880
110013518988
110013519022
110013519040
110013519068
110013519120
110013519139
110013519148
110013519200
110013519246
110013519255
110013519264
110013519326
110013519353
110013519362
110013519371
110013519380
110013519399
110013519415
110013519424
110013519479
110013519503
110013519594
110013519816
110013519852
110013519905
110013519914
110013519941
110013519996
110013520010
110013520047
110013520074
110013520092
110013520109
110013520145
110013520154
110013520172
110013520207
110013520261
110013520289
110013520314
110013520332
110013520403
110013520421
110013520449
110013520458
110013520485
110013520494
110013520537
110013520555
110013520564
110013520573
110013520608
110013520626
110013520699
110013520724
110013520742
110013520760
110013520788
110013520813
110013520822
110013520859
110013520984
110013521082
110013521171
110013521215
110013521368
110013521386
110013521420
110013521457
110013521545
110013521625
110013521634
110013521698
110013521769
110013521830
110013521849
110013521956
110013522018
110013522027
110013522036
110013522063
110013522072
110013522081
110013522090
110013522205
110013522223
110013522312
110013522410
110013522508
110013522517
110013522535
110013522599
110013522624
110013522722
110013522857
110013522866
110013522900
110013522919
110013522982
110013523026
110013523053
110013523151
110013523320
110013523339
110013523375
110013523428
110013523446
110013523464
110013523534
110013523543
110013523598
110013523669
110013523696
110013523721
110013523810
110013523856
110013523865
110013523883
110013523909
110013524016
110013524034
110013524043
110013524061
110013524089
110013524098
110013524169
110013524178
110013524187
110013524221
110013524249
110013524258
110013524267
110013524285
110013524294
110013524365
110013524374
110013524418
110013524427
110013524454
110013524472
110013524524
110013524533
110013524551
110013524588
110013524597
110013524613
110013524640
110013524668
110013524695
110013524739
110013524793
110013524819
110013524917
110013524953
110013525051
110013525168
110013525202
110013525239
110013525248
110013525505
110013525514
110013525550
110013525649
110013525667
110013525685
110013525710
110013525872
110013525916
110013525925
110013526050
110013526078
110013526121
110013526130
110013526318
110013526363
110013526372
110013526407
110013526443
110013526470
110013526504
110013526522
110013526559
110013526595
110013526657
110013526693
110013526700
110013526737
110013526782
110013526808
110013526817
110013526853
110013526960
110013526979
110013527004
110013527184
110013527282
110013527344
110013527380
110013527415
110013527442
110013527451
110013527460
110013527576
110013527594
110013527674
110013527709
110013527718
110013527763
110013527816
110013527898
110013527914
110013527923
110013527941
110013527987
110013528003
110013528209
110013528316
110013528405
110013528502
110013528511
110013528584
110013528619
110013528673
110013528708
110013528815
110013528833
110013528888
110013528904
110013528995
110013529057
110013529066
110013529084
110013529128
110013529182
110013529191
110013529226
110013529379
110013529440
110013529477
110013529501
110013529538
110013529609
110013529627
110013529636
110013529654
110013529690
110013529716
110013529743
110013529761
110013529770
110013529887
110013529967
110013529976
110013530027
110013530214
110013530223
110013530232
110013530303
110013530349
110013530394
110013530429
110013530456
110013530483
110013530580
110013530599
110013530660
110013530704
110013530722
110013530731
110013530802
110013530811
110013530820
110013530937
110013530964
110013531133
110013531151
110013531204
110013531213
110013531277
110013531393
110013531428
110013531446
110013531482
110013531525
110013531552
110013531641
110013531696
110013531703
110013531749
110013531758
110013531767
110013531794
110013531829
110013531838
110013531990
110013532007
110013532016
110013532025
110013532034
110013532043
110013532089
110013532098
110013532150
110013532178
110013532187
110013532310
110013532374
110013532383
110013532418
110013532490
110013532506
110013532542
110013532613
110013532631
110013532640
110013532677
110013532748
110013532800
110013532855
110013532891
110013532926
110013533033
110013533042
110013533079
110013533104
110013533113
110013533284
110013533328
110013533382
110013533391
110013533417
110013533444
110013533462
110013533505
110013533532
110013533569
110013533658
110013533676
110013533685
110013533701
110013533747
110013533756
110013533765
110013533792
110013533809
110013533854
110013533863
110013533881
110013533916
110013533943
110013534103
110013534112
110013534121
110013534185
110013534194
110013534247
110013534283
110013534292
110013534309
110013534390
110013534407
110013534443
110013534452
110013534470
110013534504
110013534513
110013534620
110013534648
110013534657
110013534773
110013534782
110013534871
110013534915
110013534942
110013534988
110013535040
110013535086
110013535095
110013535255
110013535291
110013535344
110013535594
110013535923
110013535950
110013535978
110013536147
110013536192
110013536263
110013536316
110013536325
110013536334
110013536398
110013536432
110013536478
110013536520
110013536539
110013536557
110013536593
110013536619
110013536673
110013536708
110013536735
110013536806
110013536833
110013536842
110013536879
110013536968
110013536986
110013537002
110013537011
110013537057
110013537093
110013537119
110013537128
110013537164
110013537182
110013537217
110013537253
110013537262
110013537333
110013537413
110013537431
110013537440
110013537495
110013537538
110013537592
110013537761
110013537903
110013537912
110013537994
110013538010
110013538047
110013538056
110013538118
110013538181
110013538234
110013538243
110013538332
110013538449
110013538537
110013538564
110013538573
110013538724
110013538733
110013538760
110013538859
110013538877
110013538895
110013538920
110013539019
110013539082
110013539108
110013539117
110013539162
110013539171
110013539206
110013539251
110013539288
110013539304
110013539402
110013539545
110013539554
110013539563
110013539590
110013539616
110013539698
110013539803
110013539821
110013539867
110013539876
110013539901
110013539910
110013539938
110013540007
110013540052
110013540061
110013540089
110013540114
110013540132
110013540178
110013540212
110013540230
110013540276
110013540356
110013540409
110013540436
110013540506
110013540542
110013540579
110013540597
110013540604
110013540659
110013540695
110013540720
110013540766
110013540800
110013540828
110013540864
110013540935
110013540944
110013541006
110013541051
110013541079
110013541122
110013541140
110013541159
110013541168
110013541195
110013541211
110013541239
110013541275
110013541293
110013541453
110013541612
110013541667
110013541701
110013541738
110013541774
110013541827
110013541836
110013541943
110013541970
110013541989
110013542014
110013542069
110013542078
110013542112
110013542176
110013542185
110013542194
110013542201
110013542229
110013542238
110013542274
110013542283
110013542292
110013542309
110013542354
110013542443
110013542461
110013542498
110013542504
110013542531
110013542595
110013542602
110013542611
110013542684
110013542737
110013542746
110013542773
110013542782
110013542835
110013542880
110013542924
110013542942
110013543273
110013543291
110013543488
110013543567
110013543576
110013543674
110013543683
110013543790
110013543834
110013543889
110013543923
110013543941
110013543987
110013544110
110013544209
110013544245
110013544281
110013544361
110013544370
110013544389
110013544423
110013544441
110013544450
110013544502
110013544557
110013544584
110013544637
110013544664
110013544762
110013544771
110013544799
110013544833
110013544860
110013544888
110013544904
110013544913
110013545020
110013545057
110013545066
110013545146
110013545306
110013545342
110013545413
110013545501
110013545663
110013545841
110013545850
110013545869
110013545921
110013545976
110013546001
110013546056
110013546145
110013546172
110013546252
110013546298
110013546305
110013546378
110013546396
110013546485
110013546564
110013546591
110013546733
110013546751
110013546760
110013546822
110013546911
110013547037
110013547046
110013547091
110013547117
110013547126
110013547162
110013547233
110013547288
110013547322
110013547340
110013547359
110013547368
110013547411
110013547466
110013547475
110013547484
110013547509
110013547590
110013547616
110013547625
110013547634
110013547778
110013547849
110013547867
110013547894
110013547929
110013547992
110013548036
110013548063
110013548143
110013548214
110013548232
110013548278
110013548429
110013548438
110013548456
110013548483
110013548517
110013548633
110013548713
110013548740
110013548759
110013548768
110013548795
110013548848
110013548893
110013548928
110013548982
110013549008
110013549053
110013549071
110013549124
110013549142
110013549179
110013549348
110013549366
110013549446
110013549641
110013549758
110013549776
110013549801
110013549838
110013549918
110013549927
110013549972
110013549981
110013550139
110013550228
110013550264
110013550326
110013550353
110013550399
110013550406
110013550479
110013550497
110013550503
110013550567
110013550585
110013550610
110013550629
110013550665
110013550692
110013550727
110013550763
110013550772
110013550807
110013550816
110013550870
110013550969
110013551012
110013551049
110013551094
110013551101
110013551138
110013551218
110013551236
110013551272
110013551316
110013551334
110013551343
110013551352
110013551370
110013551389
110013551398
110013551450
110013551487
110013551496
110013551511
110013551557
110013551673
110013551682
110013551771
110013551799
110013551842
110013551888
110013552093
110013552100
110013552128
110013552146
110013552182
110013552217
110013552262
110013552324
110013552360
110013552379
110013552388
110013552397
110013552495
110013552501
110013552510
110013552538
110013552556
110013552574
110013552609
110013552627
110013552645
110013552663
110013552770
110013552798
110013552850
110013552887
110013552912
110013552976
110013552994
110013553001
110013553074
110013553127
110013553136
110013553145
110013553190
110013553207
110013553216
110013553225
110013553234
110013553243
110013553270
110013553289
110013553378
110013553412
110013553476
110013553537
110013553573
110013553582
110013553591
110013553608
110013553706
110013553715
110013553788
110013553822
110013553831
110013553902
110013553966
110013553993
110013554046
110013554055
110013554108
110013554153
110013554206
110013554215
110013554233
110013554297
110013554331
110013554386
110013554411
110013554439
110013554475
110013554484
110013554518
110013554616
110013554643
110013554670
110013554732
110013554796
110013554849
110013554894
110013554910
110013554947
110013554983
110013555036
110013555090
110013555143
110013555161
110013555170
110013555232
110013555241
110013555367
110013555385
110013555438
110013555624
110013555704
110013555722
110013555731
110013555740
110013555768
110013555893
110013555919
110013556008
110013556142
110013556188
110013556259
110013556286
110013556320
110013556393
110013556400
110013556455
110013556473
110013556482
110013556534
110013556669
110013556730
110013556749
110013556865
110013556874
110013556963
110013556981
110013557043
110013557178
110013557196
110013557301
110013557409
110013557427
110013557436
110013557454
110013557472
110013557524
110013557597
110013557622
110013557631
110013557640
110013557695
110013557702
110013557793
110013557846
110013557944
110013557980
110013558006
110013558079
110013558088
110013558097
110013558195
110013558220
110013558257
110013558275
110013558284
110013558300
110013558319
110013558328
110013558364
110013558373
110013558435
110013558453
110013558471
110013558480
110013558596
110013558603
110013558649
110013558658
110013558676
110013558765
110013558792
110013558836
110013558907
110013558916
110013558998
110013559023
110013559041
110013559229
110013559238
110013559247
110013559265
110013559274
110013559318
110013559327
110013559345
110013559407
110013559425
110013559461
110013559489
110013559504
110013559540
110013559648
110013559657
110013559700
110013559773
110013559808
110013559817
110013559951
110013560011
110013560020
110013560084
110013560093
110013560137
110013560182
110013560226
110013560235
110013560299
110013560324
110013560379
110013560413
110013560422
110013560477
110013560510
110013560592
110013560609
110013560618
110013560627
110013560663
110013560743
110013560789
110013560798
110013560832
110013560841
110013560930
110013561047
110013561056
110013561190
110013561332
110013561396
110013561421
110013561467
110013561528
110013561546
110013561680
110013561742
110013561877
110013561984
110013562091
110013562108
110013562171
110013562206
110013562402
110013562420
110013562439
110013562493
110013562634
110013562643
110013562750
110013562830
110013562867
110013562876
110013562885
110013562910
110013562938
110013562992
110013563063
110013563143
110013563161
110013563198
110013563205
