110013563241
110013563250
110013563269
110013563321
110013563330
110013563358
110013563367
110013563429
110013563438
110013563447
110013563562
110013563580
110013563615
110013563660
110013563697
110013563713
110013563731
110013563795
110013563866
110013563893
110013563964
110013563991
110013564115
110013564179
110013564231
110013564240
110013564295
110013564311
110013564357
110013564419
110013564491
110013564516
110013564525
110013564570
110013564598
110013564623
110013564641
110013564712
110013564801
110013564892
110013565098
110013565114
110013565123
110013565221
110013565365
110013565392
110013565427
110013565436
110013565490
110013565515
110013565524
110013565622
110013565640
110013565659
110013565702
110013565711
110013565766
110013565837
110013565855
110013565864
110013565873
110013565882
110013565944
110013565953
110013565999
110013566033
110013566122
110013566186
110013566202
110013566257
110013566275
110013566300
110013566373
110013566426
110013566435
110013566453
110013566462
110013566499
110013566569
110013566587
110013566603
110013566694
110013566756
110013566783
110013566818
110013566845
110013566890
110013566916
110013566943
110013566952
110013566970
110013566989
110013567005
110013567023
110013567096
110013567167
110013567176
110013567265
110013567354
110013567425
110013567434
110013567443
110013567513
110013567540
110013567602
110013567666
110013567728
110013567737
110013567791
110013567808
110013567853
110013567862
110013567899
110013567960
110013568031
110013568102
110013568111
110013568148
110013568228
110013568273
110013568326
110013568344
110013568362
110013568488
110013568497
110013568503
110013568521
110013568567
110013568647
110013568656
110013568709
110013568727
110013568745
110013568754
110013568790
110013568932
110013568969
110013568996
110013569012
110013569058
110013569316
110013569423
110013569487
110013569496
110013569502
110013569566
110013569646
110013569655
110013569664
110013569682
110013569726
110013569744
110013569799
110013569851
110013569968
110013570000
110013570028
110013570073
110013570082
110013570091
110013570117
110013570135
110013570162
110013570279
110013570297
110013570331
110013570359
110013570377
110013570402
110013570475
110013570509
110013570545
110013570590
110013570652
110013570723
110013570732
110013570858
110013570901
110013570910
110013570947
110013570965
110013571018
110013571063
110013571072
110013571170
110013571241
110013571250
110013571269
110013571312
110013571321
110013571330
110013571358
110013571429
110013571553
110013571571
110013571599
110013571606
110013571642
110013571679
110013571688
110013571697
110013571713
110013571802
110013571811
110013571820
110013571928
110013571946
110013571955
110013571964
110013571982
110013572071
110013572099
110013572142
110013572286
110013572302
110013572311
110013572446
110013572473
110013572482
110013572507
110013572552
110013572605
110013572641
110013572678
110013572696
110013572712
110013572758
110013572767
110013572776
110013572794
110013572847
110013572865
110013572883
110013572936
110013573043
110013573114
110013573230
110013573383
110013573409
110013573463
110013573472
110013573588
110013573748
110013573766
110013573855
110013573935
110013573999
110013574006
110013574051
110013574168
110013574195
110013574239
110013574248
110013574328
110013574505
110013574532
110013574596
110013574612
110013574676
110013574694
110013574701
110013574809
110013574907
110013574925
110013574961
110013574970
110013575023
110013575130
110013575185
110013575194
110013575210
110013575229
110013575274
110013575318
110013575336
110013575381
110013575434
110013575461
110013575504
110013575540
110013575675
110013575693
110013575737
110013575835
110013575942
110013575951
110013575960
110013576022
110013576031
110013576059
110013576077
110013576095
110013576148
110013576184
110013576193
110013576200
110013576282
110013576291
110013576308
110013576317
110013576371
110013576433
110013576460
110013576512
110013576567
110013576585
110013576718
110013576727
110013576772
110013576870
110013576898
110013576905
110013576941
110013577021
110013577101
110013577245
110013577254
110013577307
110013577414
110013577450
110013577496
110013577511
110013577575
110013577726
110013577735
110013577762
110013577799
110013577897
110013577904
110013577913
110013577940
110013577968
110013578011
110013578128
110013578173
110013578191
110013578208
110013578262
110013578333
110013578360
110013578459
110013578592
110013578609
110013578618
110013578681
110013578798
110013578814
110013578823
110013578887
110013578949
110013578958
110013579074
110013579163
110013579341
110013579485
110013579494
110013579500
110013579528
110013579537
110013579591
110013579644
110013579671
110013579699
110013579715
110013579724
110013579751
110013579822
110013579831
110013579840
110013579877
110013579920
110013579984
110013580062
110013580099
110013580160
110013580197
110013580204
110013580277
110013580311
110013580348
110013580393
110013580464
110013580516
110013580543
110013580561
110013580614
110013580696
110013580785
110013580794
110013580801
110013580829
110013580838
110013580918
110013581016
110013581025
110013581098
110013581114
110013581230
110013581249
110013581329
110013581374
110013581392
110013581409
110013581454
110013581490
110013581604
110013581686
110013581711
110013581748
110013581855
110013581873
110013581891
110013581908
110013582015
110013582177
110013582195
110013582220
110013582248
110013582275
110013582337
110013582364
110013582505
110013582550
110013582612
110013582701
110013582710
110013582738
110013582747
110013582765
110013582774
110013582783
110013582827
110013582934
110013582961
110013583050
110013583078
110013583087
110013583112
110013583176
110013583194
110013583274
110013583283
110013583318
110013583345
110013583416
110013583434
110013583461
110013583498
110013583522
110013583531
110013583540
110013583620
110013583666
110013583719
110013583773
110013583782
110013583826
110013583862
110013583906
110013583951
110013583960
110013583979
110013584040
110013584095
110013584148
110013584219
110013584228
110013584246
110013584335
110013584371
110013584442
110013584497
110013584530
110013584610
110013584647
110013584683
110013584772
110013584807
110013584825
110013584889
110013584914
110013584932
110013584950
110013585110
110013585343
110013585398
110013585423
110013585487
110013585575
110013585584
110013585628
110013585682
110013585708
110013585735
110013585753
110013585806
110013585888
110013585913
110013585968
110013585977
110013585986
110013585995
110013586066
110013586075
110013586100
110013586119
110013586271
110013586299
110013586333
110013586342
110013586360
110013586388
110013586422
110013586431
110013586459
110013586477
110013586486
110013586495
110013586529
110013586556
110013586627
110013586672
110013586681
110013586716
110013586725
110013586743
110013586752
110013586850
110013586878
110013586896
110013586949
110013586958
110013587010
110013587029
110013587065
110013587074
110013587109
110013587118
110013587127
110013587154
110013587163
110013587172
110013587216
110013587350
110013587369
110013587396
110013587467
110013587485
110013587582
110013587591
110013587644
110013587662
110013587671
110013587706
110013587724
110013587797
110013587813
110013587831
110013588055
110013588091
110013588126
110013588180
110013588215
110013588260
110013588288
110013588304
110013588368
110013588448
110013588457
110013588493
110013588536
110013588607
110013588616
110013588625
110013588634
110013588661
110013588714
110013588723
110013588750
110013588778
110013588796
110013588803
110013588812
110013588858
110013588956
110013588983
110013588992
110013589063
110013589081
110013589107
110013589125
110013589152
110013589161
110013589232
110013589250
110013589287
110013589296
110013589321
110013589394
110013589438
110013589447
110013589517
110013589633
110013589722
110013589740
110013589839
110013589919
110013589973
110013590015
110013590033
110013590042
110013590079
110013590088
110013590140
110013590177
110013590300
110013590382
110013590426
110013590462
110013590499
110013590541
110013590569
110013590612
110013590621
110013590630
110013590710
110013590756
110013590783
110013590836
110013590845
110013590854
110013590881
110013590890
110013590925
110013590943
110013590961
110013590970
110013591023
110013591032
110013591087
110013591096
110013591149
110013591194
110013591274
110013591309
110013591318
110013591345
110013591354
110013591363
110013591390
110013591416
110013591425
110013591452
110013591461
110013591498
110013591504
110013591620
110013591648
110013591684
110013591853
110013591871
110013591933
110013591942
110013591960
110013592004
110013592086
110013592184
110013592200
110013592291
110013592451
110013592549
110013592638
110013592665
110013592727
110013592745
110013592772
110013592807
110013592898
110013592932
110013592950
110013592987
110013593012
110013593021
110013593049
110013593085
110013593147
110013593174
110013593192
110013593227
110013593263
110013593281
110013593334
110013593361
110013593370
110013593414
110013593450
110013593469
110013593502
110013593511
110013593520
110013593548
110013593566
110013593593
110013593600
110013593717
110013593726
110013593735
110013593762
110013593842
110013593879
110013593904
110013593931
110013593940
110013593995
110013594039
110013594066
110013594093
110013594137
110013594182
110013594253
110013594280
110013594351
110013594404
110013594547
110013594565
110013594574
110013594618
110013594645
110013594690
110013594716
110013594823
110013594832
110013594912
110013594967
110013594985
110013595001
110013595010
110013595056
110013595065
110013595074
110013595092
110013595190
110013595216
110013595225
110013595234
110013595243
110013595252
110013595289
110013595332
110013595341
110013595369
110013595396
110013595403
110013595412
110013595421
110013595458
110013595476
110013595494
110013595500
110013595573
110013595582
110013595591
110013595635
110013595706
110013595742
110013595813
110013595822
110013595868
110013595886
110013595895
110013595975
110013596000
110013596046
110013596091
110013596162
110013596206
110013596331
110013596340
110013596395
110013596402
110013596439
110013596448
110013596466
110013596509
110013596527
110013596536
110013596572
110013596581
110013596705
110013596741
110013596787
110013596821
110013596876
110013596929
110013596974
110013596983
110013597018
110013597072
110013597081
110013597107
110013597116
110013597134
110013597152
110013597161
110013597189
110013597214
110013597223
110013597232
110013597241
110013597269
110013597330
110013597401
110013597429
110013597447
110013597483
110013597517
110013597526
110013597624
110013597642
110013597688
110013597811
110013597866
110013597893
110013597991
110013598044
110013598062
110013598080
110013598115
110013598133
110013598142
110013598160
110013598179
110013598204
110013598231
110013598277
110013598295
110013598302
110013598311
110013598320
110013598375
110013598393
110013598400
110013598464
110013598507
110013598516
110013598525
110013598570
110013598598
110013598623
110013598687
110013598703
110013598730
110013598767
110013598776
110013598801
110013598856
110013598874
110013598883
110013598927
110013598945
110013598981
110013599052
110013599061
110013599098
110013599221
110013599249
110013599258
110013599294
110013599338
110013599374
110013599383
110013599524
110013599533
110013599551
110013599579
110013599597
110013599659
110013599686
110013599702
110013599784
110013599800
110013599882
110013599917
110013599935
110013599971
110013600031
110013600040
110013600086
110013600095
110013600102
110013600139
110013600184
110013600219
110013600255
110013600264
110013600326
110013600335
110013600371
110013600415
110013600488
110013600503
110013600549
110013600567
110013600594
110013600656
110013600665
110013600692
110013600718
110013600763
110013600772
110013600781
110013600816
110013600852
110013600861
110013601012
110013601067
110013601110
110013601129
110013601165
110013601183
110013601192
110013601209
110013601245
110013601263
110013601281
110013601290
110013601370
110013601389
110013601398
110013601414
110013601496
110013601548
110013601566
110013601600
110013601628
110013601637
110013601655
110013601673
110013601682
110013601691
110013601833
110013601879
110013601897
110013602002
110013602011
110013602075
110013602100
110013602191
110013602262
110013602306
110013602324
110013602379
110013602440
110013602477
110013602486
110013602529
110013602574
110013602618
110013602654
110013602672
110013602681
110013602707
110013602725
110013602869
110013602958
110013602967
110013603038
110013603074
110013603136
110013603145
110013603154
110013603216
110013603421
110013603430
110013603494
110013603608
110013603617
110013603635
110013603662
110013603699
110013603706
110013603715
110013603733
110013603779
110013603840
110013604000
110013604028
110013604091
110013604117
110013604135
110013604251
110013604260
110013604297
110013604322
110013604448
110013604554
110013604652
110013604661
110013604705
110013604732
