110013604796
110013604812
110013604867
110013604876
110013604894
110013604965
110013604983
110013605009
110013605018
110013605045
110013605081
110013605107
110013605125
110013605134
110013605287
110013605330
110013605349
110013605410
110013605429
110013605456
110013605526
110013605571
110013605606
110013605615
110013605642
110013605713
110013605731
110013605740
110013605777
110013605848
110013605875
110013605884
110013605955
110013605964
110013605982
110013606044
110013606053
110013606133
110013606151
110013606160
110013606188
110013606197
110013606213
110013606222
110013606268
110013606295
110013606366
110013606437
110013606464
110013606473
110013606482
110013606491
110013606614
110013606632
110013606712
110013606730
110013606856
110013606865
110013606874
110013606883
110013606936
110013606963
110013606972
110013606990
110013607025
110013607052
110013607061
110013607070
110013607089
110013607150
110013607203
110013607230
110013607329
110013607338
110013607347
110013607418
110013607427
110013607436
110013607454
110013607481
110013607533
110013607542
110013607579
110013607622
110013607659
110013607702
110013607711
110013607720
110013607739
110013607766
110013607819
110013607864
110013607891
110013607944
110013607962
110013608006
110013608033
110013608051
110013608140
110013608275
110013608293
110013608300
110013608364
110013608435
110013608453
110013608471
110013608505
110013608532
110013608541
110013608587
110013608596
110013608685
110013608747
110013608756
110013608827
110013608836
110013608863
110013608952
110013608970
110013608989
110013608998
110013609247
110013609265
110013609309
110013609327
110013609345
110013609372
110013609489
110013609498
110013609504
110013609513
110013609531
110013609620
110013609657
110013609666
110013609826
110013609853
110013609924
110013609951
110013610048
110013610100
110013610137
110013610315
110013610388
110013610440
110013610486
110013610510
110013610547
110013610663
110013610690
110013610805
110013610814
110013610823
110013610896
110013610958
110013610985
110013610994
110013611001
110013611136
110013611154
110013611163
110013611305
110013611332
110013611341
110013611350
110013611369
110013611412
110013611430
110013611494
110013611528
110013611555
110013611573
110013611582
110013611635
110013611671
110013611680
110013611742
110013611751
110013611760
110013611813
110013611831
110013611920
110013611966
110013611975
110013611993
110013612000
110013612064
110013612073
110013612082
110013612091
110013612135
110013612242
110013612260
110013612279
110013612322
110013612448
110013612457
110013612466
110013612536
110013612670
110013612698
110013612705
110013612723
110013612769
110013612901
110013612965
110013613054
110013613072
110013613090
110013613107
110013613143
110013613170
110013613189
110013613205
110013613214
110013613296
110013613303
110013613330
110013613385
110013613410
110013613429
110013613483
110013613526
110013613553
110013613562
110013613697
110013613802
110013613820
110013613857
110013613884
110013613893
110013613928
110013613955
110013613964
110013614026
110013614151
110013614179
110013614277
110013614302
110013614311
110013614428
110013614446
110013614464
110013614589
110013614605
110013614641
110013614730
110013614847
110013614856
110013614874
110013614936
110013614954
110013615007
110013615025
110013615070
110013615132
110013615169
110013615203
110013615212
110013615258
110013615267
110013615329
110013615356
110013615365
110013615418
110013615445
110013615472
110013615533
110013615542
110013615686
110013615757
110013615766
110013615784
110013615873
110013615882
110013615999
110013616006
110013616131
110013616168
110013616177
110013616186
110013616211
110013616239
110013616266
110013616300
110013616337
110013616444
110013616471
110013616505
110013616523
110013616667
110013616729
110013616747
110013616756
110013616792
110013616872
110013616907
110013616925
110013616934
110013617023
110013617041
110013617050
110013617096
110013617103
110013617167
110013617210
110013617247
110013617274
110013617292
110013617309
110013617336
110013617345
110013617381
110013617443
110013617461
110013617568
110013617586
110013617602
110013617611
110013617648
110013617684
110013617693
110013617728
110013617755
110013617764
110013617773
110013617782
110013617808
110013617817
110013617853
110013617880
110013617899
110013617933
110013618040
110013618157
110013618193
110013618219
110013618228
110013618246
110013618291
110013618344
110013618353
110013618380
110013618406
110013618433
110013618451
110013618503
110013618521
110013618530
110013618576
110013618638
110013618647
110013618736
110013618754
110013618816
110013618978
110013618996
110013619030
110013619110
110013619129
110013619325
110013619370
110013619414
110013619450
110013619469
110013619520
110013619575
110013619600
110013619619
110013619691
110013619708
110013619753
110013619771
110013619780
110013619824
110013619888
110013619922
110013619995
110013620037
110013620046
110013620082
110013620108
110013620117
110013620144
110013620199
110013620215
110013620251
110013620288
110013620368
110013620395
110013620475
110013620509
110013620518
110013620536
110013620572
110013620581
110013620625
110013620652
110013620661
110013620689
110013620698
110013620750
110013620821
110013620830
110013620901
110013620938
110013620974
110013621143
110013621152
110013621170
110013621198
110013621269
110013621394
110013621401
110013621410
110013621438
110013621465
110013621517
110013621562
110013621571
110013621580
110013621660
110013621713
110013621722
110013621740
110013621768
110013621795
110013621811
110013621857
110013621866
110013621893
110013621928
110013621946
110013621955
110013621964
110013622035
110013622099
110013622124
110013622197
110013622213
110013622277
110013622286
110013622302
110013622320
110013622357
110013622366
110013622384
110013622400
110013622428
110013622437
110013622455
110013622561
110013622614
110013622623
110013622687
110013622785
110013622794
110013622810
110013622838
110013622883
110013622909
110013622990
110013623016
110013623123
110013623169
110013623221
110013623249
110013623285
110013623294
110013623338
110013623347
110013623445
110013623490
110013623506
110013623533
110013623597
110013623739
110013623800
110013623944
110013623953
110013624024
110013624042
110013624079
110013624122
110013624186
110013624220
110013624275
110013624284
110013624300
110013624319
110013624337
110013624346
110013624364
110013624408
110013624444
110013624541
110013624569
110013624612
110013624621
110013624685
110013624765
110013624854
110013624881
110013624890
110013624916
110013624943
110013624961
110013624989
110013625032
110013625069
110013625078
110013625112
110013625185
110013625247
110013625292
110013625345
110013625425
110013625443
110013625531
110013625568
110013625577
110013625586
110013625595
110013625620
110013625737
110013625746
110013625791
110013625808
110013625817
110013625826
110013625880
110013625942
110013625951
110013625960
110013625997
110013626022
110013626031
110013626068
110013626086
110013626111
110013626157
110013626175
110013626200
110013626255
110013626282
110013626317
110013626326
110013626335
110013626399
110013626406
110013626424
110013626460
110013626521
110013626610
110013626638
110013626647
110013626665
110013626683
110013626692
110013626745
110013626772
110013626781
110013626816
110013626923
110013626987
110013626996
110013627058
110013627067
110013627094
110013627110
110013627147
110013627218
110013627254
110013627325
110013627343
110013627352
110013627389
110013627423
110013627432
110013627441
110013627450
110013627520
110013627539
110013627548
110013627557
110013627619
110013627637
110013627664
110013627682
110013627708
110013627726
110013627735
110013627833
110013627842
110013627851
110013627940
110013627968
110013628002
110013628048
110013628066
110013628075
110013628119
110013628128
110013628299
110013628486
110013628556
110013628663
110013628681
110013628690
110013628716
110013628725
110013628743
110013628761
110013628930
110013628976
110013628994
110013629038
110013629118
110013629181
110013629190
110013629207
110013629225
110013629252
110013629289
110013629341
110013629528
110013629555
110013629573
110013629608
110013629635
110013629653
110013629671
110013629715
110013629797
110013629868
110013629877
110013629886
110013629895
110013629975
110013629984
110013630062
110013630160
110013630179
110013630222
110013630259
110013630295
110013630302
110013630605
110013630623
110013630632
110013630650
110013630712
110013630776
110013630785
110013630865
110013630883
110013630892
110013630927
110013630963
110013630972
110013630981
110013630990
110013631007
110013631016
110013631070
110013631123
110013631150
110013631187
110013631418
110013631436
110013631445
110013631472
110013631542
110013631560
110013631588
110013631613
110013631640
110013631659
110013631668
110013631677
110013631695
110013631702
110013631739
110013631757
110013631800
110013631882
110013631891
110013631944
110013632015
110013632042
110013632051
110013632140
110013632168
110013632202
110013632275
110013632284
110013632293
110013632346
110013632408
110013632417
110013632444
110013632480
110013632532
110013632569
110013632587
110013632621
110013632658
110013632667
110013632701
110013632783
110013632792
110013632809
110013632854
110013632916
110013633005
110013633032
110013633078
110013633229
110013633274
110013633292
110013633327
110013633336
110013633425
110013633434
110013633461
110013633504
110013633513
110013633522
110013633531
110013633540
110013633586
110013633684
110013633693
110013633746
110013633764
110013633808
110013633844
110013633880
110013633924
110013633942
110013634004
110013634031
110013634068
110013634086
110013634102
110013634200
110013634264
110013634282
110013634308
110013634406
110013634415
110013634488
110013634549
110013634558
110013634567
110013634610
110013634629
110013634647
110013634656
110013634763
110013634898
110013634978
110013635058
110013635076
110013635094
110013635129
110013635156
110013635174
110013635209
110013635218
110013635245
110013635254
110013635307
110013635316
110013635352
110013635370
110013635405
110013635432
110013635441
110013635511
110013635557
110013635628
110013635708
110013635744
110013635799
110013635851
110013635879
110013635888
110013635904
110013635968
110013635977
110013636020
110013636057
110013636084
110013636119
110013636137
110013636146
110013636191
110013636235
110013636397
110013636501
110013636538
110013636574
110013636592
110013636618
110013636636
110013636654
110013636663
110013636672
110013636681
110013636716
110013636725
110013636734
110013636761
110013636798
110013636814
110013636823
110013636869
110013637047
110013637074
110013637092
110013637136
110013637163
110013637172
110013637216
110013637225
110013637243
110013637252
110013637314
110013637350
110013637403
110013637412
110013637449
110013637458
110013637467
110013637494
110013637519
110013637644
110013637733
110013637813
110013637948
110013637975
110013638028
110013638037
110013638046
110013638117
110013638233
110013638242
110013638297
110013638322
110013638331
110013638377
110013638386
110013638395
110013638402
110013638411
110013638466
110013638572
110013638634
110013638714
110013638812
110013638821
110013638830
110013638867
110013638885
110013638910
110013638929
110013638983
110013638992
110013639036
110013639170
110013639321
110013639385
110013639394
110013639429
110013639447
110013639474
110013639492
110013639562
110013639777
110013639786
110013639893
110013639919
110013639928
110013639937
110013639946
110013639982
110013640042
110013640104
110013640177
110013640220
110013640275
110013640284
110013640328
110013640355
110013640373
110013640417
110013640453
110013640499
110013640596
110013640603
110013640621
110013640630
110013640667
110013640685
110013640710
110013640738
110013640792
110013640809
110013640827
110013640845
110013640854
110013640872
110013640907
110013640925
110013640961
110013640989
110013641005
110013641014
110013641023
110013641050
110013641069
110013641078
110013641112
110013641149
110013641185
110013641194
110013641201
110013641247
110013641265
110013641292
110013641336
110013641372
110013641434
110013641461
110013641540
110013641559
110013641568
110013641577
110013641595
110013641611
110013641639
110013641675
110013641684
110013641737
110013641755
110013641773
110013641808
110013641933
110013642068
110013642139
110013642157
110013642175
110013642200
110013642326
110013642335
110013642399
110013642406
110013642479
110013642549
110013642558
110013642594
110013642656
110013642736
110013642763
110013642843
110013642889
110013642923
110013643067
110013643147
110013643174
110013643192
110013643209
110013643227
110013643263
110013643290
110013643334
110013643343
110013643405
110013643414
110013643450
110013643520
110013643557
110013643619
110013643637
110013643664
110013643691
110013643780
110013643815
110013643824
110013643842
110013643860
110013643959
110013643968
110013644020
110013644039
110013644119
110013644137
110013644191
110013644306
