110013644324
110013644360
110013644404
110013644422
110013644468
110013644495
110013644529
110013644583
110013644609
110013644636
110013644645
110013644672
110013644716
110013644734
110013644770
110013644805
110013644896
110013644930
110013645001
110013645047
110013645074
110013645092
110013645127
110013645216
110013645270
110013645305
110013645314
110013645396
110013645449
110013645467
110013645485
110013645494
110013645573
110013645626
110013645653
110013645751
110013645859
110013645877
110013645895
110013645948
110013645957
110013645993
110013646064
110013646082
110013646117
110013646126
110013646144
110013646153
110013646162
110013646171
110013646180
110013646224
110013646242
110013646331
110013646359
110013646395
110013646411
110013646439
110013646509
110013646518
110013646527
110013646554
110013646563
110013646572
110013646607
110013646652
110013646670
110013646723
110013646803
110013646812
110013646849
110013646867
110013646876
110013646901
110013646910
110013646938
110013646956
110013646965
110013646974
110013646983
110013647036
110013647081
110013647170
110013647232
110013647241
110013647367
110013647385
110013647394
110013647401
110013647456
110013647508
110013647517
110013647544
110013647606
110013647615
110013647633
110013647651
110013647679
110013647704
110013647768
110013647802
110013647848
110013647884
110013647919
110013647928
110013647955
110013647964
110013648008
110013648026
110013648115
110013648142
110013648204
110013648213
110013648277
110013648384
110013648437
110013648482
110013648525
110013648552
110013648561
110013648589
110013648605
110013648687
110013648712
110013648749
110013648794
110013648810
110013648918
110013649034
110013649132
110013649169
110013649221
110013649267
110013649310
110013649329
110013649365
110013649383
110013649533
110013649542
110013649579
110013649604
110013649640
110013649659
110013649677
110013649686
110013649748
110013649757
110013649784
110013649864
110013649917
110013649926
110013649935
110013649953
110013649962
110013649980
110013649999
110013650003
110013650012
110013650030
110013650067
110013650110
110013650129
110013650138
110013650156
110013650174
110013650183
110013650236
110013650245
110013650272
110013650414
110013650450
110013650469
110013650557
110013650566
110013650584
110013650600
110013650637
110013650646
110013650664
110013650682
110013650717
110013650771
110013650806
110013650879
110013650888
110013650897
110013650904
110013650913
110013650959
110013650968
110013650977
110013651057
110013651100
110013651128
110013651182
110013651315
110013651342
110013651351
110013651397
110013651404
110013651468
110013651486
110013651510
110013651556
110013651565
110013651592
110013651681
110013651734
110013651752
110013651823
110013651841
110013651869
110013651967
110013651994
110013652001
110013652010
110013652047
110013652065
110013652083
110013652163
110013652225
110013652252
110013652270
110013652323
110013652403
110013652449
110013652458
110013652476
110013652485
110013652537
110013652555
110013652644
110013652699
110013652724
110013652733
110013652751
110013652868
110013652877
110013652886
110013652895
110013652902
110013652920
110013652966
110013652975
110013653000
110013653028
110013653108
110013653153
110013653171
110013653206
110013653215
110013653242
110013653260
110013653297
110013653304
110013653322
110013653331
110013653386
110013653448
110013653527
110013653545
110013653705
110013653750
110013653787
110013653812
110013653858
110013653901
110013653929
110013653938
110013653947
110013654027
110013654036
110013654054
110013654072
110013654090
110013654107
110013654134
110013654214
110013654250
110013654296
110013654303
110013654367
110013654376
110013654438
110013654456
110013654465
110013654492
110013654508
110013654517
110013654526
110013654624
110013654651
110013654704
110013654777
110013654795
110013654802
110013654811
110013654820
110013654839
110013654848
110013654893
110013654900
110013654919
110013654928
110013654946
110013654955
110013654991
110013655008
110013655017
110013655106
110013655124
110013655160
110013655188
110013655231
110013655240
110013655286
110013655384
110013655400
110013655419
110013655437
110013655464
110013655473
110013655491
110013655543
110013655570
110013655589
110013655598
110013655605
110013655614
110013655623
110013655632
110013655641
110013655678
110013655687
110013655696
110013655712
110013655721
110013655758
110013655856
110013655883
110013655892
110013655909
110013655927
110013655936
110013655945
110013655963
110013655981
110013655990
110013656016
110013656061
110013656089
110013656114
110013656132
110013656169
110013656178
110013656187
110013656196
110013656203
110013656212
110013656249
110013656258
110013656418
110013656524
110013656533
110013656551
110013656588
110013656597
110013656631
110013656640
110013656659
110013656686
110013656695
110013656784
110013656800
110013656828
110013656846
110013656917
110013656953
110013657024
110013657042
110013657097
110013657131
110013657257
110013657300
110013657453
110013657523
110013657532
110013657630
110013657676
110013657747
110013657756
110013657765
110013657827
110013657907
110013657970
110013658130
110013658176
110013658201
110013658283
110013658345
110013658372
110013658498
110013658522
110013658657
110013658675
110013658684
110013658728
110013658746
110013658791
110013658880
110013658915
110013658960
110013658979
110013658997
110013659255
110013659406
110013659433
110013659442
110013659479
110013659512
110013659567
110013659610
110013659834
110013660154
110013660234
110013660289
110013660314
110013660341
110013660387
110013660396
110013660476
110013660494
110013660537
110013660582
110013660608
110013660626
110013660644
110013660680
110013660699
110013660822
110013660840
110013660859
110013660868
110013660886
110013660902
110013660920
110013660939
110013660966
110013660975
110013660984
110013661037
110013661180
110013661224
110013666185
110013666354
110013666657
110013666808
110013667200
110013667282
110013667371
110013667380
110013667512
110013667530
110013667558
110013667692
110013667843
110013667950
110013668003
110013668049
110013668058
110013668076
110013668094
110013668209
110013668218
110013668236
110013668254
110013668450
110013668496
110013668708
110013668717
110013668753
110013668762
110013668879
110013668888
110013669208
110013669262
110013669618
110013669627
110013669645
110013669912
110013669930
110013669967
110013670009
110013670768
110013670964
110013670991
110013672560
110013674808
110013674915
110013674924
110013675433
110013676012
110013676049
110013676423
110013676450
110013676496
110013676502
110013676726
110013676922
110013678680
110013678699
110013678715
110013678742
110013678760
110013679162
110013679199
110013679215
110013679297
110013679322
110013679340
110013679359
110013679527
110013679545
110013679554
110013679581
110013679590
110013679652
110013679689
110013679698
110013679714
110013679723
110013679741
110013679750
110013679876
110013679894
110013679910
110013679929
110013679965
110013679992
110013680123
110013680169
110013680178
110013680221
110013680258
110013680276
110013680356
110013680374
110013680418
110013680427
110013680445
110013680524
110013680551
110013680579
110013680604
110013680695
110013680702
110013680828
110013680837
110013680935
110013681159
110013681186
110013681293
110013681408
110013681444
110013681514
110013681578
110013681621
110013681765
110013681774
110013681818
110013681827
110013681845
110013681863
110013681907
110013681952
110013681989
110013682041
110013682069
110013682292
110013682309
110013682327
110013682443
110013682489
110013682611
110013682639
110013682684
110013682719
110013682764
110013682808
110013682826
110013682844
110013682853
110013682862
110013683013
110013683068
110013683095
110013683120
110013683139
110013683148
110013683175
110013683184
110013683193
110013683200
110013683442
110013683451
110013683460
110013683479
110013683530
110013683638
110013683647
110013683790
110013683807
110013683816
110013683825
110013683843
110013683852
110013684085
110013684129
110013684147
110013684156
110013684174
110013684218
110013686403
110013687741
110013688223
110013688241
110013688447
110013688456
110013688599
110013693191
110013693208
110013693217
110013693226
110013693235
110013693244
110013693253
110013693262
110013693271
110013693280
110013693299
110013693306
110013693315
110013693324
110013693333
110013693413
110013693422
110013693440
110013693459
110013693468
110013693486
110013693495
110013693501
110013693510
110013693529
110013693538
110013693547
110013693556
110013693565
110013693636
110013693645
110013693654
110013693663
110013693672
110013693743
110013693761
110013693770
110013693789
110013700664
110013700673
110013700682
110013700691
110013700771
110013700780
110013700806
110013700888
110013700904
110013700922
110013700931
110013700940
110013700986
110013700995
110013701002
110013701011
110013701020
110013701039
110013701066
110013701075
110013701084
110013701100
110013701128
110013701137
110013701146
110013701155
110013701164
110013701182
110013701191
110013701208
110013701217
110013701226
110013701235
110013701253
110013701262
110013701271
110013701280
110013701299
110013701306
110013701315
110013701333
110013701342
110013701351
110013701360
110013701379
110013701388
110013701397
110013701404
110013701413
110013701422
110013701440
110013701468
110013701477
110013701486
110013701495
110013701501
110013701510
110013701529
110013701538
110013701547
110013701556
110013701565
110013701574
110013701627
110013701636
110013701645
110013701654
110013701663
110013701672
110013701681
110013701690
110013701707
110013701716
110013701725
110013701734
110013701743
110013701752
110013701850
110013701869
110013715408
110013716602
110013717987
110013717996
110013718389
110013718432
110013718502
110013718584
110013721115
110013721339
110013723480
110013723532
110013723550
110013723729
110013723747
110013723765
110013723809
110013725077
110013727618
110013729091
110013729108
110013729279
110013734030
110013735002
110013735217
110013735226
110013737439
110013737509
110013737518
110013737536
110013737545
110013737554
110013737563
110013737572
110013738349
110013738367
110013738376
110013738394
110013738492
110013738786
110013738802
110013738811
110013738820
110013739160
110013739188
110013739240
110013741549
110013741558
110013742316
110013742325
110013742334
110013742352
110013742361
110013742370
110013742389
110013742566
110013742619
110013742637
110013742646
110013742673
110013742682
110013742691
110013742771
110013742780
110013742799
110013742806
110013742842
110013742851
110013742897
110013743057
110013743119
110013743128
110013743137
110013743146
110013743155
110013743388
110013743574
110013743583
110013743654
110013743681
110013743734
110013743743
110013743832
110013745206
110013745224
110013745509
110013745563
110013745581
110013745590
110013746820
110013746839
110013747213
110013748276
110013750388
110013750397
110013750404
110013750413
110013750431
110013750440
110013750468
110013750477
110013750486
110013751225
110013751920
110013752019
110013752028
110013752037
110013752331
110013752448
110013752466
110013752509
110013752527
110013752849
110013752858
110013752867
110013753072
110013753116
110013753205
110013753214
110013753223
110013753241
110013753250
110013753269
110013753278
110013753517
110013753740
110013754428
110013755016
110013755249
110013755258
110013755276
110013755285
110013755392
110013755926
110013756872
110013757050
110013757069
110013757087
110013757103
110013757121
110013757130
110013757149
110013757318
110013757336
110013757354
110013757381
110013757390
110013757407
110013758488
110013758503
110013759334
110013759673
110013759744
110013759753
110013760466
110013760625
110013760689
110013760698
110013760821
110013760867
110013760885
110013760901
110013760910
110013760929
110013760938
110013761072
110013761090
110013761125
110013761161
110013761189
110013761232
110013761287
110013761303
110013761321
110013761633
110013762017
110013762026
110013762044
110013762053
110013762062
110013762080
110013762099
110013762115
110013762623
110013762650
110013762678
110013763016
110013763025
110013763141
110013763150
110013763169
110013763221
110013763230
110013763258
110013763490
110013763506
110013763515
110013763597
110013763622
110013763631
110013763757
110013763846
110013764220
110013764444
110013764514
110013764578
110013765336
110013765345
110013765461
110013765522
110013765540
110013765559
110013765577
110013765602
110013792823
110013792903
110013793127
110013793190
110013793671
110013793822
110013794055
110013794215
110013794251
110013794448
110013794821
110013795358
110013797365
110013797392
110013797490
110013797819
110013798818
110013800351
110013800360
110013802554
110013802563
110013802572
110013802581
110013802652
110013804525
110013804570
110013804589
110013804650
110013805098
110013806756
110013806765
110013807693
110013807755
110013807764
110013807773
110013807782
110013807791
110013808200
110013808246
110013808255
