110013808273
110013808291
110013809058
110013811697
110013811704
110013811722
110013811731
110013811740
110013811759
110013811768
110013811786
110013811795
110013811820
110013812160
110013812366
110013812375
110013812393
110013812400
110013812419
110013812428
110013812437
110013812446
110013812455
110013812464
110013812473
110013812482
110013812491
110013812516
110013812525
110013812534
110013812543
110013812561
110013813105
110013813132
110013813150
110013813301
110013813560
110013814685
110013814694
110013814710
110013814738
110013814747
110013814756
110013814765
110013814845
110013814872
110013814881
110013815005
110013816807
110013816825
110013834501
110013834609
110013834716
110013834770
110013834798
110013834805
110013834814
110013834887
110013834958
110013835029
110013835065
110013835083
110013835485
110013835500
110013835537
110013835653
110013835706
110013835724
110013835733
110013835797
110013835804
110013835822
110013835886
110013835920
110013836019
110013836037
110013836082
110013836117
110013836126
110013836368
110013836377
110013836386
110013836402
110013836536
110013836607
110013836625
110013836652
110013836689
110013836714
110013836741
110013836778
110013836830
110013836974
110013837036
110013837090
110013837161
110013837205
110013837223
110013837250
110013837278
110013837296
110013837358
110013837394
110013837456
110013837526
110013837599
110013837624
110013837688
110013837740
110013837802
110013837839
110013837964
110013837982
110013837991
110013838008
110013838017
110013838026
110013838044
110013838231
110013838286
110013838295
110013838320
110013838339
110013838366
110013838437
110013838455
110013838614
110013838678
110013838758
110013838972
110013838990
110013839007
110013839098
110013839105
110013839123
110013839169
110013839178
110013839196
110013839230
110013839249
110013839338
110013839409
110013839472
110013839490
110013839613
110013839640
110013839659
110013839677
110013839702
110013839748
110013839757
110013839766
110013839828
110013839837
110013839846
110013839864
110013839908
110013839917
110013840022
110013840031
110013840040
110013840077
110013840157
110013840237
110013840273
110013840326
110013840399
110013840451
110013840512
110013840610
110013841432
110013841502
110013841628
110013842333
110013842388
110013842397
110013842440
110013842565
110013842681
110013842725
110013842841
110013843010
110013843029
110013843074
110013843163
110013843225
110013843252
110013843332
110013843403
110013843449
110013843458
110013843528
110013843573
110013843617
110013843715
110013843733
110013843751
110013843779
110013843911
110013843975
110013844000
110013844037
110013844055
110013844876
110013845189
110013845198
110013845296
110013845349
110013845697
110013845848
110013845964
110013846035
110013846044
110013846071
110013846357
110013846482
110013847203
110013847917
110013847935
110013847944
110013847953
110013847980
110013848033
110013848140
110013848195
110013848211
110013848220
110013848596
110013853972
110013854677
110013854944
110013855293
110013855471
110013856611
110013856657
110013856728
110013856844
110013856924
110013856988
110013857031
110013857102
110013857148
110013857175
110013857200
110013857264
110013857282
110013857406
110013857433
110013857442
110013857451
110013857727
110013857807
110013857852
110013859404
110013859422
110013859486
110013859547
110013859574
110013859592
110013859636
110013859663
110013859672
110013859681
110013859743
110013859814
110013859841
110013859878
110013859903
110013860045
110013860054
110013860072
110013860090
110013860107
110013860134
110013860189
110013860223
110013860624
110013861179
110013861197
110013865610
110013865629
110013865638
110013865647
110013865656
110013865665
110013865727
110013865745
110013865754
110013865763
110013865772
110013865816
110013865825
110013865834
110013865843
110013865861
110013865889
110013865898
110013865905
110013866548
110013867084
110013867217
110013867306
110013867324
110013867431
110013869778
110013869821
110013869894
110013869938
110013869956
110013870061
110013870098
110013870105
110013870132
110013870196
110013870203
110013870212
110013870230
110013870301
110013870329
110013870374
110013870427
110013870463
110013870524
110013870533
110013870542
110013870551
110013870588
110013870604
110013870640
110013870695
110013870711
110013870720
110013870739
110013870757
110013870766
110013870775
110013870819
110013870864
110013870944
110013870953
110013870980
110013871015
110013871104
110013871131
110013871186
110013871248
110013871266
110013871346
110013871364
110013871462
110013871523
110013871532
110013871541
110013871756
110013871792
110013871809
110013871863
110013871890
110013871952
110013871961
110013872023
110013872032
110013872194
110013872229
110013872283
110013872292
110013872309
110013872372
110013872390
110013872470
110013872489
110013872504
110013872513
110013872559
110013872648
110013872666
110013872719
110013872791
110013872808
110013872862
110013872906
110013873086
110013873095
110013873139
110013873228
110013873246
110013873255
110013873291
110013873353
110013873371
110013873415
110013873424
110013873442
110013873558
110013873567
110013873585
110013873638
110013873914
110013873941
110013873978
110013873987
110013873996
110013874012
110013874067
110013874094
110013874174
110013874183
110013874352
110013874361
110013874398
110013874423
110013874441
110013874548
110013874557
110013874575
110013874593
110013874600
110013874619
110013874655
110013874673
110013874799
110013874851
110013874860
110013874879
110013874940
110013874968
110013874986
110013875075
110013875119
110013875137
110013875155
110013875164
110013875182
110013875217
110013875244
110013875306
110013875324
110013875333
110013875360
110013875459
110013875495
110013875510
110013875529
110013875592
110013875654
110013875707
110013875716
110013875814
110013875823
110013875841
110013875878
110013876010
110013876083
110013876092
110013876181
110013876252
110013876270
110013876369
110013881978
110013881987
110013882398
110013882423
110013882432
110013882450
110013882520
110013882566
110013882637
110013882691
110013882708
110013882815
110013882833
110013882851
110013882860
110013882904
110013882913
110013882931
110013882959
110013882986
110013883020
110013883093
110013883155
110013883191
110013883280
110013883324
110013883351
110013883388
110013883404
110013883459
110013883468
110013883495
110013883556
110013883574
110013884056
110013884430
110013888613
110013889765
110013889792
110013889854
110013893475
110013906737
110013906782
110013906871
110013906951
110013907139
110013907200
110013907237
110013907282
110013907326
110013907362
110013907433
110013907530
110013921774
110013921845
110013921872
110013921925
110013922041
110013922078
110013922103
110013922185
110013922229
110013922247
110013922283
110013922407
110013922461
110013922540
110013922639
110013922684
110013922764
110013922791
110013922880
110013922899
110013922924
110013922997
110013923031
110013923102
110013928492
110013928562
110013928580
110013928740
110013928777
110013929080
110013929106
110013929124
110013929213
110013929231
110013929268
110013929348
110013929366
110013929393
110013929437
110013929516
110013929543
110013929561
110013929641
110013929696
110013929758
110013929794
110013929829
110013929856
110013929892
110013929936
110013929963
110013929990
110013930069
110013930103
110013930121
110013930176
110013930238
110013930292
110013930309
110013930318
110013930327
110013930407
110013930452
110013930461
110013930498
110013930504
110013930531
110013930577
110013930595
110013930657
110013930700
110013930719
110013930791
110013930817
110013930835
110013930906
110013931059
110013931219
110013931228
110013931255
110013931326
110013931335
110013931344
110013931415
110013931424
110013931433
110013931479
110013931576
110013931629
110013931665
110013931674
110013931692
110013931709
110013931763
110013931807
110013931861
110013931914
110013931923
110013931950
110013932030
110013932138
110013932156
110013932236
110013932316
110013932361
110013932414
110013932487
110013932520
110013932619
110013932968
110013932995
110013933039
110013933119
110013933173
110013933333
110013933388
110013933556
110013933743
110013933814
110013933832
110013933949
110013933967
110013933994
110013934047
110013934181
110013934298
110013934403
110013934573
110013934715
110013934751
110013934813
110013935073
110013935117
110013935484
110013935616
110013935698
110013935732
110013935867
110013935938
110013935983
110013936036
110013936090
110013936134
110013936152
110013936303
110013936330
110013936447
110013936456
110013936517
110013936544
110013936606
110013936615
110013936642
110013936679
110013936713
110013936731
110013936759
110013936777
110013936795
110013936802
110013936820
110013936919
110013936928
110013936973
110013936991
110013937017
110013937071
110013937080
110013937115
110013937160
110013937197
110013937204
110013937231
110013937277
110013937286
110013937320
110013937357
110013937384
110013937393
110013937437
110013937482
110013937525
110013937534
110013937543
110013937570
110013937641
110013937712
110013937856
110013937892
110013938891
110013940593
110013940682
110013940815
110013943750
110013943885
110013944125
110013944152
110013944198
110013944205
110013944214
110013944250
110013944312
110013944385
110013944410
110013944474
110013944535
110013944615
110013944651
110013944679
110013944688
110013944731
110013944777
110013944875
110013944919
110013944955
110013944964
110013944991
110013945017
110013945197
110013945213
110013945222
110013945259
110013945295
110013945437
110013945455
110013945482
110013945776
110013945810
110013945936
110013946016
110013946105
110013946141
110013946285
110013946347
110013946409
110013946542
110013946579
110013946613
110013946659
110013946711
110013946748
110013946819
110013946846
110013946953
110013947015
110013947060
110013947113
110013947140
110013947293
110013947328
110013947435
110013947453
110013947480
110013947505
110013947514
110013947532
110013947587
110013947596
110013947603
110013947621
110013947649
110013947694
110013947729
110013947756
110013947774
110013947854
110013947881
110013949362
110013950769
110013950821
110013950901
110013950974
110013951036
110013951107
110013951205
110013951660
110013953392
110013953579
110013953622
110013953702
110013953775
110013957637
110013960151
110013960213
110013960240
110013960311
110013960339
110013960384
110013960437
110013960482
110013960525
110013960669
110013960767
110013960909
110013960963
110013961105
110013961178
110013961267
110013961310
110013961383
110013961392
110013961524
110013961551
110013961686
110013961695
110013961757
110013961784
110013961944
110013962006
110013962079
110013962168
110013962337
110013962355
110013962391
110013962426
110013962523
110013962578
110013962603
110013962612
110013962621
110013962667
110013962694
110013962756
110013962792
110013962854
110013962916
110013962943
110013962952
110013963014
110013963032
110013963041
110013963176
110013963185
110013963434
110013963782
110013963871
110013966217
110013966244
110013966324
110013966351
110013966379
110013967378
110013972665
110013972870
110013972923
110013972941
110013973012
110013973138
110013973209
110013973254
110013973290
110013973726
110013973771
110013973824
110013973977
110013977081
110013978473
110013978507
110013979926
110013982048
110013982342
110013982388
110013982404
110013982477
110013985349
110013985410
110013985651
110013985991
110013986160
110013986311
110013986491
110013986525
110013986561
110013986570
110013986696
110013991804
110013991840
110013992046
110013992126
110013996792
110013997933
110014002792
110014002854
110014002863
110014007350
110014007653
110014008956
110014009125
110014009223
110014009474
110014010738
110014011336
110014011461
110014011498
110014011513
110014011531
110014011540
110014011586
110014011611
110014011620
110014011657
110014011675
110014011684
110014011693
110014011700
110014011728
110014011782
110014011817
110014011835
110014011844
110014011862
110014011871
110014011899
110014011915
110014011942
110014011960
110014012013
110014012059
110014012068
110014013824
110014013833
110014013842
110014013851
110014013860
110014013879
110014013897
110014013904
110014013913
110014013922
110014015751
110014015902
110014015920
110014015939
110014017027
110014017045
110014017054
110014017385
110014017401
110014017429
110014017438
110014017447
110014017456
110014017483
110014017508
110014017517
110014017526
110014017544
110014017553
110014017562
110014017571
110014017580
110014017606
110014019212
110014020200
110014020923
110014020932
110014020969
110014020987
110014020996
110014043301
110014043677
110014044257
110014044710
110014059614
110014059918
110014060096
110014060103
110014061594
110014061718
110014322571
110014322642
110014322811
110014322893
110014322919
110014323320
110014324212
110014324249
110014324775
110014324784
110014324793
110014324837
110014324846
110014324882
110014324944
110014324971
110014325024
110014325042
110014325051
110014325060
