110014325079
110014325113
110014325122
110014325131
110014325140
110014325284
110014325293
110014325355
110014325907
110014326292
110014326354
110014326363
110014327530
110014327558
110014327683
110014327727
110014327763
110014327889
110014327898
110014327905
110014329020
110014329994
110014330250
110014331678
110014331703
110014331730
110014332169
110014333649
110014333658
110014333747
110014333756
110014333774
110014335834
110014336423
110014336995
110014337164
110014337191
110014337208
110014337226
110014337244
110014337253
110014337271
110014337306
110014337315
110014337468
110014337529
110014337538
110014337565
110014337592
110014337609
110014337645
110014337654
110014337663
110014337707
110014337761
110014337770
110014337789
110014337798
110014337841
110014337850
110014337878
110014337887
110014337896
110014337903
110014337912
110014337921
110014337930
110014337985
110014338001
110014338010
110014338056
110014338065
110014338074
110014338083
110014338092
110014338109
110014338118
110014338127
110014338136
110014338172
110014338190
110014338207
110014338225
110014338369
110014338378
110014338387
110014338396
110014338403
110014338412
110014338421
110014338458
110014338476
110014338485
110014338494
110014338519
110014338528
110014338537
110014338699
110014338742
110014338751
110014339153
110014339162
110014339171
110014344272
110014345271
110014348955
110014348964
110014349204
110014349213
110014349222
110014349231
110014349240
110014349295
110014349320
110014349357
110014349366
110014349375
110014349384
110014349393
110014349400
110014349419
110014349428
110014349482
110014349507
110014349516
110014349525
110014349543
110014349552
110014349561
110014353902
110014354206
110014354215
110014354233
110014359880
110014359915
110014360137
110014360164
110014360173
110014360226
110014360235
110014360244
110014360324
110014360333
110014360342
110014360388
110014360404
110014360422
110014360556
110014360565
110014360583
110014360636
110014360645
110014360681
110014360725
110014360734
110014360743
110014360841
110014360994
110014361038
110014361056
110014362518
110014362769
110014362778
110014362812
110014362821
110014362830
110014362849
110014362858
110014362876
110014362901
110014362938
110014362947
110014362956
110014362965
110014363054
110014363081
110014363143
110014363152
110014363161
110014363170
110014363198
110014363410
110014363438
110014365748
110014366211
110014366505
110014366523
110014366532
110014366596
110014366685
110014366836
110014368610
110014368629
110014368638
110014369110
110014369129
110014369138
110014369147
110014369156
110014369502
110014369520
110014370144
110014370153
110014370251
110014370260
110014370288
110014370297
110014370304
110014370313
110014370331
110014370340
110014370359
110014370368
110014370386
110014370395
110014370402
110014370420
110014370439
110014370536
110014370545
110014370554
110014370616
110014370625
110014370661
110014370670
110014370689
110014370705
110014370714
110014370723
110014370732
110014370741
110014370750
110014370769
110014370787
110014370796
110014370821
110014371090
110014371107
110014371116
110014375032
110014375041
110014375069
110014375078
110014375185
110014375201
110014375229
110014375318
110014375336
110014375363
110014375684
110014379733
110014379751
110014379966
110014380080
110014380099
110014380106
110014380115
110014385487
110014385904
110014385913
110014385922
110014385968
110014386164
110014386501
110014386547
110014386565
110014386574
110014386592
110014387396
110014387449
110014387458
110014387546
110014387840
110014387859
110014387868
110014387877
110014387948
110014387957
110014388439
110014388448
110014388457
110014389857
110014389866
110014389928
110014389937
110014389955
110014392843
110014393236
110014393263
110014393584
110014393600
110014393619
110014393628
110014393637
110014393655
110014393664
110014393682
110014393708
110014393717
110014393726
110014393735
110014393940
110014393959
110014393968
110014394173
110014394191
110014394208
110014394217
110014394226
110014394244
110014394253
110014394271
110014394280
110014394299
110014394306
110014394315
110014394324
110014394333
110014394342
110014394690
110014394716
110014394725
110014394734
110014394841
110014394869
110014394903
110014395056
110014395065
110014395074
110014395083
110014395109
110014395118
110014395127
110014395136
110014395190
110014395234
110014395261
110014395270
110014395289
110014395305
110014395332
110014395350
110014395369
110014395378
110014395387
110014395412
110014395421
110014395430
110014395458
110014395476
110014395485
110014395494
110014395500
110014395528
110014395537
110014395546
110014395555
110014395608
110014395617
110014395626
110014395635
110014395662
110014395680
110014395733
110014395751
110014395788
110014395797
110014395804
110014395813
110014395831
110014395859
110014395868
110014396117
110014396126
110014396206
110014396260
110014396297
110014396304
110014396313
110014396322
110014397018
110014397063
110014397107
110014397189
110014397198
110014397223
110014397385
110014397394
110014397429
110014397456
110014397474
110014397508
110014397517
110014397544
110014397562
110014397580
110014397606
110014397633
110014397651
110014397660
110014397679
110014397704
110014397722
110014397759
110014397777
110014397786
110014398053
110014398222
110014398516
110014398534
110014398552
110014398570
110014398641
110014398687
110014400380
110014400451
110014401021
110014401049
110014401263
110014401272
110014401307
110014401325
110014401343
110014401664
110014402324
110014402333
110014402379
110014402477
110014402958
110014402976
110014403083
110014404545
110014406099
110014406133
110014406142
110014406151
110014407490
110014407506
110014408079
110014408088
110014408097
110014408122
110014408131
110014408140
110014408159
110014408168
110014408177
110014408186
110014408195
110014408211
110014408248
110014411127
110014411181
110014411207
110014411216
110014411225
110014411234
110014411243
110014411948
110014411957
110014412162
110014412705
110014412723
110014412732
110014412750
110014412769
110014412778
110014412787
110014412796
110014412803
110014412929
110014412947
110014412956
110014412965
110014412974
110014412983
110014412992
110014413009
110014413018
110014413027
110014413036
110014413045
110014413081
110014413107
110014413116
110014413152
110014413161
110014413198
110014413205
110014413223
110014413232
110014413839
110014413848
110014413857
110014413866
110014413875
110014413884
110014414268
110014414277
110014415221
110014415472
110014416088
110014416140
110014416541
110014416649
110014416783
110014419405
110014419637
110014419646
110014419744
110014419922
110014419931
110014419940
110014419968
110014419977
110014420386
110014420395
110014420723
110014420796
110014420812
110014420858
110014421054
110014421526
110014421535
110014421660
110014422071
110014422080
110014422213
110014423267
110014423285
110014423338
110014423524
110014423668
110014423864
110014423873
110014424248
110014425595
110014425737
110014428315
110014428360
110014428413
110014428422
110014428431
110014428538
110014428547
110014431873
110014432943
110014433069
110014433274
110014433336
110014434647
110014434816
110014436495
110014436538
110014437494
110014438938
110014439009
110014439063
110014439072
110014439134
110014439214
110014439223
110014439232
110014439250
110014439269
110014439303
110014439429
110014440140
110014440159
110014440177
110014440220
110014440248
110014440523
110014440532
110014440569
110014440587
110014440596
110014440603
110014440630
110014440685
110014441336
110014441425
110014442479
110014442512
110014442585
110014443646
110014443735
110014443922
110014444048
110014444066
110014444075
110014444128
110014444155
110014444191
110014444244
110014444306
110014444459
110014444486
110014445127
110014445190
110014445270
110014445403
110014445467
110014445494
110014445635
110014445644
110014445671
110014445680
110014448730
110014448758
110014448838
110014448865
110014448963
110014449007
110014449123
110014449132
110014451333
110014451342
110014451360
110014452243
110014452252
110014452289
110014452305
110014452332
110014452430
110014452449
110014452500
110014452519
110014452537
110014452573
110014452591
110014452617
110014452626
110014452635
110014452653
110014452662
110014452671
110014452680
110014452706
110014452715
110014452724
110014452751
110014452760
110014452779
110014452797
110014452813
110014452831
110014452840
110014452902
110014452920
110014452966
110014453037
110014453046
110014453055
110014453064
110014453091
110014453171
110014453199
110014453215
110014453260
110014453304
110014453322
110014453377
110014453402
110014453420
110014453448
110014453484
110014453545
110014453634
110014453652
110014453778
110014453849
110014453992
110014454009
110014454018
110014454036
110014454054
110014454081
110014454090
110014454125
110014454152
110014454170
110014454189
110014454214
110014454250
110014454269
110014454296
110014454303
110014454312
110014454358
110014454367
110014454376
110014454385
110014454401
110014454410
110014454438
110014454483
110014454492
110014454517
110014454544
110014454580
110014454624
110014454642
110014454651
110014454688
110014454722
110014454768
110014454848
110014454866
110014454875
110014457373
110014457408
110014457417
110014457444
110014457453
110014457462
110014457480
110014457499
110014457505
110014457514
110014457523
110014457541
110014457550
110014457569
110014457587
110014457596
110014457603
110014457612
110014457621
110014457649
110014457658
110014457667
110014457676
110014457685
110014458023
110014458032
110014458041
110014458050
110014458078
110014458087
110014458096
110014458103
110014458112
110014458121
110014458130
110014458167
110014458176
110014458185
110014458194
110014460653
110014460662
110014460671
110014460715
110014460733
110014464481
110014464515
110014464524
110014464533
110014464551
110014464560
110014464579
110014464597
110014464613
110014464640
110014464659
110014464677
110014464695
110014464702
110014464711
110014464720
110014464739
110014464748
110014464757
110014464766
110014464775
110014464784
110014466363
110014840690
110015305613
110015305873
110015306694
110015306701
110015306729
110015306738
110015306943
110015308068
110015308781
110015308790
110015308807
110015308816
110015308843
110015308843
110015308852
110015308889
110015308898
110015308905
110015308914
110015309067
110015310073
110015310180
110015310705
110015310741
110015310778
110015310787
110015310796
110015310812
110015311134
110015311161
110015312534
110015312561
110015312623
110015312632
110015312801
110015313454
110015313873
110015314186
110015315112
110015315130
110015317174
110015317218
110015317227
110015317245
110015317254
110015317263
110015317281
110015317290
110015317307
110015317316
110015317619
110015317806
110015317815
110015317824
110015317851
110015317888
110015317897
110015317904
110015317922
110015317931
110015317940
110015317959
110015317968
110015317977
110015317986
110015317995
110015318039
110015318075
110015318084
110015318093
110015318253
110015318262
110015318271
110015318280
110015318299
110015318315
110015318379
110015318388
110015318397
110015318404
110015318431
110015318440
110015318468
110015318477
110015318486
110015318495
110015318501
110015318510
110015318529
110015318565
110015318583
110015318609
110015318618
110015318636
110015318645
110015318654
110015318663
110015318707
110015318725
110015318734
110015318743
110015318770
110015318798
110015318805
110015318823
110015318841
110015318869
110015318878
110015318903
110015318921
110015318949
110015318958
110015318967
110015318985
110015319001
110015319010
110015319038
110015319047
110015319056
110015319074
110015319083
110015319118
110015319127
110015319154
110015319163
110015319172
110015319207
110015319216
110015319225
110015319234
110015319270
110015319305
110015319314
110015319323
110015319369
110015319378
110015319396
110015319403
110015319412
110015319449
110015319494
110015319500
110015319528
110015319564
110015319573
110015319582
110015319608
110015319617
110015319626
110015319635
110015319644
110015319662
110015319671
110015319680
110015319699
110015319733
110015319751
110015319804
110015319813
110015319822
110015319859
110015319868
110015319939
110015319966
110015320115
110015320124
110015320552
110015322284
110015322328
110015322346
110015322355
110015322417
110015322426
110015322462
110015322505
110015323005
110015323041
110015323050
110015323611
110015323648
110015323675
110015323700
110015323728
110015325593
110015325619
110015325637
110015325664
110015326681
110015326690
110015326734
110015326743
110015326761
110015326789
110015326805
110015326814
110015326823
110015326841
110015326850
110015326869
110015326878
110015327886
110015327895
110015328322
110015328331
110015328340
110015328368
110015328377
110015328386
110015328402
110015328411
110015328420
110015328439
110015328448
110015328876
110015328885
110015328894
110015328910
110015328929
110015328938
110015328956
110015330220
110015330239
