110015330248
110015330257
110015330266
110015330275
110015330284
110015330293
110015330300
110015330319
110015330328
110015330337
110015330355
110015330373
110015330382
110015330408
110015330417
110015330426
110015330444
110015330453
110015330462
110015330480
110015330505
110015330514
110015330587
110015330603
110015330612
110015330621
110015330630
110015330649
110015330658
110015330667
110015330685
110015330694
110015330701
110015330710
110015330729
110015330738
110015330747
110015330756
110015330765
110015330809
110015331112
110015331121
110015331531
110015335145
110015335172
110015335181
110015335190
110015335207
110015336634
110015336750
110015336769
110015336778
110015336787
110015336821
110015336830
110015336849
110015336858
110015336867
110015336876
110015337063
110015337107
110015337116
110015337161
110015337170
110015337492
110015337526
110015337544
110015354711
110015356149
110015356158
110015372979
110015373004
110015373013
110015373022
110015373040
110015373059
110015373095
110015373521
110015375119
110015381380
110015381406
110015381503
110015381521
110015381530
110015381549
110015381567
110015381576
110015381610
110015381629
110015381638
110015381647
110015381665
110015381674
110015381683
110015583368
110015583395
110015583402
110015583411
110015583448
110015583457
110015583475
110015583484
110015583518
110015583803
110015583812
110015583821
110015585204
110015587006
110015587024
110015587480
110015587514
110015587569
110015587621
110015587685
110015587694
110015587738
110015587756
110015587765
110015587774
110015587792
110015588372
110015588407
110015588425
110015588470
110015588489
110015588498
110015588568
110015588577
110015589424
110015589442
110015589451
110015589460
110015589479
110015589497
110015589503
110015589512
110015591091
110015591108
110015591126
110015591493
110015591821
110015591830
110015591849
110015591858
110015591867
110015591876
110015591885
110015591894
110015592438
110015592447
110015592456
110015592465
110015592517
110015592553
110015593552
110015593570
110015593589
110015593598
110015594025
110015594034
110015594052
110015594089
110015594098
110015594105
110015594114
110015594123
110015594132
110015594141
110015594150
110015594338
110015594347
110015597399
110015597406
110015597415
110015597433
110015598021
110015599994
110015600027
110015600036
110015600081
110015600107
110015600125
110015600152
110015600170
110015600198
110015600223
110015600241
110015600250
110015600269
110015600278
110015600287
110015605488
110015607146
110015607360
110015608243
110015608341
110015608350
110015608378
110015608421
110015608458
110015608476
110015608485
110015608500
110015608519
110015608779
110015608788
110015608797
110015608804
110015608831
110015608840
110015608859
110015608868
110015608877
110015608886
110015608895
110015608902
110015608911
110015608920
110015608939
110015608957
110015608966
110015608984
110015609019
110015609028
110015609037
110015609055
110015609073
110015609091
110015609117
110015609135
110015609153
110015609171
110015609180
110015609199
110015609224
110015609377
110015609386
110015609402
110015609411
110015609420
110015609439
110015609448
110015609466
110015609484
110015609509
110015609518
110015609527
110015609536
110015609554
110015609563
110015609572
110015609581
110015609590
110015609607
110015609616
110015609634
110015609643
110015609652
110015609661
110015609689
110015609705
110015609714
110015609723
110015609741
110015609750
110015609778
110015609787
110015610089
110015610123
110015610132
110015610150
110015610169
110015610178
110015610196
110015610203
110015610230
110015610249
110015610258
110015610267
110015610276
110015610329
110015610338
110015610356
110015610365
110015610409
110015610418
110015610427
110015610436
110015610445
110015610454
110015610463
110015610472
110015610481
110015610506
110015610515
110015610542
110015610551
110015610560
110015610579
110015610604
110015610640
110015610659
110015610677
110015610686
110015610695
110015610720
110015610739
110015610748
110015610766
110015610775
110015610784
110015610819
110015610828
110015610855
110015610882
110015610908
110015610926
110015610944
110015610953
110015610962
110015610971
110015610980
110015610999
110015611015
110015611024
110015611033
110015611051
110015611097
110015611113
110015611122
110015611131
110015611159
110015611168
110015611177
110015611186
110015611202
110015611211
110015611220
110015611239
110015611266
110015611284
110015611293
110015611300
110015611319
110015611364
110015611408
110015611417
110015611444
110015611462
110015611480
110015611499
110015611505
110015611523
110015611532
110015611541
110015611550
110015611587
110015611596
110015611603
110015611612
110015611621
110015611630
110015611658
110015611667
110015611676
110015611685
110015611701
110015611738
110015611747
110015611756
110015611774
110015611783
110015611809
110015611818
110015611845
110015611881
110015611925
110015611934
110015611943
110015611952
110015611970
110015611989
110015612005
110015612050
110015612069
110015612096
110015612103
110015612121
110015612158
110015612167
110015612176
110015612194
110015612201
110015612229
110015612238
110015612247
110015612256
110015612283
110015612318
110015612327
110015612345
110015612354
110015612363
110015612381
110015612407
110015612416
110015612434
110015612452
110015612461
110015612489
110015612522
110015612531
110015612540
110015612559
110015612568
110015612577
110015612602
110015612611
110015612648
110015612657
110015612675
110015612693
110015612700
110015612719
110015612728
110015612755
110015612764
110015612773
110015612782
110015612808
110015612817
110015612826
110015612862
110015612915
110015612933
110015612951
110015612960
110015612979
110015612988
110015613013
110015613031
110015613040
110015613059
110015613086
110015613095
110015613102
110015613111
110015613120
110015613148
110015613157
110015613166
110015613175
110015613184
110015613193
110015613219
110015613228
110015613255
110015613264
110015613273
110015613291
110015613308
110015613317
110015613344
110015613362
110015613371
110015613399
110015613406
110015613424
110015613442
110015613488
110015613503
110015613512
110015613530
110015613576
110015613585
110015613594
110015613601
110015613638
110015613647
110015613656
110015613665
110015613674
110015613718
110015613727
110015613736
110015613754
110015613790
110015613807
110015613843
110015613905
110015613932
110015613941
110015613969
110015613978
110015613996
110015614003
110015614012
110015614021
110015614058
110015614067
110015614094
110015614110
110015614129
110015614165
110015614209
110015614227
110015614263
110015614272
110015614316
110015614334
110015614343
110015614352
110015614361
110015614389
110015614398
110015614405
110015614414
110015614441
110015614450
110015614469
110015614487
110015614496
110015614511
110015614539
110015614548
110015614557
110015614575
110015614593
110015614600
110015614637
110015614646
110015614655
110015614664
110015614673
110015614682
110015614691
110015614708
110015614735
110015614744
110015614753
110015614771
110015614780
110015614806
110015614815
110015614824
110015614833
110015614959
110015614977
110015614986
110015614995
110015615011
110015615020
110015615066
110015615084
110015615100
110015615119
110015615146
110015615155
110015615164
110015615173
110015615182
110015615191
110015615208
110015615217
110015615226
110015615262
110015615271
110015615324
110015615333
110015615342
110015615351
110015615360
110015615413
110015615422
110015615431
110015615459
110015615468
110015615477
110015615495
110015615501
110015615538
110015615547
110015615556
110015615565
110015615574
110015615583
110015615636
110015615654
110015615663
110015615672
110015615681
110015615725
110015615743
110015615752
110015615798
110015615823
110015615850
110015615878
110015615903
110015615912
110015615949
110015615958
110015615967
110015615985
110015615994
110015616001
110015616010
110015616047
110015616056
110015616065
110015616074
110015616083
110015616118
110015616154
110015616163
110015616172
110015616181
110015616207
110015616261
110015616270
110015616298
110015616305
110015616323
110015616332
110015616341
110015616369
110015616387
110015616403
110015616421
110015616430
110015616458
110015616467
110015616494
110015616519
110015616528
110015616537
110015616546
110015616564
110015616573
110015616582
110015616653
110015616662
110015616680
110015616733
110015616751
110015616779
110015616788
110015616797
110015616804
110015616822
110015616831
110015616859
110015616895
110015616902
110015616948
110015616957
110015616984
110015616993
110015617000
110015617019
110015617028
110015617037
110015617046
110015617055
110015617064
110015617073
110015617082
110015617091
110015617108
110015617135
110015617162
110015617171
110015617180
110015617251
110015617279
110015617313
110015617359
110015617402
110015617439
110015617448
110015617457
110015617484
110015617518
110015617545
110015617563
110015617572
110015617590
110015617616
110015617634
110015617670
110015617714
110015617732
110015617741
110015617750
110015617778
110015617796
110015617812
110015617849
110015617867
110015617885
110015617894
110015617929
110015617956
110015617974
110015617983
110015618018
110015618027
110015618045
110015618054
110015618063
110015618090
110015618116
110015618125
110015618134
110015618189
110015618223
110015618232
110015618241
110015618269
110015618287
110015618303
110015618321
110015618349
110015618358
110015618376
110015618394
110015618401
110015618447
110015618456
110015618474
110015618492
110015618508
110015618544
110015618553
110015618562
110015618571
110015618615
110015618651
110015618688
110015618697
110015618704
110015618713
110015618722
110015618731
110015618740
110015618759
110015618768
110015618777
110015618802
110015618820
110015618884
110015618928
110015618937
110015618955
110015618973
110015618982
110015618991
110015619008
110015619017
110015619035
110015619062
110015619080
110015619124
110015619133
110015619151
110015619160
110015619188
110015619213
110015619222
110015619231
110015619240
110015619286
110015619302
110015619339
110015619348
110015619366
110015619384
110015619393
110015619437
110015619455
110015619507
110015619525
110015619534
110015619543
110015619552
110015619561
110015619570
110015619589
110015619598
110015619614
110015619623
110015619669
110015619678
110015619687
110015619703
110015619721
110015619749
110015619758
110015619767
110015619776
110015619794
110015619801
110015619838
110015619865
110015619874
110015619883
110015619909
110015619918
110015619927
110015619954
110015619963
110015619972
110015619981
110015619990
110015620023
110015620032
110015620050
110015620069
110015620078
110015620121
110015620158
110015620167
110015620176
110015620185
110015620256
110015620265
110015620274
110015620283
110015620309
110015620318
110015620336
110015620354
110015620363
110015620390
110015620407
110015620416
110015620425
110015620443
110015620461
110015620470
110015620498
110015620504
110015620559
110015620568
110015620577
110015620595
110015620611
110015620684
110015620719
110015620728
110015620737
110015620746
110015620826
110015620853
110015620862
110015620871
110015620899
110015620906
110015620915
110015620942
110015621022
110015621031
110015621040
110015621068
110015621077
110015621086
110015621095
110015621102
110015621139
110015621148
110015621157
110015621184
110015621200
110015621228
110015621237
110015621255
110015621264
110015621273
110015621308
110015621326
110015621353
110015621362
110015621380
110015621415
110015621424
110015621442
110015621451
110015621460
110015621488
110015621497
110015621503
110015621512
110015621585
110015621601
110015621683
110015621709
110015621727
110015621745
110015621781
110015621790
110015621816
110015621825
110015621834
110015621843
110015621861
110015621870
110015621889
110015621914
110015621932
110015621941
110015621969
110015621978
110015621996
110015622012
110015622021
110015622049
110015622058
110015622067
110015622085
110015622138
110015622147
110015622156
110015622174
110015622192
110015622218
110015622254
110015622272
110015622281
110015622307
110015622316
110015622325
110015622343
110015622352
110015622370
110015622389
110015622405
110015622414
110015622450
110015622469
110015622478
110015622487
110015622496
110015622502
110015622520
110015622539
110015622548
110015622557
110015622566
110015622575
110015622593
110015622619
110015622646
110015622655
110015622735
110015622753
110015622780
110015622806
110015622824
110015622833
110015622851
110015622860
110015622879
110015622897
110015622904
110015622913
110015622931
110015622959
110015622977
110015622986
110015622995
110015623011
110015623066
110015623075
110015623093
110015623100
110015623128
110015623155
110015623164
110015623182
110015623208
110015623217
110015623226
110015623235
110015623271
110015623280
110015623342
110015623379
110015623388
110015623404
110015623431
110015623440
110015623459
110015623529
110015623556
110015623565
110015623592
110015623609
110015623636
110015623645
110015623672
