110015623681
110015623707
110015623716
110015623770
110015623814
110015623823
110015623832
110015623841
110015623869
110015623887
110015623903
110015623912
110015623958
110015623967
110015623976
110015623985
110015623994
110015624029
110015624056
110015624065
110015624074
110015624109
110015624118
110015624136
110015624154
110015624207
110015624216
110015624225
110015624252
110015624270
110015624289
110015624298
110015624305
110015624314
110015624323
110015624332
110015624341
110015624387
110015624396
110015624403
110015624412
110015624430
110015624449
110015624467
110015624476
110015624528
110015624537
110015624546
110015624564
110015624608
110015624617
110015624626
110015624635
110015624644
110015624653
110015624671
110015624699
110015624706
110015624742
110015624751
110015624760
110015624779
110015624788
110015624797
110015624813
110015624831
110015624840
110015624859
110015624877
110015624895
110015624902
110015624911
110015624920
110015624939
110015624948
110015624966
110015624975
110015624984
110015624993
110015625000
110015625019
110015625028
110015625037
110015625046
110015625055
110015625082
110015625091
110015625108
110015625126
110015625144
110015625153
110015625162
110015625171
110015625180
110015625199
110015625215
110015625242
110015625251
110015625260
110015625279
110015625297
110015625322
110015625331
110015625359
110015625386
110015625395
110015625402
110015625411
110015625439
110015625466
110015625484
110015625493
110015625509
110015625518
110015625545
110015625563
110015625607
110015625634
110015625652
110015625661
110015625689
110015625698
110015625705
110015625723
110015625732
110015625750
110015625769
110015625787
110015625812
110015625821
110015625830
110015625849
110015625858
110015625867
110015625876
110015625885
110015625894
110015625929
110015625938
110015625974
110015625983
110015625992
110015626009
110015626018
110015626045
110015626054
110015626072
110015626081
110015626090
110015626107
110015626116
110015626125
110015626134
110015626143
110015626161
110015626170
110015626189
110015626198
110015626205
110015626214
110015626232
110015626241
110015626250
110015626269
110015626278
110015626287
110015626296
110015626303
110015626312
110015626321
110015626330
110015626349
110015626358
110015626367
110015626376
110015626394
110015626401
110015626429
110015626438
110015626447
110015626474
110015626483
110015626492
110015626508
110015626517
110015626535
110015626571
110015626599
110015626606
110015626615
110015626633
110015626642
110015626651
110015626697
110015626722
110015626731
110015626740
110015626759
110015626768
110015626777
110015626795
110015626802
110015626811
110015626820
110015626848
110015626857
110015626866
110015626884
110015626893
110015626919
110015626928
110015626937
110015626946
110015626955
110015626982
110015626991
110015627008
110015627017
110015627026
110015627035
110015627044
110015627053
110015627062
110015627080
110015627106
110015627393
110015627455
110015627473
110015627473
110015627491
110015627525
110015627552
110015627589
110015627598
110015627605
110015627614
110015627623
110015627632
110015627650
110015627687
110015627696
110015627703
110015627721
110015627730
110015627749
110015627801
110015627810
110015627847
110015627856
110015627865
110015627883
110015627909
110015627954
110015627990
110015628025
110015628052
110015628070
110015628089
110015628114
110015628123
110015628132
110015628187
110015628249
110015628267
110015628285
110015628310
110015628356
110015628374
110015628392
110015628418
110015628454
110015628472
110015628490
110015628506
110015628515
110015628533
110015628551
110015628560
110015628588
110015628597
110015628604
110015628622
110015628631
110015628640
110015628659
110015628677
110015628695
110015628702
110015628711
110015628720
110015628739
110015628766
110015628775
110015628784
110015628793
110015628800
110015628819
110015628828
110015628837
110015628855
110015628891
110015628917
110015628926
110015628944
110015628953
110015628962
110015628999
110015629024
110015629033
110015629042
110015629051
110015629060
110015629079
110015629088
110015629104
110015629122
110015629355
110015629364
110015629373
110015629382
110015629391
110015629408
110015629426
110015630628
110015630637
110015630673
110015630708
110015631574
110015631609
110015631823
110015632216
110015632225
110015632234
110015632252
110015632270
110015632289
110015632298
110015632305
110015632323
110015632378
110015632387
110015632458
110015632467
110015632485
110015632494
110015632500
110015633144
110015633180
110015633199
110015633215
110015633242
110015633251
110015633279
110015633322
110015633340
110015633368
110015633386
110015634688
110015634697
110015634713
110015634731
110015634740
110015634857
110015634866
110015634884
110015635393
110015640243
110015640252
110015640323
110015640430
110015640519
110015640528
110015640582
110015640591
110015640699
110015640706
110015640751
110015640760
110015640822
110015640840
110015640886
110015640966
110015640984
110015641126
110015641359
110015641466
110015641527
110015641545
110015641812
110015641821
110015641849
110015641867
110015641885
110015641894
110015641947
110015641983
110015641992
110015642036
110015642045
110015642054
110015642161
110015642232
110015642438
110015642465
110015642508
110015642713
110015642848
110015642893
110015643008
110015643026
110015643044
110015643384
110015643437
110015643525
110015643623
110015643632
110015643650
110015643678
110015643749
110015643874
110015643883
110015643892
110015643954
110015644310
110015644383
110015644392
110015644445
110015644454
110015644515
110015644560
110015644588
110015644622
110015644677
110015644819
110015644891
110015645079
110015645131
110015645140
110015645168
110015645195
110015645202
110015645220
110015645248
110015645266
110015645284
110015645300
110015645337
110015645417
110015645426
110015645499
110015645505
110015645514
110015645523
110015645612
110015645774
110015645783
110015645809
110015645845
110015645872
110015645916
110015645925
110015645952
110015645961
110015645998
110015646005
110015646014
110015646103
110015646130
110015646158
110015646185
110015646194
110015646201
110015646210
110015646256
110015646274
110015646283
110015646354
110015646381
110015646434
110015646470
110015646755
110015646764
110015646791
110015646835
110015646915
110015646924
110015646933
110015646951
110015646960
110015646979
110015646988
110015647013
110015647031
110015647068
110015647157
110015647175
110015647228
110015647282
110015647326
110015647521
110015647638
110015647709
110015647861
110015647870
110015647898
110015647905
110015647941
110015647969
110015648110
110015648138
110015648165
110015648183
110015648218
110015648227
110015648236
110015648245
110015648254
110015648263
110015648281
110015648290
110015648307
110015648316
110015648325
110015648343
110015648352
110015648361
110015648405
110015648432
110015648441
110015648469
110015648487
110015648496
110015648511
110015648557
110015648566
110015648575
110015648584
110015648619
110015648682
110015648771
110015648780
110015648806
110015648833
110015648888
110015648897
110015648922
110015648940
110015648986
110015649011
110015649048
110015649075
110015651016
110015651034
110015651123
110015652738
110015652747
110015652756
110015652765
110015653041
110015653121
110015653130
110015653149
110015653158
110015653167
110015653176
110015653185
110015653194
110015653201
110015653210
110015653229
110015653238
110015653247
110015653256
110015653265
110015653274
110015653283
110015653292
110015653309
110015653318
110015653327
110015653336
110015653345
110015653354
110015653363
110015653372
110015653381
110015653390
110015653407
110015653755
110015654834
110015654898
110015654905
110015654950
110015655003
110015655995
110015656002
110015656164
110015656191
110015656208
110015656217
110015656226
110015656235
110015656244
110015656253
110015661121
110015661130
110015661149
110015661158
110015661167
110015661176
110015661229
110015661238
110015661489
110015661504
110015661522
110015661540
110015662077
110015662086
110015662095
110015662157
110015662184
110015662200
110015662219
110015662228
110015662255
110015662549
110015662594
110015662610
110015662629
110015662647
110015662656
110015662683
110015662727
110015662745
110015662772
110015662825
110015662852
110015662870
110015662889
110015662905
110015662914
110015662923
110015662978
110015662996
110015663012
110015663030
110015663049
110015663058
110015663076
110015663085
110015663101
110015663110
110015663129
110015663138
110015663156
110015663165
110015663174
110015663254
110015663272
110015663307
110015663316
110015663325
110015663370
110015663405
110015663423
110015663441
110015663450
110015663469
110015663478
110015663496
110015663511
110015663557
110015663566
110015663628
110015663673
110015663968
110015666199
110015666796
110015666803
110015666821
110015666876
110015666929
110015666938
110015666947
110015666965
110015667009
110015667018
110015667027
110015667651
110015667660
110015667679
110015670406
110015670415
110015670424
110015670479
110015670488
110015670497
110015671012
110015671021
110015671030
110015671049
110015671058
110015671067
110015671076
110015671085
110015671094
110015671110
110015671129
110015671762
110015671771
110015671780
110015671799
110015671806
110015671815
110015673494
110015673500
110015673528
110015673537
110015673555
110015673788
110015674028
110015676589
110015676598
110015676758
110015676767
110015676785
110015676909
110015677089
110015677098
110015677187
110015677196
110015677212
110015677249
110015677267
110015678113
110015678382
110015678505
110015678505
110015680226
110015680235
110015680253
110015680271
110015680280
110015680299
110015680315
110015680468
110015680486
110015680495
110015680501
110015680510
110015680529
110015680547
110015680565
110015680583
110015680592
110015680609
110015680627
110015680690
110015680734
110015680743
110015680761
110015680770
110015680798
110015680805
110015680814
110015680832
110015680850
110015680869
110015680878
110015680887
110015680949
110015680994
110015681074
110015681109
110015681118
110015681127
110015681136
110015682046
110015683401
110015683508
110015683811
110015686391
110015686426
110015686453
110015686462
110015686471
110015686612
110015686649
110015686658
110015686676
110015686685
110015686710
110015687229
110015687247
110015687256
110015687283
110015703693
110015705469
110015706048
110015706066
110015706075
110015706084
110015706789
110015707350
110015707369
110015707378
110015707387
110015707396
110015707403
110015707412
110015707430
110015707449
110015707458
110015707476
110015707494
110015707500
110015707519
110015707939
110015707948
110015707957
110015707966
110015707984
110015708000
110015709508
110015709517
110015709526
110015709535
110015709544
110015709553
110015709562
110015709571
110015709580
110015709599
110015709615
110015709811
110015709839
110015709848
110015709857
110015709866
110015709875
110015709884
110015709893
110015709900
110015709919
110015709928
110015709937
110015709946
110015709955
110015709982
110015709991
110015710006
110015710015
110015710024
110015710033
110015710042
110015710051
110015710060
110015710104
110015710113
110015710122
110015710131
110015710140
110015710168
110015710177
110015710195
110015710202
110015710211
110015710364
110015710462
110015710480
110015710499
110015710532
110015710569
110015711942
110015712031
110015712077
110015712406
110015712497
110015712530
110015712585
110015712736
110015712772
110015712790
110015712807
110015713450
110015714173
110015714182
110015714191
110015714226
110015714351
110015714360
110015714388
110015714404
110015714431
110015714725
110015714761
110015716153
110015716162
110015716171
110015716180
110015716590
110015717330
110015718847
110015721478
110015721959
110015722100
110015722119
110015722128
110015722137
110015722146
110015722155
110015722182
110015722217
110015722226
110015722235
110015722253
110015722262
110015722280
110015722299
110015722306
110015722324
110015722333
110015722342
110015722351
110015722379
110015722397
110015722413
110015722645
110015722681
110015722690
110015722707
110015722716
110015722725
110015722752
110015722761
110015722789
110015722798
110015722805
110015722823
110015722841
110015722869
110015722878
110015722887
110015722896
110015722903
110015722912
110015722949
110015723314
110015723323
110015723332
110015723341
110015723350
110015723378
110015723387
110015723403
110015723421
110015723449
110015723458
110015723476
110015723485
110015723519
110015723528
110015723537
110015723546
110015723555
110015723582
110015723591
110015723608
110015723617
110015723626
110015723671
110015723680
110015723699
110015723706
110015723733
110015723742
110015723751
110015723813
110015723831
110015723840
110015723859
110015723868
110015723877
110015723886
110015723895
110015723902
110015723911
110015723920
110015723948
110015723957
110015723966
110015723975
110015723984
110015723993
110015724019
110015724028
110015724046
110015724064
110015724082
110015724091
