110015724108
110015724117
110015724153
110015724162
110015724171
110015724180
110015724199
110015724224
110015724233
110015724242
110015724251
110015724260
110015724279
110015724288
110015724304
110015724313
110015724322
110015724331
110015724340
110015724368
110015724377
110015724386
110015724402
110015724411
110015724420
110015724439
110015724448
110015724466
110015724475
110015724484
110015724493
110015724509
110015724527
110015724536
110015724545
110015724563
110015724590
110015724616
110015724661
110015724714
110015724723
110015724732
110015724750
110015724769
110015724778
110015724787
110015724812
110015724821
110015724885
110015724894
110015724901
110015724929
110015724938
110015724947
110015724956
110015724965
110015725009
110015725018
110015725036
110015725063
110015725081
110015725090
110015725232
110015725250
110015725269
110015725278
110015725287
110015725303
110015725321
110015725330
110015725349
110015725385
110015725394
110015725401
110015725429
110015725438
110015725456
110015725465
110015725474
110015725508
110015725526
110015725535
110015725544
110015725553
110015725571
110015725580
110015725606
110015725624
110015725633
110015725642
110015725651
110015725660
110015725688
110015725704
110015725731
110015725740
110015725786
110015725795
110015725820
110015725848
110015725857
110015725875
110015725884
110015725919
110015725946
110015725955
110015725991
110015726008
110015726017
110015726026
110015726035
110015726044
110015726053
110015726062
110015726099
110015726115
110015726124
110015726133
110015726142
110015726188
110015726197
110015726204
110015726213
110015726222
110015726259
110015726268
110015726286
110015726302
110015726339
110015726348
110015726357
110015726375
110015726437
110015726446
110015726464
110015726473
110015726482
110015726491
110015726507
110015726516
110015726552
110015726570
110015726589
110015726598
110015726605
110015726623
110015726632
110015726641
110015726650
110015726669
110015726678
110015726687
110015726696
110015726703
110015726712
110015726721
110015726730
110015726749
110015726767
110015726776
110015726794
110015726801
110015726810
110015726856
110015726865
110015726874
110015726918
110015726927
110015726954
110015726963
110015726972
110015727007
110015727016
110015727025
110015727034
110015727043
110015727061
110015727089
110015727105
110015727114
110015727123
110015727132
110015727141
110015727150
110015727169
110015727203
110015727212
110015727221
110015727230
110015727249
110015727258
110015727276
110015727285
110015727301
110015727310
110015727329
110015727338
110015727347
110015727374
110015727436
110015727490
110015727506
110015727515
110015727524
110015727533
110015727542
110015727551
110015727560
110015727597
110015727613
110015727622
110015727640
110015727659
110015727668
110015727677
110015727686
110015727695
110015727720
110015727748
110015727766
110015727775
110015727784
110015727800
110015727819
110015727828
110015727837
110015727855
110015727864
110015727891
110015727935
110015727944
110015727953
110015727971
110015727980
110015728024
110015728033
110015728060
110015728079
110015728097
110015728104
110015728131
110015728140
110015728159
110015728168
110015728202
110015728211
110015728220
110015728239
110015728257
110015728266
110015728284
110015728293
110015728300
110015728328
110015728373
110015728444
110015728453
110015728462
110015728480
110015728499
110015728505
110015728514
110015728523
110015728532
110015728541
110015728569
110015728578
110015728596
110015728603
110015728612
110015728630
110015728667
110015728694
110015728701
110015728710
110015728729
110015728738
110015728756
110015728783
110015728792
110015728809
110015728836
110015728845
110015728872
110015728881
110015728907
110015728916
110015728925
110015728934
110015728961
110015728970
110015728989
110015729032
110015729050
110015729149
110015729158
110015729185
110015729194
110015729210
110015729229
110015729265
110015729274
110015729283
110015729309
110015729327
110015729354
110015729381
110015729390
110015729407
110015729416
110015729461
110015729498
110015729504
110015729513
110015729522
110015729531
110015729540
110015729595
110015729611
110015729639
110015729657
110015729675
110015729684
110015729700
110015729737
110015729755
110015729764
110015729782
110015729808
110015729817
110015729835
110015729844
110015729853
110015729880
110015729915
110015729924
110015729951
110015729979
110015729988
110015729997
110015730002
110015730011
110015730039
110015730048
110015730057
110015730075
110015730119
110015730128
110015730146
110015730173
110015730191
110015730217
110015730226
110015730235
110015730244
110015730253
110015730262
110015730280
110015730306
110015730315
110015730324
110015730333
110015730342
110015730351
110015730360
110015730397
110015730404
110015730422
110015730431
110015730440
110015730477
110015730501
110015730510
110015730529
110015730565
110015730574
110015730583
110015730609
110015730636
110015730654
110015730672
110015730681
110015730690
110015730707
110015730725
110015730743
110015730789
110015730798
110015730814
110015730832
110015730896
110015730903
110015730967
110015731029
110015731047
110015731083
110015731092
110015731109
110015731118
110015731127
110015731136
110015731181
110015731207
110015731216
110015731225
110015731234
110015731243
110015731270
110015731289
110015731305
110015731314
110015731332
110015731341
110015731350
110015731378
110015731387
110015731396
110015731449
110015731458
110015731476
110015731485
110015731500
110015731528
110015731537
110015731546
110015731555
110015731564
110015731573
110015731582
110015731591
110015731608
110015731617
110015731626
110015731653
110015731671
110015731742
110015731751
110015731779
110015731868
110015731886
110015731895
110015731902
110015731911
110015731920
110015731948
110015731966
110015731984
110015731993
110015732000
110015732037
110015732046
110015732055
110015732064
110015732199
110015732224
110015732233
110015732242
110015732251
110015732260
110015732279
110015732288
110015732778
110015732787
110015734357
110015734366
110015734400
110015734767
110015734776
110015734801
110015734810
110015734829
110015734838
110015734883
110015734909
110015734927
110015734945
110015734990
110015735007
110015735016
110015735025
110015735043
110015735061
110015735089
110015735114
110015735123
110015735132
110015735150
110015735187
110015735196
110015735203
110015735212
110015735221
110015735230
110015735267
110015735285
110015735294
110015735301
110015735310
110015735329
110015735347
110015735436
110015735454
110015735463
110015735481
110015735490
110015735800
110015735828
110015735908
110015735917
110015737247
110015738371
110015738399
110015738433
110015738497
110015738512
110015738567
110015738576
110015738585
110015738594
110015738601
110015738665
110015738736
110015738745
110015738870
110015738889
110015738914
110015739218
110015740965
110015741312
110015741321
110015741358
110015741759
110015741946
110015742491
110015743285
110015743329
110015743356
110015743365
110015743454
110015743739
110015743873
110015744934
110015744998
110015745005
110015745620
110015746139
110015746344
110015746978
110015747646
110015747780
110015747824
110015748066
110015748752
110015748869
110015748976
110015749029
110015749074
110015749332
110015749706
110015749724
110015750132
110015750285
110015750347
110015750418
110015750953
110015751300
110015751319
110015751676
110015751710
110015751747
110015751774
110015752194
110015752247
110015752265
110015752470
110015752513
110015752960
110015753415
110015753451
110015753665
110015753683
110015753718
110015753843
110015754138
110015754361
110015754423
110015754496
110015754879
110015755413
110015755725
110015755789
110015755814
110015755930
110015755949
110015755985
110015755994
110015756261
110015756644
110015756715
110015756804
110015756895
110015757402
110015757439
110015757466
110015757509
110015757607
110015757643
110015757698
110015758250
110015758866
110015759044
110015759071
110015759115
110015759142
110015759277
110015759295
110015759357
110015759393
110015759455
110015759525
110015759794
110015760050
110015760620
110015760657
110015760684
110015760988
110015761013
110015761040
110015761647
110015762183
110015762227
110015762245
110015762254
110015762263
110015762281
110015762290
110015762307
110015762316
110015762325
110015762799
110015762968
110015763011
110015764564
110015764877
110015766599
110015766624
110015766697
110015766991
110015767268
110015767320
110015767534
110015767552
110015767623
110015768098
110015768436
110015768766
110015769266
110015769729
110015769836
110015769916
110015769916
110015769952
110015769998
110015770129
110015770156
110015770209
110015770272
110015770290
110015770799
110015770977
110015771066
110015771100
110015771137
110015771244
110015771538
110015771609
110015772555
110015772671
110015772733
110015772788
110015773037
110015773260
110015773331
110015773386
110015773705
110015773732
110015776374
110015777453
110015780421
110015781251
110015781279
110015781536
110015781778
110015781796
110015781938
110015781965
110015782009
110015782161
110015782303
110015782330
110015782401
110015782447
110015782474
110015782526
110015782599
110015782615
110015782688
110015782697
110015782704
110015782713
110015782740
110015782768
110015782777
110015782786
110015782795
110015782802
110015782820
110015782857
110015782875
110015782900
110015783017
110015783151
110015783197
110015783222
110015783311
110015783339
110015783339
110015783366
110015783384
110015783400
110015783437
110015783455
110015784855
110015785603
110015785649
110015785809
110015785827
110015785845
110015785854
110015785872
110015785890
110015785925
110015785934
110015785952
110015786005
110015786014
110015786318
110015786336
110015786345
110015786988
110015786997
110015787433
110015787442
110015787530
110015787601
110015788094
110015789725
110015798939
110015799082
110015799144
110015799199
110015802773
110015802933
110015802988
110015803004
110015809570
110015809605
110015809669
110015809712
110015809730
110015809829
110015809883
110015810005
110015810032
110015810087
110015810121
110015810176
110015810201
110015810238
110015810274
110015810309
110015810345
110015810381
110015810443
110015810498
110015810540
110015810602
110015810693
110015810773
110015810906
110015810942
110015811004
110015811059
110015811095
110015811148
110015811237
110015811282
110015811326
110015812860
110015812913
110015812959
110015812986
110015813011
110015813039
110015813066
110015813119
110015813146
110015813173
110015813191
110015813244
110015813271
110015813306
110015813333
110015813388
110015813404
110015813440
110015813468
110015813510
110015813556
110015813574
110015813627
110015813663
110015813716
110015813734
110015813761
110015813878
110015813903
110015813949
110015813976
110015814038
110015814555
110015816330
110015816385
110015816410
110015816483
110015816517
110015816526
110015816562
110015816599
110015816615
110015816642
110015816704
110015816722
110015816811
110015816982
110015817026
110015817080
110015817124
110015817133
110015817179
110015817204
110015817231
110015817268
110015817302
110015817348
110015817464
110015817561
110015817605
110015817623
110015817650
110015817721
110015817758
110015817776
110015817829
110015817847
110015817874
110015817883
110015817909
110015817972
110015818025
110015818132
110015818196
110015818249
110015818301
110015818347
110015818427
110015818463
110015818481
110015818766
110015818828
110015818882
110015819104
110015819131
110015819186
110015819293
110015819328
110015819346
110015819444
110015819453
110015819587
110015819649
110015819676
110015819685
110015819694
110015819916
110015820049
110015820520
110015821048
110015821262
110015821299
110015821324
110015821379
110015821422
110015821501
110015821529
110015821592
110015821645
110015821654
110015821716
110015821734
110015821798
110015821903
110015821930
110015822001
110015822029
110015822788
110015824278
110015824492
110015825204
110015825268
110015825295
110015825552
110015826203
110015826258
110015826310
110015826374
110015826392
110015826542
110015826631
110015826775
110015826971
110015827346
110015827408
110015827471
110015827989
110015828247
110015828274
110015828354
110015828443
110015828504
110015828620
110015828755
110015828782
110015828942
110015829013
110015829175
110015829451
110015829558
110015829594
110015829674
110015829950
110015830421
110015830476
110015830591
110015830822
110015831091
110015831171
110015831206
110015831251
110015831297
110015831359
110015831402
110015831420
110015831536
110015831554
110015831750
110015831812
110015831830
110015831983
110015831992
110015832027
110015832063
110015832072
110015832081
110015832090
110015832143
110015832189
110015832250
110015832296
110015832349
110015832483
110015832526
110015832660
110015832697
110015832795
110015832848
110015832893
110015832928
110015832946
110015832982
110015833008
110015833035
110015833044
110015833099
110015833124
110015833142
110015833160
110015833188
110015833204
110015833213
