110016686059
110016686068
110016686077
110016686102
110016686406
110016686415
110016686424
110016686433
110016686451
110016686460
110016686479
110016686488
110016686497
110016686503
110016686512
110016686549
110016686567
110016686576
110016686601
110016686610
110016687600
110016687619
110016690400
110016690696
110016690712
110016690838
110016690856
110016690865
110016690874
110016690909
110016691025
110016691123
110016692408
110016692480
110016692685
110016693461
110016693470
110016693498
110016693504
110016693513
110016693522
110016693531
110016693540
110016693559
110016693568
110016693577
110016693586
110016693595
110016693602
110016693611
110016693639
110016693648
110016693657
110016693666
110016693675
110016693684
110016693693
110016693700
110016693719
110016694219
110016694228
110016694237
110016694255
110016694264
110016694273
110016702095
110016703478
110016705207
110016705270
110016705298
110016705500
110016705519
110016705537
110016705546
110016705564
110016705582
110016705608
110016705617
110016705715
110016705742
110016705751
110016705760
110016706457
110016711272
110016711281
110016711316
110016711600
110016711646
110016711655
110016711673
110016711682
110016711717
110016711726
110016711735
110016711771
110016711806
110016711833
110016711851
110016711888
110016711904
110016711931
110016711940
110016711995
110016712002
110016712011
110016712039
110016712048
110016712066
110016712075
110016712100
110016712128
110016712137
110016712191
110016712217
110016712226
110016712244
110016712253
110016712271
110016712299
110016712315
110016712360
110016712379
110016712495
110016712538
110016715973
110016715982
110016715991
110016716080
110016716106
110016716133
110016716151
110016716222
110016716231
110016716277
110016716311
110016716320
110016716357
110016716400
110016716491
110016716543
110016716598
110016716605
110016716632
110016716687
110016716749
110016716767
110016716776
110016716785
110016716794
110016716865
110016716874
110016716883
110016716918
110016716927
110016716936
110016716954
110016716963
110016716990
110016717132
110016717150
110016717169
110016717212
110016717490
110016717506
110016718863
110016718872
110016718881
110016718890
110016718907
110016718916
110016718925
110016718934
110016718943
110016718952
110016718961
110016718970
110016718989
110016719005
110016719014
110016719023
110016719032
110016719041
110016719050
110016719069
110016719078
110016719087
110016719103
110016719112
110016719121
110016719130
110016719149
110016719158
110016719167
110016719176
110016719194
110016719201
110016719229
110016719247
110016719265
110016719274
110016719283
110016719292
110016719354
110016719381
110016719390
110016719407
110016719425
110016719443
110016719452
110016719470
110016719498
110016719577
110016719602
110016719620
110016719666
110016719755
110016719782
110016719791
110016719808
110016719817
110016719826
110016719853
110016719871
110016719880
110016719906
110016719915
110016719924
110016719942
110016719951
110016720020
110016720048
110016720084
110016720100
110016720128
110016720137
110016720155
110016720182
110016720217
110016720235
110016720244
110016720253
110016720271
110016720280
110016720324
110016720333
110016720351
110016720379
110016720388
110016720404
110016720422
110016720440
110016720468
110016720477
110016720510
110016720529
110016720547
110016720592
110016720627
110016720654
110016720672
110016720690
110016720725
110016720752
110016720789
110016720798
110016720832
110016720896
110016720903
110016720921
110016720949
110016720958
110016720994
110016721029
110016721056
110016721074
110016721083
110016721118
110016721145
110016721154
110016721190
110016721207
110016721225
110016721234
110016721261
110016721270
110016721305
110016721314
110016721332
110016721378
110016721396
110016721421
110016721430
110016721467
110016721476
110016721485
110016721500
110016721528
110016721546
110016721555
110016721564
110016721573
110016721617
110016721653
110016721662
110016721680
110016721699
110016721715
110016721724
110016721742
110016721751
110016721779
110016721813
110016721831
110016721840
110016721877
110016721911
110016721920
110016721939
110016721957
110016721966
110016722000
110016722037
110016722073
110016722091
110016722117
110016722135
110016722144
110016722171
110016722224
110016722260
110016722322
110016722368
110016722395
110016722439
110016722457
110016722466
110016722484
110016722518
110016722536
110016722554
110016722572
110016722581
110016722607
110016722625
110016722661
110016722698
110016722714
110016722732
110016722750
110016722796
110016722803
110016722830
110016722849
110016722867
110016722901
110016722938
110016722947
110016722965
110016722992
110016723027
110016723072
110016723090
110016723143
110016723161
110016723170
110016723198
110016723214
110016723223
110016723296
110016723321
110016723358
110016723367
110016723394
110016723410
110016723438
110016723465
110016723474
110016723492
110016723508
110016723526
110016723535
110016723580
110016723599
110016723624
110016723633
110016723660
110016723679
110016723697
110016723704
110016723722
110016723786
110016723811
110016723857
110016723875
110016723937
110016723955
110016723991
110016724008
110016724026
110016724035
110016724053
110016724062
110016724071
110016724099
110016724115
110016724133
110016724142
110016724151
110016724188
110016724204
110016724295
110016724311
110016724348
110016724375
110016724400
110016724446
110016724455
110016724482
110016724516
110016724552
110016724598
110016724632
110016724641
110016724696
110016724703
110016724749
110016724758
110016724794
110016724810
110016724838
110016724865
110016724892
110016724954
110016724963
110016724981
110016724990
110016725025
110016725061
110016725089
110016725114
110016725132
110016725150
110016725212
110016725230
110016725249
110016725276
110016725285
110016725329
110016725338
110016725383
110016725427
110016725445
110016725472
110016725515
110016725533
110016725542
110016725560
110016725588
110016725597
110016725622
110016725659
110016725668
110016725702
110016725720
110016725766
110016725784
110016725793
110016725819
110016725837
110016725882
110016725891
110016725908
110016725953
110016725962
110016726006
110016726122
110016726131
110016726168
110016726177
110016726186
110016726202
110016726239
110016726248
110016726275
110016726293
110016726300
110016726319
110016726337
110016726355
110016726364
110016726373
110016726408
110016726417
110016726435
110016726462
110016726523
110016726532
110016726587
110016726596
110016726649
110016726667
110016726710
110016726747
110016726756
110016726783
110016726809
110016726845
110016726854
110016726890
110016726952
110016726989
110016726998
110016727041
110016727078
110016727096
110016727130
110016727149
110016727176
110016727201
110016727229
110016727247
110016727265
110016727309
110016727345
110016727354
110016727372
110016727390
110016727407
110016727425
110016727434
110016727452
110016727489
110016727522
110016727531
110016727559
110016727568
110016727577
110016727586
110016727639
110016727648
110016727657
110016727666
110016727684
110016727693
110016727700
110016727719
110016727746
110016727773
110016727791
110016727817
110016727853
110016727880
110016727899
110016727915
110016727924
110016727951
110016727960
110016727979
110016728022
110016728068
110016728102
110016728111
110016728139
110016728219
110016728228
110016728371
110016728415
110016728433
110016728442
110016728460
110016728488
110016728503
110016728558
110016728567
110016728601
110016728610
110016728629
110016728638
110016728656
110016728665
110016728718
110016728754
110016728772
110016728781
110016728825
110016728898
110016728914
110016728932
110016728941
110016728969
110016729003
110016729012
110016729067
110016729076
110016729085
110016729094
110016729129
110016729174
110016729192
110016729227
110016729281
110016729307
110016729352
110016729389
110016729405
110016729432
110016729469
110016729478
110016729487
110016729511
110016729539
110016729566
110016729584
110016729637
110016729664
110016729673
110016729708
110016729717
110016729762
110016729815
110016729833
110016729879
110016729897
110016729931
110016729940
110016729968
110016729977
110016729995
110016730019
110016730037
110016730055
110016730108
110016730126
110016730135
110016730144
110016730153
110016730162
110016730180
110016730206
110016730224
110016730233
110016730260
110016730279
110016730297
110016730304
110016730331
110016730340
110016730368
110016730395
110016730402
110016730475
110016730484
110016730509
110016730545
110016730563
110016730572
110016730590
110016730625
110016730652
110016730714
110016730723
110016730769
110016730778
110016730803
110016730830
110016730858
110016730894
110016730910
110016730947
110016730983
110016731009
110016731018
110016731027
110016731063
110016731090
110016731143
110016731189
110016731205
110016731232
110016731250
110016731287
110016731303
110016731330
110016731465
110016731492
110016731553
110016731697
110016731740
110016731820
110016731857
110016731900
110016731937
110016732008
110016732099
110016732188
110016732204
110016732231
110016732311
110016732357
110016732375
110016732400
110016732446
110016732473
110016732525
110016732561
110016732614
110016732678
110016732749
110016732829
110016732838
110016732856
110016732874
110016732918
110016732936
110016732972
110016733123
110016733221
110016733267
110016733276
110016733301
110016733338
110016733356
110016733383
110016733418
110016733463
110016733506
110016733533
110016733597
110016733604
110016733702
110016733739
110016733784
110016733800
110016733828
110016733935
110016733953
110016733971
110016734202
110016734239
110016734284
110016734328
110016734462
110016734480
110016734523
110016734550
110016734578
110016734630
110016734738
110016734774
110016734809
110016734854
110016734925
110016734952
110016734970
110016735050
110016735167
110016735194
110016735210
110016735256
110016735309
110016735336
110016735381
110016735407
110016735559
110016735577
110016735611
110016735620
110016735808
110016735835
110016735862
110016735880
110016735933
110016735979
110016736004
110016736102
110016736148
110016736166
110016736193
110016736219
110016736291
110016736326
110016736380
110016736460
110016736567
110016736594
110016736629
110016736727
110016736754
110016736781
110016737076
110016737101
110016737138
110016737165
110016737209
110016737227
110016737263
110016737307
110016737343
110016737370
110016737414
110016737441
110016737487
110016737502
110016737593
110016737655
110016737691
110016737717
110016737824
110016737879
110016737922
110016738039
110016738066
110016738119
110016738128
110016738137
110016738155
110016738191
110016738226
110016738271
110016738299
110016738306
110016738351
110016738397
110016738431
110016738501
110016738645
110016738690
110016738725
110016738761
110016738805
110016738878
110016738896
110016738912
110016739001
110016739029
110016739092
110016739118
110016739154
110016739172
110016739181
110016739216
110016739225
110016739234
110016739261
110016739270
110016739298
110016739314
110016739332
110016739369
110016739396
110016739412
110016739458
110016739467
110016739476
110016739494
110016739528
110016739537
110016739555
110016739591
110016739608
110016739653
110016739671
110016739706
110016739724
110016739751
110016739760
110016739779
110016739797
110016739822
110016739831
110016739840
110016739868
110016739877
110016739895
110016739902
110016739911
110016739939
110016739948
110016739957
110016739966
110016739975
110016739984
110016740035
110016740080
110016740106
110016740124
110016740197
110016740222
110016740231
110016740277
110016740286
110016740302
110016740320
110016740339
110016740366
110016740393
110016740446
110016740491
110016740525
110016740598
110016740632
110016740687
110016740721
110016740730
110016740767
110016740801
110016740874
110016740927
110016740945
110016740972
110016741007
110016741043
110016741061
110016741070
110016741089
110016741105
110016741123
110016741141
110016741169
110016741178
110016741196
110016741203
110016741221
110016741249
110016741267
110016741301
110016741356
110016741365
110016741374
110016741392
110016741418
110016741427
110016741472
110016741490
110016741542
110016741560
110016741604
110016741613
110016741631
110016741640
110016741677
110016741739
110016741766
110016741793
110016741837
110016741846
110016741855
110016741882
110016741891
110016741926
110016741944
110016741953
110016741971
110016741980
110016741999
110016742006
110016742015
110016742033
110016742060
110016742079
110016742097
110016742122
110016742140
110016742177
110016742195
110016742239
110016742266
110016742284
110016742328
110016742337
110016742355
110016742364
110016742382
110016742426
110016742453
110016742471
110016742505
110016742532
110016742569
110016742596
110016742612
110016742621
110016742649
110016742710
110016742756
110016742783
110016742818
110016742836
110016742872
110016742907
110016742925
110016743005
110016743032
110016743050
110016743096
110016743130
110016743167
110016743185
110016743274
110016743309
