110016743336
110016743363
110016743390
110016743470
110016743504
110016743522
110016743540
110016743568
110016743595
110016743675
110016743693
110016743728
110016743755
110016743773
110016743808
110016743835
110016743853
110016743871
110016743906
110016743933
110016744004
110016744031
110016744068
110016744086
110016744111
110016744148
110016744157
110016744175
110016744193
110016744228
110016744308
110016744424
110016744460
110016744512
110016744558
110016744585
110016744674
110016744692
110016744727
110016744745
110016744772
110016744843
110016744889
110016744914
110016744950
110016745021
110016745058
110016745110
110016745138
110016745218
110016745236
110016745263
110016745281
110016745334
110016745370
110016745414
110016745441
110016745478
110016745502
110016745548
110016745575
110016745593
110016745637
110016745646
110016745664
110016745708
110016745726
110016745771
110016745780
110016745799
110016745806
110016745815
110016745824
110016745860
110016745879
110016745897
110016745913
110016745922
110016745968
110016745986
110016746011
110016746057
110016746084
110016746119
110016746137
110016746191
110016746235
110016747537
110016747564
110016747573
110016747608
110016747626
110016747635
110016747653
110016747671
110016747699
110016747715
110016747733
110016747751
110016747779
110016747902
110016747993
110016748000
110016748046
110016748055
110016748117
110016748135
110016748153
110016748171
110016748199
110016748304
110016748313
110016748386
110016748411
110016748420
110016748439
110016748448
110016748457
110016748466
110016748475
110016748484
110016748493
110016748509
110016748518
110016748527
110016748554
110016748581
110016748590
110016748625
110016748634
110016748885
110016748910
110016748938
110016748974
110016749036
110016749054
110016749107
110016749116
110016749125
110016749143
110016749189
110016749198
110016749214
110016749223
110016749232
110016749250
110016749269
110016749278
110016749296
110016749312
110016749321
110016749358
110016749367
110016749385
110016749394
110016749410
110016749429
110016749447
110016749456
110016749474
110016749483
110016749508
110016749526
110016749544
110016749553
110016749562
110016749599
110016749633
110016749651
110016749679
110016749688
110016749697
110016749713
110016749731
110016749740
110016749759
110016749777
110016749786
110016749795
110016749802
110016749811
110016749820
110016749839
110016749848
110016749857
110016749866
110016749884
110016749900
110016749937
110016749955
110016749964
110016749991
110016750005
110016750032
110016750050
110016750078
110016750096
110016750112
110016750130
110016750158
110016750167
110016750185
110016750194
110016750201
110016750210
110016750265
110016750292
110016750318
110016750336
110016750345
110016750354
110016750363
110016750372
110016750390
110016750407
110016750416
110016750425
110016750443
110016750452
110016750470
110016750489
110016750498
110016750513
110016750522
110016750559
110016750568
110016750577
110016750595
110016750602
110016750620
110016750639
110016750648
110016750666
110016750675
110016750684
110016750700
110016750728
110016750746
110016750755
110016750773
110016750782
110016750791
110016750808
110016750817
110016750826
110016750835
110016750853
110016750862
110016750871
110016750880
110016750899
110016750906
110016750924
110016750933
110016750942
110016750951
110016750979
110016750997
110016751013
110016751031
110016751068
110016751077
110016751086
110016751095
110016751102
110016751111
110016751157
110016751166
110016751184
110016751193
110016751200
110016751219
110016751228
110016751237
110016751246
110016751255
110016751273
110016751291
110016751308
110016751326
110016751344
110016751353
110016751362
110016751371
110016751380
110016751424
110016751433
110016751442
110016751451
110016751460
110016751479
110016751488
110016751503
110016751512
110016751521
110016751530
110016751558
110016751567
110016751576
110016751594
110016751610
110016751629
110016751861
110016751905
110016751932
110016751941
110016752254
110016752281
110016752316
110016752370
110016752398
110016752423
110016752584
110016752593
110016752600
110016752628
110016752637
110016752708
110016752753
110016752762
110016752780
110016753066
110016753084
110016753208
110016753360
110016753556
110016754029
110016754056
110016754378
110016754813
110016754831
110016754975
110016755000
110016755019
110016755304
110016756054
110016756107
110016756116
110016756456
110016756474
110016756483
110016756492
110016756508
110016756535
110016756544
110016756553
110016756606
110016756633
110016756651
110016756660
110016756679
110016756900
110016756919
110016756955
110016756991
110016757393
110016757400
110016757632
110016757785
110016757856
110016757883
110016759444
110016759453
110016759480
110016759499
110016759701
110016759710
110016759729
110016759747
110016759925
110016759943
110016759952
110016759970
110016759989
110016759998
110016760012
110016760067
110016760110
110016760138
110016760174
110016760192
110016760263
110016760272
110016760290
110016760307
110016760316
110016760343
110016760352
110016760361
110016760370
110016760432
110016760450
110016760469
110016760478
110016760487
110016760600
110016760619
110016760628
110016760717
110016760735
110016760753
110016760771
110016760780
110016760806
110016760904
110016760931
110016760986
110016761002
110016761020
110016761084
110016761137
110016761146
110016761155
110016761191
110016761217
110016761262
110016761280
110016761324
110016761333
110016761351
110016761360
110016761431
110016761468
110016761486
110016761510
110016761547
110016761556
110016761609
110016761618
110016761627
110016761636
110016761654
110016761716
110016761725
110016761770
110016761798
110016761805
110016761814
110016762430
110016762449
110016762467
110016762476
110016762724
110016763830
110016763929
110016763947
110016764107
110016764134
110016764330
110016764358
110016766383
110016766481
110016767541
110016767603
110016767612
110016767621
110016767685
110016767701
110016767729
110016767783
110016767845
110016767881
110016767916
110016768014
110016768078
110016768087
110016768096
110016768112
110016768121
110016768176
110016768185
110016768247
110016768283
110016768318
110016768345
110016768354
110016768372
110016768390
110016768425
110016768470
110016768504
110016768559
110016768611
110016768639
110016768700
110016768791
110016768808
110016768826
110016768924
110016769004
110016769013
110016769022
110016769040
110016769059
110016769139
110016769157
110016769184
110016769200
110016769273
110016769282
110016769308
110016769326
110016769380
110016769399
110016769424
110016769460
110016769488
110016769503
110016769530
110016769549
110016769558
110016769807
110016769834
110016769861
110016769889
110016769914
110016769950
110016770092
110016770109
110016770154
110016770190
110016770234
110016770369
110016770387
110016770564
110016770573
110016770582
110016770617
110016770626
110016770635
110016770662
110016770715
110016770733
110016770822
110016770840
110016770895
110016770920
110016770984
110016771028
110016771037
110016771153
110016771215
110016771288
110016771340
110016771386
110016771484
110016771493
110016771527
110016771554
110016771581
110016771590
110016771625
110016771634
110016771643
110016771661
110016771689
110016771705
110016771723
110016771750
110016771769
110016771803
110016771849
110016771867
110016771885
110016771894
110016771910
110016771947
110016771965
110016771974
110016772027
110016772054
110016772189
110016772349
110016772367
110016772429
110016772447
110016772517
110016772553
110016772571
110016772599
110016772606
110016772615
110016772633
110016772642
110016772660
110016772688
110016772731
110016772802
110016772848
110016772893
110016772928
110016773008
110016773017
110016773035
110016773044
110016773099
110016773133
110016773142
110016773151
110016773222
110016773240
110016773339
110016773348
110016773357
110016773375
110016773507
110016773543
110016773561
110016773589
110016773632
110016773730
110016773758
110016773776
110016773810
110016773856
110016774007
110016774070
110016774098
110016774187
110016774221
110016774230
110016774267
110016774301
110016774310
110016774338
110016774365
110016774427
110016774454
110016774463
110016774579
110016774588
110016774604
110016774613
110016774640
110016774677
110016774686
110016774702
110016774748
110016774819
110016774837
110016774864
110016774882
110016774908
110016774926
110016774935
110016774980
110016774999
110016775006
110016775024
110016775104
110016775122
110016775177
110016775266
110016775284
110016775300
110016775337
110016775355
110016775391
110016775426
110016775453
110016775462
110016775480
110016775499
110016775514
110016775523
110016775569
110016775587
110016775612
110016775621
110016775658
110016775774
110016775854
110016775872
110016775881
110016775890
110016775907
110016775943
110016775952
110016775961
110016775970
110016776014
110016776041
110016776069
110016776096
110016776103
110016776112
110016776158
110016776176
110016776210
110016776238
110016776274
110016776283
110016776345
110016776354
110016776372
110016776381
110016776416
110016776443
110016776489
110016776559
110016776577
110016776639
110016776648
110016776719
110016776746
110016776755
110016776764
110016776773
110016776782
110016776791
110016776826
110016776835
110016776853
110016776862
110016776880
110016776906
110016776933
110016776979
110016776988
110016776997
110016777004
110016777013
110016777022
110016777040
110016777068
110016777077
110016777086
110016777095
110016777111
110016777139
110016777148
110016777175
110016777193
110016777219
110016777228
110016777246
110016777308
110016777317
110016777344
110016777353
110016777371
110016777380
110016777399
110016777406
110016777424
110016777433
110016777442
110016777451
110016777479
110016777488
110016777497
110016777503
110016777512
110016777521
110016777530
110016777549
110016777594
110016777601
110016777629
110016777674
110016777727
110016777736
110016777763
110016777772
110016777816
110016777889
110016777923
110016777987
110016778003
110016778049
110016778076
110016778085
110016778094
110016778101
110016778183
110016778209
110016778236
110016778245
110016778254
110016778334
110016778414
110016778450
110016778496
110016778548
110016778566
110016778584
110016778673
110016778691
110016778726
110016778762
110016778780
110016778851
110016778913
110016778931
110016778995
110016779084
110016779100
110016779137
110016779244
110016779477
110016779495
110016779538
110016779547
110016779583
110016779609
110016779716
110016779814
110016779958
110016780009
110016780018
110016780036
110016780107
110016780269
110016780278
110016780287
110016780312
110016780526
110016780544
110016780679
110016780704
110016780722
110016780759
110016780839
110016780857
110016780928
110016781124
110016781188
110016781231
110016781295
110016781348
110016781357
110016781446
110016781641
110016781758
110016781801
110016781856
110016781892
110016781927
110016781981
110016782007
110016782034
110016782052
110016782098
110016782114
110016782141
110016782150
110016782276
110016782374
110016782454
110016782640
110016782659
110016782668
110016782766
110016782800
110016782828
110016782837
110016782846
110016782855
110016782873
110016782882
110016782944
110016782962
110016782999
110016783006
110016783051
110016783060
110016783113
110016783131
110016783220
110016783284
110016783300
110016783319
110016783337
110016783382
110016783417
110016783435
110016783444
110016783453
110016783471
110016783505
110016783514
110016783532
110016783587
110016783603
110016783612
110016783621
110016783630
110016783649
110016783667
110016783676
110016783685
110016783694
110016783738
110016783827
110016783836
110016783845
110016783872
110016783925
110016783952
110016783961
110016783970
110016783989
110016784032
110016784078
110016784103
110016784112
110016784130
110016784176
110016784185
110016784210
110016784238
110016784265
110016784274
110016784283
110016784292
110016784327
110016784336
110016784354
110016784354
110016784363
110016784381
110016784390
110016784416
110016784425
110016784434
110016784461
110016784522
110016784531
110016784540
110016784559
110016784568
110016784586
110016784595
110016784648
110016784791
110016784844
110016784862
110016784906
110016784915
110016784933
110016784951
110016784960
110016784979
110016784997
110016785013
110016785022
110016785040
110016785077
110016785102
110016785111
110016785120
110016785139
110016785148
110016785175
110016785200
110016785219
110016785228
110016785246
110016785273
110016785282
110016785308
110016785317
110016785353
110016785362
110016785433
110016785451
110016785479
110016785530
110016785567
110016785594
110016785638
110016785647
110016785665
110016785674
110016785683
110016785692
110016785727
110016785736
110016785754
110016785781
110016785807
110016785825
110016785870
110016785889
110016785969
110016785987
110016785996
110016786021
110016786030
110016786049
110016786058
110016786067
110016786076
110016786085
110016786094
110016786101
110016786110
110016786209
110016786254
110016786307
