110016786325
110016786389
110016786398
110016786414
110016786502
110016786520
110016786575
110016786646
110016786726
110016786744
110016786762
110016786771
110016786897
110016786913
110016786931
110016787002
110016787011
110016787039
110016787093
110016787100
110016787146
110016787182
110016787262
110016787306
110016787342
110016787351
110016787388
110016787422
110016787440
110016787477
110016787495
110016787529
110016787556
110016787592
110016787609
110016787645
110016787681
110016787789
110016787805
110016787832
110016787850
110016787896
110016787912
110016787930
110016787958
110016787985
110016787994
110016788010
110016788056
110016788118
110016788154
110016788163
110016788172
110016788207
110016788252
110016788314
110016788387
110016788421
110016788430
110016788485
110016788500
110016788537
110016788546
110016788555
110016788564
110016788617
110016788626
110016788635
110016788644
110016788706
110016788724
110016788742
110016788760
110016788779
110016788797
110016788859
110016788886
110016788895
110016788911
110016788939
110016788948
110016788966
110016788984
110016789000
110016789073
110016789082
110016789108
110016789144
110016789199
110016789242
110016789279
110016789313
110016789322
110016789331
110016789439
110016789475
110016789493
110016789509
110016789527
110016789554
110016789563
110016789581
110016789590
110016789661
110016789769
110016789778
110016789787
110016789830
110016789876
110016789885
110016789901
110016789983
110016789992
110016790007
110016790061
110016790098
110016790141
110016790150
110016790203
110016790249
110016790310
110016790374
110016790383
110016790436
110016790481
110016790579
110016790604
110016790613
110016790686
110016790711
110016790739
110016790819
110016790864
110016790891
110016790962
110016791113
110016791131
110016791159
110016791202
110016791220
110016791248
110016791266
110016791300
110016791328
110016791346
110016791373
110016791408
110016791426
110016791444
110016791471
110016791480
110016791514
110016791523
110016791532
110016791541
110016791578
110016791596
110016791621
110016791667
110016791676
110016791685
110016791701
110016791756
110016791765
110016791809
110016791827
110016791854
110016791863
110016791925
110016791970
110016791998
110016792014
110016792023
110016792032
110016792112
110016792167
110016792327
110016792336
110016792452
110016792595
110016792648
110016792657
110016792666
110016792675
110016792684
110016792791
110016792942
110016793004
110016793013
110016793031
110016793102
110016793111
110016793193
110016793317
110016793326
110016793335
110016793424
110016793451
110016793479
110016793530
110016793549
110016793576
110016793709
110016793727
110016793807
110016793923
110016794058
110016794138
110016794218
110016794236
110016794343
110016794432
110016794487
110016794502
110016794511
110016794646
110016794664
110016794673
110016794708
110016794726
110016794771
110016794824
110016794904
110016794940
110016794968
110016794977
110016795011
110016795100
110016795137
110016795173
110016795191
110016795226
110016795235
110016795244
110016795262
110016795299
110016795306
110016795324
110016795333
110016795342
110016795360
110016795413
110016795422
110016795440
110016795459
110016795468
110016795495
110016795501
110016795538
110016795547
110016795556
110016795565
110016795618
110016795627
110016795636
110016795645
110016795672
110016795690
110016795707
110016795743
110016795752
110016795761
110016795770
110016795805
110016795823
110016795832
110016795887
110016795912
110016795921
110016795930
110016796010
110016796029
110016796038
110016796056
110016796136
110016796216
110016796243
110016796261
110016796270
110016796305
110016796314
110016796458
110016796485
110016796519
110016796644
110016796653
110016796742
110016796760
110016796797
110016796868
110016796948
110016796975
110016797082
110016797199
110016797251
110016797331
110016797359
110016797377
110016797386
110016797411
110016797457
110016797466
110016797484
110016797545
110016797563
110016797572
110016797634
110016797643
110016797652
110016797698
110016797803
110016797849
110016797938
110016797947
110016798161
110016798198
110016798214
110016798223
110016798241
110016798250
110016798731
110016798777
110016799080
110016799106
110016802691
110016811422
110016811431
110016811529
110016833346
110016833630
110016834407
110016834425
110016834675
110016841836
110016843451
110016843488
110016843497
110016843521
110016843530
110016843549
110016843567
110016843576
110016843629
110016843718
110016950138
110016950469
110016950566
110016950708
110016950762
110016951119
110016951262
110016951306
110016951510
110016951627
110016951734
110016951770
110016951903
110016951949
110016951958
110016951967
110016952029
110016952038
110016952047
110016952074
110016952083
110016952145
110016952163
110016952225
110016952234
110016952243
110016952252
110016952305
110016952350
110016952369
110016952396
110016952421
110016952467
110016952476
110016952485
110016952617
110016952680
110016952724
110016952797
110016952868
110016952902
110016952920
110016952966
110016953028
110016953055
110016953199
110016953206
110016953279
110016953304
110016953340
110016953581
110016953661
110016953723
110016953769
110016953778
110016953821
110016953849
110016953947
110016953956
110016953974
110016954189
110016954296
110016954349
110016954410
110016954553
110016954562
110016954571
110016954580
110016954615
110016954642
110016954768
110016954875
110016955053
110016955151
110016955213
110016955268
110016955277
110016955311
110016955348
110016955357
110016955384
110016955428
110016955437
110016955455
110016955561
110016955589
110016955598
110016955623
110016955641
110016955669
110016955696
110016955730
110016955776
110016955801
110016955856
110016955874
110016955883
110016955954
110016955990
110016956007
110016956025
110016956043
110016956123
110016956150
110016956221
110016956418
110016956551
110016956560
110016956604
110016956613
110016956775
110016956784
110016956793
110016956800
110016956855
110016956864
110016956891
110016956908
110016956917
110016956926
110016956935
110016956971
110016956980
110016956999
110016957006
110016957015
110016957024
110016957033
110016957042
110016957051
110016957079
110016957088
110016957104
110016957159
110016957168
110016957186
110016957195
110016957202
110016957266
110016957275
110016957284
110016957293
110016957300
110016957319
110016957337
110016957346
110016957355
110016957364
110016957382
110016957391
110016957408
110016957417
110016957426
110016957462
110016957471
110016957480
110016957499
110016957505
110016957514
110016957523
110016957532
110016957541
110016957550
110016957569
110016957578
110016957587
110016957596
110016957612
110016957658
110016957667
110016957676
110016957685
110016957694
110016957783
110016957836
110016957907
110016957989
110016958041
110016958103
110016958112
110016958158
110016958167
110016958247
110016958256
110016958274
110016958283
110016958309
110016958318
110016958327
110016958425
110016958443
110016958461
110016958531
110016958577
110016958586
110016958595
110016958602
110016958611
110016958620
110016958639
110016958648
110016958657
110016958700
110016958728
110016958773
110016958791
110016958808
110016958817
110016958871
110016958880
110016958915
110016958924
110016958997
110016959004
110016959022
110016959237
110016959380
110016959399
110016959521
110016959530
110016959549
110016959656
110016959665
110016959674
110016959683
110016959692
110016959718
110016959772
110016959807
110016959852
110016959950
110016959969
110016959978
110016960047
110016960056
110016960261
110016960323
110016960387
110016960412
110016960485
110016960519
110016960528
110016960537
110016960555
110016960564
110016960573
110016960582
110016960591
110016960617
110016960626
110016960653
110016960671
110016960706
110016960840
110016960868
110016960877
110016960886
110016960895
110016960966
110016960975
110016961135
110016961215
110016961340
110016961359
110016961368
110016961386
110016961563
110016961581
110016961625
110016961634
110016961670
110016961689
110016961812
110016961821
110016961894
110016961901
110016961929
110016961938
110016961947
110016962018
110016962027
110016962036
110016962045
110016962054
110016962063
110016962072
110016962081
110016962090
110016962107
110016962116
110016962125
110016962134
110016962143
110016962152
110016962161
110016962170
110016962189
110016962198
110016962205
110016962214
110016962394
110016962401
110016962429
110016962438
110016962456
110016962465
110016962474
110016962483
110016962492
110016962517
110016962526
110016962553
110016962606
110016962679
110016962688
110016962759
110016962768
110016962777
110016962786
110016962839
110016962857
110016962875
110016962884
110016962893
110016962900
110016962919
110016962928
110016962937
110016962946
110016962955
110016962964
110016962982
110016962991
110016963008
110016963017
110016963026
110016963035
110016963044
110016963053
110016963062
110016963071
110016963080
110016963099
110016963106
110016963115
110016963188
110016963197
110016963222
110016963231
110016963259
110016963268
110016963277
110016963339
110016963348
110016963419
110016963482
110016963491
110016963516
110016963525
110016963534
110016963650
110016963669
110016963687
110016963721
110016963785
110016963794
110016963810
110016963829
110016963838
110016963847
110016963856
110016964016
110016964025
110016964034
110016964043
110016964052
110016964061
110016964098
110016964123
110016964132
110016964141
110016964150
110016964178
110016964187
110016964196
110016964203
110016964212
110016964221
110016964230
110016964249
110016964258
110016964267
110016964276
110016964285
110016964356
110016964365
110016964374
110016964383
110016964418
110016964427
110016964436
110016964454
110016964463
110016964490
110016964506
110016964515
110016964560
110016964597
110016964604
110016964613
110016964622
110016964631
110016964640
110016964659
110016964668
110016964686
110016964695
110016964702
110016964720
110016964739
110016964748
110016964846
110016964944
110016965088
110016965097
110016965104
110016965168
110016965177
110016965186
110016965195
110016965239
110016965248
110016965266
110016965275
110016965284
110016965293
110016965300
110016965346
110016965373
110016965391
110016965408
110016965417
110016965453
110016965480
110016965505
110016965514
110016965541
110016965550
110016965569
110016965587
110016965596
110016965630
110016965685
110016965701
110016965738
110016965836
110016965872
110016965916
110016965925
110016966096
110016966149
110016966176
110016966201
110016966256
110016966265
110016966274
110016966283
110016966292
110016966318
110016966327
110016966336
110016966345
110016966354
110016966363
110016966372
110016966390
110016966407
110016966416
110016966443
110016966522
110016966568
110016966586
110016966595
110016966620
110016966648
110016966657
110016966684
110016966693
110016966700
110016966719
110016966728
110016966737
110016966746
110016966764
110016966782
110016966826
110016966835
110016966915
110016966942
110016966960
110016966988
110016966997
110016967022
110016967040
110016967059
110016967077
110016967102
110016967120
110016967139
110016967148
110016967166
110016967193
110016967219
110016967228
110016967237
110016967273
110016967308
110016967326
110016967335
110016967362
110016967371
110016967399
110016967406
110016967415
110016967424
110016967451
110016967479
110016967488
110016967503
110016967530
110016967549
110016967558
110016967576
110016967601
110016967610
110016967638
110016967674
110016967709
110016967718
110016967861
110016967905
110016967932
110016967950
110016967978
110016967987
110016968067
110016968076
110016968156
110016968183
110016968192
110016968209
110016968218
110016968227
110016968236
110016968263
110016968272
110016968290
110016968307
110016968325
110016968414
110016968478
110016968502
110016968593
110016968600
110016968619
110016968628
110016968655
110016968664
110016968673
110016968717
110016968726
110016968735
110016968879
110016968888
110016968897
110016968904
110016968931
110016969093
110016969128
110016969208
110016969306
110016969324
110016969388
110016969413
110016969468
110016969529
110016969592
110016969654
110016969681
110016969761
110016969869
110016969930
110016969976
110016969985
110016970018
110016970027
110016970161
110016970232
110016970401
110016970410
110016970456
110016970483
110016970492
110016970651
110016970660
110016970688
110016970697
110016970893
110016970937
110016970991
110016971124
110016971384
110016971437
110016971785
110016971794
110016971801
110016971810
110016972141
110016972150
110016972169
110016972294
110016972365
110016972445
110016972454
110016972472
110016972481
110016972524
110016972579
110016972604
110016972622
110016972631
110016972659
110016972757
110016972766
110016972775
110016972784
110016972800
110016972819
110016972828
110016972846
110016972864
110016972935
110016973033
110016973042
110016973177
110016973186
110016973195
110016973220
110016973266
110016973275
110016973319
110016973328
110016973346
110016973462
110016973471
110016973480
