110016973499
110016973505
110016973514
110016973532
110016973550
110016973578
110016973587
110016973596
110016973603
110016973612
110016973621
110016973630
110016973649
110016973667
110016973701
110016973710
110016973729
110016973836
110016973845
110016973881
110016973907
110016973934
110016973970
110016974005
110016974041
110016974078
110016974103
110016974121
110016974130
110016974158
110016974167
110016974176
110016974194
110016974201
110016974238
110016974247
110016974265
110016974283
110016974309
110016974372
110016974381
110016974390
110016974416
110016974425
110016974470
110016974489
110016974498
110016974540
110016974559
110016974568
110016974602
110016974611
110016974639
110016974648
110016974666
110016974684
110016974693
110016974700
110016974755
110016974764
110016974773
110016974791
110016974826
110016974835
110016974853
110016974862
110016974880
110016974915
110016974924
110016974942
110016974951
110016974979
110016975004
110016975022
110016975031
110016975059
110016975068
110016975077
110016975086
110016975095
110016975139
110016975148
110016975157
110016975166
110016975193
110016975219
110016975264
110016975282
110016975291
110016975326
110016975353
110016975362
110016975399
110016975424
110016975479
110016975521
110016975530
110016975549
110016975558
110016975567
110016975576
110016975585
110016975594
110016975601
110016975647
110016975790
110016975807
110016975816
110016975825
110016975852
110016975861
110016975870
110016975898
110016975914
110016975932
110016975941
110016975950
110016975969
110016975978
110016975996
110016976021
110016976058
110016976067
110016976076
110016976085
110016976110
110016976147
110016976165
110016976174
110016976192
110016976209
110016976218
110016976227
110016976236
110016976254
110016976290
110016976307
110016976325
110016976334
110016976370
110016976389
110016976405
110016976450
110016976478
110016976487
110016976496
110016976502
110016976511
110016976520
110016976539
110016976548
110016976557
110016976566
110016976584
110016976655
110016976673
110016976682
110016976726
110016976744
110016976753
110016976762
110016976771
110016976780
110016976833
110016976842
110016976851
110016976860
110016976879
110016976897
110016976904
110016976913
110016976922
110016976940
110016976959
110016976968
110016976986
110016977002
110016977011
110016977048
110016977057
110016977066
110016977075
110016977084
110016977100
110016977217
110016977226
110016977262
110016977324
110016977351
110016977360
110016977413
110016977431
110016977440
110016977459
110016977468
110016977477
110016977529
110016977538
110016977565
110016977645
110016977663
110016977716
110016977743
110016977832
110016977850
110016977869
110016977878
110016977887
110016978047
110016978056
110016978074
110016978083
110016978092
110016978190
110016978234
110016978298
110016978314
110016978369
110016978387
110016978403
110016978421
110016978449
110016978485
110016978494
110016978500
110016978519
110016978528
110016978564
110016978573
110016978582
110016978591
110016978617
110016978733
110016978760
110016978779
110016978788
110016978822
110016978840
110016978859
110016978868
110016978877
110016978920
110016979037
110016979082
110016979126
110016979199
110016979233
110016979242
110016979288
110016979331
110016979340
110016979359
110016979368
110016979439
110016979448
110016979457
110016979493
110016979536
110016979554
110016979563
110016979572
110016979616
110016979625
110016979643
110016979652
110016979723
110016979732
110016979750
110016979778
110016979858
110016979867
110016979894
110016979901
110016979910
110016979947
110016979956
110016979983
110016980043
110016980070
110016980105
110016980114
110016980123
110016980132
110016980141
110016980196
110016980203
110016980221
110016980230
110016980249
110016980258
110016980276
110016980301
110016980338
110016980356
110016980392
110016980409
110016980454
110016980472
110016980524
110016980533
110016980560
110016980597
110016980622
110016980631
110016980695
110016980711
110016980739
110016980793
110016980800
110016980819
110016980828
110016980855
110016980891
110016980944
110016980980
110016981015
110016981051
110016981079
110016981097
110016981104
110016981159
110016981168
110016981195
110016981202
110016981248
110016981266
110016981284
110016981337
110016981373
110016981391
110016981408
110016981417
110016981426
110016981676
110016981694
110016981747
110016981765
110016981774
110016981818
110016981827
110016981845
110016981872
110016981916
110016981925
110016981989
110016981998
110016982014
110016982041
110016982050
110016982069
110016982078
110016982158
110016982201
110016982210
110016982238
110016982256
110016982265
110016982274
110016982318
110016982327
110016982372
110016982390
110016982407
110016982602
110016982648
110016982666
110016982675
110016982719
110016982728
110016982737
110016982915
110016982933
110016982988
110016983022
110016983068
110016983077
110016983166
110016983175
110016983184
110016983237
110016983246
110016983264
110016983273
110016983282
110016983317
110016983344
110016983380
110016983406
110016983424
110016983442
110016983451
110016983460
110016983488
110016983521
110016983558
110016983567
110016983576
110016983585
110016983594
110016983601
110016983610
110016983629
110016983638
110016983656
110016983665
110016983745
110016983781
110016983852
110016983905
110016983914
110016983950
110016983978
110016983996
110016984030
110016984058
110016984101
110016984165
110016984183
110016984218
110016984236
110016984263
110016984272
110016984290
110016984307
110016984316
110016984325
110016984334
110016984343
110016984389
110016984405
110016984414
110016984423
110016984432
110016984441
110016984478
110016984487
110016984496
110016984502
110016984511
110016984520
110016984539
110016984548
110016984682
110016984691
110016984708
110016984717
110016984744
110016984780
110016984860
110016984888
110016984931
110016984986
110016985084
110016985119
110016985128
110016985137
110016985146
110016985155
110016985164
110016985173
110016985299
110016985315
110016985360
110016985388
110016985413
110016985422
110016985468
110016985477
110016985486
110016985495
110016985565
110016985574
110016985583
110016985592
110016985609
110016985618
110016985672
110016985681
110016985716
110016985752
110016985761
110016985789
110016985823
110016985921
110016985949
110016985958
110016985967
110016985985
110016986047
110016986136
110016986145
110016986154
110016986163
110016986172
110016986190
110016986234
110016986243
110016986252
110016986261
110016986289
110016986298
110016986332
110016986449
110016986458
110016986467
110016986476
110016986519
110016986528
110016986546
110016986555
110016986564
110016986573
110016986608
110016986626
110016986706
110016986822
110016986840
110016986859
110016986895
110016986920
110016986993
110016987000
110016987019
110016987037
110016987055
110016987064
110016987082
110016987144
110016987153
110016987162
110016987171
110016987180
110016987199
110016987215
110016987224
110016987233
110016987251
110016987279
110016987288
110016987297
110016987322
110016987359
110016987411
110016987518
110016987527
110016987554
110016987572
110016987616
110016987769
110016987778
110016987787
110016987867
110016987947
110016987965
110016987974
110016987983
110016988009
110016988018
110016988027
110016988036
110016988063
110016988072
110016988116
110016988125
110016988152
110016988205
110016988214
110016988223
110016988241
110016988250
110016988269
110016988278
110016988287
110016988303
110016988330
110016988367
110016988376
110016988394
110016988410
110016988447
110016988456
110016988483
110016988492
110016988535
110016988553
110016988562
110016988571
110016988606
110016988615
110016988660
110016988679
110016988713
110016988722
110016988740
110016988759
110016988786
110016988795
110016988820
110016988884
110016988900
110016988973
110016988991
110016989017
110016989026
110016989035
110016989080
110016989115
110016989124
110016989133
110016989142
110016989151
110016989160
110016989259
110016989268
110016989277
110016989286
110016989339
110016989348
110016989357
110016989437
110016989473
110016989482
110016989507
110016989516
110016989525
110016989561
110016989614
110016989632
110016989696
110016989703
110016989730
110016989874
110016989883
110016989892
110016989909
110016989927
110016989981
110016990005
110016990050
110016990078
110016990087
110016990096
110016990149
110016990158
110016990167
110016990185
110016990194
110016990201
110016990229
110016990238
110016990247
110016990256
110016990265
110016990274
110016990283
110016990292
110016990309
110016990327
110016990443
110016990489
110016990540
110016990611
110016990620
110016990639
110016990648
110016990684
110016990719
110016990728
110016990817
110016990826
110016990853
110016990871
110016990880
110016990899
110016990906
110016990924
110016990951
110016991004
110016991022
110016991031
110016991040
110016991059
110016991166
110016991193
110016991200
110016991219
110016991237
110016991273
110016991282
110016991291
110016991308
110016991317
110016991380
110016991399
110016991406
110016991442
110016991451
110016991460
110016991479
110016991497
110016991521
110016991745
110016991790
110016991825
110016991843
110016991852
110016991870
110016991889
110016991978
110016991987
110016992012
110016992129
110016992147
110016992156
110016992174
110016992183
110016992192
110016992281
110016992290
110016992325
110016992334
110016992352
110016992361
110016992389
110016992432
110016992450
110016992469
110016992502
110016992557
110016992566
110016992575
110016992628
110016992691
110016992708
110016992744
110016992753
110016992762
110016992771
110016992780
110016992799
110016992806
110016992815
110016992833
110016992842
110016992851
110016992860
110016992913
110016992922
110016992940
110016992968
110016992977
110016992986
110016992995
110016993011
110016993020
110016993048
110016993066
110016993084
110016993128
110016993413
110016993440
110016993459
110016993501
110016993565
110016993609
110016993725
110016993789
110016993814
110016993850
110016993869
110016993921
110016993930
110016993967
110016993976
110016993985
110016994047
110016994074
110016994118
110016994118
110016994163
110016994172
110016994225
110016994243
110016994261
110016994305
110016994323
110016994341
110016994396
110016994403
110016994421
110016994494
110016994500
110016994519
110016994528
110016994644
110016994671
110016994742
110016994751
110016994779
110016994840
110016994868
110016994886
110016994895
110016994920
110016994957
110016995117
110016995288
110016995304
110016995359
110016995377
110016995386
110016995395
110016995411
110016995420
110016995439
110016995563
110016995652
110016995714
110016995723
110016995732
110016995796
110016995812
110016995849
110016995858
110016995885
110016995901
110016995910
110016996018
110016996036
110016996143
110016996152
110016996429
110016996447
110016996456
110016996571
110016996599
110016996633
110016996795
110016996857
110016996893
110016996928
110016996937
110016996982
110016997099
110016997124
110016997222
110016997231
110016997286
110016997348
110016997375
110016997446
110016997589
110016997598
110016997678
110016997687
110016997883
110016997909
110016997918
110016998007
110016998043
110016998052
110016998061
110016998212
110016998221
110016998230
110016998249
110016998310
110016998347
110016998356
110016998409
110016998418
110016998427
110016998436
110016998445
110016998454
110016998524
110016998533
110016998542
110016998551
110016998560
110016998631
110016998640
110016998659
110016998668
110016998677
110016998686
110016998711
110016998720
110016998739
110016998748
110016998775
110016998784
110016998800
110016998819
110016998855
110016998864
110016998908
110016998926
110016998935
110016998953
110016998962
110016998971
110016999042
110016999051
110016999060
110016999079
110016999088
110016999097
110016999104
110016999113
110016999122
110016999131
110016999140
110016999159
110016999186
110016999195
110016999202
110016999211
110016999248
110016999257
110016999284
110016999364
110016999373
110016999382
110016999408
110016999444
110016999471
110016999480
110016999505
110016999523
110016999541
110016999550
110016999587
110016999603
110016999621
110016999630
110016999685
110016999694
110016999765
110016999792
110016999854
110016999863
110016999934
110016999943
110016999961
110017000001
110017000172
110017000369
110017000458
110017000485
110017000494
110017000500
110017000519
110017000546
110017000626
110017000671
110017000706
110017000715
110017000724
110017000788
110017000804
110017000886
110017000895
110017000911
110017000939
110017000948
110017000957
110017000966
110017000975
110017000984
110017001019
110017001028
110017001037
110017001046
110017001055
110017001064
110017001073
110017001108
110017001162
110017001215
110017001224
110017001288
110017001297
110017001304
110017001313
110017001322
110017001331
110017001386
110017001395
110017001402
110017001466
110017001475
110017001518
110017001527
110017001536
110017001545
110017001554
110017001590
110017001689
110017001705
