110017001714
110017001732
110017001741
110017001796
110017001830
110017001849
110017001867
110017001876
110017001894
110017001901
110017001947
110017001983
110017002036
110017002045
110017002054
110017002063
110017002081
110017002090
110017002107
110017002134
110017002161
110017002223
110017002296
110017002312
110017002321
110017002330
110017002349
110017002358
110017002367
110017002429
110017002438
110017002508
110017002517
110017002526
110017002580
110017002606
110017002660
110017002688
110017002704
110017002713
110017002731
110017002811
110017002820
110017002848
110017002964
110017003017
110017003026
110017003035
110017003044
110017003106
110017003115
110017003124
110017003151
110017003188
110017003197
110017003204
110017003231
110017003286
110017003295
110017003302
110017003320
110017003339
110017003348
110017003384
110017003419
110017003491
110017003507
110017003516
110017003525
110017003589
110017003598
110017003614
110017003623
110017003632
110017003785
110017003794
110017003810
110017003865
110017003927
110017004061
110017004169
110017004178
110017004196
110017004276
110017004285
110017004294
110017004301
110017004329
110017004338
110017004365
110017004533
110017004882
110017004935
110017005024
110017005060
110017005079
110017005088
110017005097
110017005104
110017005113
110017005211
110017005220
110017005453
110017005499
110017005505
110017005514
110017005523
110017005569
110017005578
110017005587
110017005676
110017005925
110017005934
110017005943
110017005952
110017005961
110017005989
110017006087
110017006096
110017006112
110017006167
110017006176
110017006318
110017006354
110017006372
110017006381
110017006390
110017006407
110017006416
110017006425
110017006434
110017006443
110017006452
110017006461
110017006470
110017006489
110017006498
110017006504
110017006513
110017006522
110017006540
110017006595
110017006602
110017006611
110017006620
110017006639
110017006648
110017006657
110017006666
110017006684
110017006693
110017006700
110017006719
110017006728
110017006737
110017006746
110017006755
110017006764
110017006773
110017006782
110017006791
110017006808
110017006817
110017006826
110017006835
110017006844
110017006853
110017006862
110017006871
110017006880
110017006899
110017006906
110017006915
110017006924
110017006933
110017006942
110017006960
110017006979
110017006988
110017006997
110017007013
110017007022
110017007077
110017007086
110017007120
110017007139
110017007148
110017007157
110017007166
110017007175
110017007184
110017007193
110017007200
110017007219
110017007228
110017007246
110017007255
110017007264
110017007273
110017007282
110017007291
110017007326
110017007344
110017007353
110017007362
110017007371
110017007380
110017007399
110017007406
110017007415
110017007424
110017007433
110017007442
110017007451
110017007460
110017007479
110017007488
110017007497
110017007503
110017007512
110017007521
110017007530
110017007549
110017007558
110017007601
110017007629
110017007692
110017007754
110017007763
110017007772
110017007781
110017007816
110017007834
110017007843
110017007852
110017007861
110017007870
110017007889
110017007898
110017007905
110017007914
110017007932
110017007950
110017007969
110017007978
110017007987
110017007996
110017008003
110017008012
110017008021
110017008030
110017008049
110017008307
110017008316
110017008325
110017008334
110017008352
110017008432
110017008496
110017008502
110017008511
110017008520
110017008539
110017008548
110017008557
110017008566
110017008575
110017008584
110017008593
110017008600
110017008619
110017008628
110017008637
110017008646
110017008664
110017008673
110017008708
110017008735
110017008815
110017008824
110017008833
110017008842
110017008860
110017008888
110017008995
110017009066
110017009075
110017009084
110017009093
110017009100
110017009119
110017009137
110017009146
110017009155
110017009164
110017009173
110017009182
110017009191
110017009208
110017009217
110017009226
110017009235
110017009306
110017009315
110017009342
110017009379
110017009388
110017009397
110017009404
110017009413
110017009422
110017009459
110017009468
110017009477
110017009486
110017009529
110017009538
110017009663
110017009672
110017009681
110017009707
110017009716
110017009814
110017009823
110017009832
110017009967
110017010036
110017010045
110017010063
110017010081
110017010107
110017010116
110017010125
110017010143
110017010189
110017010198
110017010214
110017010312
110017010580
110017010599
110017010624
110017010848
110017010875
110017010884
110017010893
110017010900
110017010919
110017010928
110017010937
110017010946
110017010955
110017010964
110017010973
110017010982
110017010991
110017011008
110017011017
110017011026
110017011151
110017011160
110017011259
110017011268
110017011286
110017011295
110017011302
110017011320
110017011357
110017011366
110017011400
110017011419
110017011428
110017011437
110017011446
110017011455
110017011464
110017011473
110017011482
110017011491
110017011507
110017011516
110017011525
110017011534
110017011543
110017011552
110017011561
110017011570
110017011623
110017011632
110017011641
110017011650
110017011687
110017011721
110017011730
110017011767
110017011776
110017011810
110017011829
110017011892
110017011909
110017011918
110017011927
110017011936
110017011945
110017011954
110017011963
110017011972
110017011981
110017012034
110017012043
110017012052
110017012089
110017012098
110017012105
110017012132
110017012141
110017012187
110017012203
110017012221
110017012365
110017012445
110017012463
110017012472
110017012481
110017012490
110017012506
110017012515
110017012533
110017012542
110017012551
110017012560
110017012579
110017012597
110017012613
110017012631
110017012640
110017012668
110017012677
110017012793
110017012846
110017012855
110017012864
110017012873
110017012908
110017012935
110017012944
110017012999
110017013024
110017013033
110017013042
110017013159
110017013168
110017013177
110017013239
110017013275
110017013319
110017013337
110017013391
110017013444
110017013480
110017013499
110017013505
110017013514
110017013587
110017013603
110017013612
110017013630
110017013694
110017013710
110017013872
110017014069
110017014078
110017014087
110017014103
110017014112
110017014121
110017014130
110017014149
110017014167
110017014176
110017014185
110017014194
110017014201
110017014210
110017014229
110017014238
110017014256
110017014345
110017014354
110017014363
110017014390
110017014498
110017014504
110017014513
110017014522
110017014540
110017014586
110017014602
110017014684
110017014700
110017014728
110017014737
110017014746
110017014755
110017014764
110017014808
110017014835
110017014844
110017014853
110017014862
110017015031
110017015040
110017015059
110017015111
110017015166
110017015237
110017015255
110017015273
110017015317
110017015344
110017015371
110017015424
110017015442
110017015460
110017015479
110017015488
110017015503
110017015530
110017015656
110017015665
110017015674
110017015736
110017015781
110017015852
110017015870
110017015889
110017015898
110017015932
110017015950
110017016058
110017016067
110017016094
110017016101
110017016110
110017016129
110017016236
110017016281
110017016325
110017016370
110017016389
110017016441
110017016450
110017016487
110017016539
110017016548
110017016600
110017016664
110017016717
110017016799
110017016806
110017016824
110017016833
110017016842
110017016851
110017016860
110017016879
110017016913
110017016922
110017016931
110017016940
110017016977
110017016986
110017016995
110017017039
110017017048
110017017075
110017017084
110017017155
110017017164
110017017191
110017017351
110017017360
110017017379
110017017388
110017017397
110017017404
110017017413
110017017431
110017017468
110017017495
110017017501
110017017529
110017017538
110017017547
110017017583
110017017592
110017017681
110017017752
110017017832
110017017967
110017017976
110017018252
110017018270
110017018458
110017018555
110017018573
110017018582
110017018715
110017018733
110017018742
110017018751
110017018760
110017018788
110017018797
110017018813
110017018822
110017018877
110017018895
110017018902
110017018920
110017018939
110017018957
110017018966
110017018975
110017018993
110017019019
110017019055
110017019108
110017019126
110017019153
110017019162
110017019171
110017019215
110017019279
110017019395
110017019457
110017019466
110017019484
110017019527
110017019554
110017019563
110017019572
110017019607
110017019643
110017019670
110017019698
110017019714
110017019750
110017019778
110017019796
110017019803
110017019858
110017019876
110017019910
110017019929
110017019938
110017019974
110017020007
110017020016
110017020052
110017020061
110017020070
110017020089
110017020098
110017020114
110017020212
110017020221
110017020230
110017020249
110017020285
110017020294
110017020310
110017020329
110017020338
110017020356
110017020365
110017020392
110017020454
110017020490
110017020506
110017020551
110017020588
110017020622
110017020659
110017020668
110017020702
110017020720
110017020739
110017020748
110017020766
110017020775
110017020784
110017020793
110017020819
110017020828
110017020855
110017020882
110017021051
110017021060
110017021097
110017021140
110017021168
110017021177
110017021186
110017021195
110017021202
110017021211
110017021220
110017021239
110017021248
110017021257
110017021266
110017021284
110017021293
110017021300
110017021417
110017021426
110017021462
110017021480
110017021523
110017021532
110017021569
110017021578
110017021587
110017021596
110017021603
110017021630
110017021649
110017021658
110017021667
110017021694
110017021710
110017021729
110017021774
110017021818
110017021854
110017021916
110017021998
110017022014
110017022023
110017022050
110017022087
110017022103
110017022112
110017022121
110017022130
110017022149
110017022158
110017022167
110017022176
110017022194
110017022201
110017022229
110017022247
110017022256
110017022265
110017022274
110017022283
110017022292
110017022390
110017022407
110017022559
110017022577
110017022639
110017022684
110017022693
110017022700
110017022719
110017022728
110017022737
110017022746
110017022755
110017022764
110017022773
110017022782
110017022791
110017022808
110017022835
110017022906
110017022924
110017022933
110017022942
110017022979
110017022988
110017022997
110017023004
110017023022
110017023111
110017023120
110017023139
110017023148
110017023166
110017023175
110017023184
110017023193
110017023200
110017023219
110017023228
110017023237
110017023246
110017023255
110017023264
110017023282
110017023291
110017023308
110017023317
110017023326
110017023335
110017023380
110017023424
110017023442
110017023451
110017023460
110017023479
110017023488
110017023497
110017023503
110017023521
110017023530
110017023549
110017023558
110017023594
110017023601
110017023656
110017023665
110017023674
110017023683
110017023692
110017023727
110017023772
110017023816
110017023834
110017023843
110017023852
110017023870
110017023889
110017023898
110017023914
110017024085
110017024094
110017024110
110017024129
110017024245
110017024254
110017024423
110017024432
110017024441
110017024502
110017024539
110017024557
110017024566
110017024655
110017024664
110017024682
110017024717
110017024726
110017024744
110017024762
110017024833
110017024842
110017024897
110017024904
110017024913
110017024922
110017024931
110017024977
110017024995
110017025011
110017025020
110017025039
110017025048
110017025057
110017025066
110017025093
110017025100
110017025128
110017025315
110017025324
110017025333
110017025351
110017025388
110017025397
110017025592
110017025627
110017025645
110017025654
110017025663
110017025672
110017025681
110017025690
110017025707
110017025716
110017025734
110017025743
110017025761
110017025850
110017025869
110017025887
110017025912
110017025921
110017025930
110017025949
110017025958
110017025967
110017025976
110017025985
110017025994
110017026001
110017026010
110017026029
110017026038
110017026047
110017026056
110017026065
110017026074
110017026083
110017026092
110017026163
110017026172
110017026181
110017026243
110017026270
110017026289
110017026298
110017026305
110017026314
110017026323
110017026341
110017026350
110017026421
110017026430
110017026449
110017026467
110017026476
110017026485
110017026519
110017026528
110017026555
110017026582
110017026591
110017026608
110017026617
110017026626
110017026635
110017026644
110017026653
110017026662
110017026699
110017026706
110017026724
110017026760
110017026779
110017026797
110017026804
110017026813
110017026822
110017026831
110017026886
110017026895
110017026920
110017026975
110017027064
110017027153
110017027162
110017027206
110017027233
110017027251
110017027359
110017027439
110017027466
110017027527
110017027554
110017027590
110017027634
110017027689
110017027732
110017027929
110017027938
110017027956
110017027983
110017027992
110017028009
110017028018
110017028027
110017028036
110017028054
110017028063
110017028072
110017028081
110017028090
110017028107
110017028116
110017028125
110017028134
110017028143
110017028152
110017028232
110017028250
110017028312
110017028321
110017028358
