110017028385
110017028438
110017028447
110017028456
110017028465
110017028474
110017028483
110017028492
110017028508
110017028553
110017028562
110017028571
110017028606
110017028697
110017028731
110017028740
110017028759
110017028768
110017028786
110017028795
110017028811
110017028884
110017028928
110017028964
110017028991
110017029008
110017029026
110017029053
110017029071
110017029106
110017029133
110017029142
110017029151
110017029179
110017029204
110017029222
110017029231
110017029259
110017029277
110017029295
110017029302
110017029339
110017029348
110017029366
110017029375
110017029393
110017029400
110017029419
110017029437
110017029455
110017029464
110017029525
110017029543
110017029552
110017029598
110017029678
110017029687
110017029696
110017029749
110017029758
110017029776
110017029801
110017029810
110017029856
110017029927
110017029945
110017029963
110017029972
110017029981
110017029990
110017030041
110017030050
110017030372
110017030773
110017030782
110017030808
110017030835
110017030844
110017030997
110017031111
110017031120
110017031139
110017031148
110017031157
110017031193
110017031219
110017031237
110017031246
110017031264
110017031282
110017031308
110017031317
110017031335
110017031371
110017031479
110017031488
110017031530
110017031549
110017031629
110017031656
110017031665
110017031692
110017031718
110017031736
110017031745
110017031790
110017031834
110017031843
110017031889
110017031898
110017031914
110017031923
110017031932
110017032012
110017032156
110017032183
110017032192
110017032218
110017032227
110017032236
110017032245
110017032254
110017032263
110017032281
110017032361
110017032398
110017032414
110017032450
110017032478
110017032511
110017032584
110017032593
110017032600
110017032744
110017032753
110017032986
110017033020
110017033039
110017033084
110017033100
110017033119
110017033137
110017033146
110017033155
110017033235
110017033253
110017033262
110017033280
110017033379
110017033431
110017033592
110017033609
110017033618
110017033878
110017033887
110017033896
110017033967
110017033976
110017034047
110017034056
110017034074
110017034154
110017034163
110017034172
110017034181
110017034225
110017034252
110017034305
110017034332
110017034341
110017034396
110017034403
110017034458
110017034617
110017034626
110017034644
110017034653
110017034671
110017034699
110017034706
110017034715
110017034733
110017034742
110017034779
110017034840
110017034868
110017034877
110017034886
110017034939
110017034957
110017034966
110017034975
110017034984
110017035000
110017035019
110017035028
110017035064
110017035144
110017035180
110017035224
110017035242
110017035251
110017035279
110017035288
110017035297
110017035340
110017035359
110017035457
110017035475
110017035484
110017035493
110017035581
110017035590
110017035634
110017035661
110017035689
110017035705
110017035714
110017035723
110017035732
110017035741
110017035787
110017035812
110017035821
110017035830
110017035849
110017035858
110017035867
110017035876
110017035894
110017035901
110017035929
110017035947
110017036009
110017036018
110017036036
110017036045
110017036054
110017036072
110017036081
110017036116
110017036152
110017036161
110017036170
110017036189
110017036198
110017036250
110017036269
110017036287
110017036296
110017036312
110017036321
110017036349
110017036438
110017036456
110017036483
110017036508
110017036517
110017036553
110017036615
110017036679
110017036704
110017036713
110017036740
110017036759
110017036795
110017036802
110017036811
110017036839
110017036848
110017036857
110017036866
110017036875
110017036900
110017036964
110017036973
110017037008
110017037062
110017037080
110017037099
110017037106
110017037115
110017037160
110017037197
110017037204
110017037277
110017037366
110017037437
110017037446
110017037455
110017037464
110017037473
110017037491
110017037516
110017037525
110017037543
110017037570
110017037589
110017037598
110017037632
110017037641
110017037696
110017037703
110017037712
110017037721
110017037749
110017037758
110017037767
110017037838
110017037865
110017037883
110017037909
110017037963
110017037990
110017038007
110017038016
110017038025
110017038043
110017038098
110017038141
110017038187
110017038203
110017038294
110017038310
110017038374
110017038383
110017038418
110017038427
110017038436
110017038490
110017038506
110017038542
110017038551
110017038588
110017038597
110017038613
110017038640
110017038659
110017038686
110017038702
110017038739
110017038757
110017038784
110017038819
110017038837
110017038873
110017038891
110017038908
110017038917
110017038926
110017038944
110017038980
110017039033
110017039051
110017039060
110017039097
110017039159
110017039168
110017039177
110017039300
110017039328
110017039346
110017039355
110017039364
110017039391
110017039417
110017039426
110017039435
110017039453
110017039550
110017039685
110017039970
110017039989
110017040012
110017040049
110017040085
110017040101
110017040129
110017040138
110017040147
110017040156
110017040165
110017040183
110017040245
110017040254
110017040290
110017040334
110017040352
110017040389
110017040405
110017040423
110017040432
110017040469
110017040496
110017040511
110017040520
110017040548
110017040566
110017040646
110017040664
110017040673
110017040682
110017040691
110017040717
110017040780
110017040799
110017040806
110017040842
110017040897
110017040904
110017040913
110017040922
110017040931
110017040959
110017040968
110017040986
110017041057
110017041066
110017041084
110017041128
110017041137
110017041155
110017041164
110017041217
110017041226
110017041235
110017041244
110017041253
110017041306
110017041315
110017041324
110017041333
110017041342
110017041351
110017041360
110017041379
110017041388
110017041397
110017041404
110017041413
110017041431
110017041477
110017041486
110017041495
110017041501
110017041510
110017041529
110017041538
110017041556
110017041574
110017041583
110017041725
110017041743
110017041752
110017041761
110017041789
110017041798
110017041814
110017041832
110017041850
110017041869
110017041949
110017041967
110017041976
110017041994
110017042001
110017042010
110017042038
110017042056
110017042163
110017042172
110017042181
110017042190
110017042207
110017042216
110017042225
110017042234
110017042261
110017042458
110017042485
110017042500
110017042528
110017042546
110017042555
110017042564
110017042582
110017042608
110017042635
110017042644
110017042653
110017042662
110017042671
110017042699
110017042706
110017042804
110017042831
110017042859
110017042902
110017042939
110017042975
110017042984
110017042993
110017043000
110017043019
110017043028
110017043046
110017043073
110017043126
110017043135
110017043144
110017043171
110017043180
110017043206
110017043224
110017043233
110017043242
110017043260
110017043313
110017043322
110017043331
110017043368
110017043377
110017043386
110017043395
110017043402
110017043439
110017043466
110017043475
110017043484
110017043493
110017043509
110017043518
110017043527
110017043536
110017043545
110017043554
110017043563
110017043572
110017043581
110017043590
110017043607
110017043625
110017043634
110017043643
110017043652
110017043661
110017043670
110017043689
110017043698
110017043705
110017043723
110017043732
110017043750
110017043778
110017043787
110017043796
110017043803
110017043830
110017043858
110017043929
110017043947
110017043956
110017043965
110017043983
110017044027
110017044081
110017044090
110017044107
110017044116
110017044143
110017044152
110017044161
110017044170
110017044198
110017044205
110017044250
110017044269
110017044303
110017044312
110017044321
110017044349
110017044358
110017044367
110017044376
110017044385
110017044394
110017044401
110017044410
110017044606
110017044651
110017044679
110017044893
110017044900
110017044919
110017044928
110017044937
110017044946
110017044982
110017045017
110017045044
110017045080
110017045099
110017045124
110017045311
110017045357
110017045375
110017045384
110017045400
110017045473
110017045482
110017045507
110017045552
110017045561
110017045570
110017045589
110017045650
110017045678
110017045785
110017045810
110017045829
110017045847
110017045927
110017045945
110017045981
110017046016
110017046034
110017046061
110017046105
110017046141
110017046196
110017046203
110017046212
110017046221
110017046258
110017046276
110017046285
110017046329
110017046338
110017046347
110017046374
110017046383
110017046436
110017046445
110017046472
110017046481
110017046490
110017046515
110017046524
110017046533
110017046551
110017046560
110017046695
110017046702
110017046739
110017046757
110017046882
110017046891
110017046917
110017046926
110017046935
110017046953
110017046962
110017046971
110017046980
110017047033
110017047042
110017047122
110017047131
110017047168
110017047177
110017047186
110017047257
110017047284
110017047293
110017047337
110017047346
110017047355
110017047364
110017047373
110017047382
110017047391
110017047408
110017047417
110017047426
110017047435
110017047444
110017047453
110017047462
110017047471
110017047480
110017047499
110017047505
110017047578
110017047587
110017047603
110017047612
110017047621
110017047630
110017047649
110017047658
110017047667
110017047676
110017047685
110017047694
110017047701
110017047710
110017047729
110017047738
110017047747
110017047756
110017047765
110017047774
110017047783
110017047809
110017047818
110017047845
110017047854
110017047907
110017047943
110017047952
110017047961
110017048014
110017048023
110017048032
110017048041
110017048050
110017048069
110017048078
110017048096
110017048121
110017048158
110017048185
110017048194
110017048201
110017048210
110017048229
110017048238
110017048247
110017048256
110017048265
110017048274
110017048283
110017048345
110017048363
110017048372
110017048390
110017048416
110017048434
110017048443
110017048452
110017048461
110017048498
110017048522
110017048531
110017048586
110017048595
110017048620
110017048639
110017048657
110017048666
110017048675
110017048684
110017048700
110017048719
110017048728
110017048737
110017048746
110017048755
110017048764
110017048773
110017048782
110017048791
110017048808
110017048826
110017048835
110017048844
110017048899
110017048906
110017048915
110017049068
110017049077
110017049086
110017049095
110017049102
110017049148
110017049157
110017049166
110017049246
110017049282
110017049503
110017049521
110017049549
110017049638
110017049772
110017049852
110017050000
110017050019
110017050028
110017050046
110017050055
110017050073
110017050126
110017050135
110017050288
110017050313
110017050322
110017050359
110017050386
110017050849
110017051009
110017051018
110017051107
110017051143
110017051161
110017051170
110017051214
110017051223
110017051232
110017051250
110017051269
110017051278
110017051287
110017051296
110017051303
110017051330
110017051429
110017051465
110017051517
110017051535
110017051562
110017051777
110017051893
110017051900
110017051919
110017051964
110017051982
110017052026
110017052053
110017052071
110017052099
110017052106
110017052124
110017052133
110017052188
110017052197
110017052213
110017052222
110017052231
110017052240
110017052268
110017052286
110017052295
110017052320
110017052348
110017052375
110017052464
110017052473
110017052482
110017052491
110017052525
110017052534
110017052561
110017052570
110017052598
110017052632
110017052749
110017052758
110017052767
110017052874
110017052892
110017052981
110017053007
110017053016
110017053043
110017053070
110017053098
110017053132
110017053203
110017053221
110017053258
110017053374
110017053392
110017053445
110017053524
110017053588
110017053597
110017053631
110017053659
110017053677
110017053686
110017053711
110017053720
110017053748
110017053757
110017053766
110017053784
110017053800
110017053828
110017053837
110017053864
110017053971
110017054006
110017054051
110017054079
110017054097
110017054104
110017054159
110017054177
110017054186
110017054195
110017054202
110017054220
110017054300
110017054319
110017054337
110017054355
110017054382
110017054444
110017054453
110017054471
110017054505
110017054514
110017054523
110017054532
110017054550
110017054587
110017054603
110017054621
110017054658
110017054667
110017054676
110017054710
110017054729
110017054738
110017054774
110017054809
110017054845
110017054854
110017054863
110017054872
110017054890
110017054907
110017054916
110017055005
110017055032
110017055041
110017055050
110017055069
110017055096
110017055103
110017055149
110017055158
110017055185
110017055256
110017055283
110017055309
110017055318
110017055327
110017055336
110017055345
110017055354
110017055363
110017055504
110017055513
110017055540
110017055559
110017055602
110017055611
110017055639
110017055648
110017055657
110017055666
110017055746
110017055755
110017055764
110017055773
110017055791
110017055808
110017055817
110017055853
110017055862
110017055871
110017055906
110017055942
110017056022
110017056059
110017056086
110017056095
110017056111
110017056120
110017056166
110017056193
110017056264
110017056308
110017056317
110017056326
110017056371
110017056380
110017056399
110017056442
