110017056460
110017056479
110017056530
110017056567
110017056594
110017056638
110017056674
110017056692
110017056727
110017056772
110017056825
110017056834
110017056843
110017056870
110017056905
110017056932
110017056941
110017056950
110017056969
110017056978
110017056996
110017057003
110017057021
110017057085
110017057101
110017057192
110017057227
110017057236
110017057245
110017057307
110017057334
110017057423
110017057450
110017057520
110017057575
110017057584
110017057593
110017057628
110017057637
110017057682
110017057780
110017057851
110017057860
110017057897
110017057904
110017057922
110017057931
110017057968
110017057977
110017057986
110017058039
110017058048
110017058057
110017058100
110017058128
110017058137
110017058155
110017058244
110017058262
110017058280
110017058306
110017058333
110017058431
110017058440
110017058468
110017058529
110017058574
110017058583
110017058609
110017058627
110017058636
110017058654
110017058663
110017058672
110017058725
110017058734
110017058752
110017058770
110017058789
110017058869
110017058887
110017058896
110017058912
110017058921
110017058930
110017058958
110017058976
110017058994
110017059001
110017059010
110017059056
110017059136
110017059154
110017059163
110017059298
110017059323
110017059369
110017059378
110017059387
110017059403
110017059458
110017059528
110017059564
110017059617
110017059626
110017059635
110017059644
110017059671
110017059706
110017059715
110017059724
110017059733
110017059751
110017059760
110017059779
110017059797
110017059868
110017059902
110017059911
110017059920
110017059957
110017059966
110017059975
110017059984
110017059993
110017060017
110017060053
110017060062
110017060142
110017060160
110017060179
110017060222
110017060240
110017060259
110017060268
110017060277
110017060302
110017060311
110017060320
110017060348
110017060357
110017060393
110017060419
110017060446
110017060464
110017060473
110017060516
110017060543
110017060570
110017060614
110017060623
110017060632
110017060641
110017060650
110017060669
110017060687
110017060703
110017060721
110017060730
110017060758
110017060785
110017060794
110017060838
110017060856
110017060874
110017060883
110017060892
110017060909
110017060963
110017060972
110017061007
110017061070
110017061089
110017061150
110017061169
110017061178
110017061203
110017061258
110017061267
110017061409
110017061418
110017061427
110017061472
110017061506
110017061524
110017061533
110017061560
110017061631
110017061702
110017061720
110017061739
110017061784
110017061793
110017061819
110017061828
110017061873
110017061891
110017061935
110017061999
110017062033
110017062051
110017062060
110017062088
110017062104
110017062113
110017062131
110017062195
110017062239
110017062337
110017062346
110017062355
110017062364
110017062408
110017062426
110017062435
110017062462
110017062505
110017062514
110017062541
110017062550
110017062587
110017062596
110017062603
110017062630
110017062667
110017062729
110017062738
110017062765
110017062774
110017062792
110017062827
110017062854
110017062863
110017062890
110017062907
110017062916
110017062943
110017062970
110017063014
110017063185
110017063210
110017063229
110017063238
110017063283
110017063292
110017063336
110017063345
110017063381
110017063416
110017063425
110017063434
110017063489
110017063540
110017063620
110017063639
110017063746
110017063773
110017063791
110017063835
110017063844
110017063853
110017063862
110017063880
110017063899
110017063988
110017064040
110017064148
110017064237
110017064273
110017064344
110017064433
110017064594
110017064656
110017064665
110017064674
110017064683
110017064692
110017064754
110017064772
110017064790
110017064807
110017064825
110017064843
110017064852
110017064932
110017064941
110017064950
110017064969
110017064978
110017064987
110017065030
110017065058
110017065067
110017065085
110017065101
110017065147
110017065263
110017065272
110017065334
110017065343
110017065352
110017065361
110017065370
110017065389
110017065398
110017065405
110017065414
110017065423
110017065511
110017065619
110017065637
110017065646
110017065780
110017065799
110017065806
110017065815
110017065824
110017065833
110017065842
110017065913
110017065922
110017066011
110017066066
110017066119
110017066128
110017066173
110017066191
110017066271
110017066351
110017066360
110017066379
110017066397
110017066413
110017066422
110017066486
110017066501
110017066510
110017066538
110017066565
110017066574
110017066592
110017066627
110017066654
110017066707
110017066725
110017066798
110017066832
110017066869
110017066878
110017066912
110017066994
110017067047
110017067145
110017067190
110017067207
110017067298
110017067314
110017067332
110017067350
110017067378
110017067396
110017067449
110017067458
110017067467
110017067485
110017067564
110017067680
110017067699
110017067733
110017067760
110017067831
110017067840
110017067859
110017067877
110017067902
110017067993
110017068000
110017068117
110017068206
110017068224
110017068251
110017068260
110017068359
110017068368
110017068386
110017068420
110017068448
110017068466
110017068475
110017068518
110017068536
110017068563
110017068581
110017068590
110017068625
110017068698
110017068732
110017068741
110017068750
110017068769
110017068803
110017068849
110017068858
110017068876
110017068885
110017068894
110017068910
110017068929
110017068947
110017068965
110017068974
110017068983
110017069081
110017069116
110017069125
110017069134
110017069143
110017069170
110017069232
110017069250
110017069287
110017069296
110017069303
110017069321
110017069330
110017069349
110017069367
110017069385
110017069394
110017069410
110017069429
110017069447
110017069456
110017069508
110017069517
110017069535
110017069562
110017069571
110017069615
110017069633
110017069722
110017069731
110017069759
110017069820
110017069848
110017069884
110017069928
110017069937
110017069964
110017069982
110017070060
110017070088
110017070131
110017070202
110017070300
110017070319
110017070417
110017070426
110017070462
110017070480
110017070514
110017070550
110017070578
110017070612
110017070621
110017070649
110017070729
110017070756
110017070765
110017070774
110017070792
110017070818
110017070845
110017070881
110017070907
110017070925
110017070934
110017070952
110017070970
110017070989
110017071041
110017071078
110017071096
110017071121
110017071149
110017071167
110017071238
110017071256
110017071265
110017071283
110017071309
110017071318
110017071336
110017071363
110017071372
110017071407
110017071531
110017071540
110017071559
110017071568
110017071577
110017071586
110017071595
110017071639
110017071648
110017071666
110017071835
110017071988
110017071997
110017072013
110017072022
110017072031
110017072040
110017072059
110017072068
110017072077
110017072086
110017072095
110017072120
110017072228
110017072282
110017072353
110017072442
110017072451
110017072479
110017072497
110017072512
110017072683
110017072709
110017072969
110017072996
110017073030
110017073316
110017073325
110017073343
110017073414
110017073487
110017073496
110017073566
110017073575
110017073600
110017073735
110017073806
110017073815
110017073833
110017073879
110017073913
110017073959
110017073995
110017074011
110017074039
110017074048
110017074093
110017074164
110017074173
110017074235
110017074244
110017074262
110017074271
110017074333
110017074342
110017074404
110017074422
110017074459
110017074468
110017074477
110017074501
110017074529
110017074556
110017074574
110017074654
110017074663
110017074743
110017074967
110017074985
110017075010
110017075038
110017075047
110017075056
110017075118
110017075163
110017075243
110017075341
110017075350
110017075369
110017075378
110017075412
110017075494
110017075537
110017075555
110017075582
110017075591
110017075617
110017075635
110017075644
110017075699
110017075706
110017075724
110017075733
110017075742
110017075751
110017075760
110017075831
110017075859
110017075877
110017075895
110017075948
110017075975
110017076000
110017076126
110017076304
110017076322
110017076331
110017076340
110017076359
110017076386
110017076395
110017076411
110017076466
110017076545
110017076563
110017076572
110017076634
110017076652
110017076661
110017076670
110017076689
110017076714
110017076723
110017076732
110017076741
110017076750
110017076769
110017076778
110017076796
110017076803
110017076812
110017076821
110017076830
110017076849
110017076858
110017076867
110017076876
110017076965
110017076974
110017076992
110017077009
110017077018
110017077027
110017077036
110017077045
110017077054
110017077063
110017077072
110017077081
110017077090
110017077107
110017077116
110017077125
110017077134
110017077161
110017077189
110017077198
110017077214
110017077223
110017077232
110017077241
110017077296
110017077367
110017077376
110017077385
110017077394
110017077438
110017077447
110017077456
110017077465
110017077474
110017077483
110017077492
110017077508
110017077517
110017077526
110017077535
110017077544
110017077562
110017077740
110017077759
110017077811
110017077820
110017077839
110017077982
110017078008
110017078017
110017078026
110017078035
110017078044
110017078053
110017078062
110017078071
110017078080
110017078099
110017078142
110017078151
110017078160
110017078179
110017078188
110017078197
110017078204
110017078213
110017078231
110017078259
110017078268
110017078277
110017078400
110017078428
110017078491
110017078516
110017078641
110017078650
110017078669
110017078865
110017078927
110017078945
110017078963
110017078972
110017079089
110017079105
110017079114
110017079123
110017079132
110017079150
110017079169
110017079178
110017079203
110017079212
110017079221
110017079230
110017079258
110017079267
110017079285
110017079301
110017079347
110017079365
110017079374
110017079383
110017079392
110017079445
110017079454
110017079463
110017079472
110017079490
110017079506
110017079524
110017079533
110017079542
110017079551
110017079560
110017079579
110017079588
110017079597
110017079604
110017079613
110017079622
110017079631
110017079640
110017079677
110017079748
110017079757
110017079766
110017079775
110017079784
110017079793
110017079926
110017079944
110017079953
110017080013
110017080022
110017080031
110017080086
110017080111
110017080120
110017080157
110017080175
110017080219
110017080237
110017080246
110017080264
110017080273
110017080282
110017080291
110017080308
110017080317
110017080326
110017080335
110017080344
110017080353
110017080371
110017080380
110017080399
110017080406
110017080415
110017080488
110017080497
110017080512
110017080521
110017080530
110017080549
110017080558
110017080567
110017080576
110017080692
110017080718
110017080727
110017080736
110017080745
110017080754
110017080763
110017080852
110017080889
110017080898
110017080905
110017080987
110017080996
110017081003
110017081174
110017081183
110017081192
110017081209
110017081218
110017081227
110017081389
110017081405
110017081673
110017081682
110017081717
110017081726
110017081735
110017081744
110017081762
110017081780
110017081799
110017081806
110017081815
110017081860
110017081879
110017081888
110017081897
110017081904
110017081959
110017082066
110017082084
110017082093
110017082100
110017082119
110017082128
110017082146
110017082155
110017082164
110017082173
110017082182
110017082191
110017082208
110017082217
110017082226
110017082235
110017082333
110017082342
110017082351
110017082360
110017082379
110017082397
110017082404
110017082413
110017082422
110017082529
110017082538
110017082547
110017082556
110017082565
110017082574
110017082583
110017082636
110017082681
110017082716
110017082725
110017082743
110017082752
110017082761
110017082770
110017082789
110017082798
110017082805
110017082958
110017082967
110017082976
110017082985
110017082994
110017083001
110017083038
110017083074
110017083083
110017083092
110017083109
110017083127
110017083136
110017083145
110017083154
110017083163
110017083172
110017083412
110017083421
110017083430
110017083449
110017083458
110017083500
110017083537
110017083555
110017083591
110017083635
110017083644
110017083653
110017083662
110017083671
110017083680
110017083699
110017083706
110017083715
110017083724
110017083733
110017083813
110017083902
110017083920
110017083939
110017083966
110017083984
110017083993
110017084055
110017084064
110017084117
110017084126
110017084144
110017084180
110017084199
110017084215
110017084224
110017084233
110017084242
110017084304
110017084322
110017084331
110017084340
110017084359
110017084368
110017084377
110017084395
110017084402
110017084448
110017084457
110017084545
110017084563
110017084572
110017084581
110017084616
110017084625
110017084634
110017084652
110017084661
110017084670
110017084698
110017084705
110017084714
110017084723
110017084732
110017084741
110017084796
110017084849
110017084858
110017084867
110017084894
110017084910
110017084929
110017084938
110017084947
110017084974
110017085009
110017085018
110017085134
110017085198
110017085321
110017085358
110017085376
110017085544
110017085562
110017085599
110017085722
110017085759
110017085866
110017085937
110017086017
110017086026
