110017086044
110017086142
110017086160
110017086259
110017086357
110017086366
110017086419
110017086455
110017086464
110017086482
110017086534
110017086696
110017086703
110017086801
110017086810
110017086918
110017086972
110017087052
110017087105
110017087178
110017087212
110017087258
110017087310
110017087481
110017087524
110017087597
110017087659
110017087711
110017087757
110017087766
110017087775
110017087784
110017087793
110017087800
110017087828
110017087864
110017087882
110017087953
110017088042
110017088079
110017088257
110017088293
110017088300
110017088319
110017088328
110017088337
110017088346
110017088355
110017088364
110017088382
110017088391
110017088426
110017088444
110017088480
110017088505
110017088514
110017088523
110017088541
110017088596
110017088658
110017088685
110017088694
110017088765
110017088854
110017088863
110017088881
110017088943
110017088961
110017088970
110017088998
110017089014
110017089078
110017089087
110017089112
110017089247
110017089309
110017089327
110017089336
110017089345
110017089390
110017089434
110017089461
110017089470
110017089489
110017089639
110017089728
110017089764
110017089817
110017089853
110017089899
110017089924
110017089933
110017089960
110017089997
110017090002
110017090011
110017090020
110017090100
110017090155
110017090208
110017090217
110017090226
110017090244
110017090253
110017090342
110017090404
110017090413
110017090440
110017090459
110017090477
110017090486
110017090495
110017090501
110017090672
110017090690
110017090743
110017090752
110017090761
110017090770
110017090814
110017090832
110017090896
110017090903
110017090921
110017090949
110017090958
110017091010
110017091216
110017091225
110017091234
110017091243
110017091252
110017091261
110017091289
110017091298
110017091314
110017091350
110017091369
110017091378
110017091387
110017091396
110017091403
110017091537
110017091644
110017091680
110017091706
110017091724
110017091742
110017091797
110017091804
110017091831
110017091868
110017091877
110017091939
110017091948
110017091957
110017091966
110017091984
110017092064
110017092073
110017092091
110017092108
110017092563
110017092572
110017092581
110017092590
110017092607
110017092616
110017092625
110017092634
110017092643
110017092652
110017092661
110017092670
110017092689
110017092698
110017092732
110017092867
110017092947
110017092956
110017092965
110017092974
110017092983
110017092992
110017093009
110017093018
110017093027
110017093036
110017093045
110017093072
110017093189
110017093198
110017093205
110017093214
110017093223
110017093296
110017093303
110017093312
110017093321
110017093330
110017093447
110017093465
110017093474
110017093740
110017093759
110017093768
110017093857
110017093900
110017093919
110017093928
110017093937
110017093946
110017094295
110017094311
110017094320
110017094366
110017094375
110017094428
110017094437
110017094446
110017094534
110017094543
110017094552
110017094561
110017094598
110017094623
110017094632
110017094696
110017094785
110017094794
110017094829
110017094847
110017094856
110017094892
110017094927
110017094954
110017094981
110017095016
110017095025
110017095034
110017095043
110017095052
110017095061
110017095070
110017095089
110017095098
110017095105
110017095178
110017095212
110017095221
110017095230
110017095249
110017095258
110017095267
110017095276
110017095285
110017095294
110017095301
110017095329
110017095356
110017095374
110017095409
110017095427
110017095445
110017095454
110017095463
110017095472
110017095490
110017095506
110017095515
110017095533
110017095542
110017095551
110017095560
110017095579
110017095588
110017095597
110017095604
110017095613
110017095640
110017095668
110017095702
110017095711
110017095720
110017095766
110017095775
110017095819
110017095846
110017095855
110017095864
110017095917
110017095926
110017095980
110017095999
110017096006
110017096015
110017096024
110017096042
110017096051
110017096060
110017096079
110017096088
110017096097
110017096104
110017096113
110017096168
110017096177
110017096186
110017096195
110017096248
110017096337
110017096355
110017096364
110017096382
110017096391
110017096417
110017096435
110017096453
110017096462
110017096471
110017096480
110017096499
110017096505
110017096523
110017096685
110017096827
110017096836
110017096863
110017096872
110017096881
110017096890
110017096952
110017096970
110017096989
110017096998
110017097005
110017097014
110017097023
110017097032
110017097041
110017097050
110017097069
110017097078
110017097087
110017097096
110017097103
110017097112
110017097158
110017097176
110017097185
110017097210
110017097336
110017097345
110017097354
110017097363
110017097372
110017097381
110017097390
110017097407
110017097443
110017097513
110017097522
110017097531
110017097568
110017097577
110017097586
110017097595
110017097602
110017097611
110017097620
110017097639
110017097648
110017097826
110017097835
110017097844
110017097862
110017097871
110017097880
110017097899
110017097906
110017097915
110017097924
110017097933
110017097942
110017097951
110017097979
110017097988
110017097997
110017098004
110017098013
110017098040
110017098059
110017098068
110017098077
110017098086
110017098095
110017098184
110017098193
110017098200
110017098219
110017098228
110017098237
110017098255
110017098264
110017098317
110017098326
110017098335
110017098344
110017098353
110017098362
110017098371
110017098380
110017098399
110017098415
110017098424
110017098479
110017098488
110017098497
110017098503
110017098521
110017098530
110017098558
110017098567
110017098576
110017098594
110017098601
110017098610
110017098629
110017098638
110017098834
110017098870
110017098905
110017098923
110017098932
110017098987
110017098996
110017099003
110017099021
110017099030
110017099058
110017099156
110017099165
110017099192
110017099218
110017099236
110017099263
110017099272
110017099281
110017099325
110017099343
110017099352
110017099432
110017099441
110017099478
110017099487
110017099502
110017099584
110017099593
110017099780
110017099913
110017099931
110017099940
110017099968
110017100000
110017100368
110017100377
110017100386
110017100475
110017100484
110017100493
110017100509
110017100518
110017100590
110017100607
110017100625
110017100634
110017100705
110017100714
110017100787
110017100821
110017100830
110017100849
110017100858
110017100876
110017100894
110017100901
110017100910
110017100938
110017100965
110017101036
110017101063
110017101081
110017101198
110017101349
110017101456
110017101474
110017101483
110017101492
110017101508
110017101517
110017101526
110017101553
110017101571
110017101580
110017101606
110017101624
110017101660
110017101697
110017101786
110017101795
110017101811
110017101928
110017101964
110017102099
110017102124
110017102151
110017102197
110017102240
110017102268
110017102320
110017102348
110017102357
110017102366
110017102375
110017102393
110017102428
110017102437
110017102446
110017102473
110017102482
110017102543
110017102552
110017102561
110017102570
110017102650
110017102678
110017102712
110017102721
110017102749
110017102794
110017102838
110017102874
110017102892
110017102963
110017102990
110017103043
110017103052
110017103070
110017103089
110017103114
110017103187
110017103196
110017103212
110017103230
110017103267
110017103285
110017103301
110017103329
110017103347
110017103463
110017103472
110017103481
110017103490
110017103506
110017103515
110017103524
110017103533
110017103542
110017103622
110017103631
110017103846
110017103873
110017103908
110017104060
110017104088
110017104168
110017104186
110017104195
110017104220
110017104239
110017104248
110017104257
110017104523
110017104532
110017104550
110017104578
110017104621
110017104658
110017104667
110017104694
110017104809
110017104836
110017104845
110017104854
110017104863
110017104872
110017104907
110017104925
110017104934
110017104998
110017105005
110017105014
110017105069
110017105078
110017105096
110017105112
110017105121
110017105130
110017105149
110017105158
110017105201
110017105256
110017105318
110017105336
110017105461
110017105531
110017105559
110017105568
110017105577
110017105586
110017105595
110017105602
110017105639
110017105648
110017105657
110017105666
110017105675
110017105684
110017105906
110017105924
110017105933
110017105942
110017105951
110017105960
110017105979
110017105988
110017105997
110017106004
110017106013
110017106022
110017106031
110017106040
110017106059
110017106068
110017106077
110017106111
110017106120
110017106139
110017106148
110017106157
110017106166
110017106175
110017106184
110017106193
110017106415
110017106424
110017106451
110017106460
110017106497
110017106503
110017106512
110017106521
110017106530
110017106549
110017106558
110017106567
110017106594
110017106601
110017106610
110017106629
110017106852
110017106996
110017107003
110017107012
110017107049
110017107192
110017107209
110017107245
110017107263
110017107352
110017107361
110017107398
110017107432
110017107441
110017107450
110017107469
110017107593
110017107600
110017107619
110017107628
110017107744
110017107762
110017107815
110017108039
110017108048
110017108146
110017108155
110017108164
110017108173
110017108182
110017108191
110017108208
110017108217
110017108262
110017108299
110017108306
110017108315
110017108333
110017108342
110017108360
110017108477
110017108486
110017108495
110017108501
110017108510
110017108529
110017108538
110017108547
110017108565
110017108574
110017108583
110017108592
110017108609
110017108618
110017108627
110017108645
110017108654
110017108707
110017108716
110017108725
110017108734
110017108743
110017108752
110017108761
110017108770
110017108798
110017108805
110017108814
110017108823
110017108832
110017108841
110017108869
110017108878
110017108887
110017108896
110017108903
110017108912
110017108921
110017108930
110017108949
110017108958
110017108967
110017109010
110017109038
110017109047
110017109056
110017109083
110017109118
110017109127
110017109136
110017109145
110017109154
110017109163
110017109181
110017109190
110017109207
110017109234
110017109298
110017109305
110017109323
110017109332
110017109350
110017109403
110017109485
110017109519
110017109582
110017109591
110017109608
110017109617
110017109662
110017109671
110017109680
110017109724
110017109733
110017109742
110017109751
110017109868
110017109886
110017109902
110017109920
110017109939
110017109948
110017109957
110017109975
110017109993
110017110026
110017110044
110017110099
110017110106
110017110124
110017110160
110017110277
110017110295
110017110302
110017110320
110017110357
110017110375
110017110393
110017110455
110017110589
110017110650
110017110785
110017110794
110017111070
110017111249
110017111276
110017111285
110017111294
110017111356
110017111454
110017111463
110017111490
110017111604
110017111622
110017111686
110017111711
110017111720
110017111793
110017111800
110017111828
110017111846
110017111873
110017111908
110017111926
110017111944
110017111953
110017111962
110017111980
110017112015
110017112024
110017112104
110017112113
110017112122
110017112131
110017112140
110017112168
110017112319
110017112328
110017112426
110017112532
110017112541
110017112550
110017112756
110017112765
110017112774
110017112783
110017112792
110017112809
110017112827
110017112881
110017112925
110017112934
110017112943
110017112989
110017113005
110017113014
110017113023
110017113032
110017113041
110017113050
110017113087
110017113096
110017113103
110017113112
110017113121
110017113158
110017113256
110017113265
110017113283
110017113292
110017113309
110017113318
110017113336
110017113354
110017113363
110017113372
110017113381
110017113390
110017113416
110017113425
110017113531
110017113540
110017113559
110017113620
110017113728
110017113737
110017113746
110017113755
110017113764
110017113835
110017113844
110017113951
110017113979
110017113988
110017114013
110017114022
110017114031
110017114040
110017114059
110017114068
110017114077
110017114102
110017114157
110017114166
110017114175
110017114200
110017114291
110017114308
110017114317
110017114326
110017114335
110017114362
110017114406
110017114415
110017114424
110017114433
110017114442
110017114451
110017114512
110017114530
110017114549
110017114567
110017114629
110017114674
110017114692
110017114718
110017114727
110017114736
110017114745
110017114763
110017114772
110017114781
110017114790
110017114807
110017114816
110017114825
110017114834
110017114852
110017114905
110017114923
110017114932
110017114941
110017114950
110017114969
110017114987
110017115067
110017115085
110017115094
110017115110
110017115129
110017115138
110017115156
110017115183
110017115192
110017115316
110017115325
110017115334
110017115343
110017115352
110017115361
110017115370
110017115389
110017115423
110017115432
110017115469
110017115557
110017115566
110017115575
110017115584
110017115628
110017115637
110017115646
110017115762
110017115771
110017115806
110017115815
110017115833
110017115940
110017115986
110017115995
110017116128
110017116137
110017116306
110017116422
110017116716
110017116725
110017116770
110017116789
110017116798
110017116869
