110017116903
110017116912
110017116958
110017116976
110017117010
110017117074
110017117092
110017117109
110017117261
110017117289
110017117323
110017117341
110017117350
110017117387
110017117403
110017117449
110017117573
110017117591
110017117706
110017117797
110017117902
110017118055
110017118073
110017118082
110017118091
110017118108
110017118117
110017118126
110017118153
110017118368
110017118377
110017118420
110017118448
110017118457
110017118466
110017118493
110017118554
110017118572
110017118581
110017118607
110017118625
110017118661
110017118689
110017118732
110017118867
110017118885
110017118938
110017118947
110017118992
110017119063
110017119072
110017119081
110017119090
110017119107
110017119116
110017119125
110017119143
110017119161
110017119214
110017119232
110017119312
110017119321
110017119330
110017119358
110017119367
110017119394
110017119438
110017119535
110017119571
110017119651
110017119688
110017119697
110017119731
110017119759
110017119768
110017119777
110017119786
110017119811
110017119848
110017119893
110017119928
110017119955
110017119991
110017120006
110017120015
110017120033
110017120088
110017120104
110017120113
110017120122
110017120131
110017120239
110017120248
110017120257
110017120275
110017120284
110017120300
110017120382
110017120417
110017120435
110017120505
110017120523
110017120532
110017120541
110017120550
110017120569
110017120578
110017120587
110017120603
110017120612
110017120630
110017120649
110017120658
110017120676
110017120685
110017120701
110017120738
110017120765
110017120774
110017120783
110017120827
110017120854
110017120863
110017120872
110017120881
110017120890
110017120943
110017120961
110017120989
110017121005
110017121032
110017121050
110017121078
110017121087
110017121096
110017121130
110017121149
110017121158
110017121167
110017121238
110017121309
110017121318
110017121354
110017121363
110017121372
110017121390
110017121425
110017121461
110017121498
110017121504
110017121531
110017121737
110017122022
110017122120
110017122442
110017122503
110017122549
110017122576
110017122665
110017122825
110017122852
110017122870
110017122889
110017122941
110017122950
110017123003
110017123129
110017123147
110017123156
110017123254
110017123263
110017123281
110017123334
110017123343
110017123441
110017123450
110017123557
110017123566
110017123593
110017123744
110017123780
110017123824
110017123851
110017123888
110017123897
110017123904
110017123931
110017123940
110017123977
110017123995
110017124093
110017124128
110017124164
110017124235
110017124333
110017124404
110017124431
110017124501
110017124538
110017124547
110017124583
110017124645
110017124654
110017124707
110017124716
110017124725
110017124789
110017124814
110017124887
110017124921
110017124958
110017124985
110017125109
110017125181
110017125234
110017125261
110017125378
110017125396
110017125412
110017125546
110017125608
110017125617
110017125760
110017125788
110017125859
110017125868
110017125911
110017125993
110017126064
110017126082
110017126135
110017126224
110017126251
110017126279
110017126304
110017126331
110017126359
110017126368
110017126377
110017126395
110017126420
110017126466
110017126475
110017126493
110017126509
110017126518
110017126563
110017126590
110017126670
110017126689
110017126723
110017126741
110017126769
110017126787
110017126821
110017126849
110017126885
110017126938
110017127045
110017127107
110017127116
110017127125
110017127232
110017127241
110017127269
110017127278
110017127287
110017127312
110017127330
110017127358
110017127367
110017127376
110017127385
110017127410
110017127465
110017127562
110017127599
110017127624
110017127713
110017127731
110017127759
110017127786
110017127820
110017127866
110017127875
110017127900
110017127919
110017127928
110017128017
110017128026
110017128053
110017128062
110017128071
110017128106
110017128142
110017128204
110017128231
110017128286
110017128320
110017128339
110017128437
110017128491
110017128516
110017128525
110017128552
110017128561
110017128570
110017128623
110017128696
110017128703
110017128721
110017128749
110017128767
110017128945
110017128963
110017128972
110017129089
110017129105
110017129114
110017129169
110017129267
110017129276
110017129294
110017129329
110017129338
110017129365
110017129490
110017129506
110017129560
110017129588
110017129659
110017129677
110017129702
110017129720
110017129748
110017129775
110017129828
110017129837
110017129864
110017130004
110017130022
110017130059
110017130077
110017130157
110017130219
110017130228
110017130255
110017130264
110017130362
110017130399
110017130512
110017130530
110017130558
110017130567
110017130683
110017130692
110017130718
110017130727
110017130745
110017130772
110017130834
110017130923
110017130932
110017130969
110017130987
110017130996
110017131003
110017131012
110017131021
110017131049
110017131058
110017131101
110017131129
110017131147
110017131209
110017131236
110017131316
110017131325
110017131352
110017131389
110017131478
110017131496
110017131520
110017131539
110017131557
110017131566
110017131655
110017131664
110017131682
110017131735
110017131744
110017131806
110017131815
110017131833
110017131879
110017131888
110017131897
110017131940
110017131977
110017131986
110017132002
110017132011
110017132066
110017132084
110017132093
110017132137
110017132164
110017132235
110017132244
110017132271
110017132280
110017132342
110017132351
110017132360
110017132379
110017132404
110017132459
110017132495
110017132529
110017132547
110017132583
110017132609
110017132627
110017132681
110017132734
110017132761
110017132814
110017132823
110017132841
110017132878
110017132896
110017132994
110017133029
110017133092
110017133127
110017133207
110017133234
110017133261
110017133314
110017133332
110017133387
110017133396
110017133449
110017133476
110017133485
110017133494
110017133500
110017133582
110017133608
110017133626
110017133671
110017133680
110017133715
110017133724
110017133751
110017133779
110017133813
110017133822
110017133831
110017133840
110017133868
110017133877
110017133886
110017133939
110017133957
110017133966
110017133993
110017134055
110017134073
110017134091
110017134117
110017134126
110017134135
110017134153
110017134171
110017134180
110017134199
110017134206
110017134215
110017134224
110017134260
110017134304
110017134313
110017134322
110017134331
110017134340
110017134359
110017134448
110017134457
110017134484
110017134493
110017134545
110017134554
110017134661
110017134689
110017134778
110017134876
110017134894
110017134947
110017135009
110017135018
110017135027
110017135054
110017135090
110017135116
110017135161
110017135189
110017135214
110017135223
110017135241
110017135269
110017135278
110017135287
110017135303
110017135312
110017135349
110017135358
110017135410
110017135474
110017135483
110017135492
110017135517
110017135544
110017135553
110017135562
110017135606
110017135633
110017135642
110017135651
110017135688
110017135713
110017135740
110017135759
110017135768
110017135786
110017135795
110017135937
110017135964
110017135982
110017136044
110017136053
110017136062
110017136099
110017136115
110017136124
110017136133
110017136142
110017136151
110017136160
110017136188
110017136213
110017136231
110017136277
110017136295
110017136357
110017136375
110017136384
110017136437
110017136534
110017136641
110017136650
110017136669
110017136758
110017136767
110017136810
110017136829
110017136856
110017136954
110017136963
110017136981
110017137007
110017137098
110017137132
110017137196
110017137294
110017137347
110017137392
110017137472
110017137524
110017137533
110017137542
110017137551
110017137613
110017137631
110017137668
110017137677
110017137926
110017137953
110017137980
110017137999
110017138006
110017138015
110017138024
110017138033
110017138042
110017138051
110017138168
110017138364
110017138444
110017138499
110017138532
110017138612
110017138658
110017138667
110017138676
110017138701
110017138710
110017138774
110017138783
110017138792
110017138809
110017138827
110017138836
110017138845
110017138854
110017138863
110017138872
110017138881
110017138890
110017138998
110017139023
110017139050
110017139087
110017139096
110017139103
110017139112
110017139167
110017139176
110017139185
110017139256
110017139274
110017139283
110017139292
110017139309
110017139318
110017139327
110017139336
110017139345
110017139354
110017139363
110017139372
110017139381
110017139390
110017139407
110017139425
110017139434
110017139443
110017139470
110017139489
110017139498
110017139540
110017139586
110017139595
110017139657
110017139666
110017139675
110017139684
110017139700
110017139746
110017139808
110017139853
110017139871
110017139880
110017139951
110017139960
110017139988
110017139997
110017140011
110017140039
110017140048
110017140137
110017140217
110017140271
110017140299
110017140315
110017140333
110017140351
110017140431
110017140440
110017140459
110017140477
110017140486
110017140501
110017140510
110017140529
110017140538
110017140547
110017140574
110017140690
110017140716
110017140734
110017140743
110017140752
110017140761
110017140770
110017140789
110017140798
110017140841
110017140887
110017140921
110017140930
110017140976
110017140994
110017141001
110017141010
110017141065
110017141074
110017141118
110017141127
110017141172
110017141207
110017141216
110017141225
110017141234
110017141252
110017141298
110017141369
110017141396
110017141412
110017141494
110017141519
110017141617
110017141635
110017141699
110017141706
110017141715
110017141779
110017141788
110017141804
110017141813
110017141822
110017141859
110017141895
110017142144
110017142180
110017142206
110017142331
110017142340
110017142359
110017142395
110017142411
110017142420
110017142475
110017142493
110017142509
110017142536
110017142554
110017142581
110017142607
110017142625
110017142643
110017142705
110017142714
110017142741
110017142812
110017142821
110017142830
110017142876
110017142992
110017143009
110017143045
110017143081
110017143296
110017143303
110017143312
110017143330
110017143376
110017143385
110017143394
110017143483
110017143517
110017143526
110017143599
110017143615
110017143991
110017144151
110017144160
110017144231
110017144277
110017144393
110017144712
110017144730
110017144810
110017144829
110017144954
110017144963
110017144981
110017145070
110017145098
110017145132
110017145230
110017145258
110017145338
110017145365
110017145392
110017145409
110017145472
110017145506
110017145524
110017145551
110017145560
110017145588
110017145597
110017145622
110017145631
110017145695
110017145711
110017145720
110017145757
110017145766
110017145775
110017145784
110017145828
110017145846
110017145855
110017145873
110017145908
110017145935
110017145962
110017145999
110017146006
110017146051
110017146060
110017146088
110017146097
110017146113
110017146131
110017146168
110017146177
110017146186
110017146248
110017146275
110017146284
110017146293
110017146319
110017146328
110017146346
110017146355
110017146453
110017146462
110017146480
110017146499
110017146505
110017146514
110017146541
110017146603
110017146612
110017146649
110017146676
110017146701
110017146710
110017146729
110017146738
110017146747
110017146970
110017147229
110017147247
110017147274
110017147292
110017147345
110017147470
110017147513
110017147559
110017147620
110017147639
110017147648
110017147666
110017147675
110017147684
110017147700
110017147737
110017147880
110017147924
110017147951
110017147997
110017148013
110017148031
110017148068
110017148255
110017148273
110017148291
110017148308
110017148344
110017148353
110017148399
110017148415
110017148512
110017148521
110017148558
110017148585
110017148594
110017148601
110017148610
110017148629
110017148647
110017148656
110017148674
110017148683
110017148709
110017148718
110017148736
110017148745
110017148754
110017148816
110017148843
110017148861
110017148870
110017148898
110017148941
110017148950
110017149003
110017149049
110017149129
110017149218
110017149236
110017149245
110017149263
110017149290
110017149307
110017149334
110017149343
110017149352
110017149370
110017149389
110017149398
110017149405
110017149423
110017149441
110017149450
110017149469
110017149478
110017149487
110017149496
110017149502
110017149548
110017149557
110017149584
110017149619
110017149628
110017149637
110017149646
110017149655
110017149664
110017149673
110017149682
110017149691
110017149717
110017149726
110017149735
110017149824
110017149833
110017149842
110017149851
110017149913
110017149922
110017149940
110017149995
110017150009
110017150214
110017150269
110017150296
110017150303
110017150312
110017150321
110017150349
110017150376
110017150438
110017150526
110017150544
110017150599
110017150606
110017150642
110017150704
110017150713
110017150731
110017150786
110017150802
110017150839
110017150857
110017150900
110017150937
110017150946
110017150964
110017150991
110017151008
110017151017
110017151044
110017151062
110017151142
110017151151
110017151179
110017151259
110017151277
110017151286
110017151295
110017151302
110017151320
110017151348
110017151375
110017151393
