110017151400
110017151419
110017151516
110017151614
110017151623
110017151650
110017151678
110017151776
110017151785
110017151794
110017151801
110017151810
110017151829
110017151838
110017151856
110017151874
110017151883
110017151892
110017151909
110017151918
110017151936
110017151954
110017151972
110017151981
110017152034
110017152043
110017152052
110017152105
110017152114
110017152169
110017152178
110017152187
110017152196
110017152203
110017152221
110017152249
110017152258
110017152285
110017152294
110017152392
110017152409
110017152418
110017152427
110017152445
110017152454
110017152463
110017152472
110017152481
110017152490
110017152542
110017152597
110017152640
110017152659
110017152677
110017152695
110017152702
110017152711
110017152720
110017152739
110017152748
110017152757
110017152766
110017152775
110017152800
110017152819
110017152828
110017152837
110017152846
110017152855
110017152935
110017152944
110017152953
110017152962
110017152971
110017152980
110017152999
110017153015
110017153024
110017153033
110017153060
110017153097
110017153131
110017153159
110017153168
110017153177
110017153186
110017153195
110017153202
110017153220
110017153239
110017153248
110017153257
110017153266
110017153275
110017153284
110017153293
110017153300
110017153328
110017153337
110017153346
110017153355
110017153364
110017153373
110017153382
110017153391
110017153417
110017153435
110017153453
110017153480
110017153505
110017153523
110017153541
110017153550
110017153569
110017153578
110017153587
110017153596
110017153603
110017153612
110017153649
110017153658
110017153667
110017153694
110017153701
110017153710
110017153747
110017153756
110017153765
110017153774
110017153783
110017153792
110017153809
110017153827
110017153836
110017153845
110017153863
110017153872
110017153925
110017153934
110017153943
110017153952
110017153961
110017154014
110017154023
110017154032
110017154096
110017154112
110017154149
110017154176
110017154229
110017154292
110017154318
110017154327
110017154372
110017154390
110017154434
110017154443
110017154452
110017154461
110017154470
110017154522
110017154577
110017154586
110017154611
110017154657
110017154666
110017154826
110017154835
110017154853
110017154951
110017154988
110017154997
110017155059
110017155086
110017155282
110017155291
110017155344
110017155415
110017155424
110017155479
110017155488
110017155497
110017155521
110017155629
110017155665
110017155709
110017155727
110017155754
110017155763
110017155790
110017155816
110017155861
110017155870
110017155889
110017155898
110017155905
110017155923
110017155941
110017155950
110017155969
110017155978
110017155987
110017155996
110017156058
110017156067
110017156085
110017156101
110017156110
110017156156
110017156165
110017156174
110017156218
110017156227
110017156325
110017156334
110017156370
110017156405
110017156423
110017156441
110017156557
110017156566
110017156575
110017156619
110017156646
110017156888
110017156897
110017156904
110017156913
110017157039
110017157075
110017157084
110017157173
110017157191
110017157253
110017157262
110017157271
110017157404
110017157413
110017157468
110017157486
110017157495
110017157556
110017157609
110017157618
110017157690
110017157707
110017157725
110017157761
110017157770
110017157789
110017157798
110017157814
110017157823
110017157832
110017157841
110017157869
110017157878
110017157887
110017157930
110017157949
110017157958
110017157985
110017157994
110017158001
110017158010
110017158029
110017158038
110017158047
110017158056
110017158065
110017158083
110017158092
110017158109
110017158118
110017158127
110017158136
110017158190
110017158207
110017158225
110017158298
110017158305
110017158314
110017158323
110017158369
110017158378
110017158458
110017158519
110017158546
110017158555
110017158564
110017158591
110017158608
110017158626
110017158635
110017158644
110017158653
110017158662
110017158680
110017158699
110017158706
110017158760
110017158788
110017158797
110017158804
110017158877
110017158886
110017158902
110017158911
110017158920
110017158939
110017158948
110017158957
110017158966
110017158975
110017158984
110017159000
110017159019
110017159028
110017159037
110017159064
110017159153
110017159162
110017159199
110017159224
110017159242
110017159251
110017159260
110017159279
110017159297
110017159411
110017159420
110017159439
110017159448
110017159457
110017159466
110017159475
110017159518
110017159545
110017159554
110017159607
110017159643
110017159652
110017159661
110017159689
110017159698
110017159769
110017159821
110017159830
110017159885
110017159929
110017159938
110017159983
110017159992
110017160007
110017160089
110017160098
110017160203
110017160212
110017160276
110017160285
110017160294
110017160301
110017160310
110017160329
110017160418
110017160436
110017160445
110017160481
110017160551
110017160560
110017160579
110017160613
110017160631
110017160640
110017160668
110017160677
110017160686
110017160702
110017160711
110017160720
110017160739
110017160748
110017160800
110017160828
110017160864
110017160908
110017160917
110017160953
110017161097
110017161122
110017161131
110017161140
110017161159
110017161168
110017161284
110017161293
110017161319
110017161328
110017161346
110017161373
110017161391
110017161444
110017161499
110017161532
110017161596
110017161612
110017161649
110017161694
110017161818
110017161827
110017161845
110017162005
110017162014
110017162087
110017162096
110017162103
110017162167
110017162238
110017162318
110017162345
110017162381
110017162390
110017162443
110017162452
110017162461
110017162504
110017162586
110017162595
110017162657
110017162719
110017162791
110017162835
110017162853
110017163086
110017163120
110017163139
110017163148
110017163157
110017163166
110017163184
110017163193
110017163200
110017163219
110017163228
110017163237
110017163246
110017163291
110017163308
110017163380
110017163415
110017163424
110017163442
110017163451
110017163460
110017163479
110017163594
110017163601
110017163610
110017163656
110017163665
110017163674
110017163683
110017163692
110017163709
110017163852
110017163861
110017163905
110017163914
110017163941
110017163969
110017163996
110017164003
110017164021
110017164030
110017164049
110017164058
110017164085
110017164094
110017164156
110017164174
110017164183
110017164209
110017164218
110017164227
110017164236
110017164245
110017164254
110017164272
110017164281
110017164343
110017164414
110017164469
110017164496
110017164557
110017164566
110017164673
110017164682
110017164708
110017164717
110017164744
110017164780
110017164888
110017164897
110017164922
110017164959
110017164968
110017164986
110017164995
110017165002
110017165039
110017165048
110017165075
110017165084
110017165093
110017165100
110017165226
110017165235
110017165271
110017165315
110017165324
110017165342
110017165351
110017165360
110017165379
110017165388
110017165422
110017165431
110017165440
110017165459
110017165468
110017165477
110017165495
110017165501
110017165529
110017165574
110017165583
110017165627
110017165636
110017165672
110017165681
110017165707
110017165761
110017165770
110017165850
110017165878
110017165912
110017165921
110017165930
110017165949
110017165958
110017165967
110017165976
110017165985
110017165994
110017166010
110017166029
110017166038
110017166047
110017166056
110017166065
110017166118
110017166145
110017166172
110017166216
110017166261
110017166270
110017166289
110017166298
110017166350
110017166387
110017166396
110017166403
110017166412
110017166421
110017166449
110017166500
110017166555
110017166564
110017166573
110017166608
110017166653
110017166715
110017166724
110017166742
110017166797
110017166804
110017166840
110017166895
110017166939
110017166948
110017166957
110017167028
110017167055
110017167073
110017167117
110017167126
110017167162
110017167180
110017167288
110017167297
110017167304
110017167331
110017167466
110017167475
110017167484
110017167509
110017167554
110017167572
110017167625
110017167705
110017167714
110017167769
110017167778
110017167787
110017167796
110017167821
110017167867
110017167929
110017168063
110017168116
110017168214
110017168303
110017168312
110017168330
110017168429
110017168447
110017168483
110017168508
110017168517
110017168544
110017168553
110017168615
110017168713
110017168740
110017168839
110017168875
110017168937
110017168955
110017169035
110017169044
110017169115
110017169124
110017169142
110017169231
110017169240
110017169357
110017169375
110017169428
110017169598
110017169632
110017169641
110017169730
110017169776
110017169785
110017169810
110017169847
110017169856
110017169972
110017169981
110017170087
110017170096
110017170149
110017170167
110017170274
110017170372
110017170381
110017170390
110017170434
110017170452
110017170489
110017170522
110017170531
110017170559
110017170648
110017170657
110017170666
110017170675
110017170719
110017170728
110017170737
110017170899
110017170915
110017170933
110017171255
110017171264
110017171380
110017171415
110017171460
110017171479
110017171488
110017171497
110017171503
110017171512
110017171521
110017171727
110017171736
110017171745
110017171754
110017171772
110017171781
110017171790
110017171807
110017171816
110017171825
110017171870
110017171889
110017171898
110017171905
110017171914
110017171923
110017171932
110017171941
110017171950
110017171969
110017172012
110017172021
110017172049
110017172058
110017172076
110017172094
110017172101
110017172110
110017172129
110017172138
110017172147
110017172156
110017172165
110017172174
110017172183
110017172209
110017172227
110017172236
110017172245
110017172263
110017172272
110017172343
110017172352
110017172361
110017172370
110017172389
110017172398
110017172405
110017172432
110017172441
110017172450
110017172469
110017172478
110017172487
110017172496
110017172520
110017172548
110017172575
110017172593
110017172600
110017172619
110017172628
110017172637
110017172646
110017172655
110017172691
110017172708
110017172717
110017172726
110017172735
110017172753
110017172762
110017172771
110017172780
110017172799
110017172806
110017172815
110017172824
110017172833
110017172842
110017172851
110017172860
110017172879
110017172897
110017172904
110017172922
110017172931
110017172940
110017172959
110017172968
110017172977
110017173011
110017173020
110017173039
110017173093
110017173100
110017173119
110017173146
110017173173
110017173226
110017173235
110017173244
110017173262
110017173397
110017173654
110017173672
110017173832
110017173869
110017173887
110017173903
110017173921
110017173930
110017173976
110017173985
110017174038
110017174056
110017174065
110017174074
110017174118
110017174127
110017174145
110017174154
110017174172
110017174305
110017174341
110017174350
110017174369
110017174378
110017174387
110017174396
110017174421
110017174546
110017174555
110017174582
110017174591
110017174626
110017174662
110017174671
110017174733
110017174751
110017174760
110017174797
110017174804
110017174877
110017174895
110017174939
110017174984
110017175091
110017175206
110017175233
110017175251
110017175260
110017175297
110017175322
110017175331
110017175340
110017175359
110017175509
110017175518
110017175545
110017175563
110017175723
110017175812
110017175894
110017176205
110017176214
110017176241
110017176287
110017176456
110017176571
110017176633
110017176679
110017176688
110017176722
110017176740
110017176768
110017176777
110017176820
110017176857
110017176919
110017176973
110017177017
110017177026
110017177035
110017177044
110017177062
110017177080
110017177115
110017177124
110017177133
110017177142
110017177179
110017177188
110017177204
110017177259
110017177339
110017177348
110017177384
110017177393
110017177400
110017177455
110017177482
110017177516
110017177561
110017177570
110017177598
110017177632
110017177641
110017177650
110017177794
110017177856
110017177990
110017178034
110017178061
110017178169
110017178178
110017178203
110017178249
110017178258
110017178276
110017178285
110017178374
110017178748
110017178837
110017178846
110017179006
110017179015
110017179319
110017179426
110017179435
110017179471
110017179505
110017179523
110017179550
110017179569
110017179612
110017179676
110017179729
110017179747
110017179774
110017179783
110017179792
110017179863
110017179872
110017179916
110017179925
110017179934
110017179952
110017180067
110017180076
110017180085
110017180094
110017180101
110017180110
110017180129
110017180138
110017180147
110017180156
110017180183
110017180209
110017180218
110017180227
110017180254
110017180316
110017180325
110017180334
110017180343
110017180361
110017180469
110017180502
110017180593
110017180600
110017180637
110017180664
110017180673
110017180691
110017180708
110017180726
110017180735
110017180799
110017180806
110017180815
110017180888
110017180922
110017180931
110017180940
110017180968
110017180986
110017181048
110017181057
110017181066
110017181075
110017181093
110017181137
110017181182
110017181191
110017181226
110017181244
110017181271
110017181306
110017181324
110017181342
110017181422
110017181440
110017181459
110017181468
