110017181477
110017181486
110017181495
110017181501
110017181510
110017181529
110017181538
110017181565
110017181574
110017181627
110017181645
110017181725
110017181752
110017181761
110017181770
110017181814
110017181841
110017181850
110017181887
110017181896
110017181903
110017181958
110017182010
110017182038
110017182065
110017182074
110017182083
110017182092
110017182118
110017182136
110017182145
110017182154
110017182172
110017182190
110017182216
110017182225
110017182243
110017182261
110017182305
110017182323
110017182332
110017182341
110017182378
110017182458
110017182467
110017182476
110017182485
110017182635
110017182644
110017182653
110017182680
110017182724
110017182733
110017182751
110017182760
110017182779
110017182788
110017182797
110017182822
110017182831
110017182840
110017182886
110017182902
110017182911
110017182939
110017182948
110017183000
110017183046
110017183304
110017183313
110017183439
110017183518
110017183572
110017183581
110017183616
110017183625
110017183652
110017183661
110017183670
110017183689
110017183723
110017183732
110017183741
110017183778
110017183787
110017183796
110017183901
110017184018
110017184054
110017184107
110017184143
110017184312
110017184321
110017184330
110017184349
110017184358
110017184367
110017184376
110017184385
110017184465
110017184526
110017184615
110017184642
110017184651
110017184660
110017184679
110017184704
110017184786
110017184795
110017184802
110017184811
110017184839
110017184848
110017184875
110017184893
110017184900
110017184973
110017184982
110017184991
110017185053
110017185080
110017185151
110017185179
110017185188
110017185197
110017185213
110017185231
110017185240
110017185259
110017185268
110017185277
110017185286
110017185295
110017185302
110017185311
110017185320
110017185384
110017185437
110017185446
110017185632
110017185650
110017185767
110017185918
110017185936
110017185945
110017185954
110017185963
110017185972
110017185981
110017185990
110017186007
110017186016
110017186025
110017186043
110017186052
110017186070
110017186114
110017186150
110017186169
110017186178
110017186187
110017186196
110017186203
110017186212
110017186221
110017186230
110017186249
110017186258
110017186267
110017186294
110017186310
110017186329
110017186347
110017186356
110017186392
110017186445
110017186454
110017186463
110017186472
110017186481
110017186490
110017186604
110017186613
110017186622
110017186631
110017186640
110017186659
110017186668
110017186686
110017186695
110017186800
110017186819
110017186846
110017186855
110017186864
110017186908
110017186917
110017186926
110017186935
110017186944
110017187006
110017187015
110017187024
110017187051
110017187060
110017187088
110017187104
110017187113
110017187122
110017187131
110017187159
110017187168
110017187177
110017187186
110017187220
110017187239
110017187248
110017187300
110017187319
110017187328
110017187337
110017187346
110017187355
110017187364
110017187373
110017187382
110017187391
110017187408
110017187417
110017187435
110017187444
110017187453
110017187471
110017187480
110017187499
110017187505
110017187578
110017187587
110017187596
110017187603
110017187612
110017187621
110017187630
110017187667
110017187676
110017187685
110017187694
110017187756
110017187818
110017187827
110017187836
110017187845
110017187854
110017187863
110017187872
110017187890
110017187907
110017187916
110017187925
110017187934
110017187943
110017187952
110017187961
110017187970
110017187989
110017187998
110017188005
110017188014
110017188158
110017188167
110017188185
110017188201
110017188210
110017188229
110017188238
110017188247
110017188265
110017188274
110017188283
110017188292
110017188309
110017188318
110017188327
110017188336
110017188345
110017188363
110017188416
110017188489
110017188498
110017188504
110017188513
110017188540
110017188559
110017188568
110017188577
110017188586
110017188595
110017188602
110017188611
110017188639
110017188648
110017188657
110017188693
110017188746
110017188755
110017188764
110017188773
110017188782
110017188791
110017188808
110017188817
110017188844
110017188853
110017188862
110017188871
110017188880
110017188899
110017188906
110017188915
110017188924
110017188951
110017188960
110017188979
110017188997
110017189004
110017189022
110017189031
110017189068
110017189077
110017189086
110017189095
110017189102
110017189111
110017189148
110017189166
110017189175
110017189184
110017189193
110017189200
110017189219
110017189237
110017189246
110017189255
110017189282
110017189308
110017189317
110017189326
110017189335
110017189344
110017189353
110017189362
110017189371
110017189380
110017189406
110017189415
110017189424
110017189433
110017189451
110017189488
110017189601
110017189610
110017189638
110017189674
110017189683
110017189736
110017189745
110017189754
110017189763
110017189772
110017189781
110017189790
110017189807
110017189825
110017189852
110017189861
110017189870
110017189898
110017189905
110017189978
110017189987
110017189996
110017190056
110017190145
110017190154
110017190163
110017190172
110017190181
110017190190
110017190216
110017190270
110017190289
110017190323
110017190350
110017190369
110017190378
110017190387
110017190403
110017190412
110017190494
110017190519
110017190528
110017190537
110017190546
110017190555
110017190573
110017190582
110017190591
110017190635
110017190644
110017190671
110017190680
110017190724
110017190742
110017190751
110017190760
110017190797
110017190804
110017190813
110017190831
110017190895
110017190966
110017191000
110017191064
110017191073
110017191144
110017191153
110017191162
110017191180
110017191242
110017191288
110017191297
110017191322
110017191331
110017191395
110017191402
110017191439
110017191484
110017191493
110017191581
110017191607
110017191616
110017191652
110017191689
110017191705
110017191723
110017191796
110017191803
110017191849
110017191867
110017191910
110017191947
110017191974
110017192009
110017192027
110017192036
110017192045
110017192116
110017192134
110017192143
110017192152
110017192198
110017192205
110017192223
110017192232
110017192278
110017192312
110017192330
110017192358
110017192367
110017192429
110017192456
110017192474
110017192483
110017192571
110017192580
110017192633
110017192697
110017192731
110017192768
110017192777
110017192786
110017192795
110017192848
110017192866
110017192875
110017192884
110017192893
110017192955
110017193008
110017193044
110017193053
110017193115
110017193124
110017193277
110017193286
110017193428
110017193446
110017193455
110017193464
110017193473
110017193482
110017193516
110017193525
110017193543
110017193552
110017193561
110017193570
110017193589
110017193598
110017193605
110017193614
110017193623
110017193650
110017193678
110017193730
110017193865
110017193874
110017193883
110017193936
110017193963
110017193972
110017193981
110017193990
110017194007
110017194132
110017194169
110017194230
110017194285
110017194294
110017194472
110017194506
110017194515
110017194542
110017194551
110017194560
110017194579
110017194588
110017194597
110017194604
110017194613
110017194622
110017194631
110017194640
110017194668
110017194677
110017194686
110017194695
110017194702
110017194775
110017194784
110017194793
110017194800
110017194819
110017194828
110017194837
110017194846
110017194855
110017194864
110017194873
110017194882
110017194891
110017194908
110017194917
110017194926
110017194935
110017194944
110017194962
110017194999
110017195006
110017195015
110017195024
110017195033
110017195168
110017195186
110017195391
110017195408
110017195417
110017195444
110017195505
110017195532
110017195569
110017195774
110017195783
110017195792
110017195952
110017195961
110017195998
110017196005
110017196167
110017196185
110017196201
110017196256
110017196407
110017196416
110017196461
110017196504
110017196513
110017196540
110017196568
110017196648
110017196693
110017196719
110017196764
110017196773
110017196853
110017196880
110017196906
110017196933
110017196942
110017196951
110017196979
110017197004
110017197013
110017197059
110017197086
110017197102
110017197111
110017197120
110017197139
110017197157
110017197166
110017197175
110017197219
110017197228
110017197255
110017197282
110017197317
110017197326
110017197335
110017197371
110017197451
110017197638
110017197656
110017197683
110017197807
110017197816
110017197825
110017197834
110017197852
110017197889
110017197978
110017198165
110017198209
110017198218
110017198263
110017198361
110017198370
110017198389
110017198398
110017198432
110017198441
110017198450
110017198487
110017198496
110017198502
110017198539
110017198548
110017198557
110017198646
110017198673
110017198708
110017198799
110017198806
110017198833
110017198879
110017198888
110017198897
110017198904
110017198931
110017198940
110017198959
110017198968
110017198977
110017198995
110017199137
110017199155
110017199173
110017199191
110017199235
110017199280
110017199299
110017199315
110017199324
110017199333
110017199342
110017199360
110017199379
110017199404
110017199486
110017199495
110017199501
110017199529
110017199538
110017199547
110017199556
110017199565
110017199618
110017199627
110017199645
110017199681
110017199690
110017199707
110017199716
110017199725
110017199734
110017199743
110017199752
110017199761
110017199770
110017199789
110017199798
110017199887
110017199912
110017199967
110017199976
110017199994
110017200009
110017200063
110017200072
110017200107
110017200205
110017200232
110017200241
110017200287
110017200312
110017200349
110017200492
110017200508
110017200571
110017200599
110017200651
110017200679
110017200704
110017200713
110017200786
110017200820
110017200839
110017200848
110017200884
110017200919
110017200937
110017200946
110017200955
110017200973
110017201008
110017201017
110017201053
110017201071
110017201080
110017201106
110017201142
110017201204
110017201213
110017201259
110017201295
110017201446
110017201507
110017201525
110017201534
110017201570
110017201589
110017201598
110017201632
110017201641
110017201650
110017201669
110017201703
110017201712
110017201721
110017201730
110017201785
110017201801
110017201810
110017201847
110017201874
110017201918
110017201936
110017201990
110017202061
110017202098
110017202123
110017202132
110017202258
110017202267
110017202276
110017202310
110017202365
110017202383
110017202418
110017202436
110017202463
110017202481
110017202533
110017202604
110017202613
110017202631
110017202640
110017202720
110017202793
110017202999
110017203006
110017203042
110017203088
110017203113
110017203131
110017203140
110017203159
110017203168
110017203186
110017203195
110017203202
110017203337
110017203346
110017203355
110017203373
110017203391
110017203408
110017203435
110017203480
110017203514
110017203532
110017203596
110017203621
110017203630
110017203649
110017203658
110017203747
110017203783
110017203809
110017203845
110017203872
110017203881
110017203890
110017203925
110017203934
110017203943
110017203952
110017203961
110017203970
110017203989
110017203998
110017204005
110017204050
110017204103
110017204121
110017204158
110017204185
110017204210
110017204292
110017204318
110017204390
110017204416
110017204443
110017204452
110017204498
110017204657
110017204719
110017204764
110017204782
110017204791
110017204808
110017204817
110017204826
110017204835
110017204844
110017204899
110017204906
110017204915
110017204924
110017204942
110017204960
110017204988
110017205004
110017205022
110017205031
110017205040
110017205059
110017205068
110017205077
110017205219
110017205228
110017205237
110017205255
110017205273
110017205308
110017205317
110017205326
110017205335
110017205344
110017205353
110017205442
110017205460
110017205479
110017205488
110017205497
110017205503
110017205825
110017205834
110017205843
110017217670
110017217689
110017217698
110017217849
110017217876
110017217885
110017217894
110017217901
110017217910
110017217929
110017217938
110017217947
110017217956
110017217965
110017217974
110017217983
110017217992
110017218009
110017218018
110017218027
110017218045
110017218054
110017218063
110017218116
110017218125
110017218134
110017218143
110017218152
110017218161
110017218189
110017218198
110017218214
110017218223
110017218232
110017218241
110017218250
110017218269
110017218278
110017218287
110017218296
110017218303
110017218321
110017218330
110017218349
110017218358
110017218367
110017218376
110017218394
110017218401
110017218410
110017218429
110017218438
110017218447
110017218456
110017218465
110017218474
110017218483
110017218492
110017218508
110017218517
110017218526
110017218535
110017218544
110017218553
110017218562
110017218571
110017218580
110017218599
110017218606
110017218615
110017218624
110017218642
110017218651
110017218660
110017218679
110017218688
110017218697
110017218704
110017218713
110017218722
110017218731
110017218740
110017218759
110017218768
110017218777
110017218866
110017219062
110017219222
110017219259
110017219268
110017219473
110017219678
110017219696
110017219721
110017219749
110017219776
110017219794
110017219801
110017219810
110017219829
110017219856
