110017320889
110017320898
110017320905
110017320914
110017320932
110017320941
110017320950
110017320978
110017321003
110017321012
110017321076
110017321138
110017321147
110017321165
110017321183
110017321218
110017321263
110017321290
110017321316
110017321325
110017321343
110017321361
110017321398
110017321441
110017321450
110017321478
110017321496
110017321520
110017321539
110017321575
110017321646
110017321673
110017321691
110017321708
110017321726
110017321799
110017321806
110017321815
110017321888
110017321904
110017321913
110017321977
110017322002
110017322011
110017322020
110017322235
110017322253
110017322271
110017322280
110017322299
110017322306
110017322315
110017322324
110017322333
110017322342
110017322351
110017322360
110017322477
110017322501
110017322538
110017322583
110017322627
110017322636
110017322645
110017322654
110017322663
110017322672
110017322681
110017322690
110017322707
110017322716
110017322743
110017322752
110017322761
110017322798
110017322805
110017322814
110017322841
110017322878
110017322887
110017322912
110017322930
110017322949
110017322958
110017322976
110017323001
110017323029
110017323038
110017323047
110017323056
110017323065
110017323074
110017323109
110017323145
110017323163
110017323181
110017323207
110017323216
110017323243
110017323305
110017323314
110017323341
110017323387
110017323396
110017323403
110017323458
110017323494
110017323555
110017323564
110017323582
110017323608
110017323635
110017323644
110017323699
110017323706
110017323804
110017323813
110017323831
110017323868
110017323911
110017323920
110017323966
110017323975
110017323984
110017324028
110017324135
110017324144
110017324162
110017324180
110017324206
110017324215
110017324279
110017324340
110017324368
110017324484
110017324493
110017324625
110017324643
110017324652
110017324670
110017324723
110017324741
110017324778
110017324812
110017324876
110017324894
110017324901
110017324910
110017324929
110017324947
110017325018
110017325054
110017325063
110017325072
110017325107
110017325116
110017325214
110017325250
110017325296
110017325303
110017325312
110017325330
110017325349
110017325401
110017325410
110017325526
110017325535
110017325544
110017325553
110017325571
110017325580
110017325615
110017325633
110017325713
110017325722
110017325731
110017325759
110017325768
110017325795
110017325820
110017325893
110017325937
110017325973
110017326008
110017326026
110017326044
110017326188
110017326204
110017326240
110017326320
110017326393
110017326400
110017326464
110017326482
110017326507
110017326570
110017326598
110017326632
110017326650
110017326687
110017326712
110017326730
110017326776
110017326785
110017326829
110017326838
110017326847
110017326856
110017326865
110017326874
110017326883
110017326909
110017326972
110017327043
110017327098
110017327203
110017327221
110017327249
110017327258
110017327329
110017327347
110017327383
110017327409
110017327515
110017327533
110017327560
110017327668
110017327677
110017327720
110017327757
110017327784
110017327828
110017327846
110017327855
110017327908
110017327917
110017328079
110017328097
110017328122
110017328131
110017328159
110017328168
110017328177
110017328195
110017328220
110017328239
110017328284
110017328293
110017328328
110017328355
110017328391
110017328426
110017328453
110017328499
110017328505
110017328532
110017328541
110017328603
110017328612
110017328621
110017328676
110017328685
110017328701
110017328729
110017328774
110017328792
110017328809
110017328827
110017328845
110017328854
110017328925
110017328952
110017328961
110017329014
110017329023
110017329112
110017329130
110017329167
110017329176
110017329185
110017329283
110017329363
110017329372
110017329407
110017329416
110017329434
110017329489
110017329504
110017329540
110017329639
110017329657
110017329666
110017329675
110017329684
110017329693
110017329700
110017329719
110017329755
110017329773
110017329782
110017329791
110017329835
110017329844
110017329853
110017329862
110017329871
110017329880
110017329899
110017329906
110017329915
110017329933
110017329942
110017329960
110017330011
110017330020
110017330039
110017330048
110017330066
110017330075
110017330084
110017330100
110017330119
110017330128
110017330235
110017330244
110017330253
110017330280
110017330299
110017330333
110017330351
110017330360
110017330379
110017330388
110017330397
110017330413
110017330486
110017330501
110017330510
110017330529
110017330538
110017330547
110017330556
110017330618
110017330627
110017330636
110017330645
110017330663
110017330672
110017330681
110017330690
110017330707
110017330716
110017330725
110017330734
110017330743
110017330823
110017330832
110017330903
110017330958
110017330976
110017330985
110017331001
110017331056
110017331065
110017331074
110017331083
110017331092
110017331136
110017331145
110017331163
110017331172
110017331207
110017331216
110017331225
110017331234
110017331243
110017331289
110017331341
110017331350
110017331369
110017331378
110017331387
110017331396
110017331403
110017331412
110017331421
110017331430
110017331449
110017331458
110017331467
110017331476
110017331485
110017331494
110017331500
110017331519
110017331528
110017331537
110017331546
110017331608
110017331626
110017331644
110017331653
110017331662
110017331671
110017331680
110017331699
110017331706
110017331715
110017331733
110017331742
110017331751
110017331760
110017331779
110017331797
110017331868
110017331895
110017331957
110017331993
110017332019
110017332073
110017332117
110017332126
110017332135
110017332144
110017332162
110017332171
110017332180
110017332199
110017332215
110017332224
110017332233
110017332251
110017332260
110017332279
110017332288
110017332297
110017332313
110017332322
110017332331
110017332377
110017332420
110017332439
110017332448
110017332466
110017332493
110017332509
110017332518
110017332536
110017332545
110017332563
110017332572
110017332581
110017332590
110017332643
110017332723
110017332732
110017332741
110017332750
110017332812
110017332821
110017332830
110017332867
110017332894
110017332901
110017332965
110017332992
110017333009
110017333027
110017333036
110017333090
110017333107
110017333125
110017333143
110017333152
110017333198
110017333223
110017333269
110017333278
110017333287
110017333303
110017333312
110017333330
110017333349
110017333385
110017333401
110017333410
110017333429
110017333438
110017333447
110017333456
110017333474
110017333492
110017333517
110017333535
110017333544
110017333562
110017333599
110017333606
110017333615
110017333624
110017333633
110017333642
110017333651
110017333660
110017333679
110017333688
110017333697
110017333704
110017333713
110017333722
110017333740
110017333759
110017333768
110017333777
110017333802
110017333820
110017333848
110017333857
110017333866
110017333875
110017333884
110017333893
110017333900
110017333928
110017333937
110017333955
110017333964
110017333982
110017333991
110017334008
110017334017
110017334026
110017334035
110017334053
110017334062
110017334071
110017334080
110017334099
110017334106
110017334115
110017334124
110017334142
110017334160
110017334179
110017334188
110017334197
110017334204
110017334213
110017334240
110017334259
110017334339
110017334348
110017334375
110017334384
110017334393
110017334419
110017334428
110017334437
110017334464
110017334507
110017334516
110017334525
110017334534
110017334570
110017334598
110017334614
110017334623
110017334641
110017334650
110017334669
110017334678
110017334838
110017334874
110017334892
110017334927
110017335016
110017335034
110017335061
110017335089
110017335105
110017335114
110017335123
110017335132
110017335141
110017335196
110017335221
110017335249
110017335276
110017335409
110017335418
110017335427
110017335436
110017335490
110017335506
110017335613
110017335971
110017335980
110017335999
110017343757
110017344462
110017344541
110017344578
110017344587
110017344612
110017344621
110017344747
110017344863
110017346219
110017346228
110017346567
110017346576
110017346585
110017346763
110017346852
110017346861
110017346870
110017346898
110017346996
110017347085
110017347094
110017347110
110017347129
110017347138
110017347272
110017347860
110017347897
110017347904
110017347968
110017348066
110017348084
110017348137
110017349680
110017349975
110017350141
110017350276
110017350392
110017350837
110017351346
110017351532
110017351587
110017354833
110017360210
110017360611
110017360951
110017361095
110017361148
110017361193
110017361200
110017361228
110017361246
110017361264
110017361488
110017362209
110017365171
110017365536
110017365812
110017366063
110017368310
110017369015
110017369024
110017369051
110017369211
110017369220
110017369239
110017369275
110017369293
110017369319
110017369328
110017369364
110017369373
110017369382
110017369391
110017369417
110017369435
110017369444
110017369462
110017369480
110017369499
110017369505
110017369514
110017369523
110017369541
110017369550
110017369630
110017369649
110017369667
110017369685
110017369701
110017369747
110017369774
110017369783
110017369792
110017369845
110017369872
110017369881
110017369907
110017369916
110017369952
110017369961
110017369970
110017369998
110017370030
110017370049
110017370058
110017370101
110017370129
110017370156
110017370361
110017370511
110017370520
110017370600
110017370637
110017370664
110017370682
110017370691
110017370708
110017370726
110017370735
110017370780
110017370860
110017370879
110017370888
110017370959
110017371119
110017371262
110017371315
110017371379
110017371501
110017371565
110017371725
110017371823
110017371930
110017371976
110017372038
110017372083
110017372163
110017372216
110017372298
110017372369
110017372403
110017372485
110017372528
110017372617
110017372653
110017372706
110017372797
110017372822
110017372868
110017372966
110017373019
110017373055
110017373082
110017373153
110017373304
110017373439
110017373625
110017373849
110017373894
110017373956
110017373992
110017374027
110017374090
110017374198
110017374278
110017374303
110017374508
110017374544
110017374651
110017374759
110017374795
110017374884
110017374955
110017375348
110017375473
110017375561
110017375801
110017375856
110017376070
110017376132
110017376141
110017376203
110017376212
110017376230
110017376267
110017376294
110017376310
110017376347
110017376365
110017376374
110017376392
110017376418
110017376436
110017376445
110017376463
110017376490
110017376506
110017376515
110017376533
110017376597
110017376695
110017376766
110017376793
110017376882
110017377364
110017377382
110017377408
110017377587
110017377596
110017377630
110017377738
110017377961
110017378050
110017378078
110017378087
110017378112
110017378176
110017378194
110017378229
110017378309
110017378372
110017378407
110017378443
110017378461
110017378568
110017378719
110017378746
110017378862
110017378979
110017379004
110017379040
110017379237
110017379255
110017379282
110017379362
110017379380
110017379503
110017379549
110017379692
110017379825
110017379834
110017379852
110017382018
110017382027
110017382651
110017382713
110017382759
110017382768
110017382786
110017383222
110017383231
110017383302
110017384025
110017384052
110017384150
110017384178
110017384258
110017384267
110017384800
110017385202
110017385248
110017385462
110017385649
110017385836
110017385845
110017385854
110017385925
110017387059
110017393266
110017395086
110017395246
110017395255
110017395834
110017396316
110017396432
110017397663
110017398555
110017398751
110017398779
110017399260
110017399849
110017401186
110017401337
110017401694
110017401854
110017401961
110017402746
110017403371
110017404325
110017404780
110017405618
110017406760
110017407046
110017407144
110017407493
110017407723
110017408296
110017408679
110017408697
110017408768
110017408928
110017409197
110017409393
110017409669
110017410014
110017410443
110017410657
110017410791
110017410817
110017410835
110017411059
110017411264
110017411567
110017411638
110017411665
110017411718
110017411763
110017412101
110017412968
110017413075
110017413084
110017413217
110017413226
110017413431
110017413636
110017413734
110017413869
110017414243
110017414582
110017414591
110017414706
110017414715
110017414733
110017414840
110017414859
110017414895
110017414895
110017414920
110017414920
110017415698
110017415723
110017415796
110017415901
110017415901
110017416072
110017416232
110017416456
110017416517
110017416599
110017416606
110017416759
110017417598
110017417721
110017417767
110017417909
110017418007
110017418043
110017418203
110017418338
110017418356
110017419499
110017419854
110017419943
110017420067
110017420520
110017421075
110017421324
110017421342
110017421440
110017423046
110017423830
110017424553
110017425437
110017425455
110017425785
110017426524
110017427694
110017428112
110017428773
110017429512
110017429567
110017430047
110017430289
110017430305
110017430859
110017431108
110017431126
110017431215
110017431224
110017432063
110017432811
110017433375
110017433393
110017433552
110017433758
110017433963
110017434150
110017434445
110017434472
110017435088
110017435211
