110017435649
110017436871
110017437530
110017437914
110017438762
110017439440
110017440376
110017440562
110017441687
110017442025
110017442686
110017587529
110017611645
110017613670
110017613689
110017613803
110017613830
110017613867
110017613876
110017613885
110017613894
110017613910
110017613938
110017613956
110017614018
110017614054
110017614072
110017614492
110017614535
110017614544
110017614562
110017614624
110017614731
110017614919
110017614946
110017614964
110017614973
110017615008
110017615017
110017615035
110017615062
110017615115
110017615142
110017615151
110017615160
110017615197
110017615213
110017615240
110017616551
110017616560
110017616579
110017616597
110017620314
110017620323
110017620332
110017620341
110017620369
110017620378
110017620396
110017620403
110017620412
110017620430
110017620467
110017620911
110017620939
110017620948
110017620966
110017620975
110017620984
110017621171
110017621180
110017621199
110017621206
110017621215
110017621279
110017621288
110017621304
110017621313
110017621322
110017621331
110017621340
110017621359
110017621368
110017621377
110017621386
110017621395
110017621402
110017621411
110017621420
110017621439
110017621448
110017621457
110017621466
110017621475
110017621484
110017621493
110017621518
110017621527
110017621536
110017621545
110017621563
110017621581
110017621590
110017621616
110017621625
110017621634
110017621643
110017621652
110017621661
110017621670
110017621698
110017621705
110017621714
110017621723
110017621732
110017621741
110017621750
110017621769
110017621778
110017621796
110017621803
110017621812
110017621821
110017621830
110017621849
110017621858
110017621867
110017621876
110017621885
110017621894
110017621901
110017621910
110017621929
110017621938
110017621947
110017621956
110017621965
110017621983
110017621992
110017622009
110017622018
110017622027
110017622036
110017622045
110017622054
110017622063
110017622072
110017622081
110017622090
110017622107
110017622116
110017622358
110017622367
110017622376
110017622385
110017622394
110017622401
110017622410
110017622429
110017622447
110017622456
110017622465
110017622474
110017622483
110017622492
110017622508
110017622517
110017623419
110017623428
110017623437
110017623473
110017623482
110017623491
110017623507
110017623516
110017623534
110017623543
110017623767
110017623776
110017623785
110017623794
110017623801
110017623810
110017623829
110017623838
110017624141
110017624150
110017624187
110017625220
110017625916
110017625934
110017625952
110017625961
110017625998
110017626005
110017626023
110017626032
110017626050
110017626087
110017626363
110017626988
110017626997
110017627004
110017627380
110017644272
110017646412
110017647233
110017647411
110017647475
110017647527
110017693370
110017693824
110017693860
110017693888
110017693897
110017694020
110017695074
110017695564
110017695617
110017695626
110017696661
110017696689
110017696698
110017696705
110017696732
110017696732
110017696750
110017696778
110017696787
110017696796
110017696803
110017696812
110017701236
110017701575
110017701584
110017701593
110017701646
110017701655
110017701664
110017701673
110017701682
110017701691
110017701708
110017701717
110017701744
110017701762
110017701771
110017701780
110017701806
110017701815
110017701851
110017708701
110017708710
110017708729
110017708747
110017709256
110017709274
110017709871
110017709880
110017709899
110017709915
110017709924
110017709933
110017709951
110017709960
110017709988
110017709997
110017710002
110017710020
110017710039
110017710048
110017710057
110017710066
110017710100
110017710119
110017710128
110017710137
110017710164
110017710173
110017710182
110017710191
110017710217
110017710226
110017710280
110017710299
110017710306
110017710324
110017710342
110017710351
110017710388
110017710404
110017710413
110017710422
110017710431
110017710440
110017710486
110017710501
110017710510
110017710529
110017710609
110017710618
110017710627
110017710672
110017710690
110017710707
110017710716
110017710725
110017710743
110017710752
110017710798
110017710805
110017710814
110017710823
110017710832
110017710841
110017711252
110017711699
110017713786
110017713875
110017713893
110017713982
110017713991
110017714026
110017714053
110017714071
110017714080
110017714099
110017714106
110017714231
110017714240
110017714277
110017714375
110017714428
110017714437
110017714455
110017714703
110017715052
110017715089
110017715141
110017715258
110017715329
110017715757
110017715775
110017715793
110017715846
110017715926
110017715971
110017716079
110017716220
110017716284
110017716300
110017716925
110017716934
110017716952
110017717023
110017717032
110017717041
110017717096
110017717229
110017717292
110017717318
110017717327
110017717336
110017717639
110017717675
110017717693
110017717737
110017717755
110017717764
110017717773
110017717808
110017717826
110017717835
110017717844
110017717853
110017717862
110017717880
110017717899
110017717906
110017717915
110017717924
110017717942
110017717979
110017717988
110017717997
110017718120
110017718148
110017718166
110017718228
110017718237
110017719307
110017719655
110017719753
110017719851
110017719897
110017720251
110017720288
110017720484
110017720493
110017720803
110017720876
110017720983
110017721045
110017721287
110017721367
110017721438
110017721447
110017721456
110017721465
110017721474
110017721483
110017721492
110017721508
110017721517
110017721526
110017721615
110017721624
110017721633
110017721642
110017721795
110017721866
110017721964
110017722026
110017722044
110017722062
110017722071
110017722099
110017722106
110017722231
110017722240
110017722641
110017722918
110017722936
110017723524
110017723551
110017723579
110017723597
110017723604
110017723613
110017723631
110017723739
110017723748
110017723757
110017723766
110017723775
110017723784
110017723793
110017723800
110017723819
110017723828
110017723837
110017723864
110017723917
110017741513
110017743156
110017743352
110017743361
110017743370
110017743389
110017743398
110017743405
110017743414
110017743423
110017743441
110017743450
110017743469
110017743478
110017743487
110017743496
110017743502
110017743511
110017743520
110017743539
110017743548
110017743557
110017743566
110017743575
110017743584
110017743593
110017743600
110017743619
110017743628
110017743637
110017743646
110017743655
110017743664
110017743673
110017743682
110017743691
110017743708
110017743717
110017743726
110017743735
110017743744
110017743753
110017743762
110017743771
110017743780
110017743799
110017743806
110017743815
110017743824
110017743833
110017743860
110017743879
110017743897
110017743904
110017743913
110017743931
110017743940
110017743959
110017743968
110017743977
110017743986
110017743995
110017744002
110017744011
110017744020
110017744039
110017744048
110017744057
110017744066
110017744075
110017744084
110017744093
110017744100
110017744119
110017744128
110017744137
110017744146
110017744155
110017744164
110017744173
110017744182
110017744191
110017744208
110017744217
110017744226
110017744244
110017744253
110017744262
110017744271
110017744280
110017744299
110017744315
110017744324
110017744333
110017744342
110017744351
110017744360
110017744379
110017744388
110017744397
110017744404
110017744413
110017744422
110017744431
110017744440
110017744468
110017744477
110017744486
110017744495
110017744501
110017744510
110017744529
110017744538
110017744547
110017744556
110017744565
110017744574
110017744583
110017744592
110017744609
110017744618
110017744627
110017744636
110017744654
110017744663
110017744672
110017744681
110017744690
110017744707
110017744725
110017744734
110017744743
110017744752
110017744761
110017744770
110017744789
110017744798
110017744805
110017744814
110017744823
110017744832
110017744841
110017744850
110017744869
110017744878
110017744887
110017744903
110017744912
110017744921
110017744930
110017744949
110017744958
110017744967
110017744976
110017744985
110017744994
110017745001
110017745010
110017745029
110017745038
110017745047
110017745056
110017745065
110017745074
110017745083
110017745092
110017745109
110017745118
110017745127
110017745136
110017745145
110017745154
110017745163
110017745172
110017745181
110017745190
110017745207
110017745225
110017745234
110017745243
110017745252
110017745261
110017745270
110017745289
110017745298
110017745305
110017745314
110017745323
110017745332
110017745341
110017745350
110017745369
110017745378
110017745387
110017745396
110017745403
110017745412
110017745421
110017745430
110017745449
110017745458
110017745467
110017745476
110017745485
110017745494
110017745500
110017745519
110017745528
110017745537
110017745546
110017745555
110017745564
110017745573
110017745591
110017745608
110017745617
110017745626
110017745635
110017745644
110017745653
110017745671
110017745680
110017745699
110017745706
110017745715
110017745724
110017745733
110017745742
110017745751
110017745760
110017745779
110017745788
110017745797
110017745804
110017745813
110017745822
110017745831
110017745840
110017745859
110017745868
110017745877
110017745886
110017745895
110017745902
110017745911
110017745920
110017745939
110017745948
110017745957
110017745966
110017745975
110017745984
110017745993
110017746000
110017746019
110017746028
110017746037
110017746046
110017746055
110017746064
110017746082
110017746091
110017746108
110017746117
110017746126
110017746135
110017746144
110017746153
110017746162
110017746171
110017746180
110017746199
110017746206
110017746215
110017746224
110017746233
110017746242
110017746251
110017746260
110017746279
110017746395
110017746475
110017746698
110017746714
110017746769
110017746778
110017746796
110017746803
110017746812
110017746830
110017746849
110017746867
110017746885
110017746910
110017746929
110017746956
110017746965
110017747009
110017747018
110017747027
110017747036
110017747045
110017747054
110017747090
110017747107
110017747116
110017747125
110017747198
110017747287
110017747296
110017747438
110017747447
110017747483
110017747492
110017747544
110017747553
110017747562
110017748348
110017748357
110017748366
110017748945
110017748972
110017749178
110017749436
110017750049
110017750753
110017750815
110017750824
110017750968
110017750977
110017751743
110017751752
110017751761
110017751798
110017751887
110017753484
110017753493
110017753509
110017753518
110017753527
110017753965
110017754278
110017754287
110017754358
110017754367
110017754376
110017754401
110017755053
110017755062
110017755106
110017759754
110017759763
110017760172
110017760190
110017760207
110017760252
110017760270
110017760289
110017760298
110017760341
110017760350
110017760403
110017760421
110017760430
110017760458
110017760476
110017760485
110017760494
110017760519
110017760984
110017761028
110017761046
110017761144
110017761876
110017761894
110017761956
110017762018
110017762036
110017762090
110017762107
110017763990
110017764016
110017764203
110017764212
110017764347
110017764356
110017764524
110017764533
110017764542
110017764551
110017764828
110017765514
110017765658
110017765667
110017765685
110017765694
110017765701
110017766513
110017766531
110017766657
110017766782
110017769958
110017769994
110017770143
110017770786
110017771295
110017771829
110017772855
110017773079
110017773104
110017773113
110017773122
110017773140
110017773159
110017773168
110017773248
110017773257
110017773284
110017773300
110017773319
110017773328
110017773355
110017773373
110017773417
110017773426
110017773435
110017773453
110017774951
110017774979
110017774997
110017775013
110017775031
110017775308
110017775326
110017775371
110017775727
110017775745
110017775772
110017775905
110017776058
110017776067
110017776076
110017776101
110017776138
110017776218
110017776236
110017776245
110017776254
110017776272
110017776307
110017776325
110017776414
110017776584
110017777609
110017777618
110017777636
110017778957
110017778975
110017778984
110017778993
110017779000
110017779778
110017780132
110017780141
110017780150
110017780178
110017780187
110017780203
110017780212
110017780230
110017780249
110017780258
110017781113
110017781122
110017781131
110017781140
110017781168
110017781177
110017781195
110017781202
110017781211
110017781220
110017781239
110017781257
110017781266
110017781284
110017781569
110017781578
110017781701
110017781765
110017781925
110017782103
110017783255
110017783273
110017783282
110017783291
110017783308
110017783683
110017785495
110017787144
110017836966
110017837000
110017837064
110017837091
110017837475
110017837509
110017837518
110017837527
110017837554
110017837572
110017837625
110017837634
110017837652
110017837670
110017837705
110017837732
110017837741
110017837803
110017837858
110017838161
110017838269
110017838296
110017838401
110017838606
110017838615
110017838679
110017839071
110017839115
110017839277
110017839286
110017839311
110017839320
110017839525
110017839614
110017839678
110017840443
110017840452
110017840461
110017840498
110017841914
110017842165
110017842735
110017842842
110017842851
110017843547
110017843841
110017843869
