110017843887
110017843930
110017843949
110017843958
110017843985
110017844001
110017844010
110017844626
110017844788
110017844804
110017848515
110017848524
110017848551
110017848560
110017849097
110017849122
110017849168
110017849186
110017849195
110017852395
110017852420
110017852439
110017852448
110017852457
110017852484
110017852509
110017852769
110017852778
110017853018
110017853054
110017853063
110017853090
110017853107
110017853170
110017853189
110017853198
110017858246
110017858861
110017858870
110017858905
110017858923
110017858932
110017858941
110017858969
110017858978
110017858987
110017858996
110017859003
110017859021
110017859030
110017859049
110017859058
110017859076
110017859085
110017859147
110017859156
110017859165
110017859174
110017859227
110017859361
110017859414
110017859423
110017859502
110017859520
110017859539
110017859646
110017859655
110017859664
110017859673
110017859682
110017859691
110017859708
110017859717
110017859726
110017859735
110017859806
110017859842
110017859860
110017859879
110017859913
110017860199
110017860206
110017860215
110017860224
110017860233
110017860242
110017860251
110017860279
110017860297
110017860304
110017860331
110017860340
110017860359
110017860368
110017860377
110017860402
110017860420
110017860439
110017860457
110017860466
110017860475
110017860484
110017860509
110017860518
110017860527
110017860536
110017860554
110017860563
110017860572
110017860590
110017860616
110017860625
110017860689
110017860698
110017860705
110017860741
110017861072
110017861125
110017861161
110017861170
110017861839
110017861884
110017861919
110017862393
110017862605
110017862623
110017862641
110017862785
110017862927
110017862945
110017864541
110017864729
110017865185
110017867389
110017867423
110017867539
110017867557
110017867575
110017867584
110017867673
110017867691
110017867753
110017867771
110017868066
110017868075
110017868093
110017869350
110017869369
110017869378
110017869387
110017869396
110017869403
110017869421
110017869449
110017872186
110017872211
110017872220
110017872248
110017872417
110017873381
110017873461
110017873470
110017873489
110017873498
110017873504
110017873513
110017873522
110017873531
110017873540
110017873559
110017873568
110017873577
110017873586
110017873595
110017873602
110017873611
110017873620
110017873639
110017873648
110017873657
110017873675
110017873684
110017873693
110017873700
110017873719
110017873737
110017873746
110017873755
110017873782
110017873791
110017873808
110017873817
110017873826
110017873835
110017873844
110017873853
110017873862
110017873871
110017873880
110017873899
110017873906
110017873915
110017873924
110017873933
110017873942
110017873951
110017873960
110017873979
110017873988
110017873997
110017874004
110017874013
110017874022
110017874031
110017874040
110017874059
110017874068
110017874077
110017874086
110017874095
110017874111
110017874120
110017874157
110017874166
110017874175
110017874184
110017874193
110017874200
110017874219
110017874228
110017874237
110017874246
110017874255
110017874264
110017874273
110017874282
110017874291
110017874308
110017874326
110017874335
110017874344
110017874353
110017874362
110017874371
110017874380
110017874399
110017874406
110017874415
110017874424
110017874442
110017874451
110017874460
110017874488
110017874497
110017874503
110017874512
110017874521
110017874530
110017874549
110017874558
110017874567
110017874585
110017874594
110017874601
110017874629
110017874638
110017874647
110017874834
110017874843
110017874889
110017874941
110017875566
110017875584
110017875593
110017876565
110017876627
110017876725
110017877109
110017877127
110017877136
110017877145
110017877154
110017877163
110017877172
110017877181
110017877207
110017877216
110017877225
110017877234
110017877243
110017877252
110017877261
110017877270
110017877289
110017877298
110017877305
110017877314
110017877323
110017877332
110017877341
110017877350
110017877369
110017877378
110017877387
110017877396
110017877403
110017877421
110017877430
110017877449
110017877458
110017877467
110017877476
110017877485
110017877494
110017877500
110017877519
110017877537
110017877582
110017877859
110017877868
110017877877
110017877886
110017877895
110017877902
110017877911
110017877920
110017877939
110017877948
110017877957
110017877966
110017877984
110017877993
110017878000
110017878028
110017878037
110017878698
110017878714
110017878723
110017879134
110017879161
110017879170
110017879205
110017879214
110017879660
110017879679
110017879688
110017879697
110017879704
110017879722
110017879740
110017879848
110017879991
110017880266
110017880275
110017880319
110017880417
110017880541
110017880952
110017881032
110017883968
110017884066
110017884146
110017884155
110017884173
110017884592
110017884690
110017884716
110017885154
110017885430
110017885449
110017885458
110017885715
110017885724
110017886420
110017886439
110017886698
110017886714
110017886732
110017886796
110017886803
110017886821
110017887081
110017887090
110017887107
110017887474
110017887483
110017887508
110017887517
110017887900
110017887919
110017887973
110017888026
110017888099
110017888115
110017888133
110017888142
110017888151
110017888179
110017888188
110017888197
110017888222
110017888231
110017888259
110017888286
110017888295
110017888302
110017888730
110017888767
110017888785
110017888829
110017888945
110017888972
110017888990
110017889007
110017889702
110017889917
110017889953
110017890013
110017890335
110017912730
110017912810
110017913472
110017913926
110017919742
110017935591
110017935626
110017935635
110017935644
110017935680
110017935699
110017935706
110017935724
110017937526
110017937660
110017945358
110018515784
110018520876
110018526834
110018529751
110018536663
110018573658
110018574871
110018582540
110018607168
110018671016
110018686858
110018720106
110018733879
110018771471
110018784092
110018794214
110018799825
110018826332
110018842092
110018846668
110018847328
110018847836
110018851900
110018851928
110018852277
110018852357
110018852393
110018852446
110018852455
110018852473
110018852482
110018852623
110018852641
110018852678
110018852696
110018852712
110018852730
110018852801
110018852963
110018852972
110018852981
110018853631
110018854006
110018854015
110018854060
110018854211
110018854239
110018854257
110018854266
110018854284
110018854630
110018854747
110018854809
110018854836
110018854845
110018854854
110018854881
110018854890
110018854998
110018855014
110018855023
110018855176
110018855256
110018855452
110018855461
110018855470
110018855498
110018855595
110018855611
110018855693
110018855960
110018855979
110018856665
110018856772
110018856807
110018856852
110018856870
110018858155
110018858164
110018858173
110018858182
110018858217
110018858912
110018858921
110018858930
110018859109
110018859172
110018859181
110018859680
110018859715
110018859804
110018859822
110018859895
110018860071
110018860115
110018860268
110018860311
110018860357
110018860366
110018860516
110018860534
110018860598
110018860963
110018860972
110018861016
110018861043
110018861105
110018861132
110018861169
110018861196
110018861392
110018861427
110018861445
110018861454
110018861613
110018862220
110018862239
110018862300
110018862578
110018862621
110018862667
110018862676
110018862685
110018862694
110018862701
110018862710
110018862747
110018862765
110018862774
110018862783
110018862792
110018862818
110018862827
110018862836
110018862916
110018862925
110018862934
110018862943
110018862952
110018862961
110018862998
110018863023
110018863041
110018863050
110018863112
110018863121
110018863130
110018863149
110018863185
110018863194
110018863201
110018864193
110018864219
110018864415
110018864451
110018864479
110018864497
110018864512
110018864558
110018864656
110018864665
110018864674
110018864683
110018864692
110018864754
110018864763
110018864790
110018864807
110018864825
110018864834
110018864843
110018864852
110018864861
110018864870
110018872246
110018872317
110018872353
110018872415
110018872479
110018872497
110018872503
110018872521
110018872530
110018872567
110018872576
110018872674
110018872709
110018872718
110018872727
110018872745
110018872754
110018872772
110018872781
110018872834
110018872843
110018872870
110018872898
110018872969
110018872978
110018872987
110018872996
110018873003
110018873012
110018873049
110018873101
110018873129
110018873156
110018873165
110018873183
110018873218
110018873236
110018873290
110018873325
110018873343
110018873370
110018873414
110018873423
110018873432
110018873469
110018873478
110018873496
110018873502
110018873520
110018873548
110018873593
110018873628
110018873655
110018873673
110018873708
110018873717
110018873735
110018873744
110018873762
110018873771
110018873799
110018873806
110018873815
110018873897
110018873913
110018873931
110018873940
110018873968
110018873977
110018873995
110018874011
110018874020
110018874048
110018874066
110018874084
110018874093
110018874100
110018874128
110018874137
110018874146
110018874164
110018874182
110018874208
110018874226
110018874253
110018874299
110018874306
110018874324
110018874351
110018874360
110018874379
110018874388
110018874397
110018874404
110018874422
110018874440
110018874468
110018874501
110018874529
110018874547
110018874618
110018874627
110018874645
110018874663
110018874690
110018874707
110018874716
110018874734
110018874743
110018874770
110018874798
110018874814
110018874832
110018874841
110018874878
110018874896
110018874903
110018874912
110018874930
110018874958
110018874967
110018874985
110018875001
110018875010
110018875038
110018875065
110018875083
110018875154
110018875163
110018875172
110018875181
110018875190
110018875207
110018875216
110018875234
110018875243
110018875252
110018875261
110018875270
110018875289
110018875305
110018875314
110018875323
110018875341
110018875378
110018875396
110018875403
110018875421
110018875430
110018875449
110018875467
110018875476
110018875485
110018875494
110018875500
110018875528
110018875546
110018875564
110018875582
110018875635
110018875644
110018875653
110018875680
110018875699
110018875715
110018875724
110018875733
110018875751
110018875760
110018875779
110018875788
110018875797
110018875804
110018875813
110018875822
110018875831
110018875840
110018875868
110018875877
110018875886
110018875895
110018875902
110018875911
110018875920
110018875939
110018875966
110018875975
110018875984
110018875993
110018876019
110018876028
110018876046
110018876055
110018876064
110018876073
110018876082
110018876091
110018876117
110018876135
110018876153
110018876162
110018876171
110018876180
110018876224
110018876279
110018876297
110018876304
110018876322
110018876340
110018876359
110018876386
110018876402
110018876420
110018876439
110018876448
110018876466
110018876475
110018876509
110018876518
110018876536
110018876545
110018876563
110018876581
110018876607
110018876616
110018876643
110018876652
110018876670
110018876714
110018876723
110018876732
110018876741
110018876750
110018876769
110018876787
110018876796
110018876803
110018876885
110018876894
110018876901
110018876929
110018876938
110018876947
110018876956
110018876965
110018876974
110018876983
110018876992
110018877018
110018877027
110018877036
110018877045
110018877054
110018877063
110018877072
110018877081
110018877090
110018877107
110018877134
110018877152
110018877170
110018877189
110018877198
110018877214
110018877223
110018877250
110018877269
110018877287
110018877296
110018877312
110018877321
110018877330
110018877349
110018877358
110018877376
110018877394
110018877410
110018877438
110018877456
110018877465
110018877474
110018877483
110018877492
110018877517
110018877526
110018877535
110018877544
110018877553
110018877562
110018877571
110018877599
110018877606
110018877615
110018877633
110018877651
110018877660
110018877697
110018877713
110018877722
110018877740
110018877759
110018877768
110018877777
110018877786
110018877795
110018877811
110018877848
110018877857
110018877866
110018877884
110018877900
110018877928
110018877946
110018877964
110018877973
110018877982
110018877991
110018878008
110018878017
110018878035
110018878259
110018878311
110018878348
110018878437
110018878455
110018878491
110018878516
110018878534
110018878543
110018878552
110018878632
110018878641
110018878650
110018878721
110018878758
110018878767
110018878810
110018878829
110018878838
110018878847
110018878918
110018878981
110018878990
110018879016
110018879025
110018879052
110018879070
110018879089
110018879098
110018879105
110018879114
110018879212
110018879249
110018879258
110018879267
110018879285
110018879294
110018879301
110018879329
110018879356
110018879365
110018879383
110018879392
110018879427
110018888863
110018888872
110018888998
110018889005
110018889247
110018889256
110018889292
110018889407
110018889425
110018889461
110018889498
110018889577
110018889586
110018889728
110018889737
110018889773
110018889808
110018889906
110018890100
110018890119
110018890128
110018890235
110018890592
110018890672
110018890716
110018890734
110018890789
