110018890930
110018891038
110018891083
110018891145
110018891207
110018891234
110018891323
110018891369
110018891403
110018891476
110018891528
110018891573
110018891591
110018891626
110018891635
110018891653
110018891662
110018891724
110018891733
110018891751
110018891788
110018891822
110018891831
110018891840
110018891886
110018891902
110018891939
110018891957
110018891966
110018891984
110018892019
110018892028
110018892046
110018892108
110018892126
110018892180
110018892224
110018892233
110018892242
110018892279
110018892331
110018892359
110018892402
110018892439
110018892448
110018892475
110018892493
110018892509
110018892545
110018892554
110018892563
110018892581
110018892590
110018892643
110018892652
110018892849
110018893018
110018893027
110018893090
110018893170
110018893214
110018893223
110018893241
110018893312
110018893367
110018893376
110018893456
110018893722
110018893768
110018893839
110018893848
110018893919
110018896505
110018896943
110018897005
110018897014
110018897121
110018897158
110018897185
110018897194
110018897274
110018899566
110018899655
110018899673
110018899717
110018899744
110018899771
110018899806
110018899824
110018899833
110018899851
110018899897
110018899913
110018899931
110018899959
110018899995
110018900019
110018900064
110018900082
110018900108
110018900206
110018900233
110018900251
110018900288
110018900340
110018900698
110018900867
110018900885
110018900901
110018900983
110018901027
110018901054
110018901090
110018901116
110018901125
110018901143
110018901161
110018901189
110018901198
110018901205
110018901214
110018901232
110018901250
110018901287
110018901296
110018901349
110018901401
110018901456
110018901474
110018901508
110018901517
110018901535
110018901544
110018901562
110018901571
110018901599
110018901615
110018901660
110018901679
110018901688
110018901713
110018901722
110018901731
110018901759
110018901768
110018901786
110018901820
110018901839
110018901857
110018901866
110018901875
110018901893
110018901919
110018901928
110018901946
110018901955
110018901973
110018901982
110018901991
110018902008
110018902017
110018902035
110018902044
110018902053
110018902062
110018902071
110018902099
110018902124
110018902142
110018902179
110018902197
110018902222
110018902231
110018902259
110018902302
110018902366
110018902428
110018902482
110018902507
110018902543
110018902552
110018902589
110018902605
110018902641
110018902669
110018902687
110018902696
110018902721
110018902730
110018902758
110018902767
110018902785
110018902801
110018902810
110018902829
110018902838
110018902847
110018902856
110018902865
110018902892
110018902936
110018902945
110018902972
110018902981
110018903016
110018903052
110018903061
110018903070
110018903114
110018903150
110018903187
110018903203
110018903267
110018903276
110018903285
110018903294
110018903301
110018903310
110018903329
110018903409
110018903454
110018903463
110018903481
110018903506
110018903515
110018903533
110018903542
110018903551
110018903560
110018903579
110018903604
110018903640
110018903659
110018903668
110018903686
110018903702
110018903711
110018903720
110018903739
110018903766
110018903775
110018903784
110018903793
110018903800
110018903819
110018903828
110018903846
110018903891
110018903917
110018903935
110018903971
110018906193
110018906200
110018906781
110018906870
110018906905
110018907030
110018907076
110018908538
110018908645
110018908690
110018908725
110018908743
110018908752
110018908789
110018908798
110018908814
110018908823
110018908841
110018908869
110018908930
110018909056
110018909207
110018909243
110018910106
110018910124
110018910419
110018910561
110018910589
110018910918
110018910927
110018910936
110018910954
110018911864
110018911935
110018911962
110018913176
110018913933
110018914059
110018914068
110018914120
110018914282
110018914692
110018914709
110018914718
110018915030
110018915156
110018915487
110018915913
110018916636
110018916645
110018916716
110018916985
110018916994
110018917010
110018917029
110018917056
110018917341
110018917378
110018917537
110018917822
110018917877
110018918402
110018918457
110018918625
110018920079
110018920159
110018920916
110018920989
110018920998
110018921050
110018921087
110018921103
110018921176
110018921194
110018921201
110018921210
110018921229
110018921238
110018921247
110018921256
110018921274
110018921283
110018921318
110018921407
110018921764
110018921862
110018922139
110018922166
110018922184
110018922264
110018922585
110018922969
110018923254
110018923307
110018923744
110018924057
110018924155
110018924191
110018924244
110018925154
110018925181
110018925190
110018925323
110018925332
110018925341
110018925350
110018925369
110018925671
110018925699
110018925715
110018925733
110018925751
110018925831
110018926359
110018926386
110018926616
110018926652
110018926698
110018926714
110018926885
110018926894
110018926901
110018927330
110018927367
110018927429
110018927438
110018927447
110018927474
110018927571
110018927599
110018927642
110018928026
110018928044
110018928062
110018928160
110018928188
110018928375
110018928758
110018928883
110018928892
110018928927
110018928936
110018929187
110018929249
110018929454
110018929524
110018929837
110018929846
110018929855
110018929864
110018929873
110018929953
110018930013
110018930068
110018930861
110018931067
110018931717
110018932182
110018933332
110018933396
110018933412
110018933449
110018933494
110018933788
110018933840
110018933859
110018933868
110018933902
110018933911
110018933920
110018935777
110018935802
110018935946
110018935964
110018936268
110018936339
110018936464
110018936482
110018936516
110018936552
110018936632
110018936696
110018936945
110018937034
110018937052
110018937579
110018938319
110018938355
110018938925
110018938934
110018938943
110018938961
110018939050
110018939069
110018939130
110018939997
110018940039
110018940048
110018940057
110018940066
110018940137
110018940351
110018940360
110018940501
110018940565
110018940618
110018940636
110018940663
110018940823
110018940896
110018940967
110018940985
110018940994
110018941001
110018941010
110018941412
110018942493
110018942509
110018942689
110018943107
110018944197
110018944268
110018944749
110018944758
110018944767
110018944776
110018944794
110018944865
110018945114
110018945141
110018945203
110019864878
110019865886
110019894836
110019894845
110019894854
110019894863
110019894872
110019894881
110019894934
110019895005
110019895014
110019895078
110019895087
110019895112
110019895149
110019895158
110019895167
110019895210
110019895229
110019895247
110019895309
110019895318
110019895327
110019895416
110019895425
110019895470
110019895498
110019895620
110019895693
110019895700
110019895719
110019895764
110019895773
110019895844
110019895853
110019895880
110019895915
110019895924
110019895942
110019895988
110019895997
110019896004
110019896031
110019896059
110019896077
110019896120
110019896139
110019896148
110019896166
110019896228
110019896246
110019896273
110019896308
110019896317
110019896326
110019896344
110019896353
110019896362
110019896406
110019896424
110019896433
110019896451
110019896497
110019896512
110019896530
110019896567
110019896576
110019896629
110019896647
110019896665
110019896683
110019896692
110019896709
110019896718
110019896754
110019896763
110019896772
110019896781
110019896790
110019896807
110019896816
110019896825
110019896834
110019896843
110019896852
110019896861
110019896870
110019896898
110019896905
110019896914
110019896923
110019896950
110019896969
110019896987
110019896996
110019897003
110019897012
110019897021
110019897030
110019897049
110019897058
110019897094
110019897138
110019897147
110019897156
110019897174
110019897183
110019897209
110019897218
110019897245
110019897254
110019897263
110019897272
110019897281
110019897290
110019897389
110019897469
110019897593
110019897628
110019897637
110019897655
110019897664
110019897673
110019897682
110019897708
110019897717
110019897726
110019897735
110019897744
110019897762
110019897771
110019897799
110019897806
110019897815
110019897824
110019897833
110019897842
110019897879
110019897888
110019897904
110019897913
110019897922
110019897931
110019897940
110019897959
110019898002
110019898039
110019898048
110019898057
110019898066
110019898075
110019898556
110019898636
110019898645
110019898672
110019898681
110019898716
110019898725
110019898770
110019898789
110019898805
110019898823
110019898832
110019898841
110019915546
110019915653
110019915742
110019916796
110019917018
110019917036
110019917125
110019917312
110019917367
110019917429
110019917456
110019917599
110019917857
110019918044
110019918080
110019918188
110019918213
110019918277
110019918393
110019918473
110019918874
110019919070
110019919089
110019919267
110019919365
110019919454
110019919533
110019919720
110019919766
110019919855
110019919882
110019920273
110019920326
110019920479
110019920638
110019920843
110019920889
110019920950
110019921094
110019921183
110019921218
110019921316
110019921352
110019921398
110019921520
110019921566
110019921593
110019921799
110019922075
110019922547
110019923582
110019923751
110019923831
110019923939
110019924046
110019924180
110019924224
110019924322
110019924411
110019924439
110019924821
110019924849
110019924983
110019925054
110019925250
110019925278
110019925312
110019925410
110019926384
110019926892
110019927098
110019927356
110019927506
110019927640
110019927784
110019927935
110019928097
110019928523
110019928603
110019928658
110019929005
110019929130
110019929363
110019929416
110019929513
110019929746
110019930645
110019931323
110019931369
110019931449
110019931591
110019931680
110019931742
110019931886
110019932117
110019932162
110019932180
110019932322
110019933367
110019933946
110019934384
110019934570
110019934614
110019934767
110019934810
110019934856
110019934865
110019934918
110019935043
110019935061
110019935631
110019935908
110019936159
110019936239
110019936337
110019936863
110019937050
110019937185
110019937292
110019937513
110019938031
110019938175
110019938353
110019938941
110019939450
110019939977
110019940019
110019940064
110019940411
110019940536
110019940732
110019941447
110019941811
110019941848
110019941919
110019941937
110019941964
110019941991
110019942320
110019942339
110019942561
110019942758
110019943123
110019943356
110019943515
110019943560
110019943597
110019943702
110019943935
110019945292
110019945684
110019945737
110019945782
110019945844
110019945979
110019946228
110019946344
110019946512
110019946558
110019946816
110019946941
110019947067
110019947236
110019948048
110019948128
110019948397
110019948501
110019949476
110019949966
110019950150
110019950258
110019950873
110019951177
110019951239
110019952719
110019952826
110019953567
110019953889
110019953923
110019954012
110019954021
110019956902
110019957484
110019958072
110019958125
110019958170
110019958875
110019958991
110019959516
110019959669
110019959758
110019959801
110019959810
110019959972
110019960559
110019960960
110019961040
110019961264
110019961317
110019961415
110019961549
110019961683
110019962398
110019962414
110019962511
110019962922
110019963002
110019963048
110019963486
110019963869
110019963976
110019964270
110019964387
110019964485
110019964555
110019964920
110019965199
110019965260
110019965377
110019965411
110019965457
110019965509
110019965545
110019965563
110019965947
110019966143
110019966152
110019966731
110019967231
110019967286
110019967348
110019967507
110019967525
110019967892
110019968267
110019968294
110019968436
110019968472
110019968524
110019968855
110019968944
110019968999
110019969532
110019969569
110019969961
110019970370
110019970414
110019970496
110019970511
110019970646
110019970673
110019970691
110019970753
110019970833
110019970922
110019970968
110019970986
110019971618
110019971707
110019972047
110019972136
110019972289
110019972323
110019972458
110019972500
110019972617
110019972715
110019972911
110019973082
110019973153
110019973180
110019973199
110019973224
110019973233
110019973242
110019973297
110019973304
110019973313
110019973331
110019973340
110019973359
110019973368
110019973411
110019973420
110019973439
110019973448
110019973457
110019973475
110019973536
110019973581
110019973590
110019973634
110019973698
110019973714
110019973787
110019973796
110019973812
110019973821
110019974143
110019974303
110019974438
110019974544
110019974642
110019974893
110019974937
110019975197
110019975295
110019975384
110019975393
110019975437
110019975570
110019975589
110019975721
110019975749
110019975767
110019975865
110019976034
110019976061
110019976070
110019976141
110019976178
110019976230
110019976338
110019976454
110019976659
110019976686
110019976891
110019977006
110019977051
110019977060
110019977131
110019977168
110019977186
110019977220
110019977391
110019977532
110019977541
110019977603
110019977630
110019977649
110019977676
110019977694
110019977701
110019977729
110019977738
110019977783
110019977854
110019977881
110019977925
110019977961
110019977970
110019978078
110019978112
110019978167
