110019978201
110019978265
110019978292
110019978363
110019978372
110019978381
110019978728
110019978808
110019978915
110019978951
110019979193
110019979237
110019979451
110019979497
110019979503
110019979709
110019979816
110019979905
110019980001
110019980047
110019980065
110019980421
110019980485
110019980519
110019980564
110019980939
110019981064
110019981117
110019981670
110019981732
110019981750
110019982036
110019982134
110019982232
110019982269
110019982278
110019982287
110019982312
110019982367
110019982394
110019982410
110019982438
110019982465
110019982474
110019982517
110019982535
110019982544
110019982599
110019982642
110019982651
110019982660
110019982704
110019982713
110019982722
110019982731
110019982768
110019982777
110019982795
110019982857
110019982884
110019982893
110019982937
110019983071
110019983099
110019983151
110019983311
110019983437
110019983589
110019983847
110019983874
110019983963
110019983972
110019984418
110019984490
110019984640
110019984944
110019985006
110019985024
110019985042
110019985060
110019985202
110019985284
110019985293
110019985300
110019985319
110019985337
110019985373
110019985382
110019985480
110019985747
110019985792
110019985818
110019985854
110019985863
110019985881
110019985907
110019985916
110019985943
110019985952
110019985961
110019985970
110019985989
110019986014
110019986023
110019986032
110019986041
110019986069
110019986096
110019986103
110019986112
110019986121
110019986130
110019986185
110019986194
110019986210
110019986238
110019986283
110019986292
110019986309
110019986336
110019986345
110019986390
110019986407
110019986434
110019986452
110019986489
110019986513
110019986568
110019986577
110019986595
110019986611
110019986639
110019986648
110019986657
110019986675
110019986684
110019986700
110019986719
110019986737
110019986764
110019986808
110019986826
110019986899
110019986906
110019986942
110019986951
110019986960
110019986988
110019987086
110019987095
110019987111
110019987139
110019987237
110019987246
110019987264
110019987479
110019987488
110019987503
110019987521
110019987567
110019987594
110019987736
110019987807
110019987932
110019987978
110019987987
110019988085
110019988094
110019988156
110019988183
110019988254
110019988325
110019988334
110019988343
110019988414
110019988575
110019988584
110019988628
110019988673
110019988762
110019988799
110019988851
110019988860
110019988922
110019988931
110019989011
110019989075
110019989093
110019989155
110019989360
110019989379
110019989388
110019989538
110019989565
110019989574
110019989583
110019989681
110019989716
110019989725
110019989734
110019989903
110019989994
110019990027
110019990054
110019990081
110019990090
110019990116
110019990152
110019990161
110019990287
110019990303
110019990358
110019990410
110019990429
110019990438
110019990447
110019990465
110019990492
110019990517
110019990526
110019990535
110019990544
110019990562
110019990606
110019990633
110019990642
110019990660
110019990768
110019990795
110019990802
110019990839
110019990857
110019990893
110019990900
110019990919
110019990928
110019990955
110019990982
110019991080
110019991160
110019991197
110019991204
110019991213
110019991231
110019991286
110019991348
110019991437
110019991605
110019991614
110019991749
110019991776
110019991794
110019991801
110019991838
110019991856
110019991865
110019991874
110019991883
110019991909
110019991927
110019991936
110019991954
110019992034
110019992043
110019992052
110019992089
110019992098
110019992105
110019992123
110019992132
110019992196
110019992249
110019992276
110019992294
110019992301
110019992329
110019992356
110019992418
110019992445
110019992454
110019992481
110019992515
110019992560
110019992631
110019992695
110019992702
110019992739
110019992766
110019992793
110019992800
110019992819
110019992837
110019992855
110019992891
110019992908
110019992917
110019992926
110019992935
110019992980
110019993024
110019993042
110019993051
110019993060
110019993113
110019993131
110019993140
110019993168
110019993186
110019993202
110019993275
110019993284
110019993293
110019993328
110019993364
110019993373
110019993417
110019993426
110019993471
110019993499
110019993523
110019993541
110019993550
110019993612
110019993630
110019993667
110019993676
110019993685
110019993710
110019993747
110019993756
110019993792
110019993845
110019993916
110019993925
110019993934
110019993943
110019993970
110019993989
110019993998
110019994005
110019994014
110019994032
110019994041
110019994050
110019994087
110019994158
110019994185
110019994194
110019994229
110019994247
110019994274
110019994318
110019994345
110019994363
110019994381
110019994390
110019994425
110019994434
110019994443
110019994452
110019994470
110019994498
110019994513
110019994531
110019994540
110019994559
110019994577
110019994595
110019994602
110019994620
110019994639
110019994648
110019994719
110019994737
110019994746
110019994826
110019994899
110019994906
110019994924
110019994933
110019994960
110019994988
110019994997
110019995013
110019995040
110019995077
110019995086
110019995120
110019995139
110019995148
110019995157
110019995166
110019995184
110019995193
110019995200
110019995237
110019995264
110019995308
110019995317
110019995353
110019995399
110019995424
110019995433
110019995442
110019995460
110019995503
110019995610
110019995629
110019995647
110019995683
110019995718
110019995736
110019995763
110019995807
110019995816
110019995834
110019995843
110019995870
110019995889
110019995898
110019995905
110019995923
110019995932
110019995987
110019996012
110019996049
110019996058
110019996067
110019996076
110019996085
110019996110
110019996138
110019996174
110019996192
110019996209
110019996254
110019996281
110019996290
110019996316
110019996334
110019996343
110019996370
110019996432
110019996469
110019996496
110019996502
110019996539
110019996548
110019996557
110019996566
110019996673
110019996708
110019996735
110019996744
110019996762
110019996824
110019996888
110019996959
110019996986
110019997011
110019997039
110019997066
110019997075
110019997084
110019997128
110019997146
110019997164
110019997173
110019997226
110019997280
110019997306
110019997315
110019997404
110019997413
110019997477
110019997501
110019997510
110019997609
110019997618
110019997654
110019997690
110019997725
110019997734
110019997752
110019997789
110019997814
110019997850
110019997869
110019997878
110019997887
110019997912
110019997921
110019997949
110019997958
110019997967
110019998001
110019998074
110019998083
110019998109
110019998118
110019998136
110019998154
110019998172
110019998190
110019998270
110019998289
110019998314
110019998332
110019998396
110019998403
110019998412
110019998430
110019998476
110019998500
110019998528
110019998537
110019998546
110019998582
110019998608
110019998662
110019998715
110019998779
110019998813
110019998886
110019998895
110019998939
110019999028
110019999037
110019999055
110019999064
110019999073
110019999082
110019999108
110019999117
110019999162
110019999199
110019999206
110019999242
110019999359
110019999368
110019999402
110019999411
110019999420
110019999493
110019999509
110019999518
110019999536
110019999554
110019999572
110019999581
110019999607
110019999634
110019999778
110019999803
110019999812
110019999821
110019999830
110019999965
110019999974
110020000069
110020000078
110020000087
110020000103
110020000158
110020000194
110020000210
110020000229
110020000247
110020000256
110020000363
110020000372
110020000522
110020000531
110020000559
110020000595
110020000639
110020000657
110020000666
110020000684
110020000693
110020000871
110020000880
110020000899
110020000906
110020000942
110020000960
110020000988
110020001004
110020001031
110020001059
110020001068
110020001077
110020001086
110020001120
110020001139
110020001148
110020001184
110020001273
110020001291
110020001335
110020001344
110020001424
110020001433
110020001497
110020001503
110020001521
110020001585
110020001610
110020001629
110020001638
110020001709
110020001718
110020001736
110020001754
110020001763
110020001790
110020001807
110020001825
110020001834
110020001914
110020001932
110020001941
110020001969
110020002254
110020003075
110020003431
110020003459
110020003477
110020003495
110020003501
110020003510
110020003994
110020004001
110020004038
110020004083
110020005171
110020005377
110020005803
110020006278
110020006660
110020006679
110020006697
110020006740
110020006759
110020006795
110020007605
110020007650
110020008123
110020008490
110020008739
110020009079
110020009532
110020009667
110020009676
110020009685
110020009845
110020010129
110020010405
110020010762
110020010815
110020011057
110020011672
110020011896
110020012234
110020012243
110020012252
110020012314
110020012369
110020012378
110020012387
110020012421
110020012449
110020012458
110020012467
110020012494
110020012528
110020012582
110020012608
110020012626
110020012644
110020012662
110020012671
110020012733
110020012751
110020012797
110020012804
110020012822
110020012886
110020012911
110020012966
110020013000
110020013019
110020013028
110020013171
110020013233
110020013260
110020013313
110020013331
110020013386
110020013402
110020013411
110020013448
110020013457
110020013466
110020013509
110020013581
110020013590
110020013670
110020013723
110020013741
110020013750
110020013769
110020013796
110020013821
110020013830
110020013885
110020014072
110020014081
110020014107
110020014116
110020014125
110020014134
110020014198
110020014214
110020014410
110020014474
110020014483
110020014580
110020014615
110020014633
110020014660
110020014679
110020014991
110020015008
110020015017
110020015106
110020015179
110020015222
110020015277
110020015286
110020015320
110020015366
110020015375
110020015437
110020015446
110020015455
110020015507
110020015516
110020015552
110020015589
110020015598
110020015730
110020015758
110020015767
110020015785
110020015801
110020015829
110020015865
110020015936
110020015945
110020015954
110020015990
110020016016
110020016061
110020016070
110020016089
110020016098
110020016105
110020016141
110020016150
110020016178
110020016187
110020016221
110020016230
110020016249
110020016310
110020016338
110020016356
110020016365
110020016427
110020016445
110020016454
110020016472
110020016481
110020016506
110020016515
110020016533
110020016551
110020016677
110020016702
110020016711
110020016739
110020016775
110020016784
110020016793
110020016819
110020016828
110020016846
110020016855
110020016891
110020016908
110020016926
110020016944
110020016971
110020017042
110020017239
110020017248
110020017257
110020017284
110020017355
110020017382
110020017462
110020017505
110020017514
110020017523
110020017569
110020017603
110020017667
110020017685
110020017729
110020017738
110020017792
110020017827
110020017836
110020017890
110020017907
110020017934
110020017970
110020017989
110020018005
110020018032
110020018078
110020018103
110020018176
110020018185
110020018201
110020018247
110020018256
110020018309
110020018327
110020018381
110020018425
110020018443
110020018577
110020018586
110020018620
110020018666
110020018684
110020018693
110020018728
110020018737
110020018791
110020018808
110020018817
110020018826
110020018899
110020018924
110020018942
110020018951
110020018960
110020018979
110020018988
110020019004
110020019059
110020019077
110020019102
110020019148
110020019157
110020019166
110020019175
110020019200
110020019228
110020019264
110020019273
110020019308
110020019353
110020019371
110020019415
110020019442
110020019460
110020019479
110020019488
110020019497
110020020305
110020020314
110020020332
110020022526
110020023115
110020023534
110020024123
110020024150
110020027193
110020028575
110020034229
110020034443
110020034498
110020034586
110020034595
110020034611
110020034700
110020034719
110020034755
110020034782
110020034791
110020034862
110020034880
110020034906
110020034915
110020034933
110020034942
110020034960
110020034979
110020034988
110020035004
110020035059
110020035861
110020035870
110020035889
110020035932
110020035941
110020036584
110020037887
110020037896
110020037903
110020037912
110020037921
110020037930
110020037949
110020037958
110020038378
110020038396
110020039554
110020039590
110020039607
110020039616
110020039625
110020039634
110020039643
110020039652
110020039661
110020039670
110020040043
110020040052
110020040061
110020040098
110020040105
110020040114
110020040123
110020040169
110020040178
110020040196
110020040212
110020040221
110020040230
110020042988
110020042997
110020043004
110020043013
110020043022
110020043031
110020043068
110020043086
110020043291
110020043326
110020043335
110020043353
110020043362
110020043371
110020043380
110020043399
110020043415
110020043424
110020043442
110020043460
110020043497
110020043503
110020043512
110020043530
110020043549
110020043558
110020043567
110020043576
110020043585
110020043594
110020043601
110020043610
110020043656
110020043683
110020043727
110020043736
110020043745
110020043772
110020043790
110020043825
110020043843
110020043852
110020043889
110020044067
110020044110
110020044165
