110020044218
110020044254
110020044272
110020044281
110020044307
110020044316
110020044325
110020044593
110020044628
110020044655
110020044691
110020044717
110020044726
110020044744
110020044771
110020044780
110020044815
110020044824
110020044860
110020044897
110020044904
110020044913
110020044922
110020044931
110020045155
110020045164
110020045173
110020045182
110020045191
110020045823
110020045869
110020046270
110020046298
110020046305
110020048045
110020048054
110020048063
110020048072
110020048081
110020048090
110020048107
110020048651
110020048660
110020048679
110020048697
110020048704
110020048722
110020048731
110020048740
110020048759
110020048768
110020049026
110020049053
110020050193
110020050200
110020050219
110020050228
110020050647
110020051165
110020051566
110020052814
110020053476
110020054368
110020054411
110020054457
110020054563
110020058649
110020059746
110020059755
110020059773
110020059899
110020059979
110020059988
110020060002
110020060020
110020060039
110020060048
110020060084
110020060093
110020060100
110020060137
110020060191
110020060208
110020060217
110020060226
110020060244
110020060253
110020060306
110020060315
110020060333
110020060342
110020060388
110020060397
110020060422
110020060468
110020060495
110020060510
110020060538
110020060556
110020060574
110020060583
110020060609
110020060618
110020060627
110020060681
110020060734
110020060743
110020060770
110020060805
110020060823
110020060832
110020060841
110020060850
110020060869
110020060878
110020060887
110020060896
110020060930
110020060958
110020060976
110020060985
110020061047
110020061154
110020061163
110020061172
110020061181
110020061234
110020061243
110020061261
110020061270
110020061289
110020061369
110020061378
110020061387
110020061396
110020061403
110020061430
110020061449
110020061467
110020061485
110020061528
110020061537
110020061564
110020061573
110020061582
110020061608
110020061617
110020061742
110020061751
110020061760
110020062545
110020062554
110020062778
110020062876
110020062894
110020063081
110020063394
110020063401
110020063410
110020063429
110020063438
110020063447
110020063606
110020063615
110020063624
110020063633
110020063642
110020063704
110020063713
110020063731
110020063759
110020063848
110020064188
110020064197
110020064204
110020064213
110020064491
110020064516
110020064525
110020064534
110020064552
110020064561
110020064570
110020064598
110020064614
110020064623
110020064632
110020064641
110020064650
110020065089
110020065098
110020065105
110020065114
110020065123
110020067345
110020067354
110020067363
110020067372
110020067390
110020067407
110020067425
110020067434
110020067443
110020067452
110020067595
110020067746
110020067773
110020067808
110020067817
110020067826
110020067835
110020067844
110020067853
110020067871
110020067880
110020067915
110020067933
110020067942
110020067951
110020067960
110020067979
110020067988
110020067997
110020068237
110020068246
110020068255
110020068264
110020068282
110020068291
110020068308
110020068317
110020068326
110020068335
110020068344
110020068362
110020068399
110020068406
110020068415
110020068424
110020068433
110020068442
110020068451
110020068460
110020068479
110020068488
110020068497
110020068503
110020068512
110020068521
110020068549
110020068576
110020068594
110020068610
110020068629
110020068647
110020068665
110020068683
110020068718
110020068727
110020068736
110020068745
110020068754
110020068772
110020068781
110020068790
110020068807
110020068825
110020068834
110020068852
110020068870
110020068914
110020068923
110020068932
110020068941
110020068969
110020068978
110020068987
110020068996
110020069021
110020069030
110020069085
110020069094
110020069110
110020069129
110020069138
110020069156
110020069183
110020069209
110020069227
110020069245
110020069272
110020069637
110020069646
110020069655
110020069664
110020069673
110020069691
110020069708
110020069717
110020069744
110020069753
110020069762
110020069771
110020069780
110020069799
110020069806
110020069815
110020069824
110020069833
110020069860
110020069879
110020069888
110020070037
110020070046
110020070073
110020070082
110020070108
110020070117
110020070126
110020070162
110020070171
110020070180
110020070215
110020070242
110020070279
110020070304
110020070313
110020070359
110020070368
110020070386
110020070395
110020070411
110020070420
110020070457
110020070484
110020070493
110020070509
110020070518
110020070527
110020070545
110020070572
110020070581
110020070590
110020070607
110020070625
110020070634
110020070643
110020070698
110020070705
110020070741
110020070750
110020070769
110020070778
110020070787
110020070812
110020070821
110020070830
110020070858
110020070867
110020070885
110020070894
110020070901
110020070956
110020070965
110020070974
110020070983
110020070992
110020071009
110020071018
110020071045
110020071054
110020071063
110020071072
110020071081
110020071090
110020071116
110020071125
110020071134
110020071143
110020071152
110020071161
110020071170
110020071189
110020071198
110020071223
110020071232
110020071250
110020071269
110020071296
110020071303
110020071321
110020071367
110020071394
110020071401
110020071410
110020071429
110020071438
110020071447
110020071456
110020071465
110020071474
110020071483
110020071508
110020071517
110020071544
110020071553
110020071580
110020071599
110020071606
110020071615
110020071624
110020071651
110020071679
110020071722
110020071731
110020071811
110020071820
110020071857
110020071884
110020071919
110020071937
110020071946
110020071964
110020072008
110020072017
110020072035
110020072044
110020072053
110020072062
110020072099
110020072115
110020072124
110020072151
110020072197
110020072222
110020072231
110020072259
110020072268
110020072277
110020072286
110020072295
110020072311
110020072320
110020072400
110020072419
110020072437
110020072455
110020072482
110020072491
110020072507
110020072525
110020072543
110020072552
110020072561
110020072570
110020072589
110020072598
110020072632
110020072641
110020072669
110020072678
110020072696
110020072712
110020072749
110020072758
110020072767
110020072776
110020072785
110020072794
110020072801
110020072810
110020072829
110020072838
110020072847
110020072856
110020072874
110020072883
110020072892
110020072909
110020072936
110020072945
110020072954
110020072963
110020072972
110020072981
110020072990
110020073007
110020073016
110020073034
110020073043
110020073052
110020073061
110020073070
110020073089
110020073098
110020073105
110020073123
110020073141
110020073150
110020073178
110020073203
110020073212
110020073221
110020073276
110020073294
110020073310
110020073338
110020073374
110020073383
110020073427
110020073445
110020073463
110020073472
110020073481
110020073506
110020073524
110020073533
110020073542
110020073551
110020073579
110020073588
110020073597
110020073604
110020073613
110020073622
110020073631
110020073640
110020073659
110020073686
110020073702
110020073711
110020073739
110020073748
110020073766
110020118193
110020118200
110020118219
110020118237
110020118335
110020118344
110020118709
110020118718
110020118727
110020119361
110020119414
110020119496
110020119520
110020119717
110020119744
110020120876
110020121081
110020121090
110020121161
110020121410
110020121447
110020121456
110020121535
110020121544
110020121571
110020121688
110020121697
110020121704
110020121740
110020121759
110020121768
110020121786
110020121811
110020121820
110020121866
110020121875
110020123114
110020123873
110020123882
110020123891
110020123908
110020123917
110020123935
110020123944
110020123953
110020123962
110020123980
110020123999
110020124015
110020124024
110020124033
110020124284
110020124293
110020124300
110020124685
110020125069
110020125078
110020125087
110020125096
110020125103
110020125112
110020125121
110020125130
110020125158
110020125176
110020125185
110020126157
110020126166
110020126175
110020126184
110020126193
110020126237
110020126246
110020126282
110020126291
110020126308
110020126353
110020126362
110020126371
110020126406
110020126424
110020126433
110020126451
110020126460
110020126479
110020126512
110020126521
110020126530
110020126558
110020126567
110020126576
110020126585
110020126594
110020126601
110020126610
110020126629
110020126638
110020126665
110020126674
110020126683
110020126709
110020126736
110020126754
110020126763
110020126772
110020126816
110020126834
110020126870
110020126889
110020126898
110020126905
110020126914
110020126923
110020126932
110020126950
110020126969
110020126978
110020126987
110020126996
110020127012
110020127021
110020127030
110020127049
110020127058
110020127067
110020127085
110020127325
110020127334
110020127343
110020127423
110020127511
110020127548
110020127557
110020127566
110020127575
110020127584
110020127619
110020127628
110020127637
110020127646
110020127655
110020127673
110020127691
110020127708
110020127717
110020127726
110020127735
110020127744
110020127762
110020127771
110020127806
110020127851
110020127879
110020127913
110020127931
110020127940
110020127968
110020127977
110020128011
110020128057
110020128066
110020128075
110020128084
110020128100
110020128128
110020128137
110020128164
110020128173
110020128191
110020128226
110020128324
110020128333
110020128342
110020128351
110020128379
110020128388
110020128397
110020128404
110020128413
110020128431
110020128440
110020128495
110020128510
110020128538
110020128565
110020128583
110020128609
110020128627
110020128645
110020128654
110020128663
110020128743
110020128752
110020128761
110020128841
110020128850
110020128869
110020128903
110020128921
110020128976
110020128985
110020129001
110020129010
110020129029
110020129038
110020129056
110020129065
110020129083
110020129092
110020129109
110020129118
110020129127
110020129136
110020129145
110020129154
110020129181
110020129190
110020129216
110020129234
110020129252
110020129261
110020129270
110020129289
110020129298
110020129305
110020129314
110020129332
110020129341
110020129387
110020129396
110020129403
110020129412
110020129421
110020129430
110020129458
110020129467
110020129476
110020129494
110020129519
110020129528
110020129546
110020129573
110020129608
110020129617
110020129626
110020129635
110020129644
110020129653
110020129699
110020129706
110020129715
110020129724
110020129742
110020129779
110020129788
110020129804
110020129813
110020129822
110020129859
110020129877
110020129886
110020129911
110020129939
110020129957
110020130017
110020130026
110020130044
110020130053
110020130062
110020130071
110020130099
110020130124
110020130133
110020130142
110020130151
110020130188
110020130204
110020130213
110020130231
110020130240
110020130286
110020130295
110020130311
110020130320
110020130348
110020130366
110020130384
110020130400
110020130428
110020130455
110020130464
110020130525
110020130552
110020130561
110020130598
110020130605
110020130614
110020130641
110020130669
110020130678
110020130687
110020130696
110020130712
110020130730
110020130749
110020130785
110020130829
110020130838
110020130847
110020130856
110020130874
110020130892
110020130909
110020130918
110020130945
110020130954
110020130963
110020130981
110020130990
110020131007
110020131025
110020131061
110020131089
110020131105
110020131114
110020131123
110020131132
110020131169
110020131187
110020131196
110020131203
110020131212
110020131221
110020131249
110020131258
110020131267
110020131285
110020131329
110020131347
110020131365
110020131374
110020131383
110020131392
110020131409
110020131418
110020131427
110020131436
110020131445
110020131454
110020131481
110020131506
110020131515
110020131524
110020131542
110020131560
110020131613
110020131622
110020131640
110020131668
110020131677
110020131686
110020131695
110020131720
110020131748
110020131757
110020131766
110020131775
110020131784
110020131793
110020131828
110020131837
110020131855
110020131864
110020131882
110020131891
110020131917
110020131935
110020131944
110020131980
110020131999
110020132024
110020132033
110020132088
110020132097
110020132104
110020132113
110020132159
110020132177
110020132202
110020132211
110020132239
110020132248
110020132257
110020132275
110020132319
110020132346
110020132382
110020132391
110020132417
110020132435
110020132462
110020132471
110020132480
110020132514
110020132523
110020132550
110020132587
110020132603
110020132630
110020132658
110020132667
110020132685
110020132710
110020132729
110020132738
110020132774
110020132783
110020132809
110020132845
110020132854
110020132863
110020132872
110020132881
110020132890
110020132925
110020132934
110020132952
110020132961
110020132970
110020132998
110020133005
110020133014
110020133023
110020133050
110020133087
110020133096
110020133185
110020133201
110020133229
110020133265
110020133292
110020133309
110020133318
110020133327
110020133336
110020133345
110020133407
110020133416
110020133425
110020133434
110020133443
110020133452
110020133470
110020133489
110020133498
110020133513
110020133522
110020133531
110020133559
110020133568
110020133577
110020133595
110020133620
110020133639
110020133648
110020133657
