110020133666
110020133693
110020133746
110020133755
110020133791
110020133808
110020133835
110020133853
110020133862
110020133871
110020133899
110020133906
110020134031
110020134077
110020134095
110020134111
110020134166
110020134184
110020134219
110020134228
110020134460
110020134503
110020134512
110020134558
110020134576
110020134585
110020134594
110020134718
110020134736
110020134745
110020134754
110020134763
110020134772
110020134816
110020134825
110020134834
110020134843
110020134861
110020134898
110020134905
110020134914
110020134923
110020134932
110020134941
110020134950
110020134987
110020134996
110020135003
110020135021
110020135030
110020135049
110020135058
110020135067
110020135076
110020135110
110020135138
110020135147
110020135156
110020135165
110020135174
110020135192
110020135209
110020135218
110020135227
110020135236
110020135245
110020135254
110020135263
110020135272
110020135281
110020135290
110020135307
110020135334
110020135343
110020135352
110020135370
110020135389
110020135398
110020135414
110020135423
110020135450
110020135469
110020135487
110020135496
110020135502
110020135511
110020135520
110020135539
110020135575
110020135584
110020135593
110020135619
110020135628
110020135673
110020135682
110020135691
110020135708
110020135717
110020135726
110020135735
110020135753
110020135762
110020135771
110020135780
110020135799
110020135806
110020135815
110020135824
110020135833
110020135851
110020135860
110020135888
110020135897
110020135904
110020135922
110020135931
110020135959
110020135968
110020136020
110020136039
110020136048
110020136057
110020136066
110020136075
110020136119
110020136128
110020136173
110020136182
110020136191
110020136208
110020136217
110020136226
110020136235
110020136244
110020136253
110020136262
110020136271
110020136280
110020136299
110020136306
110020136324
110020136342
110020136351
110020136379
110020136404
110020136422
110020136440
110020136459
110020136468
110020136510
110020136556
110020136574
110020136592
110020136609
110020136618
110020136654
110020136663
110020136672
110020136681
110020136690
110020136716
110020136743
110020136752
110020136761
110020136798
110020136814
110020136832
110020136869
110020136896
110020136912
110020136930
110020136949
110020136958
110020136967
110020136985
110020136994
110020137001
110020137029
110020137038
110020137047
110020137065
110020137074
110020137083
110020137092
110020137118
110020137127
110020137136
110020137154
110020137172
110020137181
110020137190
110020137207
110020137216
110020137225
110020137234
110020137243
110020137252
110020137261
110020137314
110020137323
110020137332
110020137341
110020137350
110020137369
110020137378
110020137387
110020137412
110020137458
110020137467
110020137476
110020137485
110020137494
110020137500
110020137528
110020137564
110020137591
110020137617
110020137626
110020137635
110020137644
110020137699
110020137706
110020137715
110020137724
110020137742
110020137760
110020137788
110020137797
110020137804
110020137822
110020137831
110020137840
110020137868
110020137877
110020137895
110020137902
110020137911
110020137957
110020137975
110020137984
110020137993
110020138019
110020138028
110020138064
110020138073
110020138082
110020138108
110020138117
110020138126
110020138135
110020138162
110020138171
110020138180
110020138206
110020138215
110020138224
110020138233
110020138251
110020138297
110020138304
110020138322
110020138340
110020138359
110020138377
110020138386
110020138395
110020138402
110020138439
110020138457
110020138475
110020138509
110020138518
110020138527
110020138536
110020138581
110020138616
110020138625
110020138643
110020138652
110020138698
110020138705
110020138723
110020138732
110020138750
110020138778
110020138787
110020138796
110020138803
110020138821
110020138830
110020138858
110020138894
110020138910
110020138929
110020138938
110020138956
110020138965
110020138974
110020139018
110020139027
110020139036
110020139045
110020139054
110020139063
110020139072
110020139090
110020139116
110020139125
110020139134
110020139143
110020139161
110020139170
110020139198
110020139214
110020139223
110020139232
110020139250
110020139287
110020139296
110020139312
110020139330
110020139358
110020139367
110020139447
110020139456
110020139465
110020139474
110020139483
110020139492
110020139508
110020139517
110020139526
110020139535
110020139544
110020139553
110020139571
110020139580
110020139606
110020139633
110020139722
110020139759
110020139820
110020139857
110020139866
110020139884
110020139900
110020139928
110020140140
110020140211
110020140257
110020140266
110020140293
110020140300
110020140355
110020140603
110020140621
110020140630
110020140649
110020140658
110020140667
110020140676
110020142709
110020142727
110020142745
110020142754
110020142763
110020142772
110020142834
110020142870
110020143049
110020143370
110020143469
110020143496
110020143502
110020143771
110020143833
110020143842
110020143888
110020143904
110020143995
110020144002
110020144039
110020144164
110020148106
110020148115
110020148124
110020148133
110020148142
110020148151
110020148160
110020148179
110020148188
110020148213
110020148231
110020148240
110020148268
110020148277
110020148696
110020148712
110020148730
110020148758
110020148981
110020149052
110020149070
110020149089
110020149212
110020149221
110020149285
110020149338
110020149365
110020149418
110020149427
110020149490
110020149515
110020149775
110020149828
110020150904
110020152029
110020152047
110020152056
110020152065
110020152074
110020152109
110020152136
110020152145
110020152350
110020152369
110020152378
110020152387
110020152396
110020152403
110020152430
110020152458
110020152476
110020152485
110020152500
110020152519
110020152537
110020152546
110020152555
110020152573
110020152582
110020152797
110020152822
110020152868
110020152886
110020152895
110020159139
110020159148
110020159157
110020159184
110020159200
110020159219
110020159228
110020159237
110020159246
110020159255
110020159264
110020159273
110020159282
110020159291
110020159308
110020159326
110020159335
110020159344
110020159353
110020159362
110020159371
110020159380
110020159424
110020159442
110020159558
110020159567
110020159601
110020159610
110020159638
110020159647
110020159656
110020159674
110020159683
110020159692
110020159718
110020159727
110020159745
110020159932
110020159996
110020160038
110020160047
110020160591
110020160608
110020160617
110020160626
110020160635
110020160644
110020160653
110020160671
110020160911
110020160975
110020161377
110020161411
110020161475
110020161527
110020161554
110020161698
110020161732
110020161867
110020161974
110020161992
110020162198
110020162223
110020162250
110020162312
110020162349
110020162394
110020162410
110020162438
110020162447
110020162456
110020162465
110020162508
110020162517
110020162526
110020162544
110020162553
110020162562
110020162571
110020162580
110020162599
110020162606
110020162615
110020162624
110020162679
110020162697
110020162713
110020162731
110020162740
110020162759
110020162802
110020162811
110020162820
110020162839
110020162848
110020162866
110020162875
110020162884
110020162893
110020162928
110020162937
110020162946
110020162982
110020163044
110020163053
110020163062
110020163071
110020163080
110020163115
110020163124
110020163133
110020163142
110020163151
110020163188
110020163197
110020163204
110020163213
110020163222
110020163231
110020163240
110020163259
110020163268
110020163277
110020163286
110020163302
110020163320
110020163339
110020163348
110020163357
110020163366
110020163375
110020163393
110020163428
110020163437
110020163455
110020163464
110020163482
110020163491
110020163516
110020163525
110020163543
110020163561
110020163589
110020163598
110020163605
110020163614
110020163623
110020163632
110020163650
110020163669
110020163678
110020163703
110020163712
110020163721
110020163730
110020163767
110020163801
110020163810
110020163829
110020163838
110020163856
110020163883
110020163892
110020163918
110020163927
110020163954
110020163981
110020163990
110020164007
110020164025
110020164034
110020164098
110020164105
110020164123
110020164132
110020164141
110020164150
110020164178
110020164196
110020164203
110020164212
110020164221
110020164230
110020164249
110020164258
110020164267
110020164294
110020164301
110020164310
110020164329
110020164347
110020164365
110020164383
110020164409
110020164427
110020164454
110020164463
110020164472
110020164490
110020164506
110020164524
110020164533
110020164551
110020164560
110020164579
110020164597
110020164604
110020164613
110020164622
110020164631
110020164640
110020164659
110020164668
110020164677
110020164686
110020164695
110020164702
110020164711
110020164720
110020164739
110020164748
110020164766
110020164784
110020164793
110020164800
110020164819
110020164828
110020164837
110020164855
110020164864
110020164873
110020164908
110020164944
110020164980
110020165033
110020165042
110020165051
110020165060
110020165079
110020165088
110020165097
110020165122
110020165140
110020165168
110020165177
110020165202
110020165220
110020165248
110020165266
110020165275
110020165284
110020165300
110020165319
110020165337
110020165346
110020165355
110020165373
110020165382
110020165391
110020165426
110020165444
110020165453
110020165462
110020165480
110020165499
110020165505
110020165523
110020165532
110020165569
110020165578
110020165587
110020165596
110020165603
110020165621
110020165630
110020165658
110020165685
110020165710
110020165738
110020165747
110020165756
110020165765
110020165774
110020165783
110020165818
110020165827
110020165836
110020165854
110020165863
110020165872
110020165881
110020165890
110020165925
110020165952
110020165961
110020165970
110020165989
110020165998
110020166005
110020166014
110020166023
110020166032
110020166069
110020166078
110020166087
110020166096
110020166112
110020166121
110020166149
110020166158
110020166194
110020166201
110020166229
110020166238
110020166247
110020166256
110020166265
110020166274
110020166292
110020166309
110020166318
110020166336
110020166345
110020166363
110020166372
110020166390
110020166425
110020166452
110020166461
110020166489
110020166498
110020166504
110020166522
110020166540
110020166577
110020166595
110020166602
110020166639
110020166666
110020166675
110020166684
110020166719
110020166728
110020166737
110020166746
110020166755
110020166764
110020166773
110020166782
110020166808
110020166817
110020166826
110020166835
110020166844
110020166853
110020166862
110020166871
110020166899
110020166915
110020166924
110020166942
110020166951
110020166988
110020167004
110020167013
110020167022
110020167040
110020167059
110020167068
110020167086
110020167095
110020167111
110020167120
110020167139
110020167148
110020167157
110020167166
110020167193
110020167219
110020167228
110020167246
110020167255
110020167264
110020167273
110020167291
110020167308
110020167326
110020167380
110020167406
110020167433
110020167451
110020167460
110020167479
110020167585
110020167601
110020167638
110020167674
110020167683
110020167709
110020167745
110020167754
110020167763
110020167772
110020167790
110020167807
110020167825
110020167834
110020167843
110020167852
110020167870
110020167889
110020167898
110020167905
110020167914
110020167932
110020167941
110020167950
110020167969
110020167978
110020167987
110020168003
110020168021
110020168049
110020168094
110020168129
110020168138
110020168147
110020168174
110020168183
110020168192
110020168209
110020168218
110020168227
110020168236
110020168254
110020168263
110020168272
110020168281
110020168290
110020168307
110020168316
110020168325
110020168343
110020168352
110020168361
110020168370
110020168389
110020168398
110020168405
110020168423
110020168432
110020168441
110020168450
110020168469
110020168478
110020168487
110020168496
110020168520
110020168539
110020168548
110020168557
110020168566
110020168575
110020168584
110020168593
110020168600
110020168619
110020168628
110020168646
110020168655
110020168664
110020168673
110020168682
110020168708
110020168726
110020168744
110020168753
110020168762
110020168780
110020168860
110020168888
110020168904
110020168913
110020168940
110020168968
110020168986
110020168995
110020169002
110020169020
110020169039
110020169066
110020169075
110020169093
110020169100
110020169119
110020169128
110020169155
110020169164
110020169173
110020169182
110020169191
110020169208
110020169271
110020169280
110020169306
110020169404
110020169422
110020169440
110020169459
110020169468
110020169477
110020169501
110020169529
110020169538
110020169556
110020169565
110020169583
110020169592
110020169609
110020169618
110020169654
110020169663
110020169672
110020169681
110020169690
110020169707
110020169716
110020169743
110020169752
110020169761
110020169789
110020169798
110020169805
110020169823
110020169832
110020169841
110020169850
110020169878
110020169887
110020169903
110020169912
110020169921
110020169967
110020169976
110020169985
110020169994
110020170009
110020170018
110020170027
110020170036
110020170054
110020170107
110020170125
