110020170134
110020170143
110020170152
110020170198
110020170205
110020170214
110020170232
110020170241
110020170250
110020170269
110020170278
110020170287
110020170296
110020170312
110020170330
110020170349
110020170367
110020170376
110020170385
110020170401
110020170410
110020170474
110020170483
110020170492
110020170508
110020170517
110020170535
110020170544
110020170562
110020170571
110020170580
110020170599
110020170606
110020170615
110020170624
110020170660
110020170679
110020170688
110020170697
110020170704
110020170722
110020170731
110020170740
110020170768
110020170777
110020170795
110020170802
110020170820
110020170839
110020170848
110020170857
110020170866
110020170875
110020170893
110020170900
110020170919
110020170928
110020170937
110020170946
110020170955
110020170964
110020170973
110020170982
110020170991
110020171008
110020171035
110020171044
110020171053
110020171062
110020171071
110020171099
110020171124
110020171179
110020171188
110020171197
110020171204
110020171213
110020171231
110020171268
110020171286
110020171295
110020171302
110020171311
110020171320
110020171348
110020171366
110020171384
110020171393
110020171400
110020171428
110020171437
110020171473
110020171491
110020171516
110020171525
110020171534
110020171552
110020171561
110020171570
110020171605
110020171614
110020171623
110020171632
110020171641
110020171650
110020171678
110020171687
110020171696
110020171712
110020171730
110020171758
110020171767
110020171810
110020171829
110020171838
110020171847
110020171856
110020171865
110020171883
110020171909
110020171918
110020171927
110020171936
110020171954
110020171963
110020172007
110020172016
110020172025
110020172034
110020172061
110020172070
110020172089
110020172098
110020172114
110020172123
110020172132
110020172141
110020172169
110020172178
110020172187
110020172196
110020172203
110020172212
110020172221
110020172230
110020172249
110020172285
110020172294
110020172310
110020172329
110020172338
110020172347
110020172356
110020172383
110020172392
110020172409
110020172418
110020172427
110020172436
110020172472
110020172481
110020172490
110020172506
110020172515
110020172524
110020172533
110020172542
110020172560
110020172579
110020172588
110020172597
110020172604
110020172613
110020172622
110020172631
110020172640
110020172668
110020172677
110020172686
110020172695
110020172702
110020172711
110020172720
110020172739
110020172748
110020172757
110020172766
110020172775
110020172800
110020172819
110020172837
110020172846
110020172855
110020172873
110020172882
110020172908
110020172926
110020172944
110020172962
110020172971
110020172980
110020173006
110020173015
110020173042
110020173060
110020173079
110020173088
110020173097
110020173104
110020173122
110020173131
110020173140
110020173168
110020173186
110020173195
110020173211
110020173220
110020173239
110020173248
110020173257
110020173275
110020173284
110020173300
110020173319
110020173328
110020173337
110020173346
110020173355
110020173426
110020173453
110020173462
110020173471
110020173480
110020173499
110020173532
110020173550
110020173569
110020173578
110020173603
110020173612
110020173649
110020173658
110020173667
110020173676
110020173685
110020173710
110020173747
110020173756
110020173765
110020173783
110020173792
110020173818
110020173827
110020173845
110020173863
110020173872
110020173881
110020173907
110020173916
110020173925
110020173934
110020173961
110020173998
110020174005
110020174023
110020174032
110020174041
110020174050
110020174069
110020174087
110020174103
110020174112
110020174121
110020174130
110020174149
110020174167
110020174176
110020174185
110020174194
110020174201
110020174247
110020174256
110020174265
110020174292
110020174318
110020174327
110020174336
110020174345
110020174354
110020174363
110020174372
110020174390
110020174407
110020174416
110020174425
110020174434
110020174443
110020174452
110020174470
110020174489
110020174504
110020174513
110020174522
110020174568
110020174586
110020174602
110020174611
110020174620
110020174639
110020174657
110020174666
110020174675
110020174684
110020174693
110020174719
110020174737
110020174746
110020174764
110020174773
110020174808
110020174817
110020174826
110020174844
110020174853
110020174862
110020174871
110020174899
110020174906
110020174915
110020174924
110020174933
110020174942
110020174951
110020174960
110020174979
110020174997
110020175004
110020175013
110020175022
110020175031
110020175040
110020175059
110020175068
110020175086
110020175095
110020175111
110020175120
110020175148
110020175157
110020175166
110020175175
110020175219
110020175228
110020175246
110020175264
110020175308
110020175317
110020175326
110020175344
110020175353
110020175362
110020175371
110020175399
110020175415
110020175433
110020175442
110020175451
110020175503
110020175512
110020175521
110020175530
110020175576
110020175585
110020175594
110020175610
110020175638
110020175647
110020175665
110020175674
110020175718
110020175727
110020175745
110020175754
110020175763
110020175772
110020175843
110020175870
110020175889
110020175932
110020175950
110020175996
110020176003
110020176021
110020176058
110020176067
110020176076
110020176085
110020177164
110020177173
110020177182
110020177191
110020177217
110020177226
110020177351
110020177388
110020177477
110020177574
110020177609
110020177654
110020177663
110020177690
110020177707
110020177716
110020177725
110020177761
110020177770
110020177789
110020177805
110020177823
110020177832
110020177869
110020177887
110020177912
110020177930
110020177976
110020177985
110020177994
110020178001
110020178010
110020178038
110020178047
110020178056
110020178083
110020178109
110020178127
110020178136
110020178163
110020178207
110020178261
110020178289
110020178298
110020178314
110020178323
110020178341
110020178350
110020178387
110020178403
110020178421
110020178449
110020178458
110020178494
110020178500
110020178528
110020178537
110020178546
110020178555
110020178564
110020178591
110020178626
110020178635
110020178653
110020178662
110020178715
110020178751
110020178788
110020178804
110020178813
110020178822
110020178831
110020178840
110020178886
110020178902
110020178920
110020178939
110020178948
110020178957
110020178966
110020178975
110020178984
110020179000
110020179019
110020179037
110020179046
110020179055
110020179064
110020179073
110020179082
110020179091
110020179126
110020179135
110020179144
110020179162
110020179171
110020179199
110020179206
110020179215
110020179233
110020179279
110020179297
110020179304
110020179313
110020179368
110020179377
110020179402
110020179411
110020179420
110020179439
110020179448
110020179457
110020179484
110020179509
110020179518
110020179536
110020179554
110020179563
110020179616
110020179625
110020179643
110020179652
110020179661
110020179705
110020179714
110020179732
110020179796
110020179812
110020179849
110020179867
110020179910
110020179947
110020179956
110020179965
110020179974
110020179983
110020179992
110020180007
110020180016
110020180025
110020180034
110020180043
110020180052
110020180070
110020180089
110020180098
110020180114
110020180123
110020180169
110020180196
110020180203
110020180212
110020180221
110020180230
110020180249
110020180258
110020180276
110020180285
110020180329
110020180338
110020180356
110020180365
110020180383
110020180409
110020180418
110020180436
110020180454
110020180463
110020180472
110020180481
110020180490
110020180506
110020180515
110020180524
110020180579
110020180588
110020180631
110020180640
110020180659
110020180668
110020180677
110020180702
110020180711
110020180739
110020180775
110020180793
110020180819
110020180828
110020180837
110020180846
110020180864
110020180873
110020180891
110020180908
110020180926
110020180935
110020180953
110020180962
110020180971
110020180980
110020181006
110020181033
110020181060
110020181088
110020181113
110020181140
110020181159
110020181168
110020181177
110020181211
110020181239
110020181257
110020181275
110020181284
110020181300
110020181337
110020181346
110020181355
110020181382
110020181391
110020181417
110020181435
110020181453
110020181462
110020181471
110020181480
110020181505
110020181514
110020181523
110020181541
110020181621
110020181649
110020181658
110020181667
110020181685
110020181694
110020181729
110020181747
110020181756
110020181765
110020181774
110020181783
110020181792
110020181845
110020181881
110020181907
110020181925
110020181934
110020181943
110020181952
110020181961
110020181970
110020181998
110020182023
110020182032
110020182069
110020182096
110020182103
110020182112
110020182130
110020182158
110020182167
110020182194
110020182201
110020182247
110020182256
110020182265
110020182283
110020182318
110020182327
110020182345
110020182354
110020182363
110020182372
110020182425
110020182470
110020182489
110020182498
110020182504
110020182540
110020182559
110020182586
110020182595
110020182611
110020182620
110020182639
110020182657
110020182666
110020182684
110020182719
110020182773
110020182817
110020182826
110020182835
110020182844
110020182853
110020182862
110020182880
110020182906
110020182915
110020182979
110020182997
110020183022
110020183077
110020183095
110020183148
110020183166
110020183193
110020183228
110020183264
110020183291
110020183308
110020183326
110020183335
110020183344
110020183353
110020183362
110020183371
110020183415
110020183497
110020183503
110020183512
110020183521
110020183530
110020183549
110020183558
110020183567
110020183585
110020183601
110020183656
110020183665
110020183674
110020183683
110020183692
110020183727
110020183754
110020183763
110020183807
110020183834
110020183852
110020183889
110020183898
110020183914
110020183923
110020183932
110020183941
110020183950
110020183969
110020183996
110020184003
110020184021
110020184094
110020184147
110020184165
110020184174
110020184209
110020184218
110020184236
110020184263
110020184272
110020184281
110020184290
110020184307
110020184343
110020184361
110020184370
110020184398
110020184423
110020184441
110020184450
110020184469
110020184478
110020184487
110020184511
110020184520
110020184539
110020184548
110020184566
110020184584
110020184593
110020184600
110020184619
110020184637
110020184655
110020184664
110020184673
110020184682
110020184717
110020184753
110020184762
110020184799
110020184833
110020184851
110020184860
110020184879
110020184888
110020184904
110020184940
110020184959
110020184968
110020184995
110020185002
110020185020
110020185039
110020185066
110020185075
110020185084
110020185093
110020185137
110020185146
110020185155
110020185164
110020185182
110020185235
110020185244
110020185253
110020185262
110020185271
110020185299
110020185306
110020185315
110020185342
110020185360
110020185379
110020185404
110020185413
110020185422
110020185431
110020185440
110020185468
110020185510
110020185574
110020185583
110020185618
110020185627
110020185636
110020185672
110020185725
110020185752
110020185789
110020185805
110020185823
110020185850
110020185878
110020185912
110020185930
110020185949
110020185967
110020185985
110020186010
110020186038
110020186047
110020186056
110020186109
110020186118
110020186127
110020186145
110020186154
110020186181
110020186207
110020186216
110020186225
110020186234
110020186243
110020186252
110020186270
110020186289
110020186298
110020186332
110020186350
110020186369
110020186387
110020186403
110020186421
110020186430
110020186449
110020186458
110020186467
110020186476
110020186485
110020186494
110020186500
110020186519
110020186546
110020186555
110020186582
110020186617
110020186626
110020186635
110020186644
110020186653
110020186662
110020186671
110020186706
110020186715
110020186724
110020186751
110020186760
110020186788
110020186797
110020186813
110020186831
110020186877
110020186886
110020186948
110020186957
110020186984
110020186993
110020187028
110020187037
110020187055
110020187064
110020187091
110020187135
110020187144
110020187180
110020187199
110020187215
110020187224
110020187233
110020187251
110020187260
110020187288
110020187297
110020187304
110020187313
110020187322
110020187331
110020187340
110020187395
110020187420
110020187439
110020187448
110020187466
110020187475
110020187484
110020187509
110020187518
110020187527
110020187536
110020187545
110020187563
110020187572
110020187581
110020187607
110020187634
110020187652
110020187698
110020187769
110020187796
110020187821
110020187849
110020187885
110020187894
110020187910
110020187956
110020187965
110020187974
110020187983
110020188009
110020188018
110020188036
110020188054
110020188072
110020188081
110020188090
110020188107
110020188125
110020188143
110020188152
110020188161
110020188189
110020188232
110020188278
110020188287
110020188296
110020188312
110020188401
110020188410
110020188438
110020188456
110020188483
110020188492
110020188526
110020188544
110020188562
110020188571
110020188580
110020188606
110020188615
110020188633
110020188642
110020188651
110020188679
110020188697
110020188713
110020188722
110020188731
110020188768
110020188777
110020188795
110020188802
110020188839
