110020188848
110020188857
110020188866
110020188893
110020188900
110020188919
110020188928
110020188955
110020188964
110020188982
110020189062
110020189071
110020189080
110020189099
110020189106
110020189115
110020189160
110020189188
110020189231
110020189240
110020189259
110020189277
110020189286
110020189320
110020189339
110020189348
110020189375
110020189393
110020189428
110020381139
110020381353
110020381576
110020381601
110020381656
110020381825
110020381950
110020382405
110020382566
110020382968
110020383048
110020383100
110020383244
110020383716
110020384449
110020384831
110020385000
110020385359
110020385377
110020385448
110020385643
110020385894
110020386107
110020386241
110020386544
110020386697
110020386811
110020386955
110020387099
110020387197
110020387375
110020387874
110020387945
110020388043
110020388203
110020388258
110020388436
110020388757
110020388882
110020389079
110020389168
110020389408
110020389514
110020389710
110020389792
110020389827
110020390281
110020390726
110020390799
110020390851
110020390995
110020391119
110020391315
110020392010
110020392234
110020392449
110020393028
110020393206
110020393484
110020393885
110020394125
110020394205
110020394321
110020394429
110020394633
110020395044
110020395124
110020395428
110020395534
110020395909
110020396285
110020396338
110020396481
110020396668
110020396944
110020396999
110020397088
110020397248
110020397587
110020397765
110020397809
110020397934
110020398112
110020398247
110020398274
110020398504
110020398531
110020398559
110020398595
110020399228
110020399362
110020399503
110020399656
110020399816
110020400010
110020400127
110020400350
110020400467
110020401117
110020401527
110020401554
110020401590
110020401625
110020401705
110020401732
110020401849
110020401867
110020401965
110020401992
110020402045
110020402054
110020402232
110020402269
110020402303
110020402321
110020402349
110020402492
110020402508
110020402642
110020402688
110020402713
110020402759
110020402777
110020402811
110020402928
110020402946
110020403008
110020403133
110020403151
110020403204
110020403231
110020403357
110020403375
110020403393
110020403428
110020403464
110020403614
110020403632
110020403669
110020403687
110020403730
110020403758
110020403810
110020403892
110020404025
110020404230
110020404436
110020404588
110020404720
110020405131
110020405266
110020405391
110020405480
110020405694
110020405765
110020405970
110020406041
110020406318
110020406354
110020406390
110020406443
110020406461
110020406648
110020406782
110020406880
110020407790
110020408423
110020408735
110020409057
110020409707
110020409878
110020409976
110020410054
110020410170
110020410250
110020410312
110020410964
110020411053
110020411179
110020411384
110020411641
110020411767
110020411892
110020412007
110020412418
110020412622
110020412846
110020413514
110020413685
110020413756
110020414005
110020414087
110020414283
110020414309
110020415068
110020415460
110020415601
110020415638
110020415816
110020415941
110020416272
110020416389
110020416557
110020416673
110020416717
110020416959
110020417217
110020417529
110020417958
110020418172
110020418216
110020418341
110020418494
110020418706
110020419279
110020419448
110020419563
110020419803
110020419992
110020420070
110020420114
110020420356
110020420613
110020420640
110020420720
110020420800
110020420999
110020421024
110020421042
110020421088
110020421097
110020421168
110020421408
110020421523
110020421596
110020421658
110020421685
110020421729
110020421747
110020421792
110020421890
110020422014
110020422050
110020422103
110020422167
110020422201
110020422256
110020422504
110020422611
110020422657
110020422835
110020422899
110020423013
110020423040
110020423095
110020423120
110020423193
110020423291
110020423308
110020423497
110020423585
110020423601
110020423692
110020423718
110020423754
110020423905
110020423941
110020424012
110020424058
110020424110
110020424147
110020424254
110020424316
110020424325
110020424673
110020424744
110020424771
110020424806
110020424815
110020424833
110020424842
110020424922
110020425128
110020425173
110020425226
110020425538
110020425618
110020425636
110020425752
110020426029
110020426252
110020426323
110020426332
110020426403
110020426546
110020426635
110020426662
110020426779
110020426902
110020426920
110020426993
110020427091
110020427135
110020427224
110020427260
110020427288
110020427313
110020427395
110020427536
110020427607
110020427661
110020427698
110020427778
110020427812
110020427885
110020427929
110020427956
110020428009
110020428161
110020428189
110020428205
110020428269
110020428278
110020428321
110020428401
110020428429
110020428447
110020428508
110020428544
110020428553
110020428651
110020428660
110020428697
110020428722
110020428740
110020428955
110020429008
110020429026
110020429053
110020429071
110020429115
110020429222
110020429231
110020429259
110020429393
110020429419
110020429455
110020429507
110020429561
110020429632
110020429712
110020429883
110020429936
110020430005
110020430050
110020430176
110020430238
110020430700
110020430719
110020430746
110020430773
110020430853
110020430880
110020430951
110020430960
110020430979
110020431086
110020431264
110020431273
110020431335
110020431745
110020431825
110020431843
110020431914
110020432049
110020432129
110020432254
110020432290
110020432389
110020432469
110020432833
110020432904
110020432977
110020433057
110020433155
110020433182
110020433208
110020433226
110020433280
110020433315
110020433422
110020433440
110020433574
110020433663
110020433716
110020433725
110020433805
110020433878
110020433896
110020433930
110020433976
110020434118
110020434145
110020434190
110020434207
110020434225
110020434243
110020434270
110020434298
110020434332
110020434369
110020434403
110020434412
110020434449
110020434485
110020434519
110020434608
110020434617
110020434626
110020434680
110020434715
110020434733
110020434742
110020434760
110020434813
110020434831
110020434877
110020434902
110020434939
110020434957
110020434975
110020435028
110020435117
110020435135
110020435199
110020435233
110020435297
110020435322
110020435359
110020435395
110020435420
110020435439
110020435493
110020435518
110020435536
110020435572
110020435634
110020436170
110020436269
110020436321
110020475467
110020475485
110020475494
110020475635
110020475644
110020475653
110020475662
110020475671
110020475680
110020475699
110020475706
110020475715
110020475724
110020475751
110020475760
110020475779
110020475788
110020475797
110020475804
110020475813
110020475822
110020475831
110020475948
110020475957
110020475966
110020475984
110020475993
110020476000
110020476019
110020476037
110020476046
110020476055
110020476064
110020476073
110020476082
110020476091
110020476108
110020476126
110020476135
110020476144
110020476153
110020476162
110020476171
110020476180
110020476199
110020478115
110020478357
110020478687
110020478794
110020478801
110020480433
110020480442
110020480451
110020480479
110020480629
110020480727
110020480852
110020481012
110020481842
110020481851
110020487622
110020487631
110020487659
110020487668
110020488060
110020488088
110020488328
110020488337
110020488346
110020488355
110020488364
110020488373
110020488382
110020488391
110020488408
110020488417
110020488426
110020488444
110020488453
110020488462
110020488480
110020488499
110020488505
110020488514
110020488523
110020488532
110020488569
110020488578
110020488587
110020488596
110020488603
110020488612
110020488621
110020488630
110020488649
110020488658
110020488667
110020488676
110020488685
110020488701
110020488710
110020488729
110020488738
110020488747
110020488756
110020488765
110020488774
110020488792
110020488809
110020488818
110020488827
110020488836
110020488845
110020488854
110020488863
110020488872
110020488881
110020488890
110020488907
110020488916
110020488925
110020488934
110020488943
110020488952
110020488961
110020488970
110020488989
110020488998
110020489005
110020489014
110020489023
110020489032
110020489041
110020489050
110020489069
110020489078
110020489087
110020489096
110020489103
110020489112
110020489121
110020489130
110020489149
110020489158
110020489167
110020489176
110020489194
110020489354
110020489363
110020489372
110020489381
110020489407
110020489416
110020489425
110020489434
110020489443
110020489452
110020489461
110020489470
110020489489
110020489498
110020489871
110020489880
110020489924
110020489933
110020489951
110020496266
110020496275
110020496293
110020496319
110020496328
110020496408
110020496417
110020496426
110020496435
110020496453
110020496462
110020496499
110020496630
110020496649
110020497336
110020497443
110020497461
110020497470
110020497489
110020497498
110020497504
110020497522
110020497531
110020497639
110020497648
110020497657
110020497960
110020497979
110020497997
110020498022
110020498031
110020498040
110020498059
110020498077
110020498086
110020498095
110020498111
110020498120
110020498139
110020498148
110020498157
110020498219
110020498228
110020498237
110020498246
110020498308
110020499192
110020499307
110020499316
110020499511
110020499520
110020499557
110020500420
110020500493
110020500509
110020500527
110020500536
110020500554
110020500563
110020500581
110020500607
110020500625
110020500885
110020500894
110020500901
110020500929
110020500938
110020500947
110020501517
110020501884
110020501893
110020501900
110020501946
110020501964
110020502008
110020502865
110020502909
110020502918
110020502954
110020502972
110020502990
110020503061
110020503150
110020503187
110020503203
110020503212
110020503695
110020503720
110020503739
110020503935
110020503953
110020503971
110020503980
110020505023
110020505032
110020505078
110020505087
110020505096
110020505112
110020505121
110020505639
110020506889
110020506898
110020506905
110020506914
110020506923
110020506932
110020506950
110020506987
110020506996
110020507003
110020507012
110020507423
110020507432
110020507441
110020507496
110020507511
110020507548
110020507566
110020508244
110020508262
110020508271
110020508280
110020508299
110020508306
110020508315
110020508324
110020508333
110020508342
110020508360
110020508379
110020508388
110020508397
110020508404
110020508422
110020508440
110020508459
110020508468
110020508477
110020508495
110020508501
110020508510
110020508529
110020508538
110020508547
110020508556
110020508565
110020508574
110020508583
110020508592
110020508609
110020508752
110020509216
110020509225
110020509234
110020509243
110020509270
110020509298
110020509305
110020509314
110020509332
110020509341
110020509350
110020509369
110020509378
110020509387
110020509396
110020509403
110020509412
110020509421
110020509430
110020509449
110020509458
110020509528
110020509537
110020509546
110020509573
110020510179
110020510482
110020510918
110020510936
110020510945
110020510954
110020510963
110020510972
110020511007
110020511016
110020511061
110020511089
110020511098
110020511114
110020511132
110020511169
110020511472
110020511944
110020511971
110020511980
110020514077
110020516388
110020516832
110020516841
110020516850
110020516869
110020516878
110020516887
110020516896
110020516912
110020516921
110020516930
110020517190
110020517207
110020517216
110020517225
110020517252
110020517261
110020517298
110020517298
110020517314
110020517323
110020517332
110020517350
110020517369
110020517396
110020517403
110020517412
110020517430
110020517449
110020517715
110020517733
110020517742
110020517751
110020517760
110020517779
110020517788
110020517804
110020517822
110020517840
110020517859
110020517868
110020517877
110020517886
110020517895
110020517902
110020517911
110020517911
110020517920
110020517939
110020517948
110020517957
110020517966
110020517975
110020517984
110020517993
110020518046
110020518055
110020518064
110020518073
110020518082
110020518091
110020518108
110020518117
110020518126
110020518135
110020518144
110020518162
110020518199
110020518206
110020518215
110020518224
110020518233
110020518242
110020518251
110020518260
110020518279
110020518288
110020518297
110020518304
110020518439
110020518457
110020518466
110020518475
110020518484
110020518493
110020519385
110020519394
110020519401
110020519429
110020519438
110020519456
110020519465
110020519474
110020519492
110020519508
110020519517
110020519526
110020519544
110020519553
110020519571
110020519580
110020519599
110020519606
110020519615
110020519624
110020519633
110020519651
110020519660
110020519697
110020519704
110020519713
110020519731
110020519740
110020519768
110020519795
110020519811
110020519848
110020519866
110020519919
110020519928
110020519946
110020519964
110020519973
110020519982
110020519991
110020520006
110020520024
110020520033
110020520051
110020520060
110020520097
110020520113
110020520122
110020520140
110020520159
110020520186
110020520195
110020520220
110020520239
110020520248
110020520266
110020520275
110020520293
110020520328
110020520337
110020520346
110020520355
110020520364
110020520373
110020520382
110020520408
110020520417
110020520426
110020520435
110020520444
110020520471
110020520499
