110020520532
110020520541
110020520550
110020520569
110020520578
110020520587
110020520596
110020520603
110020520612
110020520621
110020520630
110020520649
110020520658
110020520676
110020520685
110020520694
110020520710
110020520729
110020520738
110020520747
110020520783
110020520792
110020520809
110020520827
110020520836
110020520845
110020520854
110020520863
110020520872
110020520907
110020520925
110020520934
110020520952
110020520961
110020520970
110020521005
110020521014
110020521023
110020521032
110020521041
110020521069
110020521078
110020521087
110020521096
110020521103
110020521121
110020521130
110020521149
110020521158
110020521185
110020521194
110020521201
110020521229
110020521247
110020521256
110020521265
110020521274
110020521327
110020521336
110020521345
110020521354
110020521363
110020521372
110020521381
110020521407
110020521425
110020521443
110020521452
110020521470
110020521489
110020521498
110020521513
110020521522
110020521531
110020521540
110020521577
110020521586
110020521602
110020521639
110020521648
110020521657
110020521675
110020521684
110020521693
110020521700
110020521728
110020521737
110020521746
110020521773
110020521782
110020521791
110020521808
110020521817
110020521853
110020521862
110020521871
110020521880
110020521899
110020521906
110020521915
110020521924
110020521933
110020521942
110020521951
110020521979
110020522004
110020522013
110020522022
110020522031
110020522059
110020522095
110020522102
110020522111
110020522120
110020522139
110020522148
110020522166
110020522175
110020522184
110020522193
110020522237
110020522246
110020522264
110020522273
110020522282
110020522291
110020522308
110020522335
110020522344
110020522371
110020522399
110020522406
110020522415
110020522424
110020522442
110020522479
110020522488
110020522497
110020522503
110020522512
110020522521
110020522567
110020522576
110020522585
110020522594
110020522601
110020522629
110020522638
110020522647
110020522656
110020522665
110020522674
110020522683
110020522692
110020522709
110020522718
110020522736
110020522745
110020522772
110020522781
110020522790
110020522816
110020522825
110020522834
110020522843
110020522852
110020522870
110020522889
110020522898
110020522905
110020522923
110020522932
110020522941
110020522969
110020522996
110020523003
110020523012
110020523030
110020523049
110020523058
110020523067
110020523101
110020523110
110020523138
110020523147
110020523156
110020523174
110020523183
110020523218
110020523227
110020523236
110020523254
110020523263
110020523272
110020523343
110020523370
110020523398
110020523432
110020523441
110020523469
110020523478
110020523496
110020523502
110020523511
110020523539
110020523548
110020523557
110020523584
110020523799
110020523806
110020523815
110020523824
110020523833
110020523842
110020523860
110020523888
110020523897
110020523904
110020523913
110020523940
110020523959
110020523968
110020523977
110020523986
110020523995
110020524002
110020524011
110020524039
110020524048
110020524057
110020524066
110020524075
110020524084
110020524093
110020524100
110020524137
110020524146
110020524155
110020524164
110020524173
110020524182
110020524191
110020524208
110020524217
110020524235
110020524244
110020524262
110020524271
110020524280
110020524333
110020524342
110020524360
110020524379
110020524397
110020524422
110020524440
110020524477
110020524495
110020524501
110020524529
110020524547
110020524565
110020524574
110020524609
110020524618
110020524636
110020524645
110020524654
110020524672
110020524690
110020524707
110020524743
110020524789
110020524798
110020524805
110020524814
110020524823
110020524832
110020524903
110020524921
110020524958
110020524976
110020524985
110020524994
110020525001
110020525047
110020525056
110020525083
110020525092
110020525181
110020525190
110020525494
110020525519
110020525528
110020525537
110020525546
110020525564
110020525591
110020525608
110020525617
110020525626
110020525635
110020525644
110020525653
110020525662
110020525671
110020525699
110020525706
110020525715
110020525724
110020525733
110020525742
110020525751
110020525760
110020525779
110020525788
110020525797
110020525813
110020525822
110020525831
110020525840
110020525859
110020525868
110020525877
110020525886
110020525902
110020525911
110020525920
110020525939
110020525948
110020525966
110020525975
110020525993
110020526000
110020526019
110020526037
110020526046
110020526055
110020526064
110020526082
110020526091
110020526108
110020526117
110020526126
110020526135
110020526144
110020526153
110020526162
110020526171
110020526180
110020526199
110020526206
110020526215
110020526224
110020526233
110020526251
110020526260
110020526279
110020526288
110020526297
110020526304
110020526313
110020526322
110020526331
110020526340
110020526377
110020526386
110020526402
110020526411
110020526420
110020526475
110020526484
110020526493
110020526509
110020526518
110020526527
110020526536
110020526554
110020526581
110020526616
110020526625
110020526634
110020526643
110020526652
110020526661
110020526670
110020526689
110020526698
110020526714
110020526741
110020526787
110020526830
110020526885
110020526938
110020526956
110020526992
110020527009
110020527152
110020527161
110020527170
110020527189
110020527205
110020527250
110020527269
110020527278
110020527287
110020527296
110020527303
110020527312
110020527321
110020527330
110020527349
110020527367
110020527376
110020527385
110020527394
110020527410
110020527429
110020527438
110020527447
110020527456
110020527465
110020527474
110020527483
110020527492
110020527508
110020527517
110020527526
110020527544
110020527553
110020527571
110020527624
110020527642
110020527651
110020527688
110020527697
110020527713
110020527722
110020527731
110020527740
110020527759
110020527768
110020527777
110020527786
110020527795
110020527802
110020527820
110020527857
110020527875
110020527884
110020527893
110020527900
110020527919
110020527928
110020527937
110020527955
110020527991
110020528008
110020528017
110020528026
110020528053
110020528062
110020528071
110020528106
110020528115
110020528124
110020528133
110020528151
110020528160
110020528179
110020528188
110020528197
110020528204
110020528213
110020528222
110020528231
110020528259
110020528295
110020528311
110020528320
110020528348
110020528366
110020528393
110020528419
110020528437
110020528446
110020528455
110020528464
110020528473
110020528482
110020528491
110020528507
110020528516
110020528525
110020528534
110020528543
110020528552
110020528561
110020528570
110020528589
110020528767
110020528785
110020528810
110020528829
110020528838
110020528847
110020528856
110020528865
110020528874
110020528883
110020528909
110020528927
110020528936
110020528945
110020528972
110020528981
110020528990
110020529007
110020529016
110020529034
110020529043
110020529052
110020529061
110020529070
110020529098
110020529105
110020529114
110020529132
110020529141
110020529150
110020529169
110020529178
110020529203
110020529221
110020529230
110020529249
110020529258
110020529285
110020529294
110020529301
110020529310
110020529347
110020529356
110020529365
110020529374
110020529383
110020529392
110020529409
110020529418
110020529427
110020529436
110020529463
110020529472
110020529490
110020529506
110020529515
110020529524
110020529533
110020529551
110020529560
110020529579
110020529588
110020529597
110020529604
110020529622
110020529677
110020529686
110020529695
110020529748
110020529775
110020529793
110020529837
110020529855
110020529873
110020529891
110020529917
110020529926
110020529935
110020529953
110020529999
110020530004
110020530013
110020530031
110020530040
110020530059
110020530068
110020530086
110020530095
110020530120
110020530139
110020530175
110020530184
110020530193
110020530200
110020530228
110020530237
110020530246
110020530255
110020530264
110020530273
110020530291
110020530308
110020530317
110020530335
110020530344
110020530353
110020530362
110020530371
110020530399
110020530406
110020530415
110020530424
110020530433
110020530442
110020530451
110020530460
110020530479
110020530488
110020530497
110020530512
110020530521
110020530549
110020530558
110020530567
110020530576
110020530585
110020530610
110020530638
110020530647
110020530665
110020530683
110020530692
110020530709
110020530718
110020530727
110020530736
110020530745
110020530754
110020530763
110020530772
110020530781
110020530790
110020530807
110020530816
110020530825
110020530834
110020530852
110020530861
110020530870
110020530889
110020530898
110020530905
110020530923
110020530932
110020530941
110020530950
110020530969
110020530978
110020530987
110020531003
110020531021
110020531076
110020531085
110020531101
110020531156
110020531165
110020531174
110020531183
110020531192
110020531245
110020531254
110020531281
110020531290
110020531307
110020531316
110020531334
110020531343
110020531389
110020531398
110020531414
110020531423
110020531432
110020531469
110020531478
110020531496
110020531502
110020531539
110020531584
110020531593
110020531600
110020531619
110020531664
110020531673
110020531682
110020531691
110020531708
110020531717
110020531726
110020531762
110020531799
110020531806
110020531815
110020531824
110020531833
110020531851
110020531879
110020531888
110020531897
110020531922
110020531931
110020531940
110020531968
110020531977
110020531986
110020531995
110020532002
110020532011
110020532020
110020532048
110020532057
110020532066
110020532075
110020532084
110020532093
110020532100
110020532119
110020532137
110020532146
110020532155
110020532164
110020532182
110020532191
110020532208
110020532217
110020532226
110020532235
110020532244
110020532262
110020532271
110020532306
110020532315
110020532324
110020532333
110020532342
110020532351
110020532360
110020532388
110020532397
110020532413
110020532422
110020532431
110020532440
110020532459
110020532495
110020532501
110020532510
110020532529
110020532538
110020532547
110020532565
110020532574
110020532583
110020532592
110020532609
110020532618
110020532627
110020532636
110020532645
110020532654
110020532672
110020532681
110020532690
110020532707
110020532716
110020532743
110020532752
110020532761
110020532770
110020532798
110020532805
110020532814
110020532823
110020532832
110020532841
110020532850
110020532869
110020532887
110020532903
110020532912
110020532921
110020532949
110020532976
110020532985
110020533001
110020533010
110020533047
110020533056
110020533065
110020533074
110020533109
110020533118
110020533136
110020533145
110020533163
110020533207
110020533225
110020533252
110020533261
110020533305
110020533332
110020533396
110020533412
110020533421
110020533449
110020533458
110020533467
110020533500
110020533528
110020533537
110020533555
110020533564
110020533582
110020533608
110020533617
110020533626
110020533635
110020533644
110020533653
110020533662
110020533671
110020533680
110020533699
110020533706
110020533715
110020533724
110020533733
110020533751
110020533760
110020533779
110020533788
110020533797
110020533804
110020533813
110020533822
110020533831
110020533840
110020533859
110020533868
110020533877
110020533886
110020533895
110020533902
110020533911
110020533920
110020533939
110020533948
110020533957
110020533966
110020533975
110020533984
110020533993
110020534000
110020534019
110020534037
110020534046
110020534055
110020534064
110020534073
110020534091
110020534108
110020534117
110020534126
110020534135
110020534144
110020534153
110020534162
110020534171
110020534180
110020534206
110020534215
110020534224
110020534233
110020534242
110020534251
110020534260
110020534297
110020534304
110020534322
110020534331
110020534368
110020534386
110020534395
110020534411
110020534420
110020534439
110020534448
110020534457
110020534475
110020534484
110020534493
110020534509
110020534518
110020534545
110020534554
110020534563
110020534572
110020534581
110020534590
110020534607
110020534616
110020534625
110020534652
110020534698
110020534714
110020534732
110020534741
110020534750
110020534769
110020534787
110020534796
110020534821
110020534849
110020534876
110020534901
110020534910
110020534929
110020534938
110020534947
110020534956
110020534965
110020534974
110020534992
110020535009
110020535018
110020535027
110020535045
110020535054
110020535081
110020535090
110020535116
110020535125
110020535134
110020535143
110020535152
110020535161
110020535170
110020535189
110020535198
110020535214
110020535232
110020535241
110020535250
110020535269
110020535278
110020535287
110020535303
110020535330
110020535349
110020535358
110020535367
110020535376
110020535385
110020535394
110020535401
110020535410
110020535429
110020535447
110020535456
110020535465
110020535492
110020535508
110020535517
110020535526
110020535535
110020535562
110020535580
110020535599
110020535606
110020535624
110020535633
110020535651
110020535660
110020535697
110020535704
110020535713
110020535722
110020535731
110020535740
110020535759
110020535802
110020535811
110020535848
110020535857
110020535875
110020535893
110020535900
110020535928
110020535955
110020535964
110020535973
