110020535982
110020535991
110020536008
110020536026
110020536035
110020536044
110020536053
110020536099
110020536106
110020536124
110020536133
110020536160
110020536197
110020536204
110020536231
110020536240
110020536259
110020536277
110020536339
110020536348
110020536375
110020536437
110020536491
110020536534
110020536552
110020536570
110020536598
110020536605
110020536623
110020536632
110020536703
110020536758
110020536767
110020536785
110020536794
110020536810
110020536829
110020536838
110020536847
110020536856
110020536865
110020536874
110020536883
110020536927
110020536936
110020536945
110020536954
110020536963
110020536990
110020537007
110020537025
110020537034
110020537061
110020537070
110020537089
110020537098
110020537105
110020537114
110020537123
110020537132
110020537141
110020537150
110020537178
110020537187
110020537196
110020537203
110020537212
110020537221
110020537230
110020537249
110020537258
110020537285
110020537294
110020537301
110020537310
110020537347
110020537374
110020537383
110020537409
110020537418
110020537427
110020537436
110020537445
110020537454
110020537506
110020537515
110020537524
110020537533
110020537542
110020537551
110020537560
110020537579
110020537588
110020537613
110020537622
110020537631
110020537668
110020537686
110020537695
110020537702
110020537739
110020537748
110020537757
110020537766
110020537793
110020537800
110020537819
110020537828
110020537837
110020537846
110020537855
110020537864
110020537873
110020537882
110020537891
110020537908
110020537917
110020537926
110020537935
110020537944
110020537953
110020537962
110020537999
110020538006
110020538015
110020538042
110020538060
110020538097
110020538104
110020538122
110020538131
110020538159
110020538168
110020538177
110020538186
110020538195
110020538202
110020538239
110020538275
110020538284
110020538293
110020538300
110020538328
110020538337
110020538408
110020538426
110020538444
110020538453
110020538462
110020538480
110020538499
110020538505
110020538514
110020538523
110020538541
110020538569
110020538578
110020538596
110020538603
110020538612
110020538621
110020538630
110020538649
110020538658
110020538667
110020538676
110020538694
110020538701
110020538710
110020538738
110020538747
110020538756
110020538765
110020538774
110020538783
110020538792
110020538809
110020538818
110020538827
110020538836
110020538854
110020538863
110020538872
110020538881
110020538890
110020538907
110020538934
110020538961
110020538989
110020538998
110020539014
110020539023
110020539032
110020539050
110020539069
110020539087
110020539103
110020539121
110020539130
110020539158
110020539167
110020539176
110020539201
110020539210
110020539229
110020539238
110020539256
110020539265
110020539292
110020539327
110020539336
110020539345
110020539372
110020539381
110020539390
110020539407
110020539416
110020539425
110020539434
110020539443
110020539452
110020539489
110020539498
110020539504
110020539513
110020539531
110020539559
110020539568
110020539577
110020539586
110020539595
110020539602
110020539611
110020539620
110020539639
110020539693
110020539700
110020539719
110020539728
110020539755
110020539773
110020539808
110020539835
110020539871
110020539942
110020539979
110020540002
110020540011
110020540020
110020540039
110020540048
110020540066
110020540084
110020540128
110020540137
110020540146
110020540182
110020540191
110020540208
110020540235
110020540253
110020540262
110020540271
110020540280
110020540299
110020540315
110020540324
110020540333
110020540351
110020540379
110020540388
110020540397
110020540404
110020540413
110020540422
110020540431
110020540440
110020540459
110020540468
110020540477
110020540486
110020540495
110020540501
110020540538
110020540547
110020540556
110020540565
110020540574
110020540583
110020540592
110020540609
110020540618
110020540627
110020540645
110020540654
110020540663
110020540690
110020540707
110020540716
110020540725
110020540734
110020540743
110020540761
110020540770
110020540798
110020540805
110020540814
110020540823
110020540832
110020540841
110020540869
110020540878
110020540887
110020540903
110020540921
110020540949
110020540958
110020540985
110020540994
110020541010
110020541029
110020541038
110020541047
110020541056
110020541065
110020541074
110020541083
110020541092
110020541109
110020541118
110020541127
110020541136
110020541145
110020541154
110020541163
110020541172
110020541181
110020541234
110020541243
110020541298
110020541332
110020541350
110020541369
110020541378
110020541387
110020541396
110020541412
110020541421
110020541430
110020541458
110020541467
110020541476
110020541485
110020541494
110020541500
110020541528
110020541537
110020541564
110020541573
110020541591
110020541608
110020541617
110020541626
110020541644
110020541653
110020541680
110020541699
110020541706
110020541715
110020541724
110020541733
110020541742
110020541751
110020541760
110020541779
110020541797
110020541822
110020541840
110020541877
110020541886
110020541895
110020541902
110020541911
110020541920
110020541939
110020541948
110020541984
110020542000
110020542019
110020542028
110020542037
110020542046
110020542073
110020542091
110020542108
110020542117
110020542126
110020542144
110020542153
110020542199
110020542206
110020542224
110020542242
110020542251
110020542297
110020542313
110020542322
110020542331
110020542340
110020542359
110020542368
110020542402
110020542411
110020542439
110020542448
110020542457
110020542466
110020542475
110020542509
110020542518
110020542527
110020542536
110020542545
110020542554
110020542563
110020542572
110020542670
110020542689
110020542705
110020542732
110020542741
110020542750
110020542769
110020542778
110020542803
110020542812
110020542821
110020542830
110020542849
110020542858
110020542885
110020542894
110020542901
110020542910
110020542929
110020542938
110020542956
110020542983
110020542992
110020543018
110020543027
110020543063
110020543072
110020543081
110020543090
110020543116
110020543125
110020543134
110020543143
110020543189
110020543223
110020543278
110020543296
110020543321
110020543358
110020543367
110020543376
110020543385
110020543401
110020543410
110020543438
110020543447
110020543456
110020543465
110020543474
110020543483
110020543492
110020543535
110020543544
110020543553
110020543562
110020543571
110020543580
110020543599
110020543606
110020543615
110020543624
110020543633
110020543642
110020543651
110020543660
110020543697
110020543704
110020543731
110020543740
110020543759
110020543768
110020543777
110020543786
110020543802
110020543811
110020543820
110020543884
110020543893
110020543919
110020543928
110020543937
110020543946
110020543955
110020543964
110020543973
110020543982
110020543991
110020544008
110020544017
110020544035
110020544044
110020544053
110020544062
110020544071
110020544106
110020544124
110020544133
110020544142
110020544179
110020544197
110020544213
110020544222
110020544259
110020544268
110020544302
110020544311
110020544348
110020544357
110020544366
110020544393
110020544400
110020544428
110020544446
110020544464
110020544473
110020544491
110020544525
110020544543
110020544552
110020544561
110020544570
110020544589
110020544641
110020544669
110020544678
110020544687
110020544696
110020544730
110020544758
110020544810
110020544838
110020544883
110020544909
110020544918
110020544936
110020544954
110020544981
110020545007
110020545016
110020545025
110020545043
110020545061
110020545070
110020545098
110020545105
110020545114
110020545123
110020545132
110020545141
110020545150
110020545169
110020545178
110020545187
110020545196
110020545212
110020545249
110020545258
110020545267
110020545276
110020545329
110020545347
110020545356
110020545365
110020545374
110020545383
110020545409
110020545418
110020545436
110020545445
110020545454
110020545463
110020545506
110020545515
110020545533
110020545551
110020545579
110020545597
110020545604
110020545622
110020545659
110020545668
110020545677
110020545686
110020545711
110020545720
110020545739
110020545748
110020545757
110020545775
110020545784
110020545793
110020545819
110020545828
110020545837
110020545855
110020545882
110020545891
110020545917
110020545926
110020546328
110020546355
110020546435
110020546453
110020546462
110020546471
110020546480
110020546505
110020546514
110020546523
110020546541
110020546569
110020546578
110020546587
110020546603
110020546621
110020546649
110020546658
110020546667
110020546676
110020546685
110020546694
110020546701
110020546710
110020546738
110020546747
110020546756
110020546765
110020546774
110020546792
110020546809
110020546818
110020546827
110020546863
110020546872
110020546907
110020546925
110020546934
110020546943
110020546952
110020546970
110020546989
110020546998
110020547005
110020547014
110020547032
110020547041
110020547050
110020547069
110020547103
110020547130
110020547167
110020547176
110020547185
110020547194
110020547201
110020547210
110020547522
110020547531
110020547559
110020547568
110020547577
110020547586
110020547595
110020547602
110020547611
110020547639
110020547648
110020547675
110020547700
110020547719
110020548068
110020548102
110020548111
110020548120
110020548139
110020548148
110020548157
110020548166
110020548175
110020548184
110020548193
110020548200
110020548246
110020548255
110020548264
110020548308
110020548317
110020548326
110020548335
110020548344
110020548353
110020548362
110020548371
110020548380
110020548399
110020548415
110020548442
110020548451
110020548460
110020548479
110020548488
110020548497
110020548503
110020548512
110020548521
110020548530
110020548558
110020548567
110020548576
110020548585
110020548594
110020548629
110020548647
110020548656
110020548674
110020548683
110020548692
110020548709
110020548718
110020548727
110020548736
110020548745
110020548754
110020548790
110020548825
110020548834
110020548843
110020548852
110020548861
110020548905
110020548914
110020548923
110020548941
110020548969
110020548978
110020548996
110020549003
110020549021
110020549030
110020549067
110020549094
110020549129
110020549138
110020549147
110020549156
110020549165
110020549174
110020549183
110020549209
110020549218
110020549236
110020549254
110020549263
110020549281
110020549290
110020549708
110020549717
110020549726
110020549735
110020549753
110020549762
110020549771
110020549780
110020549799
110020549824
110020549833
110020549842
110020549851
110020549860
110020549888
110020549897
110020549904
110020549913
110020549922
110020549931
110020549940
110020549959
110020549968
110020549977
110020549995
110020550009
110020550027
110020550036
110020550045
110020550063
110020550107
110020550116
110020550125
110020550134
110020550152
110020550161
110020550170
110020550189
110020550205
110020550214
110020550232
110020550376
110020550401
110020550410
110020550429
110020550438
110020550456
110020550465
110020550508
110020550517
110020550544
110020550571
110020550580
110020550615
110020550633
110020550660
110020550679
110020550688
110020550704
110020550713
110020550731
110020550740
110020550759
110020550768
110020550786
110020550795
110020550802
110020550811
110020550839
110020550866
110020550875
110020550884
110020550900
110020550937
110020550946
110020550964
110020550973
110020550982
110020550991
110020551026
110020551035
110020551044
110020551053
110020551071
110020551099
110020551106
110020551115
110020551133
110020551142
110020551151
110020551160
110020551179
110020551197
110020551204
110020551213
110020551231
110020551277
110020551295
110020551302
110020551320
110020551339
110020551357
110020551366
110020551375
110020551384
110020551393
110020551419
110020551428
110020551437
110020551446
110020551455
110020551464
110020551473
110020551482
110020551491
110020551507
110020551516
110020551534
110020551543
110020551552
110020551561
110020551570
110020551589
110020551598
110020551605
110020551614
110020551623
110020551632
110020551650
110020551669
110020551678
110020551687
110020551696
110020551703
110020551721
110020551730
110020551749
110020551758
110020551767
110020551785
110020551794
110020551801
110020551810
110020551838
110020551856
110020551865
110020551918
110020551927
110020551936
110020551954
110020551963
110020551972
110020551981
110020551990
110020552007
110020552016
110020552034
110020552043
110020552052
110020552070
110020552089
110020552105
110020552132
110020552178
110020552203
110020552212
110020552230
110020552249
110020552258
110020552267
110020552285
110020552294
110020552301
110020552329
110020552347
110020552365
110020552374
110020552383
110020552418
110020552445
110020552454
110020552463
110020552481
110020552490
110020552506
110020552515
110020552524
110020552542
110020552551
110020552579
110020552588
110020552597
110020552613
110020552622
110020552631
110020552659
110020552668
110020552677
110020552686
110020552711
110020552720
110020552739
110020552748
110020552757
110020552766
110020552775
110020552800
110020552819
110020552837
110020552846
110020552873
110020552882
110020552891
110020552908
110020552917
110020552935
110020552944
110020552980
110020552999
