110020553015
110020553024
110020553033
110020553042
110020553051
110020553079
110020553122
110020553131
110020553159
110020553186
110020553195
110020553220
110020553239
110020553248
110020553266
110020553275
110020553284
110020553293
110020553337
110020553364
110020553373
110020553382
110020553391
110020553408
110020553417
110020553426
110020553444
110020553453
110020553462
110020553471
110020553499
110020553505
110020553578
110020553596
110020553603
110020553630
110020553667
110020553685
110020553694
110020553701
110020553710
110020553738
110020553747
110020553756
110020553765
110020553774
110020553783
110020553792
110020553827
110020553836
110020553863
110020553872
110020553881
110020553890
110020553907
110020553916
110020553925
110020553952
110020553961
110020553970
110020553989
110020553998
110020554005
110020554032
110020554041
110020554050
110020554078
110020554087
110020554112
110020554185
110020554247
110020554265
110020554274
110020554292
110020554309
110020554318
110020554327
110020554336
110020554354
110020554363
110020554372
110020554407
110020554416
110020554425
110020554434
110020554443
110020554452
110020554461
110020554470
110020554489
110020554498
110020554504
110020554513
110020554531
110020554540
110020554568
110020554595
110020554602
110020554611
110020554620
110020554648
110020554666
110020554675
110020554684
110020554693
110020554700
110020554737
110020554746
110020554755
110020554782
110020554808
110020554826
110020554835
110020554844
110020554853
110020554862
110020554880
110020554899
110020554906
110020554924
110020554942
110020554951
110020554960
110020554979
110020554988
110020554997
110020555004
110020555013
110020555040
110020555059
110020555068
110020555077
110020555086
110020555095
110020555120
110020555139
110020555148
110020555166
110020555184
110020555200
110020555219
110020555264
110020555273
110020555282
110020555291
110020555308
110020555317
110020555344
110020555380
110020555399
110020555406
110020555415
110020555433
110020555442
110020555512
110020555549
110020555558
110020555567
110020555576
110020555594
110020555601
110020555610
110020555629
110020555647
110020555852
110020555870
110020555898
110020555905
110020555923
110020555941
110020555950
110020555969
110020555978
110020555996
110020556003
110020556021
110020556030
110020556049
110020556058
110020556067
110020556094
110020556101
110020556110
110020556129
110020556156
110020556174
110020556183
110020556218
110020556227
110020556245
110020556254
110020556272
110020556281
110020556290
110020556307
110020556316
110020556343
110020556352
110020556370
110020556389
110020556398
110020556405
110020556432
110020556469
110020556478
110020556496
110020556502
110020556520
110020556539
110020556548
110020556566
110020556584
110020556593
110020556637
110020556655
110020556664
110020556682
110020556691
110020556717
110020556735
110020556753
110020556762
110020556771
110020556806
110020556842
110020556851
110020556860
110020556879
110020556922
110020556931
110020556940
110020556959
110020556968
110020556986
110020556995
110020557002
110020557039
110020557075
110020557084
110020557501
110020557510
110020557529
110020557538
110020557547
110020557556
110020557592
110020557618
110020557627
110020557636
110020557654
110020557663
110020557681
110020557707
110020557734
110020557743
110020557752
110020557770
110020557798
110020557814
110020557823
110020557832
110020557869
110020557887
110020557896
110020557903
110020557912
110020557921
110020557949
110020557958
110020557967
110020557976
110020557985
110020557994
110020558001
110020558010
110020558038
110020558047
110020558056
110020558065
110020558074
110020558083
110020558109
110020558127
110020558136
110020558145
110020558154
110020558163
110020558172
110020558181
110020558190
110020558216
110020558234
110020558243
110020558252
110020558261
110020558270
110020558298
110020558314
110020558323
110020558332
110020558350
110020558369
110020558378
110020558387
110020558396
110020558421
110020558449
110020558458
110020558467
110020558476
110020558494
110020558500
110020558519
110020558528
110020558537
110020558546
110020558555
110020558564
110020558573
110020558582
110020558591
110020558608
110020558617
110020558626
110020558671
110020558680
110020558699
110020559153
110020559180
110020559224
110020559251
110020559279
110020559304
110020559313
110020559322
110020559331
110020559340
110020559359
110020559377
110020559386
110020559395
110020559402
110020559411
110020559420
110020559439
110020559448
110020559457
110020559466
110020559475
110020559484
110020559493
110020559509
110020559518
110020559527
110020559536
110020559545
110020559554
110020559572
110020559581
110020559590
110020559607
110020559616
110020559625
110020559634
110020559643
110020559670
110020559689
110020559705
110020559714
110020559723
110020559732
110020559750
110020559769
110020559778
110020559787
110020559803
110020559812
110020559821
110020559830
110020559849
110020559867
110020559885
110020559894
110020559910
110020559938
110020559956
110020559983
110020560034
110020560043
110020560061
110020560070
110020560132
110020560141
110020560150
110020560169
110020560178
110020560187
110020560196
110020560203
110020560212
110020560230
110020560249
110020560276
110020560285
110020560310
110020560329
110020560338
110020560347
110020560356
110020560365
110020560374
110020560855
110020560864
110020560873
110020560891
110020560908
110020560917
110020560926
110020560944
110020560962
110020560971
110020560999
110020561006
110020561015
110020561033
110020561042
110020561051
110020561060
110020561079
110020561088
110020561097
110020561104
110020561113
110020561131
110020561140
110020561159
110020561211
110020561239
110020561257
110020561266
110020561275
110020561293
110020561300
110020561337
110020561355
110020561373
110020561382
110020561391
110020561408
110020561417
110020561444
110020561453
110020561462
110020561471
110020561480
110020561505
110020561514
110020561523
110020561541
110020561569
110020561630
110020561649
110020561658
110020561667
110020561676
110020561685
110020561694
110020561701
110020561729
110020561747
110020561765
110020561774
110020561783
110020561809
110020561818
110020561827
110020561845
110020561854
110020561863
110020561872
110020561907
110020561925
110020561934
110020561961
110020561989
110020561998
110020562005
110020562014
110020562023
110020562032
110020562041
110020562050
110020562443
110020562452
110020562461
110020562504
110020562513
110020562522
110020562531
110020562540
110020562559
110020562577
110020562602
110020562620
110020562639
110020562657
110020562666
110020562675
110020562684
110020562700
110020562719
110020562728
110020562737
110020562746
110020562764
110020562773
110020562791
110020562808
110020562844
110020562853
110020562862
110020562899
110020562906
110020562915
110020562924
110020562933
110020562960
110020562979
110020562988
110020562997
110020563004
110020563013
110020563031
110020563040
110020563059
110020563068
110020563086
110020563102
110020563111
110020563120
110020563148
110020563157
110020563166
110020563175
110020563184
110020563193
110020563200
110020563237
110020563246
110020563255
110020563264
110020563273
110020563291
110020563308
110020563326
110020563353
110020563362
110020563380
110020563399
110020563406
110020563415
110020563424
110020563433
110020563442
110020563451
110020563460
110020563479
110020563488
110020563497
110020563503
110020563512
110020563521
110020563530
110020563558
110020563567
110020563576
110020563585
110020563594
110020563601
110020563629
110020563647
110020563665
110020564147
110020564165
110020564174
110020564209
110020564236
110020564245
110020564254
110020564263
110020564272
110020564281
110020564290
110020564307
110020564316
110020564325
110020564334
110020564370
110020564398
110020564405
110020564414
110020564423
110020564432
110020564450
110020564502
110020564511
110020564520
110020564539
110020564548
110020564566
110020564575
110020564593
110020564600
110020564619
110020564628
110020564646
110020564655
110020564664
110020564673
110020564682
110020564726
110020564735
110020564762
110020564771
110020564780
110020564806
110020564815
110020564833
110020564842
110020564860
110020564879
110020564897
110020564913
110020564922
110020564931
110020564940
110020564959
110020564968
110020564986
110020564995
110020565011
110020565020
110020565075
110020565100
110020565128
110020565137
110020565146
110020565155
110020565164
110020565191
110020565217
110020565244
110020565262
110020565299
110020565315
110020565789
110020565798
110020565841
110020565850
110020565869
110020565878
110020565896
110020565985
110020565994
110020566038
110020566047
110020566056
110020566065
110020566074
110020566083
110020566109
110020566118
110020566136
110020566154
110020566163
110020566172
110020566181
110020566190
110020566207
110020566216
110020566234
110020566243
110020566252
110020566270
110020566289
110020566298
110020566305
110020566314
110020566332
110020566378
110020566387
110020566403
110020566412
110020566430
110020566458
110020566467
110020566494
110020566500
110020566519
110020566528
110020566573
110020566582
110020566591
110020566626
110020566635
110020566644
110020566653
110020566699
110020566706
110020566715
110020566742
110020566751
110020566760
110020566788
110020566797
110020566804
110020566822
110020566831
110020566859
110020566902
110020566911
110020566939
110020566948
110020566975
110020566984
110020566993
110020567000
110020567019
110020567028
110020567037
110020567448
110020567466
110020567475
110020567493
110020567518
110020567527
110020567536
110020567563
110020567607
110020567616
110020567634
110020567643
110020567652
110020567661
110020567689
110020567698
110020567705
110020567714
110020567723
110020567741
110020567769
110020567778
110020567787
110020567796
110020567803
110020567812
110020567830
110020567849
110020567858
110020567867
110020567885
110020567901
110020567910
110020567929
110020567938
110020567974
110020568018
110020568054
110020568063
110020568090
110020568116
110020568125
110020568134
110020568143
110020568189
110020568205
110020568223
110020568232
110020568241
110020568269
110020568278
110020568287
110020568312
110020568321
110020568330
110020568358
110020568367
110020568376
110020568385
110020568394
110020568401
110020568410
110020568429
110020568438
110020568447
110020568456
110020568465
110020568508
110020568517
110020568526
110020568544
110020568553
110020568562
110020568571
110020568599
110020568606
110020568615
110020568633
110020568660
110020568713
110020568759
110020568964
110020568973
110020568982
110020568991
110020569053
110020569062
110020569071
110020569099
110020569106
110020569115
110020569124
110020569133
110020569142
110020569151
110020569160
110020569179
110020569188
110020569204
110020569213
110020569222
110020569231
110020569240
110020569259
110020569286
110020569295
110020569302
110020569320
110020569357
110020569366
110020569375
110020569384
110020569400
110020569419
110020569428
110020569437
110020569446
110020569473
110020569507
110020569525
110020569543
110020569552
110020569561
110020569623
110020569641
110020569650
110020569669
110020569703
110020569712
110020569721
110020569730
110020569749
110020569758
110020569767
110020569776
110020569785
110020569794
110020569810
110020569838
110020569856
110020569865
110020569874
110020569909
110020569918
110020569936
110020569954
110020569963
110020569972
110020569981
110020569990
110020570023
110020570032
110020570041
110020570050
110020570069
110020570078
110020570087
110020570103
110020570112
110020570121
110020570130
110020570149
110020570158
110020570176
110020570194
110020570201
110020570210
110020570666
110020570684
110020570737
110020570746
110020570755
110020570782
110020570791
110020570835
110020570844
110020570853
110020570871
110020570880
110020570899
110020570906
110020570915
110020570924
110020570933
110020570942
110020570951
110020570960
110020570988
110020570997
110020571004
110020571013
110020571022
110020571031
110020571040
110020571059
110020571086
110020571095
110020571102
110020571148
110020571157
110020571166
110020571175
110020571184
110020571193
110020571200
110020571246
110020571255
110020571282
110020571308
110020571326
110020571335
110020571344
110020571362
110020571371
110020571380
110020571406
110020571415
110020571424
110020571433
110020571442
110020571451
110020571460
110020571479
110020571497
110020571503
110020571521
110020571549
110020571558
110020571567
110020571576
110020571647
110020571656
110020571683
110020571718
110020571727
110020571745
110020571754
110020571772
110020571781
110020571790
110020571825
110020571843
110020572682
110020573627
110020573636
110020573645
110020573654
110020573663
110020573672
110020573690
110020573707
110020573734
110020573743
110020573752
110020573761
110020573770
110020573789
110020573798
110020573805
110020573814
110020573823
110020573832
110020574653
110020574662
110020574671
110020574680
110020574699
110020574724
110020574742
110020574760
