110020575251
110020575260
110020575288
110020575297
110020575304
110020575331
110020575359
110020575377
110020575386
110020575395
110020575402
110020575439
110020575448
110020575457
110020575475
110020575493
110020575509
110020575518
110020575581
110020578196
110020578212
110020578249
110020578542
110020578551
110020578597
110020578640
110020578793
110020578819
110020579266
110020579603
110020579612
110020579756
110020579783
110020579792
110020579809
110020579818
110020579836
110020579845
110020581039
110020581690
110020581707
110020581716
110020581841
110020581850
110020581869
110020581896
110020582163
110020582172
110020582181
110020582190
110020582207
110020582216
110020582225
110020583215
110020583377
110020602230
110020602249
110020609723
110020611970
110020614539
110020616323
110020616332
110020662488
110020662497
110020662512
110020662521
110020662530
110020662549
110020662558
110020662718
110020662727
110020679979
110020681109
110020685604
110020685935
110020686024
110020686051
110020686827
110020686863
110020686943
110020686952
110020686961
110020686970
110020686989
110020686998
110020688068
110020688264
110020688291
110020688317
110020688601
110020688870
110020688923
110020689021
110020689049
110020689067
110020689254
110020689450
110020689487
110020689502
110020689557
110020689619
110020689673
110020689708
110020689842
110020689913
110020690000
110020690082
110020690144
110020690162
110020690199
110020690224
110020690279
110020690313
110020690340
110020690386
110020690448
110020690475
110020690527
110020690661
110020690723
110020690894
110020691018
110020691063
110020691125
110020691143
110020691161
110020691170
110020691232
110020691269
110020691401
110020691465
110020691474
110020691483
110020691508
110020691535
110020691599
110020691615
110020691651
110020691884
110020691937
110020691955
110020692044
110020692231
110020692268
110020692437
110020692446
110020692464
110020692534
110020692650
110020692721
110020693025
110020693132
110020716992
110020717009
110020717027
110020717036
110020717045
110020717054
110020717072
110020717081
110020717090
110020717107
110020717116
110020717125
110020717134
110020717143
110020717152
110020717161
110020717170
110020717189
110020717198
110020717205
110020717232
110020717241
110020717250
110020717278
110020717296
110020717312
110020717330
110020717349
110020717367
110020717376
110020717385
110020717394
110020717410
110020717429
110020717438
110020717474
110020717483
110020717492
110020717544
110020717580
110020717633
110020717688
110020717704
110020717713
110020717740
110020717759
110020717777
110020717795
110020717839
110020717893
110020717900
110020717946
110020717955
110020717964
110020717982
110020718035
110020718099
110020718133
110020718188
110020718222
110020718231
110020718268
110020718286
110020718357
110020718384
110020718393
110020718400
110020718473
110020718491
110020718507
110020718552
110020718561
110020718589
110020718605
110020718623
110020718632
110020718669
110020718678
110020718696
110020718712
110020718730
110020718749
110020718767
110020718776
110020718794
110020718801
110020718838
110020718856
110020718883
110020718892
110020718918
110020718954
110020718981
110020718990
110020719007
110020719025
110020719052
110020719061
110020719070
110020719089
110020719098
110020719105
110020719114
110020719150
110020719169
110020719187
110020719212
110020719221
110020719258
110020719294
110020719301
110020719310
110020719329
110020719338
110020719347
110020719365
110020719374
110020719392
110020719418
110020719454
110020719472
110020719560
110020719597
110020719622
110020719640
110020719711
110020719720
110020719757
110020719882
110020719891
110020719908
110020719917
110020719926
110020719935
110020719953
110020719962
110020719999
110020720031
110020720040
110020720068
110020720077
110020720086
110020720095
110020720120
110020720139
110020720148
110020720157
110020720166
110020720175
110020720184
110020720193
110020720219
110020720228
110020720237
110020720246
110020720255
110020720264
110020720273
110020720282
110020720308
110020720317
110020720326
110020720335
110020720344
110020720353
110020720362
110020720371
110020720399
110020720415
110020720424
110020720442
110020720451
110020720460
110020720479
110020720497
110020720503
110020720512
110020720521
110020720530
110020720549
110020720567
110020720585
110020720594
110020720629
110020720638
110020720665
110020720674
110020720709
110020720754
110020720763
110020720772
110020720790
110020720834
110020720843
110020720870
110020720889
110020720898
110020720923
110020720932
110020721085
110020721147
110020721183
110020721272
110020721316
110020721334
110020721352
110020721370
110020721414
110020721432
110020721450
110020721496
110020721520
110020721557
110020721566
110020721575
110020721593
110020721619
110020721637
110020721646
110020721655
110020721682
110020721691
110020721708
110020721726
110020721744
110020721753
110020721799
110020721913
110020721940
110020721968
110020721986
110020722002
110020722020
110020722048
110020722057
110020722075
110020722093
110020722100
110020722137
110020722146
110020722173
110020722191
110020722217
110020722306
110020722404
110020722440
110020722459
110020722477
110020722486
110020722495
110020722501
110020722510
110020722529
110020722538
110020722547
110020722556
110020722565
110020722574
110020722618
110020722645
110020722654
110020722663
110020722672
110020722681
110020722690
110020722725
110020722734
110020722752
110020722761
110020722770
110020722805
110020722814
110020722841
110020722850
110020722878
110020722887
110020722896
110020722921
110020722930
110020722958
110020722976
110020722994
110020723001
110020723029
110020723047
110020723056
110020723074
110020723083
110020723092
110020723109
110020723118
110020723127
110020723163
110020723172
110020723181
110020723225
110020723234
110020723252
110020723261
110020723270
110020723289
110020723305
110020723314
110020723332
110020723350
110020723387
110020723396
110020723403
110020723430
110020723467
110020723528
110020723546
110020723582
110020723617
110020723644
110020723653
110020723662
110020723671
110020723699
110020723742
110020723751
110020723760
110020723788
110020723804
110020723840
110020723886
110020723902
110020723920
110020723975
110020723984
110020724037
110020724046
110020724055
110020724082
110020724091
110020724135
110020724153
110020724180
110020724199
110020724206
110020724233
110020724242
110020724251
110020724260
110020724279
110020724288
110020724297
110020724304
110020724313
110020724322
110020724331
110020724359
110020724377
110020724386
110020724402
110020724411
110020724420
110020724439
110020724457
110020724466
110020724475
110020724493
110020724527
110020724536
110020724563
110020724643
110020724652
110020724732
110020724750
110020724858
110020724876
110020724901
110020724938
110020724974
110020725269
110020725367
110020725508
110020725768
110020725777
110020725802
110020725811
110020725820
110020725857
110020725866
110020725919
110020725955
110020725973
110020725982
110020726008
110020726026
110020726035
110020726044
110020726053
110020726062
110020726071
110020726099
110020726106
110020726115
110020726142
110020726160
110020726188
110020726213
110020726231
110020726240
110020726259
110020726268
110020726277
110020726295
110020726302
110020726311
110020726320
110020726339
110020726357
110020726366
110020726419
110020726428
110020726437
110020726446
110020726455
110020726464
110020726473
110020726482
110020726491
110020726507
110020726525
110020726534
110020726543
110020726552
110020726570
110020726598
110020726614
110020726632
110020726669
110020726678
110020726696
110020726721
110020726758
110020726767
110020726776
110020726785
110020726794
110020726801
110020726829
110020726847
110020726892
110020726909
110020726945
110020726972
110020727034
110020727052
110020727123
110020727169
110020727178
110020727203
110020727249
110020727301
110020727329
110020727338
110020727347
110020727356
110020727374
110020727409
110020727427
110020727454
110020727463
110020727481
110020727490
110020727506
110020727515
110020727524
110020727533
110020727551
110020727560
110020727579
110020727588
110020727597
110020727604
110020727613
110020727622
110020727640
110020727702
110020727711
110020727775
110020727793
110020727800
110020727828
110020727846
110020727864
110020727891
110020727917
110020727935
110020727944
110020727962
110020727971
110020728042
110020728051
110020728060
110020728079
110020728113
110020728122
110020728131
110020728159
110020728202
110020728275
110020728328
110020728346
110020728364
110020728417
110020728499
110020728532
110020728541
110020728596
110020728630
110020728676
110020728765
110020728836
110020728916
110020729194
110020729390
110020729407
110020729416
110020729425
110020729434
110020729452
110020729461
110020729489
110020729498
110020729531
110020729540
110020729559
110020729595
110020729602
110020729620
110020729639
110020729648
110020729657
110020729666
110020729693
110020729700
110020729719
110020729728
110020729746
110020729764
110020729782
110020729791
110020729808
110020729835
110020729853
110020729862
110020729915
110020729924
110020729960
110020729988
110020730011
110020730048
110020730128
110020730173
110020730333
110020730388
110020730477
110020730495
110020730583
110020730645
110020730716
110020730734
110020730752
110020730798
110020730850
110020730869
110020730896
110020731029
110020731038
110020731145
110020731163
110020731172
110020731216
110020731225
110020731234
110020731243
110020731252
110020731270
110020731289
110020731305
110020731314
110020731323
110020731350
110020731378
110020731467
110020731546
110020731555
110020731591
110020731644
110020731788
110020731813
110020732028
110020732073
110020732091
110020732126
110020732162
110020732171
110020732199
110020732206
110020732420
110020732466
110020732484
110020732493
110020732536
110020732545
110020732554
110020732563
110020732590
110020732910
110020732965
110020732974
110020732992
110020733125
110020733170
110020733198
110020733214
110020733241
110020733287
110020733303
110020733321
110020733330
110020733438
110020733474
110020733526
110020733544
110020733562
110020733599
110020733651
110020733660
110020733704
110020733786
110020733820
110020733875
110020733893
110020733919
110020733928
110020734277
110020734375
110020734516
110020734534
110020734678
110020734696
110020734721
110020734730
110020734749
110020734758
110020734767
110020734776
110020734785
110020734794
110020734865
110020734918
110020734963
110020734981
110020735007
110020735016
110020735105
110020735141
110020735178
110020735187
110020735249
110020735310
110020735329
110020735347
110020735374
110020735383
110020735409
110020735418
110020735524
110020735533
110020735551
110020735739
110020735757
110020737531
110020737540
110020737559
110020737602
110020737611
110020737620
110020737648
110020737657
110020737666
110020737675
110020737693
110020737951
110020737960
110020737979
110020737988
110020737997
110020738013
110020738022
110020738068
110020738175
110020738638
110020738656
110020738665
110020738674
110020738709
110020738718
110020738727
110020738736
110020738745
110020738754
110020738763
110020738772
110020738781
110020738816
110020738825
110020738843
110020738852
110020738861
110020738889
110020738898
110020738905
110020738914
110020738923
110020738932
110020738941
110020738950
110020738969
110020738996
110020739003
110020739030
110020739049
110020739058
110020739067
110020739094
110020739129
110020739147
110020739156
110020739209
110020739227
110020739245
110020739254
110020739263
110020739272
110020739281
110020739290
110020739316
110020739325
110020739352
110020739361
110020739370
110020739389
110020739398
110020739405
110020739664
110020739691
110020739717
110020739726
110020739735
110020739744
110020739824
110020739833
110020739860
110020739879
110020739888
110020739897
110020739904
110020739913
110020739922
110020739940
110020739959
110020739968
110020739986
110020739995
110020740019
110020740028
110020740055
110020740064
110020740091
110020740108
110020740117
110020740126
110020740135
110020740144
110020740153
110020740171
110020740180
110020740199
110020740206
110020740215
110020740527
110020740536
110020740581
110020740590
110020740634
110020740705
110020740723
110020740732
110020740741
110020740750
110020740769
110020740778
110020740796
110020740812
110020740821
110020740830
110020740867
110020740885
110020740894
110020740901
110020740910
110020740947
110020740956
110020740974
110020740983
110020741143
110020741330
110020741367
110020741795
110020741848
110020741866
110020741875
110020741893
110020741946
110020741964
110020741973
110020741982
110020742053
110020742071
110020742106
110020742115
110020742133
110020742623
110020742650
110020742721
110020742810
110020742847
110020742972
110020742981
110020743016
110020743061
110020743070
110020743150
110020743695
110020743828
110020743846
110020743855
110020743864
110020743882
110020743917
110020743926
110020743944
110020743962
