110020743980
110020744033
110020744051
110020744079
110020744097
110020744113
110020744131
110020744168
110020744177
110020745808
110020745853
110020745880
110020745933
110020745942
110020745951
110020745988
110020746004
110020746022
110020746031
110020746059
110020746068
110020746077
110020746095
110020746102
110020746148
110020746157
110020746184
110020746200
110020747441
110020747487
110020747496
110020747502
110020747539
110020749261
110020750702
110020750971
110020750999
110020751006
110020751239
110020751248
110020751257
110020751373
110020753433
110020753442
110020753451
110020753683
110020754183
110020754192
110020754245
110020754254
110020754307
110020754316
110020754343
110020754398
110020754405
110020754432
110020754496
110020770708
110020770717
110020770744
110020771360
110020771805
110020771832
110020771841
110020771887
110020771912
110020771967
110020771976
110020771985
110020772234
110020772378
110020772387
110020772396
110020772430
110020772467
110020772476
110020772868
110020772877
110020772886
110020772895
110020772902
110020773153
110020775400
110020775794
110020775847
110020775892
110020775909
110020775936
110020775945
110020775963
110020775972
110020775990
110020776007
110020776016
110020776070
110020776089
110020776098
110020776105
110020776114
110020776276
110020776285
110020776604
110020777364
110020781849
110020781858
110020781867
110020781885
110020785462
110020786256
110020786265
110020792178
110020792374
110020792383
110020792481
110020792515
110020792631
110020792640
110020794078
110020794452
110020794461
110020794513
110020794586
110020794611
110020794853
110020794915
110020794924
110020794942
110020795013
110020795022
110020795193
110020795200
110020795228
110020795246
110020795326
110020795335
110020795344
110020795353
110020795362
110020795371
110020795380
110020795399
110020795406
110020795683
110020795736
110020795772
110020795843
110020795898
110020795996
110020796003
110020796147
110020796502
110020796520
110020796566
110020796600
110020796762
110020796771
110020796851
110020796860
110020796879
110020796888
110020797280
110020797440
110020797468
110020797510
110020797556
110020797592
110020797618
110020798190
110020798207
110020798519
110020799313
110020799331
110020799340
110020799359
110020799377
110020799439
110020799475
110020799484
110020799493
110020799554
110020800374
110020800383
110020800418
110020800427
110020800436
110020800445
110020800551
110020800560
110020800579
110020800604
110020800686
110020800695
110020800702
110020801328
110020801408
110020801417
110020801612
110020801676
110020801747
110020801792
110020801934
110020801943
110020801961
110020802023
110020802522
110020802531
110020802602
110020802773
110020803139
110020803184
110020803228
110020803246
110020803255
110020803264
110020803273
110020803371
110020803451
110020803460
110020803549
110020803683
110020804450
110020804478
110020804487
110020804502
110020804511
110020804520
110020805137
110020811451
110020811460
110020811558
110020811567
110020811674
110020811692
110020811727
110020811772
110020811781
110020811790
110020811807
110020811816
110020811825
110020811843
110020811870
110020812334
110020812343
110020812352
110020812423
110020812487
110020812502
110020812548
110020812557
110020812584
110020812600
110020812637
110020812708
110020812717
110020813510
110020813529
110020813538
110020813547
110020813565
110020813574
110020813583
110020813592
110020813609
110020813654
110020813770
110020813869
110020813887
110020813896
110020814822
110020814859
110020814868
110020814877
110020814920
110020814939
110020814948
110020814957
110020814966
110020815714
110020815723
110020815849
110020815858
110020815876
110020815885
110020815938
110020815992
110020816090
110020816125
110020816143
110020816964
110020817017
110020817035
110020817044
110020817071
110020817080
110020824580
110020824624
110020824633
110020824660
110020830948
110020830957
110020830975
110020830984
110020831019
110020831028
110020831064
110020831073
110020831082
110020831091
110020831108
110020831117
110020831126
110020831144
110020831171
110020831180
110020831206
110020831215
110020831224
110020831233
110020831242
110020831251
110020831260
110020831279
110020831288
110020831297
110020831304
110020831313
110020831331
110020831340
110020831359
110020831386
110020831395
110020831402
110020831411
110020831420
110020831439
110020831457
110020831466
110020831475
110020831493
110020831518
110020831527
110020831545
110020831563
110020831572
110020831607
110020831616
110020831625
110020831634
110020831643
110020831652
110020831661
110020831670
110020831689
110020831705
110020831714
110020831723
110020831732
110020831741
110020831796
110020831803
110020831812
110020831821
110020831830
110020831849
110020831858
110020831867
110020831885
110020831910
110020831929
110020831938
110020832358
110020832848
110020832955
110020832964
110020833017
110020833179
110020833188
110020833197
110020833204
110020833213
110020833222
110020833240
110020833268
110020833277
110020833295
110020833302
110020833339
110020833357
110020833366
110020833375
110020833384
110020833393
110020833428
110020833437
110020833446
110020833455
110020833464
110020833473
110020833482
110020833491
110020833507
110020833516
110020833525
110020833534
110020833570
110020833589
110020833605
110020833614
110020833623
110020833632
110020833650
110020833669
110020833678
110020833696
110020833703
110020833767
110020833785
110020833801
110020833810
110020833838
110020833847
110020833865
110020833874
110020833883
110020833909
110020833918
110020833927
110020833936
110020833954
110020833981
110020834034
110020834043
110020834052
110020834061
110020834070
110020834089
110020834098
110020834105
110020834114
110020834123
110020834454
110020834463
110020834472
110020834481
110020834515
110020834533
110020834999
110020835006
110020835015
110020835079
110020835088
110020835104
110020835113
110020835122
110020835131
110020835168
110020835177
110020835186
110020835195
110020835202
110020835211
110020835239
110020835248
110020835275
110020835284
110020835319
110020835328
110020835346
110020835373
110020835382
110020835408
110020835578
110020835587
110020835710
110020835756
110020835809
110020835836
110020835907
110020835925
110020835970
110020835998
110020836032
110020836087
110020836112
110020836201
110020836210
110020836309
110020836531
110020836559
110020836568
110020836620
110020836648
110020836657
110020836666
110020836675
110020837282
110020837326
110020837335
110020837371
110020837380
110020837415
110020837424
110020837433
110020837442
110020837451
110020837460
110020837512
110020837521
110020837530
110020837549
110020837558
110020837576
110020837585
110020837594
110020837601
110020837638
110020837674
110020837683
110020837692
110020837709
110020837718
110020837736
110020837754
110020837763
110020837772
110020837781
110020837790
110020837807
110020837834
110020837843
110020837861
110020837870
110020837889
110020837898
110020837914
110020837923
110020837941
110020837969
110020837987
110020838021
110020838030
110020838049
110020838076
110020838094
110020838110
110020838129
110020838138
110020838147
110020838156
110020838165
110020838174
110020838218
110020838227
110020838245
110020838254
110020838281
110020838290
110020838307
110020838316
110020838325
110020838334
110020838343
110020838352
110020838361
110020838389
110020838398
110020838405
110020838423
110020838432
110020838441
110020838450
110020838478
110020838487
110020838511
110020838520
110020838557
110020838575
110020838593
110020838619
110020838628
110020838646
110020838655
110020838708
110020838717
110020838735
110020838744
110020838762
110020838771
110020838780
110020838815
110020838842
110020838851
110020838879
110020838888
110020838897
110020838931
110020838940
110020838968
110020838977
110020839039
110020839057
110020839100
110020839128
110020839137
110020839164
110020839173
110020839182
110020839191
110020839217
110020839235
110020839253
110020839262
110020839280
110020841847
110020841856
110020841865
110020841874
110020841883
110020841892
110020841909
110020841918
110020841927
110020841945
110020841963
110020841981
110020841990
110020842007
110020842025
110020842034
110020842338
110020842347
110020842356
110020842374
110020844746
110020844755
110020844773
110020844782
110020844791
110020844808
110020844817
110020844826
110020844862
110020844871
110020844899
110020844951
110020845022
110020845040
110020845059
110020845068
110020845077
110020845086
110020845095
110020845102
110020845148
110020845157
110020845166
110020845175
110020845200
110020845228
110020845237
110020845246
110020845273
110020846227
110020846389
110020846398
110020846405
110020846423
110020846432
110020846441
110020846469
110020846487
110020851050
110020851069
110020851078
110020851087
110020851595
110020851602
110020851620
110020851639
110020852601
110020852674
110020852709
110020855038
110020856689
110020857250
110020857296
110020857848
110020857857
110020857875
110020857937
110020858641
110020858696
110020862066
110020862075
110020862084
110020862093
110020862574
110020862672
110020862707
110020862725
110020862752
110020862770
110020862823
110020862958
110020862967
110020862976
110020863261
110020863298
110020863305
110020863449
110020863564
110020863804
110020863822
110020863831
110020863975
110020864091
110020864135
110020864402
110020864448
110020864457
110020867114
110020867132
110020870903
110020870921
110020870949
110020870958
110020871172
110020871181
110020871190
110020871225
110020871252
110020871270
110020871298
110020871305
110020871323
110020871332
110020871350
110020871476
110020871485
110020871494
110020871537
110020871555
110020871591
110020871608
110020872064
110020872073
110020872082
110020872091
110020872126
110020872572
110020872581
110020872607
110020872616
110020873205
110020873232
110020873278
110020875739
110020875748
110020875757
110020875766
110020875828
110020875837
110020876818
110020876836
110020876845
110020877880
110020877899
110020877933
110020877942
110020877960
110020877988
110020877997
110020878004
110020878987
110020878996
110020879012
110020879049
110020880849
110020881759
110020881768
110020881875
110020881919
110020881937
110020882106
110020882133
110020882375
110020882419
110020882428
110020882446
110020882464
110020882516
110020882534
110020882543
110020882589
110020882614
110020882623
110020882776
110020882810
110020882874
110020882883
110020882892
110020882918
110020883196
110020883720
110020883748
110020883766
110020883784
110020883800
110020883819
110020884319
110020884337
110020884346
110020884373
110020884382
110020884391
110020884408
110020884417
110020884596
110020884603
110020884612
110020884621
110020884827
110020884845
110020885112
110020885121
110020885586
110020885595
110020885611
110020885620
110020885639
110020885648
110020885657
110020885675
110020886308
110020886326
110020886479
110020886521
110020886585
110020886594
110020886601
110020886638
110020886647
110020886656
110020886665
110020886683
110020886692
110020886727
110020886736
110020886745
110020886754
110020886763
110020886772
110020886781
110020886790
110020886807
110020886816
110020886825
110020886834
110020886843
110020886861
110020886870
110020886889
110020886898
110020886905
110020886914
110020886932
110020886978
110020887012
110020887021
110020887094
110020887101
110020887129
110020887138
110020887147
110020887174
110020887183
110020887192
110020887851
110020887879
110020887888
110020887922
110020887940
110020887968
110020887986
110020888011
110020888039
110020888057
110020888075
110020888128
110020888146
110020888173
110020888182
110020888191
110020888208
110020888217
110020888226
110020888315
110020888333
110020888351
110020888360
110020888388
110020888404
110020888413
110020888431
110020888440
110020888672
110020888752
110020889270
110020889298
110020889323
110020889350
110020889387
110020889412
110020889449
110020889476
110020889500
110020889519
110020889528
110020889546
110020889582
110020889591
110020889617
110020889635
110020889644
110020889662
110020889671
110020889680
110020889699
110020889724
110020889733
110020889742
110020889751
110020890160
110020890507
110020890534
110020890552
110020890561
110020890598
110020890623
110020890650
110020890678
110020890749
110020890767
110020890776
110020890785
110020890801
110020890810
110020890829
110020890838
110020890847
110020890856
110020890865
110020890874
110020890883
110020890909
110020890918
110020890936
110020890945
110020890963
110020890972
110020890990
110020891007
110020891025
110020891034
110020891043
110020891061
110020891070
110020891089
110020891098
110020891114
110020891123
110020891132
110020891150
110020891169
110020891178
110020891187
110020891203
110020891212
110020891230
110020891249
110020891267
110020891276
110020891285
110020891301
110020891310
110020891329
110020891338
110020891347
110020891356
110020891365
110020891374
110020891383
110020891436
110020891445
110020891463
110020891506
110020891515
110020891533
110020891542
