110020891551
110020891560
110020891588
110020891597
110020891604
110020891720
110020891819
110020891846
110020892266
110020892284
110020892300
110020892328
110020892346
110020892364
110020892382
110020892408
110020892426
110020892435
110020892444
110020892471
110020892499
110020892514
110020892532
110020892550
110020892578
110020892587
110020892603
110020892621
110020892658
110020892667
110020892710
110020892747
110020892845
110020892872
110020892934
110020892943
110020892952
110020892961
110020892970
110020892998
110020893032
110020893050
110020893078
110020893489
110020893540
110020893595
110020893611
110020893639
110020893693
110020893728
110020893773
110020893844
110020893871
110020893899
110020893942
110020893960
110020893979
110020893988
110020893997
110020894022
110020894031
110020894059
110020894068
110020894077
110020894086
110020894095
110020894102
110020894120
110020894139
110020894157
110020894175
110020894184
110020894193
110020894219
110020894228
110020894237
110020894246
110020894255
110020894264
110020894282
110020894291
110020894317
110020894326
110020894344
110020894353
110020894371
110020894399
110020894406
110020894415
110020894424
110020894433
110020894442
110020894451
110020894479
110020894488
110020894497
110020894503
110020894521
110020894530
110020894558
110020894567
110020894576
110020894585
110020894601
110020894610
110020894638
110020894647
110020894656
110020894674
110020894683
110020894692
110020894709
110020894718
110020894727
110020894736
110020894763
110020894772
110020894816
110020894834
110020894932
110020894978
110020895049
110020895067
110020895076
110020895085
110020895094
110020895101
110020895129
110020895138
110020895174
110020895183
110020895209
110020895263
110020895272
110020895316
110020895334
110020895361
110020895432
110020895469
110020895487
110020895496
110020895664
110020895682
110020895735
110020895753
110020895762
110020895771
110020895799
110020895815
110020895824
110020895842
110020895851
110020895860
110020895888
110020895904
110020895922
110020895940
110020895977
110020896002
110020896020
110020896057
110020896075
110020896084
110020896100
110020896128
110020896155
110020896182
110020896208
110020896217
110020896226
110020896244
110020896262
110020896280
110020896306
110020896324
110020896342
110020896351
110020896360
110020896397
110020896413
110020896431
110020896440
110020896459
110020896477
110020896486
110020896495
110020896538
110020896556
110020896565
110020896627
110020896672
110020897341
110020897485
110020897519
110020897555
110020897573
110020897608
110020897617
110020897626
110020897635
110020897653
110020897671
110020897813
110020897877
110020899483
110020899508
110020900079
110020900300
110020900319
110020900328
110020900337
110020900391
110020900514
110020900523
110020900532
110020900550
110020902932
110020903012
110020903030
110020903049
110020903067
110020903245
110020903272
110020903325
110020903352
110020903361
110020903370
110020903389
110020903398
110020903664
110020904306
110020906117
110020906992
110020907919
110020908428
110020908883
110020909463
110020909542
110020909579
110020909819
110020910406
110020910433
110020910718
110020911110
110020911343
110020911548
110020911566
110020911968
110020912039
110020912315
110020912574
110020912690
110020912716
110020913001
110020913485
110020913555
110020913617
110020913653
110020913671
110020913680
110020913706
110020913993
110020914135
110020916044
110020916142
110020916632
110020916767
110020916785
110020916829
110020917016
110020917070
110020917123
110020917132
110020917141
110020917392
110020917436
110020917542
110020917551
110020918391
110020918408
110020918612
110020918621
110020918809
110020919354
110020919700
110020919773
110020920100
110020920388
110020920592
110020920609
110020921190
110020921207
110020921216
110020921225
110020921341
110020921519
110020921528
110020921546
110020921555
110020921653
110020921715
110020921957
110020922153
110020922411
110020922572
110020922661
110020923072
110020923125
110020923964
110020924151
110020924357
110020924632
110020926685
110020926907
110020926916
110020926925
110020926943
110020927023
110020929860
110020939831
110020939859
110020940204
110020940213
110020940231
110020941141
110020941301
110020941310
110020941365
110020941383
110020941392
110020941409
110020941427
110020941579
110020941588
110020941926
110020941971
110020941980
110020942195
110020942319
110020942587
110020942774
110020942809
110020943372
110020943381
110020943470
110020943880
110020944193
110020944576
110020944585
110020944610
110020945003
110020945012
110020945049
110020945067
110020945110
110020945129
110020945183
110020945281
110020946173
110020946306
110020946752
110020946789
110020946823
110020947092
110020947243
110020947458
110020947467
110020948313
110020948322
110020948778
110020948796
110020948821
110020948876
110020948885
110020948901
110020948938
110020948965
110020949385
110020949731
110020950238
110020950390
110020950416
110020950470
110020952673
110020953235
110020953565
110020953609
110020953663
110020953681
110020953789
110020953841
110020954001
110020954298
110020954323
110020954421
110020954742
110020954760
110020954831
110020954877
110020954939
110020955064
110020955073
110020955135
110020955144
110020955153
110020955162
110020955171
110020955180
110020955215
110020955224
110020955466
110020955625
110020955698
110020956036
110020956054
110020956116
110020956134
110020956152
110020956223
110020956250
110020956394
110020956410
110020956483
110020956615
110020956633
110020957179
110020957339
110020957473
110020957491
110020957516
110020957758
110020957990
110020958258
110020958267
110020958329
110020958338
110020958347
110020958472
110020958481
110020958882
110020958935
110020959177
110020959211
110020959239
110020959284
110020959300
110020959319
110020959337
110020959774
110020959783
110020959872
110020959934
110020959952
110020959970
110020959998
110020960227
110020960753
110020960851
110020960977
110020960995
110020961459
110020961645
110020961912
110020961921
110020962047
110020962154
110020962163
110020962412
110020962449
110020962458
110020962528
110020962555
110020962733
110020962742
110020962760
110020962975
110020963493
110020964296
110020964802
110020964811
110020964839
110020965437
110020965446
110020965473
110020965570
110020965776
110020966285
110020966294
110020966908
110020966999
110020967042
110020967523
110020967532
110020967934
110020968023
110020968078
110020968274
110020968309
110020968354
110020968657
110020969139
110020969175
110020969184
110020969479
110020969576
110020969585
110020969594
110020969629
110020969638
110020970145
110020970369
110020970984
110020971607
110020971634
110020972054
110020972063
110020972170
110020972198
110020972214
110020972223
110020972241
110020972250
110020972492
110020972508
110020972517
110020972553
110020972811
110020973990
110020975015
110020975275
110020975284
110020976032
110020976050
110020976103
110020976176
110020977585
110020978094
110020978156
110020978165
110020978192
110020978254
110020978290
110020978316
110020978815
110020978824
110020978904
110020978913
110020978922
110020978931
110020979011
110020979789
110020979903
110020980508
110020980722
110020980731
110020981026
110020981222
110020981516
110020981865
110020982329
110020982338
110020982445
110020982677
110020982695
110020982846
110020982855
110020982864
110020982882
110020982891
110020983257
110020983266
110020983827
110020983970
110020985111
110020985656
110020985861
110020987734
110020988323
110020988341
110020988500
110020988528
110020988537
110020988573
110020988635
110020989126
110020989876
110020989885
110020990249
110020990631
110020991284
110020991453
110020991514
110020991532
110020991541
110020991569
110020991578
110020991603
110020992167
110020992176
110020992327
110020992568
110020992773
110020992880
110020992951
110020992979
110020993004
110020993059
110020993068
110020993086
110020993362
110020993399
110020993610
110020993638
110020997028
110020997037
110020997055
110020997082
110020997126
110020997135
110020997144
110020997162
110020997171
110020997206
110020997224
110020997251
110020997288
110020997313
110020997331
110020997377
110020997386
110020997402
110020997420
110020997457
110020997466
110020997484
110020997509
110020997518
110020997536
110020997545
110020997581
110020997607
110020997616
110020997643
110020997652
110020997705
110020997714
110020997750
110020997830
110020997849
110020997858
110020997876
110020997885
110020997901
110020997910
110020997965
110020997974
110020998027
110020998072
110020998143
110020998152
110020998161
110020998198
110020998232
110020998250
110020998269
110020998287
110020998303
110020998358
110020998376
110020998385
110020998410
110020998438
110020998456
110020998492
110020998535
110020998562
110020998571
110020998615
110020998633
110020998642
110020998697
110020998713
110020998740
110020998802
110020998811
110020998839
110020998866
110020998884
110020998900
110020998928
110020998946
110020998955
110020998982
110020998991
110020999080
110020999099
110020999151
110020999160
110020999188
110020999204
110020999240
110020999259
110020999286
110020999295
110020999311
110020999357
110020999366
110020999375
110021001495
110021001501
110021001529
110021001618
110021001627
110021002243
110021002261
110021002270
110021002298
110021002458
110021002485
110021002494
110021002546
110021004839
110021004857
110021004900
110021004946
110021004964
110021004982
110021004991
110021005008
110021005017
110021005026
110021005035
110021006310
110021006338
110021006356
110021006365
110021006374
110021006427
110021006454
110021006463
110021006481
110021006490
110021006515
110021006533
110021006542
110021006551
110021006588
110021006604
110021006613
110021006622
110021006631
110021006640
110021006668
110021006677
110021006695
110021006702
110021006828
110021006837
110021006846
110021006855
110021006864
110021006873
110021006891
110021006917
110021006926
110021006944
110021006971
110021006980
110021007006
110021007033
110021007060
110021007079
110021007088
110021007104
110021007122
110021007131
110021007140
110021007453
110021008808
110021008835
110021008844
110021008853
110021008871
110021008899
110021008915
110021008924
110021008979
110021009004
110021009059
110021009077
110021009086
110021009530
110021009549
110021011858
110021012321
110021015015
110021015097
110021015104
110021015113
110021015195
110021015578
110021015587
110021015783
110021016121
110021016167
110021016176
110021016185
110021016194
110021019360
110021019388
110021019404
110021019440
110021019501
110021019510
110021019538
110021019547
110021019574
110021019592
110021019618
110021019627
110021019654
110021019663
110021019672
110021019707
110021019734
110021019743
110021019752
110021019789
110021019805
110021019814
110021019823
110021019832
110021019850
110021019878
110021019887
110021019896
110021019912
110021019930
110021019958
110021019967
110021019976
110021019985
110021020018
110021020036
110021020081
110021020125
110021020134
110021020321
110021020394
110021020401
110021020410
110021020438
110021020465
110021020474
110021020483
110021020492
110021020508
110021020535
110021020544
110021020553
110021020562
110021020580
110021020615
110021020839
110021020900
110021020982
110021021026
110021021188
110021021213
110021021222
110021021240
110021021259
110021021286
110021021348
110021021357
110021021375
110021021384
110021021393
110021021400
110021021419
110021021446
110021021455
110021021464
110021021482
110021021491
110021021507
110021021525
110021021534
110021021561
110021021570
110021021598
110021021614
110021021641
110021021650
110021021678
110021021703
110021021712
110021021721
110021021749
110021021767
110021021776
110021021785
110021021794
110021021810
110021021829
110021021838
110021021847
110021021892
110021021963
110021022025
110021022070
110021022141
110021022150
110021022338
110021022347
110021022356
110021022365
110021022374
110021022418
110021022427
110021022436
110021022445
110021022463
110021022472
110021022481
110021022506
110021022515
110021022533
110021022542
110021022551
110021022597
110021022604
110021022613
110021022622
110021022631
110021022640
110021022659
110021022677
110021022686
110021022695
110021022702
110021022720
110021022739
110021022748
110021022766
110021022775
110021022800
110021022828
110021022837
110021022846
110021022855
110021022882
110021022891
110021022908
110021022917
110021022926
110021022935
110021022944
110021022999
110021023006
110021023015
110021023033
110021023051
110021023060
110021023079
110021023104
110021023131
110021023140
110021023168
110021023195
110021023202
110021023211
110021023239
110021023248
110021023266
110021023346
110021023373
110021023435
110021023444
110021023453
110021023471
110021023514
110021023523
110021023541
110021023550
110021023603
110021023612
110021023621
110021023630
110021023649
110021023658
110021023685
110021023694
110021023701
110021023738
110021023756
110021023765
110021023934
110021023952
110021023989
