110022000341
110022004926
110022006657
110022010991
110022024423
110022024441
110022024744
110022025299
110022027028
110022027126
110022027368
110022027411
110022027670
110022027698
110022033235
110022033495
110022034216
110022044143
110022051278
110022069811
110022070015
110022070097
110022070104
110022070211
110022070578
110022070621
110022070630
110022071602
110022071728
110022071826
110022071915
110022071960
110022071988
110022072031
110022072068
110022072576
110022073156
110022073183
110022073209
110022073263
110022073325
110022073487
110022073584
110022073824
110022074100
110022074351
110022074431
110022074869
110022075626
110022076858
110022076929
110022077492
110022077535
110022077599
110022077624
110022077679
110022077731
110022078589
110022078892
110022078972
110022078981
110022079025
110022079052
110022079392
110022080237
110022080282
110022080353
110022080380
110022080442
110022081067
110022081263
110022082903
110022083467
110022083494
110022083653
110022083868
110022084073
110022084545
110022085688
110022085875
110022085928
110022086035
110022086277
110022086455
110022087310
110022087472
110022088630
110022089764
110022090217
110022090333
110022090823
110022090887
110022091412
110022091555
110022091626
110022091662
110022091680
110022091699
110022091822
110022092313
110022092331
110022092368
110022092466
110022092484
110022092527
110022092554
110022092625
110022092698
110022092750
110022092787
110022092803
110022092830
110022092858
110022092867
110022092885
110022092910
110022092956
110022093009
110022093072
110022093143
110022093269
110022093401
110022093438
110022093606
110022093740
110022093900
110022093973
110022094124
110022094151
110022094222
110022094240
110022094295
110022094339
110022094348
110022094375
110022094419
110022094437
110022094482
110022094758
110022094794
110022095025
110022095043
110022095374
110022095418
110022095551
110022095622
110022095766
110022095828
110022095935
110022095944
110022096015
110022096051
110022096220
110022096248
110022096257
110022096382
110022096426
110022096471
110022096499
110022096505
110022096532
110022096569
110022096756
110022096765
110022096961
110022097005
110022097023
110022097032
110022097069
110022097087
110022097096
110022097185
110022097265
110022097283
110022097292
110022097318
110022097327
110022097336
110022097345
110022097363
110022097381
110022097390
110022097416
110022097425
110022097443
110022097452
110022097461
110022097498
110022097513
110022097531
110022097559
110022097595
110022097602
110022097639
110022097675
110022097773
110022097951
110022098120
110022098139
110022098255
110022098512
110022098647
110022098656
110022098665
110022098709
110022098736
110022098754
110022098790
110022098807
110022098816
110022098852
110022098861
110022098870
110022098923
110022098941
110022098950
110022098969
110022098978
110022098987
110022099003
110022099012
110022099021
110022099058
110022099067
110022099361
110022099405
110022099655
110022099726
110022099879
110022100028
110022100206
110022100215
110022100224
110022100233
110022100251
110022100260
110022100279
110022100297
110022100331
110022100368
110022100377
110022100402
110022100420
110022100475
110022100527
110022100581
110022100616
110022100634
110022100661
110022100723
110022100732
110022100769
110022101036
110022101107
110022101143
110022101250
110022101358
110022101376
110022101385
110022101606
110022101624
110022101633
110022101642
110022101697
110022101704
110022102044
110022102099
110022102115
110022102133
110022102179
110022102311
110022102375
110022102437
110022102446
110022102552
110022102598
110022102650
110022102687
110022102721
110022102794
110022102990
110022103392
110022103472
110022103490
110022103506
110022103515
110022103597
110022103613
110022103668
110022103864
110022103882
110022103917
110022103935
110022103944
110022104024
110022104104
110022111258
110022111267
110022111347
110022111365
110022111524
110022111686
110022112514
110022112621
110022113700
110022113746
110022113844
110022113979
110022114969
110022114987
110022116413
110022116431
110022116440
110022116459
110022116477
110022117742
110022118849
110022122601
110022123717
110022124636
110022124725
110022124814
110022124949
110022126153
110022127134
110022127143
110022127651
110022128543
110022129837
110022144623
110022150214
110022166751
110022166886
110022170416
110022176045
110022177605
110022178793
110022179550
110022181191
110022185017
110022185339
110022222708
110022222888
110022223235
110022224163
110022224190
110022224564
110022224573
110022224984
110022225242
110022225251
110022225279
110022225297
110022225475
110022225563
110022225581
110022253924
110022254371
110022254585
110022254601
110022256547
110022256896
110022259161
110022259330
110022266153
110022280752
110022280789
110022280921
110022280976
110022280985
110022281010
110022281190
110022281225
110022281252
110022281289
110022281341
110022281412
110022281467
110022281485
110022281500
110022281555
110022281564
110022281582
110022281591
110022281715
110022281760
110022281779
110022281822
110022281840
110022281886
110022281939
110022281957
110022281993
110022282019
110022282037
110022282439
110022282509
110022282554
110022282661
110022282714
110022282812
110022282821
110022282849
110022282867
110022283045
110022283198
110022283205
110022283223
110022283287
110022283312
110022283385
110022284197
110022284829
110022284936
110022285196
110022285203
110022285221
110022285230
110022285249
110022285267
110022285276
110022285301
110022285329
110022285338
110022285347
110022285356
110022285374
110022285383
110022285409
110022285427
110022285490
110022285524
110022285533
110022285551
110022285622
110022285677
110022285757
110022285793
110022285926
110022285999
110022286060
110022286211
110022286293
110022286328
110022286417
110022286499
110022286514
110022286541
110022286569
110022286596
110022286612
110022286630
110022286658
110022286685
110022286792
110022286827
110022286952
110022287032
110022287041
110022287050
110022287069
110022287096
110022287416
110022287791
110022287835
110022288371
110022288512
110022288914
110022288923
110022288941
110022288969
110022289405
110022289780
110022289851
110022289860
110022289897
110022289913
110022289922
110022290064
110022290073
110022290590
110022290607
110022290616
110022290634
110022290698
110022291376
110022291633
110022291893
110022292035
110022292053
110022292758
110022292794
110022292801
110022292829
110022292838
110022293169
110022293187
110022293196
110022293203
110022294907
110022294916
110022295247
110022295844
110022297003
110022297067
110022297085
110022297236
110022297361
110022297414
110022297478
110022297496
110022299298
110022299626
110022301953
110022301962
110022301980
110022302863
110022302907
110022302925
110022302934
110022302952
110022302989
110022303103
110022303121
110022303130
110022303194
110022303238
110022303522
110022305085
110022305138
110022305236
110022305245
110022305254
110022305272
110022305290
110022305325
110022305398
110022305441
110022305469
110022305487
110022305511
110022305575
110022305584
110022305593
110022305664
110022305708
110022305717
110022305735
110022305762
110022305780
110022305806
110022305888
110022305904
110022305968
110022306182
110022306217
110022306262
110022306271
110022306280
110022306299
110022306315
110022306333
110022306342
110022306351
110022306388
110022306440
110022306495
110022306556
110022306574
110022306636
110022306654
110022306681
110022306707
110022306734
110022306798
110022306823
110022306832
110022306850
110022306878
110022306903
110022306912
110022306949
110022306958
110022306985
110022307001
110022307010
110022307029
110022307038
110022307859
110022307939
110022308046
110022308082
110022308117
110022308135
110022308153
110022308199
110022308215
110022308233
110022308242
110022308260
110022308288
110022308304
110022308322
110022308331
110022308457
110022308475
110022308493
110022308509
110022308536
110022308545
110022308554
110022308563
110022308581
110022308616
110022308652
110022308689
110022308723
110022308741
110022308803
110022308830
110022308876
110022308894
110022308929
110022309606
110022309624
110022309642
110022309722
110022309759
110022309802
110022309820
110022309857
110022309866
110022309884
110022309964
110022309982
110022310006
110022310024
110022310042
110022310079
110022310168
110022310186
110022310220
110022310248
110022310300
110022310328
110022310337
110022310346
110022310355
110022310382
110022310435
110022310444
110022310453
110022310462
110022310471
110022310480
110022310499
110022310523
110022310612
110022311648
110022311675
110022311880
110022311899
110022311915
110022311924
110022311933
110022311942
110022311951
110022311960
110022311979
110022311988
110022312004
110022312022
110022312031
110022312059
110022312246
110022312353
110022312371
110022312479
110022312852
110022312889
110022312898
110022312914
110022312932
110022312996
110022313147
110022313218
110022313236
110022313423
110022314084
110022314128
110022314217
110022314226
110022314510
110022314565
110022314618
110022314627
110022314654
110022314663
110022314672
110022315207
110022315225
110022315270
110022315323
110022315332
110022315341
110022315350
110022315369
110022316019
110022316475
110022316493
110022316581
110022316652
110022316965
110022317349
110022317517
110022317688
110022317740
110022317759
110022317802
110022317875
110022317884
110022317900
110022317955
110022318231
110022318446
110022318516
110022318598
110022318605
110022318641
110022318650
110022318669
110022318918
110022318954
110022319052
110022319098
110022319114
110022319123
110022319203
110022319221
110022320095
110022320317
110022320326
110022320335
110022320362
110022320380
110022320683
110022320709
110022320772
110022320996
110022321726
110022322431
110022322672
110022323001
110022323421
110022323591
110022323635
110022323644
110022323653
110022323662
110022323671
110022323680
110022323699
110022323706
110022324108
110022324402
110022324466
110022324509
110022324536
110022324590
110022324643
110022325651
110022325802
110022325811
110022325820
110022325839
110022325848
110022325857
110022326071
110022326570
110022328523
110022328541
110022328925
110022334375
110022398430
110022398644
110022401596
110022404370
110022405949
110022406047
110022406163
110022406207
110022406216
110022406225
110022406243
110022406270
110022406289
110022406298
110022406323
110022406332
110022406369
110022406715
110022406797
110022406859
110022407251
110022407279
110022409017
110022409188
110022409259
110022409302
110022409464
110022409909
110022409990
110022410023
110022410577
110022410602
110022410620
110022410639
110022410675
110022410684
110022410746
110022410773
110022410782
110022410791
110022410808
110022410826
110022410880
110022410951
110022410960
110022410988
110022411166
110022411175
110022411184
110022411193
110022411200
110022411219
110022411228
110022411371
110022411380
110022411665
110022411674
110022411709
110022411718
110022411745
110022411754
110022411763
110022411772
110022411781
110022411807
110022411816
110022411825
110022411834
110022411843
110022411852
110022411861
110022411870
110022411889
110022411898
110022411905
110022411914
110022411941
110022411950
110022411969
110022411978
110022411987
110022411996
110022412012
110022412030
110022412049
110022412067
110022412076
110022412085
110022412101
110022412110
110022412129
110022412138
110022412165
110022412183
110022412245
110022412254
110022412263
110022412272
110022412290
110022412316
110022412325
110022412334
110022412343
110022412352
110022412361
110022412389
110022412405
110022412414
110022412423
110022412432
110022412441
110022412487
110022412511
110022412520
110022412539
110022412548
110022412593
110022412655
110022412682
110022412735
110022412753
110022412780
110022412799
110022412824
110022412833
110022412842
110022412851
110022412860
110022412879
110022412897
110022412904
110022412913
110022412968
110022412977
110022412995
110022413020
110022413048
110022413066
110022413084
110022413100
110022413128
110022413137
110022413164
110022413173
110022413182
110022413191
110022413226
110022413253
110022413271
110022413306
110022413324
110022413477
110022413501
110022413547
110022413574
110022413583
110022413627
110022413672
110022413752
110022413761
110022413770
110022413805
110022413887
110022413896
110022413903
110022413912
110022413921
110022413958
110022413967
110022413976
110022413994
110022414001
110022414010
110022414038
110022414092
110022414154
110022414252
110022414289
110022414314
110022414341
110022414378
110022414387
110022414396
110022414403
110022414412
110022414430
110022414476
110022414617
110022414626
110022414920
110022414966
110022415019
110022415091
110022415135
110022415242
110022415313
110022415411
110022415457
110022415509
110022415545
110022415607
110022415670
110022415698
110022415778
110022415894
110022415901
110022415938
110022416027
110022416045
110022416081
110022416090
110022416143
110022416198
110022416214
110022416232
110022416269
110022416287
