110022416385
110022416401
110022416465
110022416553
110022416571
110022416615
110022416624
110022416633
110022416660
110022416679
110022416731
110022416768
110022416777
110022416786
110022416795
110022416811
110022416839
110022416866
110022416875
110022416900
110022416928
110022416973
110022417008
110022417053
110022417115
110022417151
110022417188
110022417213
110022417231
110022417259
110022417311
110022417339
110022417375
110022417384
110022417437
110022417507
110022417516
110022417552
110022417605
110022417623
110022417669
110022417696
110022417712
110022417721
110022417749
110022417785
110022417794
110022417801
110022417838
110022417856
110022417892
110022417909
110022417918
110022417927
110022417936
110022417972
110022417990
110022418025
110022418043
110022418052
110022418061
110022418098
110022418114
110022418132
110022418141
110022418178
110022418203
110022418249
110022418285
110022418294
110022418329
110022418338
110022418365
110022418418
110022418506
110022418560
110022418579
110022418597
110022418604
110022418613
110022418659
110022418748
110022418757
110022418775
110022418793
110022418819
110022418828
110022418873
110022418908
110022418962
110022418980
110022419006
110022419113
110022419177
110022419177
110022419186
110022419202
110022419248
110022419266
110022419293
110022419346
110022419391
110022419435
110022419462
110022419532
110022419550
110022419612
110022419621
110022419630
110022419765
110022419783
110022419809
110022419836
110022419970
110022420012
110022420030
110022420049
110022420058
110022420281
110022420290
110022420398
110022420423
110022420593
110022420637
110022420655
110022420664
110022420691
110022420708
110022420799
110022420815
110022420824
110022420842
110022420888
110022420904
110022420959
110022421057
110022421146
110022421182
110022421217
110022421280
110022421324
110022421397
110022421431
110022421468
110022421501
110022421510
110022421529
110022421538
110022421592
110022421967
110022422029
110022423554
110022423581
110022423732
110022423741
110022423894
110022423910
110022423947
110022424125
110022424170
110022424205
110022424232
110022424296
110022424349
110022424456
110022424492
110022424580
110022424606
110022424633
110022424660
110022424688
110022424740
110022424768
110022424777
110022424802
110022424928
110022424973
110022425071
110022425080
110022425099
110022425106
110022425115
110022425124
110022425133
110022425151
110022425188
110022425197
110022425231
110022425240
110022425295
110022425302
110022425320
110022425339
110022425348
110022425419
110022425534
110022425589
110022425614
110022425623
110022425632
110022425730
110022425749
110022425838
110022425918
110022425963
110022426016
110022426070
110022426089
110022426114
110022426132
110022426150
110022426276
110022426310
110022426329
110022426347
110022426392
110022426445
110022426472
110022426481
110022426560
110022426588
110022426622
110022426748
110022426757
110022426784
110022426891
110022426935
110022426980
110022427015
110022427042
110022427060
110022427088
110022427097
110022427104
110022427113
110022427131
110022427177
110022427195
110022427220
110022427248
110022427257
110022427266
110022427275
110022427293
110022427300
110022427319
110022427364
110022427417
110022427444
110022427471
110022427505
110022427514
110022427596
110022427603
110022428666
110022428719
110022428746
110022428773
110022428791
110022428826
110022428915
110022428942
110022429013
110022429059
110022429077
110022429095
110022429111
110022429148
110022429157
110022429291
110022429317
110022429326
110022429362
110022429415
110022429433
110022429479
110022429488
110022429497
110022429503
110022429512
110022429549
110022429576
110022430127
110022430172
110022430216
110022430243
110022430378
110022430742
110022430760
110022430788
110022430804
110022430840
110022430877
110022430886
110022430895
110022430902
110022430911
110022430939
110022431607
110022432401
110022432447
110022432483
110022432768
110022432857
110022432900
110022432973
110022432982
110022433008
110022433071
110022433099
110022433124
110022433240
110022433268
110022433357
110022433507
110022433525
110022433534
110022433543
110022433552
110022433570
110022433589
110022433623
110022433669
110022433730
110022433758
110022433776
110022433785
110022433801
110022433856
110022433865
110022433892
110022433945
110022433963
110022433990
110022434025
110022434043
110022434061
110022434089
110022434105
110022434114
110022434141
110022434258
110022434329
110022434347
110022434356
110022434392
110022434490
110022434506
110022435293
110022435364
110022435426
110022435435
110022435499
110022435514
110022435523
110022436032
110022436050
110022436087
110022436158
110022436194
110022436229
110022436238
110022436247
110022436256
110022436265
110022436274
110022436283
110022436292
110022436309
110022436318
110022436327
110022436336
110022436345
110022436354
110022436381
110022436407
110022436416
110022436425
110022436434
110022436452
110022436461
110022436470
110022436489
110022436498
110022436504
110022436522
110022436611
110022436639
110022436675
110022436700
110022436728
110022436746
110022436764
110022436782
110022436835
110022436880
110022436960
110022436988
110022437004
110022437013
110022437031
110022437040
110022437059
110022437736
110022437745
110022437763
110022437772
110022437781
110022437807
110022437816
110022437825
110022437834
110022437852
110022437898
110022438316
110022438325
110022442070
110022447468
110022447477
110022447627
110022447636
110022447645
110022447654
110022447663
110022447672
110022447681
110022447690
110022447707
110022447716
110022447734
110022447743
110022447752
110022447761
110022447770
110022447789
110022447805
110022447814
110022447823
110022447832
110022447841
110022447869
110022447887
110022447896
110022447903
110022447912
110022447930
110022447949
110022447958
110022447967
110022447985
110022447994
110022448001
110022448010
110022448029
110022448038
110022449242
110022449518
110022450337
110022450809
110022451924
110022451933
110022451942
110022451979
110022451997
110022452004
110022452013
110022452022
110022452040
110022452068
110022452077
110022452086
110022452095
110022452102
110022452120
110022452139
110022452148
110022452166
110022452175
110022452184
110022452193
110022452200
110022452219
110022452228
110022452237
110022452264
110022452273
110022452291
110022452308
110022452317
110022452326
110022452335
110022452344
110022452353
110022452371
110022452406
110022452415
110022452424
110022452433
110022452442
110022452451
110022452460
110022452488
110022452497
110022452512
110022452521
110022452549
110022452558
110022452567
110022452576
110022452585
110022452594
110022452610
110022452629
110022452638
110022452647
110022452665
110022452674
110022452709
110022452727
110022452736
110022452745
110022452763
110022452772
110022452807
110022452825
110022452834
110022452843
110022452852
110022452861
110022452898
110022452914
110022452941
110022452950
110022452978
110022452987
110022453003
110022453012
110022453021
110022453049
110022453058
110022453076
110022453101
110022453129
110022453138
110022453147
110022453165
110022453192
110022453209
110022453218
110022453227
110022453236
110022453245
110022453254
110022453263
110022453272
110022453281
110022453290
110022453307
110022453316
110022453334
110022453343
110022453352
110022453361
110022453389
110022453398
110022453405
110022453469
110022453478
110022453496
110022453520
110022453539
110022453548
110022453557
110022453575
110022453584
110022453593
110022453637
110022453646
110022453655
110022453664
110022453682
110022453691
110022453708
110022453717
110022453726
110022453735
110022453753
110022453762
110022453771
110022453806
110022453833
110022453842
110022453879
110022453888
110022453913
110022453922
110022453931
110022453940
110022453959
110022453968
110022453977
110022453995
110022454002
110022454011
110022454020
110022454039
110022454048
110022454066
110022454075
110022454119
110022454146
110022454155
110022454164
110022454182
110022454191
110022454208
110022454244
110022454253
110022454262
110022454271
110022454299
110022454306
110022454315
110022454324
110022454333
110022454342
110022454379
110022454388
110022454397
110022454486
110022454495
110022454510
110022454538
110022454547
110022454556
110022454574
110022454583
110022454592
110022454609
110022454618
110022454627
110022454645
110022454654
110022454663
110022454690
110022454707
110022454823
110022454930
110022455298
110022455332
110022455341
110022455350
110022455608
110022455617
110022455626
110022455635
110022455653
110022455680
110022455724
110022455733
110022455751
110022455760
110022455779
110022455797
110022455813
110022455831
110022455877
110022455886
110022455911
110022455948
110022455966
110022455975
110022455993
110022456000
110022456028
110022456037
110022456046
110022456055
110022456064
110022456091
110022456108
110022456117
110022456126
110022456135
110022456153
110022456162
110022456171
110022456180
110022456199
110022456215
110022456224
110022456233
110022456242
110022456288
110022456297
110022456359
110022456368
110022456386
110022456411
110022456439
110022456448
110022456457
110022456466
110022456493
110022456509
110022456527
110022456536
110022456545
110022456554
110022456572
110022456581
110022456590
110022456607
110022456616
110022456634
110022456643
110022456652
110022456661
110022456689
110022456698
110022456723
110022456732
110022456750
110022456769
110022456787
110022456812
110022456830
110022456867
110022456894
110022456901
110022456910
110022456929
110022456938
110022456947
110022456956
110022456974
110022456983
110022456992
110022457009
110022457018
110022457027
110022457036
110022457045
110022457054
110022457063
110022457072
110022457143
110022457152
110022457161
110022457170
110022457189
110022457205
110022457223
110022457232
110022457241
110022457250
110022457269
110022457278
110022457287
110022457296
110022457303
110022457312
110022457321
110022457330
110022457358
110022457367
110022457376
110022457385
110022457394
110022457401
110022457410
110022457438
110022457456
110022457465
110022457492
110022457508
110022457517
110022457553
110022457571
110022457599
110022457606
110022457615
110022457633
110022457642
110022457651
110022457660
110022457688
110022457704
110022457713
110022457731
110022457759
110022457768
110022457777
110022457786
110022457795
110022457802
110022457811
110022457839
110022457857
110022457875
110022457884
110022457893
110022457928
110022457937
110022457946
110022460638
110022460656
110022460674
110022460683
110022460718
110022460727
110022460736
110022460745
110022460754
110022460763
110022460772
110022460781
110022460790
110022460816
110022460843
110022460852
110022460861
110022460870
110022460914
110022460923
110022460932
110022460969
110022460978
110022461012
110022461021
110022461030
110022461049
110022461058
110022461076
110022461085
110022461094
110022461101
110022461110
110022461138
110022461156
110022461174
110022461183
110022461192
110022461209
110022461218
110022461227
110022461236
110022461263
110022461272
110022461281
110022461290
110022461307
110022461334
110022461352
110022461361
110022461389
110022461405
110022461414
110022461432
110022461469
110022461502
110022461511
110022461557
110022461575
110022461593
110022461600
110022461619
110022461628
110022461637
110022461646
110022461655
110022461682
110022461717
110022461735
110022461744
110022461762
110022461771
110022461799
110022461806
110022461815
110022461824
110022461833
110022461860
110022461888
110022461897
110022461904
110022461922
110022461931
110022461940
110022461959
110022461968
110022462002
110022462011
110022462048
110022462057
110022462066
110022462100
110022462119
110022462146
110022462155
110022462164
110022462173
110022462191
110022462208
110022462217
110022462226
110022462244
110022462253
110022462262
110022462271
110022462280
110022462306
110022462315
110022462324
110022462333
110022462342
110022462360
110022462388
110022462397
110022462404
110022462413
110022462422
110022462431
110022462440
110022462459
110022462468
110022462477
110022462486
110022462501
110022462510
110022462538
110022462556
110022462565
110022462574
110022462583
110022462592
110022462609
110022462627
110022462645
110022462654
110022462672
110022462681
110022462716
110022462770
110022462798
110022462814
110022462823
110022462878
110022463074
110022463083
110022463109
110022463118
110022463127
110022463136
110022463154
110022463163
110022463421
110022467294
110022467301
110022467365
110022467374
110022467383
110022467392
110022467409
110022467427
110022467436
110022467454
110022467686
110022467702
110022467720
110022467766
110022467784
110022467793
110022467800
110022468364
110022468382
110022468391
110022468444
110022468462
110022468569
110022468578
110022468603
110022468612
110022468621
110022468934
110022470887
110022470994
110022472894
110022472901
110022472910
110022472929
110022472938
110022472947
110022472956
110022472965
110022472983
110022473018
110022474213
110022474222
110022474231
