110022856818
110022856827
110022856854
110022856970
110022858246
110022858255
110022858362
110022858371
110022858399
110022858406
110022858415
110022858424
110022858433
110022858442
110022858451
110022858460
110022858479
110022858497
110022858503
110022858512
110022858530
110022858549
110022858558
110022858576
110022858594
110022858601
110022858610
110022858629
110022858638
110022858647
110022858656
110022859744
110022859753
110022859762
110022859771
110022859780
110022859799
110022859806
110022859815
110022859824
110022859842
110022859851
110022859879
110022859904
110022859931
110022859940
110022861928
110022861946
110022861964
110022861991
110022862017
110022862026
110022862062
110022862213
110022862302
110022862874
110022862918
110022863436
110022863445
110022863971
110022863980
110022864612
110022864756
110022864765
110022865354
110022865363
110022865746
110022865933
110022865997
110022866013
110022866040
110022866068
110022866077
110022866086
110022866102
110022866120
110022866139
110022866175
110022866193
110022866512
110022866521
110022866576
110022866852
110022866870
110022866941
110022866950
110022866978
110022867012
110022867263
110022867414
110022867432
110022867450
110022867600
110022867931
110022868388
110022868404
110022869154
110022869190
110022869314
110022869323
110022869341
110022869500
110022869519
110022869573
110022869582
110022869591
110022869608
110022869877
110022870179
110022870197
110022870222
110022870231
110022870240
110022870437
110022870525
110022870534
110022870552
110022870561
110022870589
110022870605
110022870856
110022870972
110022870990
110022871043
110022871169
110022871212
110022871221
110022871365
110022871524
110022871971
110022872006
110022872024
110022872033
110022872097
110022872499
110022872505
110022872596
110022872649
110022872685
110022873130
110022873149
110022873194
110022873247
110022873292
110022873381
110022873407
110022873906
110022873915
110022873960
110022874077
110022874086
110022874120
110022874647
110022874754
110022874772
110022874781
110022874807
110022874889
110022875138
110022875325
110022875931
110022876538
110022876547
110022876609
110022876770
110022876789
110022876798
110022876805
110022876814
110022876823
110022876832
110022876841
110022876850
110022876878
110022876994
110022877001
110022877010
110022877314
110022877350
110022877369
110022877378
110022877421
110022877582
110022877699
110022877706
110022877724
110022877733
110022877975
110022878242
110022879811
110022879866
110022879900
110022879919
110022882415
110022882433
110022882442
110022883851
110022883897
110022883922
110022883931
110022883968
110022884164
110022884173
110022884636
110022884645
110022884654
110022884672
110022884690
110022884707
110022884734
110022884752
110022884770
110022884789
110022884805
110022884823
110022884832
110022884841
110022884850
110022884869
110022884878
110022884887
110022884930
110022884949
110022884967
110022884976
110022884994
110022885010
110022885029
110022885038
110022885047
110022885056
110022885065
110022885074
110022885083
110022885109
110022885118
110022885127
110022885136
110022885145
110022885154
110022885172
110022885181
110022885190
110022885216
110022885225
110022885243
110022885252
110022885261
110022885270
110022885289
110022885298
110022885305
110022885323
110022885332
110022885369
110022885421
110022885430
110022885449
110022885458
110022885467
110022885494
110022885500
110022885528
110022885537
110022885546
110022885555
110022885573
110022885582
110022885591
110022885608
110022885626
110022885635
110022885644
110022885653
110022885671
110022885699
110022885706
110022885733
110022885742
110022885751
110022885797
110022885813
110022885822
110022885859
110022885868
110022885877
110022885886
110022885895
110022885902
110022885911
110022885939
110022885948
110022885957
110022885966
110022885975
110022885984
110022886000
110022886019
110022886037
110022886046
110022886055
110022886073
110022886126
110022886135
110022886144
110022886153
110022886162
110022886171
110022886180
110022886206
110022886215
110022886233
110022886242
110022886279
110022886288
110022886297
110022886304
110022886313
110022886331
110022886340
110022886359
110022886386
110022886395
110022886411
110022886448
110022886457
110022886466
110022886475
110022886484
110022886493
110022886518
110022886527
110022886545
110022886554
110022886572
110022886581
110022886590
110022886607
110022886652
110022886661
110022886670
110022886689
110022886698
110022886714
110022886732
110022886741
110022886750
110022886769
110022886778
110022886787
110022886812
110022886821
110022886858
110022886867
110022886885
110022886901
110022886910
110022886929
110022886947
110022886956
110022886965
110022886974
110022886983
110022886992
110022887009
110022887018
110022887027
110022887036
110022887054
110022887072
110022887081
110022887090
110022887125
110022887143
110022887161
110022887170
110022887189
110022887198
110022887205
110022887214
110022887232
110022887241
110022887250
110022887278
110022887287
110022887296
110022887303
110022887312
110022887321
110022887349
110022887358
110022887367
110022887376
110022887385
110022887401
110022887410
110022887429
110022887438
110022887447
110022887508
110022887517
110022887535
110022887544
110022887553
110022887580
110022887599
110022887606
110022887624
110022887633
110022887679
110022887688
110022887697
110022887704
110022887713
110022887740
110022887759
110022887768
110022887802
110022887811
110022887857
110022887866
110022887875
110022887900
110022887919
110022887928
110022887946
110022887955
110022887964
110022887982
110022887991
110022888008
110022888026
110022888035
110022888071
110022888080
110022888115
110022888124
110022888133
110022888179
110022888188
110022888197
110022888204
110022888213
110022888222
110022888259
110022888268
110022888277
110022888286
110022888295
110022888302
110022888311
110022888339
110022888348
110022888366
110022888375
110022888384
110022888393
110022888400
110022888419
110022888428
110022888437
110022888446
110022888455
110022888464
110022888482
110022888491
110022888507
110022888516
110022888534
110022888543
110022888552
110022888589
110022888598
110022888605
110022888614
110022888623
110022888641
110022888669
110022888687
110022888696
110022888703
110022888712
110022888721
110022888749
110022888767
110022888794
110022888801
110022888810
110022888829
110022888838
110022888847
110022888856
110022888865
110022888883
110022888909
110022888918
110022888936
110022888945
110022888954
110022888963
110022888972
110022888981
110022888990
110022889007
110022889016
110022889034
110022889043
110022889052
110022889061
110022889070
110022889098
110022889105
110022889132
110022889150
110022889169
110022889178
110022889187
110022889196
110022889203
110022889230
110022889258
110022889267
110022889285
110022889294
110022889301
110022889347
110022889356
110022889365
110022889392
110022889436
110022889454
110022889472
110022889481
110022889490
110022889515
110022889533
110022889542
110022889579
110022889588
110022889597
110022889604
110022889613
110022889622
110022889640
110022889659
110022889668
110022889677
110022889702
110022889711
110022889720
110022889739
110022889766
110022889775
110022889784
110022889828
110022889837
110022889846
110022889855
110022889864
110022889873
110022889882
110022889891
110022889908
110022889962
110022889980
110022889999
110022890004
110022890013
110022890040
110022890059
110022890068
110022890086
110022890102
110022890111
110022890120
110022890139
110022890157
110022890166
110022890175
110022890184
110022890193
110022900627
110022904801
110022905016
110022905025
110022905551
110022905560
110022905588
110022905604
110022905613
110022905622
110022905631
110022905640
110022905659
110022905668
110022905677
110022905695
110022905702
110022905711
110022905720
110022905739
110022905766
110022905775
110022905784
110022905793
110022905846
110022905855
110022906122
110022906131
110022906140
110022906159
110022906168
110022906177
110022906186
110022906195
110022906202
110022906248
110022906257
110022906300
110022906319
110022906346
110022906408
110022906603
110022906612
110022906630
110022906658
110022906667
110022907639
110022907648
110022907666
110022907942
110022908166
110022908264
110022908610
110022909557
110022909584
110022909646
110022909673
110022909744
110022910581
110022910634
110022910652
110022910670
110022910741
110022910867
110022910910
110022911214
110022911223
110022911232
110022911241
110022911269
110022911312
110022911358
110022911376
110022911385
110022911401
110022911447
110022911465
110022911492
110022911553
110022913212
110022915005
110022915014
110022918011
110022918020
110022918066
110022918084
110022918093
110022918235
110022918244
110022918253
110022918832
110022918903
110022918930
110022919047
110022919056
110022919083
110022920552
110022920570
110022921034
110022921052
110022922300
110022922710
110022923158
110022923283
110022923292
110022923318
110022923327
110022923336
110022923461
110022923817
110022923826
110022923835
110022923844
110022923997
110022924264
110022924273
110022924353
110022924433
110022924442
110022925067
110022925076
110022925085
110022925094
110022927877
110022927895
110022927902
110022936037
110022936046
110022936064
110022936670
110022936741
110022937250
110022937358
110022937394
110022937401
110022937410
110022937508
110022937526
110022937759
110022939971
110022940013
110022940031
110022940040
110022940059
110022940077
110022940086
110022940095
110022985019
110022985135
110022985224
110022985331
110023007903
110023008056
110023008065
110023008074
110023008118
110023008136
110023008984
110023009019
110023009055
110023009108
110023009117
110023009135
110023009180
110023009545
110023009554
110023009858
110023009910
110023010052
110023010132
110023010409
110023010481
110023010597
110023010891
110023011266
110023011319
110023011603
110023011621
110023011783
110023011881
110023012112
110023012130
110023012167
110023012256
110023012265
110023012309
110023012443
110023012489
110023012700
110023012719
110023013102
110023013184
110023013326
110023013790
110023013889
110023013905
110023013969
110023014094
110023014129
110023014254
110023031538
110023034919
110023040831
110023042358
110023042526
110023042606
110023043892
110023046416
110023048254
110023051720
110023051980
110023052113
110023052569
110023052792
110023075768
110023075857
110023075946
110023076277
110023076295
110023076339
110023076525
110023077828
110023078202
110023078257
110023078373
110023078578
110023079229
110023079372
110023079489
110023079595
110023079700
110023079782
110023080011
110023080235
110023080351
110023080468
110023080565
110023092188
110023092482
110023092561
110023092623
110023092687
110023092794
110023092847
110023095247
110023095513
110023095737
110023095808
110023095871
110023095988
110023096219
110023096380
110023096451
110023096512
110023096567
110023096638
110023096781
110023096816
110023097110
110023097263
110023097370
110023097405
110023097469
110023097520
110023097708
110023097771
110023097897
110023098011
110023098075
110023098182
110023098324
110023098397
110023098501
110023099092
110023109223
110023109296
110023109410
110023109456
110023114574
110023124215
110023125768
110023125991
110023126099
110023126133
110023126142
110023126151
110023126188
110023126204
110023126213
110023126222
110023128569
110023128587
110023128649
110023128756
110023128765
110023128783
110023133982
110023134071
110023134099
110023134419
110023134428
110023134437
110023134455
110023134473
110023134491
110023134632
110023134650
110023135098
110023136275
110023136346
110023136382
110023136391
110023136970
110023137014
110023137096
110023137103
110023137121
110023137149
110023137176
110023137611
110023137639
110023137700
110023138585
110023138594
110023140242
110023140279
110023140304
110023140331
110023140340
110023140359
110023140368
110023140420
110023140448
110023140457
110023140518
110023140527
110023140536
110023140554
110023140572
110023140581
110023140830
110023140876
110023140956
110023140965
110023140974
110023145675
110023147076
110023147085
110023148743
110023148761
110023148770
110023148850
110023149797
110023150604
110023152979
110023156332
110023156476
110023156519
110023156528
110023156537
110023160309
110023160327
110023160336
110023160345
110023160354
110023160372
110023160381
110023160416
110023160452
110023160461
110023161282
110023161326
110023161335
110023161344
110023161380
110023161406
110023161415
110023161424
110023161433
110023161451
110023161460
110023161488
110023161521
110023161567
110023161601
110023161638
110023161665
110023161683
110023161692
110023161709
110023161718
110023161727
110023161745
110023161754
110023161763
110023161772
110023161781
110023161807
110023161816
110023161825
110023161834
110023161852
110023161861
110023161889
110023161898
110023161914
110023161923
110023161932
110023161941
110023161950
110023161969
110023161996
110023162003
110023162012
110023162021
110023162030
110023162067
110023162094
110023162101
