110023162110
110023162129
110023162147
110023162156
110023162183
110023162450
110023162469
110023162717
110023162735
110023162744
110023162815
110023162824
110023162833
110023162851
110023162879
110023162888
110023162904
110023162913
110023162922
110023162931
110023162940
110023162959
110023162968
110023162977
110023162986
110023162995
110023163253
110023163262
110023163271
110023163306
110023163315
110023163324
110023163360
110023163379
110023163404
110023163422
110023163431
110023163477
110023163510
110023163529
110023163547
110023163556
110023163565
110023163583
110023163592
110023163609
110023163618
110023163725
110023163770
110023163789
110023163850
110023163878
110023163896
110023163903
110023163912
110023163921
110023163967
110023163976
110023163985
110023164065
110023166189
110023166303
110023166312
110023884199
110024006403
110024064545
110024187985
110024215008
110024221885
110024221956
110024222116
110024222143
110024223142
110024223179
110024224025
110024246779
110024246788
110024246797
110024246831
110024246840
110024246859
110024246868
110024248731
110024248740
110024248759
110024248777
110024248786
110024248795
110024248802
110024248811
110024248820
110024248839
110024248848
110024248857
110024248866
110024248875
110024248884
110024248893
110024248900
110024248928
110024248946
110024248955
110024248982
110024248991
110024249008
110024249017
110024249026
110024249071
110024249099
110024249106
110024249115
110024249124
110024249133
110024249142
110024249151
110024249160
110024249179
110024249188
110024249197
110024249204
110024249213
110024249231
110024249240
110024249259
110024249268
110024249277
110024249286
110024249295
110024249302
110024249311
110024249320
110024249339
110024249348
110024249357
110024249366
110024249375
110024249384
110024249393
110024249400
110024249428
110024249437
110024249446
110024249455
110024249464
110024249473
110024249482
110024249491
110024249507
110024249516
110024249525
110024249534
110024249543
110024249552
110024249561
110024249570
110024249589
110024249598
110024249605
110024249614
110024249623
110024249641
110024249650
110024249669
110024249678
110024249687
110024249696
110024249703
110024249712
110024249730
110024249749
110024249758
110024249767
110024249776
110024249785
110024249794
110024249801
110024249810
110024249829
110024249838
110024249847
110024249856
110024249865
110024249874
110024249883
110024249892
110024249909
110024249918
110024249927
110024249936
110024249945
110024249954
110024249963
110024249972
110024249981
110024249990
110024250004
110024250013
110024250022
110024250040
110024250059
110024250068
110024250077
110024250086
110024250095
110024250102
110024250111
110024250139
110024250148
110024250157
110024250175
110024250184
110024250193
110024250219
110024250228
110024250237
110024250255
110024250264
110024250273
110024250282
110024250291
110024250308
110024250317
110024250326
110024250335
110024250344
110024250353
110024250362
110024250371
110024250380
110024250399
110024250406
110024250415
110024250433
110024250442
110024250451
110024250479
110024250488
110024250497
110024250503
110024250512
110024250521
110024250530
110024250549
110024250558
110024250567
110024250576
110024250585
110024250594
110024250601
110024250610
110024250629
110024250638
110024250647
110024250656
110024250665
110024250683
110024250692
110024250709
110024250718
110024250727
110024250736
110024250745
110024250754
110024250763
110024250772
110024250781
110024250790
110024250807
110024250816
110024250825
110024250834
110024250843
110024250852
110024250861
110024250870
110024250889
110024250898
110024250905
110024250914
110024250932
110024250941
110024250950
110024250969
110024250978
110024250987
110024250996
110024251003
110024251012
110024251021
110024251030
110024251049
110024251058
110024251067
110024251076
110024251085
110024251094
110024251101
110024251110
110024251129
110024251138
110024251600
110024251619
110024251628
110024251637
110024251664
110024251673
110024251682
110024251691
110024251708
110024251717
110024251735
110024251744
110024257757
110024257766
110024257775
110024257784
110024257793
110024257828
110024257855
110024257864
110024257882
110024257908
110024257917
110024257971
110024257980
110024258006
110024258060
110024258113
110024258122
110024258131
110024258756
110024258783
110024258792
110024258818
110024260422
110024260654
110024260681
110024260707
110024260805
110024260823
110024260841
110024260896
110024260912
110024260921
110024261270
110024261314
110024261715
110024262144
110024262215
110024262475
110024262536
110024262698
110024262938
110024262947
110024262956
110024262965
110024262974
110024262983
110024262992
110024263027
110024263036
110024263045
110024263063
110024263072
110024263081
110024263090
110024263232
110024263580
110024263633
110024263713
110024263722
110024263731
110024263759
110024263768
110024263786
110024263795
110024263802
110024263811
110024263820
110024263866
110024264099
110024264703
110024264712
110024264721
110024264730
110024264749
110024264767
110024264785
110024264801
110024264829
110024264874
110024264981
110024265383
110024265392
110024265409
110024265463
110024265551
110024265560
110024265686
110024266033
110024266462
110024266505
110024266578
110024266621
110024266756
110024266774
110024266792
110024266827
110024267149
110024267176
110024267194
110024267434
110024267504
110024267559
110024267844
110024267862
110024268068
110024268077
110024268102
110024268219
110024268237
110024268255
110024268264
110024268282
110024268291
110024268308
110024268317
110024268326
110024268335
110024268399
110024268406
110024268415
110024268549
110024269744
110024269762
110024269771
110024269824
110024269833
110024269879
110024269959
110024269968
110024269977
110024270055
110024271116
110024271955
110024272062
110024272437
110024273285
110024273506
110024273631
110024274042
110024274300
110024274337
110024274701
110024275050
110024275121
110024275345
110024275363
110024275372
110024275639
110024275648
110024275880
110024276442
110024276781
110024276861
110024276870
110024277478
110024277968
110024277977
110024277986
110024278057
110024278066
110024278075
110024278084
110024278182
110024278226
110024278921
110024279083
110024279109
110024279298
110024279706
110024279733
110024280080
110024280311
110024280339
110024280348
110024280375
110024280437
110024280455
110024280552
110024280972
110024281150
110024281187
110024281196
110024281472
110024281588
110024281597
110024281604
110024281613
110024281668
110024282186
110024282550
110024282569
110024282587
110024282612
110024282649
110024282667
110024282694
110024282854
110024282863
110024282872
110024282881
110024282890
110024284013
110024284406
110024284415
110024284424
110024284433
110024284594
110024284601
110024284807
110024284834
110024285147
110024285780
110024285986
110024286002
110024286002
110024299132
110024380169
110024380187
110024380212
110024380221
110024380230
110024380249
110024380258
110024380276
110024380285
110024380301
110024380329
110024380347
110024380356
110024380427
110024380445
110024380454
110024380472
110024380481
110024380506
110024380515
110024380542
110024380551
110024380579
110024380597
110024380622
110024380640
110024380695
110024380720
110024380757
110024380766
110024380800
110024380846
110024380891
110024383022
110024383031
110024383040
110024383059
110024383237
110024383246
110024383255
110024383264
110024383273
110024383282
110024383291
110024383308
110024383326
110024383335
110024383353
110024383362
110024383371
110024383380
110024383399
110024383406
110024383433
110024383451
110024383460
110024383479
110024383488
110024383503
110024383512
110024383530
110024383558
110024383585
110024383594
110024383601
110024383629
110024383638
110024383674
110024383683
110024383692
110024383709
110024383727
110024383763
110024383772
110024383781
110024383790
110024383807
110024383816
110024383843
110024383861
110024383870
110024383898
110024383905
110024383923
110024383932
110024383941
110024383950
110024383969
110024383978
110024383987
110024383996
110024384012
110024384030
110024384049
110024384058
110024384067
110024384076
110024384085
110024384094
110024384101
110024384129
110024384138
110024384147
110024384156
110024384165
110024384174
110024384192
110024384209
110024384218
110024384227
110024384236
110024384245
110024384254
110024384263
110024384272
110024384281
110024384290
110024384316
110024384334
110024384352
110024384361
110024384389
110024384398
110024384405
110024384423
110024384450
110024384478
110024384487
110024384496
110024384502
110024384539
110024384548
110024384557
110024384566
110024384575
110024384584
110024384593
110024384600
110024384619
110024384628
110024384637
110024384655
110024384664
110024384673
110024384691
110024384708
110024384726
110024384744
110024384762
110024384771
110024384780
110024384815
110024384833
110024384842
110024384860
110024384888
110024384897
110024384913
110024384922
110024384931
110024384940
110024384959
110024384977
110024384995
110024385002
110024385011
110024385020
110024385048
110024385057
110024385084
110024385093
110024385100
110024385128
110024385164
110024385182
110024385208
110024385217
110024385235
110024385244
110024385253
110024385280
110024385299
110024385333
110024385342
110024385351
110024385360
110024385404
110024385413
110024385422
110024385431
110024385440
110024385459
110024385477
110024385486
110024385495
110024385501
110024385510
110024385529
110024385538
110024385547
110024385556
110024385574
110024385583
110024385592
110024385609
110024385618
110024385627
110024385636
110024385645
110024385663
110024385681
110024385690
110024385716
110024385752
110024385761
110024385798
110024385805
110024385814
110024385823
110024385832
110024385841
110024385869
110024385878
110024385896
110024385903
110024385912
110024385921
110024385930
110024385949
110024385958
110024385967
110024385976
110024385985
110024385994
110024386029
110024386056
110024386065
110024386074
110024386092
110024386118
110024386136
110024386145
110024386154
110024386163
110024386172
110024386181
110024386190
110024386207
110024386216
110024386225
110024386234
110024386243
110024386252
110024386261
110024386270
110024386289
110024386298
110024386305
110024386323
110024386350
110024386378
110024386387
110024386396
110024386403
110024386412
110024386430
110024386449
110024386458
110024386467
110024386476
110024386485
110024386494
110024386519
110024386528
110024386537
110024386546
110024386555
110024386573
110024386582
110024386591
110024386608
110024386617
110024386626
110024386644
110024386653
110024386662
110024386671
110024386699
110024386706
110024386715
110024386742
110024386751
110024386760
110024386788
110024386813
110024386822
110024386831
110024386840
110024386859
110024386868
110024386877
110024386886
110024386895
110024386902
110024386911
110024386920
110024386939
110024386948
110024386957
110024386966
110024386984
110024387000
110024387019
110024387028
110024387055
110024387064
110024387073
110024387082
110024387091
110024387108
110024387117
110024387126
110024387135
110024387153
110024387162
110024387171
110024387180
110024387199
110024387206
110024387215
110024387224
110024387233
110024387242
110024387260
110024387288
110024387297
110024387322
110024387331
110024387340
110024387359
110024387368
110024387377
110024387386
110024387395
110024387402
110024387411
110024387420
110024387439
110024387448
110024387457
110024387466
110024387475
110024387493
110024387509
110024387518
110024387536
110024387545
110024387554
110024387563
110024387572
110024387581
110024387590
110024387607
110024387625
110024387634
110024387652
110024387661
110024387670
110024387689
110024387698
110024387705
110024387714
110024387732
110024387741
110024387787
110024387796
110024387803
110024387812
110024387821
110024387830
110024387876
110024387885
110024387894
110024387901
110024387910
110024387929
110024387938
110024387956
110024387965
110024387974
110024387983
110024387992
110024388018
110024388027
110024388045
110024388054
110024388063
110024388081
110024388090
110024388107
110024388116
110024388125
110024388143
110024388152
110024388161
110024388170
110024388189
110024388214
110024388223
110024388232
110024388241
110024388269
110024388278
110024388330
110024388358
110024388367
110024388376
110024388394
110024388401
110024388410
110024388429
110024388438
110024388447
110024388456
110024388465
110024388474
110024388483
110024388492
110024388508
110024388517
110024388526
110024388544
110024388562
110024388580
110024388599
110024388606
110024388615
110024388624
110024388633
110024388642
110024388651
110024388660
110024388679
110024388688
110024388697
110024388704
110024388722
110024388731
110024388740
110024388759
110024388768
110024388786
110024388795
110024388802
110024388811
110024388820
110024388839
110024388848
110024388857
110024388875
110024388884
110024388893
110024388900
110024388937
110024388946
110024388964
110024388973
110024388982
110024388991
110024389008
110024389017
110024389026
