110024389035
110024389044
110024389053
110024389062
110024389071
110024389099
110024389106
110024389115
110024389124
110024389151
110024389179
110024389188
110024389197
110024389231
110024389240
110024389259
110024389268
110024389277
110024389286
110024389295
110024389302
110024389311
110024389339
110024389357
110024389366
110024389375
110024389393
110024389400
110024389419
110024389428
110024389437
110024389446
110024389455
110024389464
110024389473
110024389482
110024389507
110024389525
110024389534
110024389561
110024389589
110024389598
110024389605
110024389614
110024389623
110024389632
110024389641
110024389669
110024389678
110024389687
110024389703
110024389712
110024389721
110024389758
110024389776
110024389785
110024389794
110024389810
110024389829
110024389838
110024389847
110024389856
110024389865
110024389918
110024389927
110024389936
110024389945
110024389954
110024389963
110024389972
110024389990
110024390014
110024390023
110024390032
110024390050
110024390069
110024390078
110024390087
110024390096
110024390103
110024390112
110024390121
110024390149
110024390158
110024390167
110024390185
110024390194
110024390201
110024390210
110024390247
110024390265
110024390274
110024390283
110024390318
110024390336
110024390345
110024390354
110024390363
110024390372
110024390381
110024390390
110024390407
110024390416
110024390425
110024390434
110024390443
110024390452
110024390489
110024390513
110024390522
110024390531
110024390540
110024390568
110024390577
110024390586
110024390602
110024390611
110024390620
110024390639
110024390648
110024390657
110024390684
110024390693
110024390719
110024390728
110024390737
110024390764
110024390808
110024390817
110024390835
110024390844
110024390853
110024390871
110024390915
110024390924
110024390942
110024390951
110024390960
110024390997
110024391013
110024391022
110024391031
110024391059
110024391068
110024391086
110024391095
110024391111
110024391139
110024391148
110024391157
110024391166
110024391175
110024391184
110024391228
110024391255
110024391282
110024391291
110024391308
110024391317
110024391326
110024391335
110024391344
110024391380
110024391399
110024391406
110024391415
110024391424
110024391433
110024391442
110024391460
110024391488
110024391497
110024391512
110024391521
110024391530
110024391549
110024391558
110024391576
110024391585
110024391594
110024391601
110024391610
110024391629
110024391638
110024391647
110024391656
110024391674
110024391683
110024391718
110024391727
110024391736
110024391745
110024391754
110024391763
110024391781
110024391790
110024391816
110024391825
110024391834
110024391852
110024391861
110024391870
110024391889
110024391898
110024391905
110024391914
110024391923
110024391932
110024391941
110024391950
110024391969
110024391978
110024391996
110024392003
110024392021
110024392030
110024392049
110024392058
110024392076
110024392129
110024392138
110024392147
110024392156
110024392165
110024392174
110024392192
110024392209
110024392218
110024392227
110024392236
110024392263
110024392272
110024392281
110024392290
110024392307
110024392325
110024392334
110024392343
110024392370
110024392398
110024392405
110024392414
110024392423
110024392432
110024392441
110024392450
110024392469
110024392478
110024392487
110024392511
110024392520
110024392539
110024392548
110024392557
110024392566
110024392575
110024392584
110024392593
110024392619
110024392628
110024392637
110024392646
110024392655
110024392664
110024392673
110024392682
110024392691
110024392708
110024392717
110024392735
110024392744
110024392753
110024392780
110024392799
110024392815
110024392842
110024392851
110024392879
110024392888
110024392897
110024392904
110024392913
110024392922
110024392940
110024392959
110024392968
110024392977
110024392986
110024392995
110024393011
110024393020
110024393039
110024393048
110024393066
110024393075
110024393084
110024393093
110024393100
110024393119
110024393128
110024393137
110024393146
110024393155
110024393164
110024393173
110024393182
110024393217
110024393244
110024393262
110024393271
110024393280
110024393299
110024393315
110024393324
110024393333
110024393342
110024393351
110024393360
110024393379
110024393388
110024393397
110024393404
110024393413
110024393422
110024393431
110024393440
110024393459
110024393468
110024393477
110024393486
110024393501
110024393510
110024393529
110024393538
110024393547
110024393565
110024393574
110024393592
110024393609
110024393618
110024393627
110024393636
110024393654
110024393663
110024393672
110024393681
110024393716
110024393725
110024393743
110024393752
110024393761
110024393770
110024393789
110024393805
110024393814
110024393823
110024393841
110024393878
110024393887
110024393896
110024393903
110024393912
110024393921
110024393949
110024393958
110024393967
110024393985
110024393994
110024394001
110024394010
110024394029
110024394038
110024394047
110024394065
110024394083
110024394109
110024394136
110024394145
110024394154
110024394172
110024394181
110024394190
110024394216
110024394225
110024394252
110024394261
110024394270
110024394298
110024394305
110024394314
110024394323
110024394341
110024394350
110024394378
110024394387
110024394396
110024394403
110024394412
110024394421
110024394430
110024394449
110024394458
110024394467
110024394476
110024394485
110024394494
110024394500
110024394528
110024394537
110024394546
110024394555
110024394564
110024394573
110024394591
110024394608
110024394617
110024394626
110024394635
110024394644
110024394653
110024394671
110024394680
110024394699
110024394706
110024394715
110024394724
110024394733
110024394742
110024394751
110024394760
110024394788
110024394797
110024394804
110024394822
110024394859
110024394868
110024394886
110024394895
110024394902
110024394911
110024394920
110024394939
110024394948
110024394957
110024394966
110024394984
110024395000
110024395019
110024395028
110024395037
110024395064
110024395073
110024395082
110024395091
110024395117
110024395135
110024395144
110024395162
110024395171
110024395180
110024395199
110024395206
110024395215
110024395224
110024395242
110024395260
110024395279
110024395297
110024395313
110024395322
110024395340
110024395359
110024395368
110024395377
110024395395
110024395402
110024395411
110024395420
110024395439
110024395448
110024395457
110024395466
110024395475
110024395484
110024395509
110024395518
110024395527
110024395536
110024395545
110024395554
110024395572
110024395590
110024395607
110024395625
110024395634
110024395643
110024395661
110024395670
110024395689
110024395698
110024395705
110024395714
110024395723
110024395741
110024395750
110024395769
110024395778
110024395787
110024395796
110024395803
110024395812
110024395821
110024395830
110024395849
110024395858
110024395885
110024395894
110024395901
110024395910
110024395929
110024395938
110024395965
110024395974
110024395992
110024396009
110024396018
110024396027
110024396036
110024396045
110024396054
110024396063
110024396072
110024396081
110024396090
110024396116
110024396125
110024396134
110024396143
110024396170
110024396198
110024396214
110024396232
110024396250
110024396269
110024396278
110024396287
110024396296
110024396303
110024396312
110024396321
110024396330
110024396349
110024396376
110024396385
110024396394
110024396401
110024396410
110024396429
110024396447
110024396465
110024396474
110024396483
110024396508
110024396535
110024396553
110024396562
110024396580
110024396606
110024396615
110024396624
110024396633
110024396651
110024396660
110024396679
110024396688
110024396697
110024396713
110024396722
110024396731
110024396740
110024396759
110024396768
110024396777
110024396820
110024396839
110024396848
110024396857
110024396866
110024396875
110024396893
110024396900
110024396919
110024396937
110024396946
110024396955
110024396964
110024396973
110024396982
110024397008
110024397017
110024397035
110024397044
110024397053
110024397062
110024397071
110024397080
110024397099
110024397106
110024397115
110024397124
110024397133
110024397142
110024397151
110024397160
110024397179
110024397188
110024397204
110024397231
110024397240
110024397268
110024397277
110024397286
110024397295
110024397302
110024397311
110024397320
110024397348
110024397357
110024397375
110024397384
110024397400
110024397419
110024397428
110024397437
110024397446
110024397455
110024397473
110024397491
110024397507
110024397516
110024397525
110024397543
110024397552
110024397561
110024397570
110024397598
110024397605
110024397614
110024397623
110024397632
110024397650
110024397669
110024397678
110024397687
110024397696
110024397703
110024397712
110024397721
110024397730
110024397749
110024397758
110024397767
110024397776
110024397785
110024397794
110024397801
110024397810
110024397829
110024397838
110024397856
110024397865
110024397874
110024397883
110024397892
110024397909
110024397918
110024397927
110024397936
110024397945
110024397954
110024397963
110024397972
110024397981
110024398007
110024398016
110024398025
110024398034
110024398043
110024398052
110024398061
110024398070
110024398089
110024398098
110024398105
110024398114
110024398132
110024398169
110024398178
110024398196
110024398230
110024398249
110024398258
110024398267
110024398276
110024398285
110024398294
110024398310
110024398329
110024398338
110024398347
110024398356
110024398365
110024398374
110024398383
110024398392
110024398409
110024398427
110024398436
110024398445
110024398454
110024398463
110024398472
110024398490
110024398524
110024398533
110024398542
110024398551
110024398560
110024398579
110024398588
110024398597
110024398604
110024398613
110024398622
110024398631
110024398659
110024398668
110024398677
110024398695
110024398702
110024398711
110024398720
110024398739
110024398748
110024398757
110024398766
110024398775
110024398784
110024398793
110024398800
110024398819
110024398828
110024398837
110024398855
110024398864
110024398873
110024398882
110024398891
110024398917
110024398926
110024398935
110024398944
110024398953
110024398962
110024398971
110024398980
110024398999
110024399006
110024399015
110024399024
110024399033
110024399042
110024399051
110024399060
110024399079
110024399097
110024399104
110024399122
110024399131
110024399159
110024399168
110024399186
110024399202
110024399211
110024399220
110024399239
110024399248
110024399257
110024399266
110024399275
110024399284
110024399293
110024399319
110024399328
110024399337
110024399346
110024399355
110024399364
110024399373
110024399382
110024399391
110024399408
110024399417
110024399426
110024399444
110024399453
110024399462
110024399471
110024399480
110024399499
110024399505
110024399514
110024399523
110024399532
110024399541
110024399550
110024399569
110024399587
110024399596
110024399603
110024399612
110024399621
110024399630
110024399649
110024399658
110024399676
110024399685
110024399701
110024399729
110024399756
110024399765
110024399783
110024399809
110024399818
110024399827
110024399836
110024399845
110024399854
110024399863
110024399872
110024399881
110024399890
110024399907
110024399916
110024399925
110024399934
110024399943
110024399952
110024399970
110024399989
110024399998
110024400003
110024400021
110024400030
110024400058
110024400076
110024400094
110024400110
110024400129
110024400138
110024400156
110024400165
110024400174
110024400192
110024400209
110024400245
110024400263
110024400655
110024400664
110024400673
110024400780
110024400799
110024400806
110024400815
110024400851
110024400879
110024400897
110024400904
110024400913
110024400922
110024400931
110024400959
110024406891
110024407532
110024407550
110024407603
110024407612
110024407621
110024407630
110024407667
110024407676
110024407685
110024407701
110024407710
110024407809
110024407836
110024407845
110024407854
110024407863
110024407890
110024407934
110024407943
110024407989
110024407998
110024408023
110024408032
110024408167
110024408256
110024408327
110024408336
110024408345
110024408354
110024408363
110024408407
110024408434
110024408443
110024408452
110024408461
110024408470
110024408531
110024408540
110024408595
110024408862
110024410341
110024411402
110024411448
110024411457
110024411661
110024411705
110024412134
110024412358
110024412884
110024412900
110024413160
110024413259
110024414926
110024414953
110024414962
110024414980
110024414999
110024415006
110024415015
110024415060
110024415088
110024415104
110024415113
110024415364
110024415373
110024415382
110024415391
110024415417
110024415426
110024415435
110024415444
110024415505
110024415514
110024415523
110024415532
110024415550
110024415569
110024415578
110024415596
110024416513
110024417709
110024417736
110024417807
110024417825
110024419869
110024420517
110024420535
110024420544
110024422445
110024422454
110024422490
110024422506
110024422542
110024422953
110024422971
110024422980
110024423088
110024423088
110024423097
110024423177
110024423195
110024423989
110024424256
110024424256
110024424363
110024426183
110024426192
110024426209
110024426227
110024426245
110024426254
110024426263
110024426272
110024426290
110024426646
110024426673
110024426682
