110024426717
110024426726
110024426780
110024426815
110024426842
110024428252
110024428261
110024428270
110024428289
110024429108
110024429117
110024429126
110024429135
110024429144
110024429153
110024429162
110024429171
110024429180
110024429199
110024429206
110024429215
110024429224
110024429233
110024429242
110024429251
110024429260
110024429279
110024429288
110024429297
110024429304
110024429313
110024429322
110024429331
110024429340
110024429359
110024429368
110024429377
110024429386
110024429395
110024429402
110024429411
110024429420
110024429439
110024429778
110024429787
110024429796
110024429803
110024429812
110024429821
110024429849
110024429867
110024429876
110024429885
110024429894
110024429929
110024429947
110024429956
110024430766
110024430775
110024431097
110024431104
110024431113
110024431122
110024432666
110024432755
110024432782
110024432791
110024433120
110024433166
110024433219
110024433264
110024433308
110024433317
110024434049
110024434094
110024434263
110024434281
110024434343
110024434398
110024434405
110024435770
110024435832
110024435850
110024435878
110024435912
110024438857
110024438866
110024438928
110024438937
110024438955
110024438973
110024439071
110024439124
110024439188
110024439829
110024440023
110024440121
110024440201
110024440256
110024440274
110024440292
110024440309
110024440318
110024440354
110024440372
110024440595
110024440611
110024440666
110024440719
110024440737
110024440817
110024440880
110024440933
110024440951
110024440979
110024440988
110024441004
110024441184
110024441610
110024441674
110024441709
110024442183
110024444261
110024444323
110024444332
110024444421
110024444458
110024444494
110024445073
110024448169
110024448285
110024448711
110024448837
110024448864
110024448908
110024448917
110024448926
110024448971
110024449006
110024449104
110024449122
110024449177
110024449195
110024449202
110024449220
110024449239
110024449248
110024449257
110024449266
110024449275
110024449293
110024449300
110024449328
110024449355
110024449373
110024451662
110024451671
110024451680
110024456266
110024456293
110024456300
110024456319
110024456328
110024456346
110024456364
110024456426
110024456550
110024456569
110024456578
110024456587
110024456621
110024456649
110024456667
110024456694
110024456710
110024456738
110024456774
110024456809
110024456854
110024456863
110024456881
110024456890
110024456907
110024456916
110024456952
110024456961
110024456970
110024456998
110024457014
110024457023
110024457032
110024457050
110024457078
110024457087
110024457096
110024457103
110024457121
110024457130
110024457149
110024457158
110024457167
110024457185
110024457210
110024457238
110024457247
110024457265
110024457274
110024457292
110024457309
110024457318
110024457327
110024457336
110024457354
110024457363
110024457372
110024457390
110024457407
110024457425
110024457443
110024457461
110024457470
110024457504
110024457513
110024457559
110024457568
110024457611
110024457639
110024457666
110024457675
110024458102
110024458111
110024458120
110024458139
110024458157
110024458166
110024458175
110024458200
110024458255
110024458264
110024458273
110024458282
110024458291
110024458308
110024458326
110024458335
110024458344
110024458353
110024458362
110024458371
110024458380
110024458399
110024458406
110024458415
110024458488
110024458497
110024458503
110024458530
110024458549
110024458825
110024459085
110024459101
110024459129
110024459147
110024459165
110024459218
110024459263
110024459272
110024459281
110024459290
110024459307
110024459316
110024459334
110024459343
110024459361
110024459370
110024459398
110024459414
110024459432
110024459487
110024459511
110024459520
110024459539
110024459548
110024459557
110024459575
110024459593
110024459600
110024459619
110024459735
110024459762
110024459771
110024459799
110024459806
110024459888
110024459904
110024459913
110024459931
110024459959
110024459968
110024459995
110024460019
110024460028
110024460046
110024460055
110024460073
110024460091
110024460108
110024460126
110024460135
110024460171
110024460180
110024460206
110024460224
110024460260
110024460297
110024460331
110024460536
110024460607
110024460689
110024460698
110024460714
110024460723
110024460787
110024460796
110024460803
110024460812
110024460821
110024460858
110024460885
110024460894
110024460901
110024460910
110024460929
110024460938
110024460947
110024460956
110024461018
110024461045
110024461054
110024461072
110024461081
110024461134
110024461143
110024461152
110024461161
110024461170
110024461189
110024461198
110024461205
110024461214
110024461232
110024461241
110024461287
110024461401
110024461410
110024461429
110024461438
110024461447
110024461456
110024461465
110024461483
110024461492
110024461508
110024461517
110024461526
110024461615
110024461660
110024461688
110024461697
110024461713
110024461722
110024461740
110024461759
110024461777
110024461786
110024461795
110024461811
110024461848
110024461857
110024461875
110024461893
110024461955
110024461964
110024462080
110024462231
110024462302
110024462393
110024463061
110024463203
110024463212
110024463221
110024463720
110024463739
110024463757
110024463775
110024463793
110024463800
110024463828
110024463837
110024463855
110024463873
110024464104
110024464211
110024464239
110024464248
110024464266
110024464275
110024464284
110024464328
110024464462
110024464658
110024464809
110024464916
110024464925
110024464934
110024464943
110024464961
110024465327
110024465336
110024465372
110024465381
110024466004
110024466013
110024466022
110024466031
110024466040
110024466059
110024466068
110024466077
110024466086
110024466095
110024466102
110024466120
110024466139
110024466148
110024466166
110024466184
110024466193
110024466219
110024466228
110024466585
110024466594
110024466601
110024466610
110024466629
110024466638
110024466647
110024466656
110024466665
110024466674
110024466683
110024466692
110024466709
110024466718
110024466736
110024466745
110024466754
110024466763
110024466772
110024466781
110024466790
110024466807
110024466825
110024466834
110024466843
110024466852
110024466861
110024466870
110024466889
110024466898
110024467076
110024467085
110024467094
110024467101
110024467110
110024467147
110024467156
110024467165
110024467174
110024467183
110024467192
110024467209
110024467218
110024467227
110024467236
110024467245
110024467254
110024467263
110024467272
110024467281
110024467290
110024467307
110024467325
110024467334
110024467343
110024467352
110024467361
110024467389
110024467398
110024467405
110024467414
110024467423
110024467432
110024467450
110024467726
110024467735
110024467744
110024467753
110024467762
110024467771
110024467780
110024467799
110024467806
110024467815
110024467824
110024467833
110024467842
110024467888
110024467897
110024467904
110024467940
110024467959
110024467968
110024467986
110024467995
110024468002
110024468011
110024468039
110024468075
110024468084
110024468431
110024468440
110024468459
110024468468
110024468477
110024468486
110024468495
110024468501
110024468510
110024468529
110024468538
110024468565
110024468574
110024468583
110024468609
110024468627
110024468636
110024468645
110024468654
110024468663
110024468672
110024468681
110024468716
110024468725
110024469065
110024469083
110024469109
110024469118
110024469127
110024469136
110024469145
110024469154
110024469163
110024469172
110024469181
110024469190
110024469207
110024469216
110024469225
110024469234
110024469243
110024469252
110024469261
110024469270
110024469289
110024469305
110024469314
110024469323
110024469369
110024469378
110024469387
110024469396
110024469403
110024469412
110024469421
110024518636
110024518672
110024518707
110024518725
110024518734
110024518761
110024519047
110024519056
110024519065
110024519074
110024519083
110024519092
110024520856
110024520865
110024520874
110024522621
110024522630
110024523416
110024523434
110024523443
110024523452
110024523461
110024526725
110024528199
110024528368
110024528493
110024528750
110024529054
110024529063
110024529072
110024529125
110024529223
110024529232
110024529679
110024529697
110024529722
110024529946
110024530088
110024530275
110024530284
110024530444
110024530514
110024530667
110024530827
110024530836
110024530845
110024530925
110024530961
110024531050
110024532950
110024532969
110024533245
110024533316
110024533389
110024533502
110024533888
110024534477
110024535207
110024535225
110024535608
110024535804
110024535966
110024535975
110024536144
110024536199
110024536206
110024536215
110024536224
110024536288
110024536493
110024536607
110024536634
110024536714
110024536750
110024537241
110024538035
110024538053
110024538124
110024538213
110024538419
110024538650
110024538696
110024538712
110024538721
110024538776
110024538936
110024539132
110024539178
110024539347
110024539356
110024539409
110024539588
110024539980
110024539999
110024540148
110024540237
110024540246
110024540380
110024540530
110024540683
110024540736
110024540745
110024540754
110024540763
110024540932
110024541138
110024541414
110024543494
110024543519
110024543528
110024543546
110024543564
110024543582
110024543644
110024543911
110024543957
110024545036
110024545045
110024545054
110024545223
110024545269
110024546375
110024549880
110024549899
110024549906
110024549915
110024550038
110024550644
110024550653
110024550662
110024550671
110024550680
110024551313
110024551322
110024551368
110024551536
110024551545
110024551590
110024551616
110024551625
110024551634
110024551643
110024551661
110024551670
110024551723
110024551732
110024551741
110024551750
110024551769
110024551778
110024551787
110024551796
110024551803
110024551812
110024551821
110024551830
110024551849
110024551858
110024551867
110024551876
110024551885
110024551894
110024551901
110024551929
110024551947
110024551956
110024551965
110024551983
110024551992
110024552009
110024552027
110024552036
110024552045
110024552054
110024552866
110024552937
110024552955
110024552982
110024553017
110024553026
110024553035
110024553062
110024553142
110024553204
110024553231
110024553240
110024553277
110024553311
110024553375
110024553455
110024553464
110024553482
110024553491
110024553507
110024553516
110024553525
110024553534
110024553543
110024553561
110024553570
110024553589
110024553598
110024553605
110024553614
110024553623
110024553632
110024553641
110024553696
110024553703
110024553712
110024553721
110024553730
110024553749
110024553758
110024553767
110024553776
110024553785
110024553794
110024553801
110024553829
110024553847
110024553856
110024553874
110024553883
110024553892
110024553909
110024553918
110024553927
110024553936
110024553945
110024553954
110024553981
110024554249
110024554374
110024555159
110024555211
110024555220
110024555239
110024555257
110024555275
110024555284
110024555319
110024555337
110024555346
110024555417
110024555505
110024555541
110024555694
110024555710
110024555738
110024555756
110024555774
110024555792
110024555818
110024555836
110024555934
110024555952
110024555970
110024555998
110024556023
110024556041
110024556050
110024556078
110024556782
110024556791
110024556808
110024556853
110024556862
110024556871
110024556906
110024557807
110024557843
110024557852
110024557861
110024557870
110024557889
110024557914
110024558021
110024558030
110024558049
110024558067
110024558101
110024558192
110024558218
110024558272
110024558307
110024558325
110024558343
110024558370
110024558478
110024558487
110024558496
110024558511
110024558520
110024558539
110024558548
110024558566
110024559967
110024559985
110024560009
110024560027
110024560036
110024560081
110024560090
110024560116
110024560125
110024560189
110024560232
110024560241
110024560296
110024560303
110024560321
110024560394
110024560447
110024560483
110024560492
110024560508
110024560517
110024560580
110024560624
110024560651
110024560660
110024560697
110024560704
110024560713
110024560740
110024560759
110024560802
110024560875
110024562427
110024562436
110024562445
110024562454
110024562481
110024562506
110024562668
110024562677
110024562702
110024562711
110024562748
110024562784
110024562855
110024562926
110024562999
110024563006
110024563015
110024563024
110024563033
110024563060
110024563079
110024563088
110024563097
110024563104
110024563113
110024563122
110024563131
110024563159
110024563168
110024563177
110024563186
110024563195
110024563211
110024563239
110024563248
110024563257
110024563266
110024563275
110024563284
110024563293
110024563319
110024563328
110024563337
110024563364
110024563382
110024563417
110024563426
110024563453
110024563587
110024563612
110024563621
110024563630
110024563649
110024563667
110024563676
110024565237
110024566101
110024566110
110024566129
110024566147
110024566156
110024566165
110024566174
110024566183
110024566209
110024566245
110024566281
110024566307
110024566325
110024566343
110024566352
110024566361
110024566389
110024566398
110024566405
110024566414
110024566423
110024566432
110024566441
110024566450
110024566469
110024566478
110024566487
110024566520
110024566548
110024566557
