110024566566
110024566584
110024566593
110024566600
110024566628
110024566646
110024566655
110024566682
110024566708
110024566735
110024566753
110024566762
110024566771
110024566833
110024566860
110024566879
110024566931
110024567011
110024567093
110024567100
110024567119
110024567155
110024567164
110024567208
110024567217
110024567244
110024567271
110024567280
110024567315
110024567404
110024567459
110024567565
110024567574
110024567583
110024567663
110024567672
110024567681
110024567707
110024567734
110024567761
110024567770
110024567798
110024567805
110024567841
110024568984
110024569144
110024569395
110024569420
110024569439
110024569466
110024569475
110024569493
110024569536
110024569554
110024569563
110024569607
110024569634
110024569643
110024569661
110024569689
110024569714
110024569750
110024569796
110024569812
110024569830
110024569849
110024569867
110024569876
110024569901
110024569938
110024569965
110024569974
110024569992
110024570034
110024570052
110024570061
110024570098
110024570105
110024570114
110024570123
110024570141
110024570150
110024570169
110024570187
110024570203
110024570212
110024570230
110024570249
110024570258
110024570285
110024570294
110024570301
110024570310
110024570347
110024570436
110024570454
110024570463
110024570481
110024570490
110024570588
110024570604
110024570622
110024570631
110024570640
110024570659
110024570668
110024570677
110024570686
110024571630
110024571685
110024571701
110024571747
110024571774
110024571792
110024571836
110024572014
110024572032
110024572078
110024572096
110024572158
110024572185
110024572201
110024572229
110024572256
110024572274
110024572283
110024572327
110024572381
110024572390
110024572416
110024572425
110024572434
110024572443
110024572452
110024572461
110024572470
110024572489
110024572504
110024572531
110024572559
110024572568
110024572577
110024572586
110024572595
110024572602
110024572611
110024572620
110024572639
110024572657
110024572666
110024572700
110024572719
110024572728
110024572737
110024572746
110024572755
110024572764
110024572773
110024572782
110024572791
110024572817
110024572826
110024572835
110024572844
110024572853
110024572862
110024572880
110024572915
110024572924
110024572933
110024572942
110024572951
110024572997
110024573013
110024573022
110024573040
110024573095
110024573102
110024573111
110024573120
110024573148
110024573184
110024573200
110024573219
110024573237
110024573246
110024573255
110024573264
110024573273
110024573282
110024573291
110024573308
110024573317
110024573326
110024573335
110024573344
110024573353
110024573362
110024573380
110024573424
110024573479
110024573521
110024573558
110024573576
110024573594
110024573610
110024573629
110024573638
110024573647
110024575217
110024575262
110024575299
110024575315
110024575351
110024575397
110024575431
110024575440
110024575477
110024575510
110024575609
110024575636
110024575707
110024576038
110024576065
110024576092
110024576118
110024576136
110024576145
110024576154
110024576172
110024576190
110024576207
110024576216
110024576225
110024576332
110024576350
110024576430
110024576537
110024576582
110024576608
110024576644
110024576671
110024576699
110024576706
110024576724
110024576779
110024576797
110024576804
110024576813
110024576822
110024576868
110024576877
110024576886
110024576902
110024576920
110024576957
110024576966
110024576993
110024577000
110024577028
110024577046
110024577055
110024577064
110024577091
110024577108
110024577126
110024577153
110024577171
110024577180
110024577199
110024577224
110024577233
110024577251
110024577260
110024577304
110024577313
110024577322
110024577331
110024577340
110024577359
110024577368
110024577386
110024577411
110024577420
110024577439
110024577448
110024577457
110024577475
110024577484
110024577493
110024577509
110024577527
110024577554
110024577590
110024577705
110024577732
110024577778
110024577821
110024578599
110024578615
110024578633
110024579302
110024579311
110024579339
110024579357
110024579384
110024579393
110024579419
110024579464
110024579473
110024579516
110024579598
110024579623
110024579632
110024579641
110024579650
110024579678
110024579687
110024579696
110024579721
110024579730
110024579758
110024579767
110024579776
110024579810
110024579829
110024579838
110024579865
110024579874
110024579892
110024579909
110024579927
110024579936
110024579954
110024579990
110024580087
110024580112
110024580176
110024580194
110024580210
110024580229
110024580247
110024580265
110024580283
110024580292
110024580318
110024580336
110024580354
110024581442
110024582343
110024582370
110024582897
110024582959
110024583084
110024583128
110024583146
110024583155
110024583164
110024583173
110024583182
110024583191
110024583208
110024583217
110024583226
110024583244
110024583262
110024583271
110024583280
110024583306
110024583315
110024583351
110024583379
110024583388
110024583397
110024583404
110024583413
110024583431
110024583440
110024583495
110024583501
110024583510
110024583529
110024583538
110024583565
110024583574
110024583583
110024583609
110024583618
110024583627
110024583636
110024583654
110024583707
110024583716
110024583734
110024583743
110024583770
110024583798
110024583823
110024583832
110024583869
110024583903
110024583912
110024583921
110024583958
110024583967
110024583976
110024584010
110024584029
110024584056
110024584092
110024584118
110024584136
110024584412
110024584430
110024584449
110024584458
110024584699
110024585046
110024585055
110024585064
110024585082
110024585091
110024585108
110024585126
110024585135
110024585144
110024585153
110024585162
110024585180
110024585206
110024585233
110024585242
110024585279
110024585288
110024585297
110024585304
110024585313
110024585322
110024585331
110024585359
110024585377
110024585411
110024585439
110024585475
110024585493
110024585536
110024585545
110024585554
110024585563
110024585572
110024585581
110024585590
110024585625
110024585634
110024585689
110024585705
110024585750
110024585778
110024585787
110024585796
110024585803
110024585821
110024585830
110024585938
110024585947
110024585965
110024585974
110024585983
110024585992
110024586036
110024586054
110024586063
110024586081
110024586090
110024586116
110024586125
110024586143
110024586152
110024586642
110024586713
110024586786
110024586848
110024586875
110024586884
110024586928
110024586937
110024586946
110024586955
110024587026
110024587044
110024587053
110024587115
110024587133
110024587204
110024587213
110024588640
110024588659
110024588668
110024588677
110024588686
110024588695
110024588702
110024588711
110024588720
110024588739
110024588748
110024588757
110024588766
110024588775
110024588793
110024588819
110024588828
110024588837
110024588855
110024588873
110024588882
110024588891
110024588908
110024588926
110024588935
110024588944
110024588962
110024588971
110024588999
110024589006
110024589015
110024589024
110024589033
110024589051
110024589060
110024589088
110024589097
110024589113
110024589122
110024589131
110024589177
110024589186
110024589202
110024589220
110024589239
110024589248
110024589257
110024589266
110024589275
110024589284
110024589300
110024589328
110024589337
110024589346
110024589355
110024589364
110024589373
110024589426
110024589435
110024589453
110024589462
110024589471
110024589480
110024589499
110024589505
110024589541
110024589578
110024589596
110024589603
110024589621
110024589649
110024589658
110024589667
110024589676
110024589694
110024589701
110024589729
110024589747
110024589765
110024589774
110024589783
110024589907
110024589916
110024589925
110024589934
110024589961
110024589989
110024590012
110024590021
110024590030
110024590049
110024590067
110024590085
110024590101
110024590110
110024590147
110024590165
110024590174
110024590183
110024590209
110024590227
110024590236
110024590254
110024590263
110024590272
110024590290
110024590316
110024590325
110024590334
110024590343
110024590352
110024590361
110024590389
110024590414
110024590441
110024590450
110024590511
110024590520
110024590539
110024590557
110024590566
110024590575
110024590584
110024590619
110024590628
110024590637
110024590646
110024590655
110024590664
110024590726
110024590735
110024590753
110024590762
110024590771
110024590780
110024590799
110024590806
110024590833
110024590842
110024590851
110024590879
110024590897
110024590904
110024590913
110024590922
110024590931
110024590940
110024590959
110024590977
110024590995
110024591002
110024591020
110024591057
110024591066
110024591075
110024591084
110024591100
110024591119
110024591128
110024591146
110024591164
110024591173
110024591182
110024591191
110024591208
110024591217
110024591226
110024591235
110024591244
110024591253
110024591262
110024591271
110024591299
110024591306
110024591315
110024591333
110024591342
110024591351
110024591379
110024591397
110024591413
110024591422
110024591431
110024591440
110024591459
110024591468
110024591477
110024591486
110024591529
110024591547
110024591556
110024591565
110024591574
110024591583
110024591592
110024591609
110024591618
110024591636
110024591645
110024591654
110024591663
110024591672
110024591681
110024591690
110024591707
110024591716
110024591725
110024591743
110024591752
110024591761
110024591770
110024591789
110024591805
110024591823
110024591841
110024591850
110024591869
110024591887
110024591903
110024591912
110024591921
110024591949
110024591958
110024591967
110024591976
110024591985
110024591994
110024592001
110024592010
110024592029
110024592038
110024592047
110024592056
110024592065
110024592083
110024592092
110024592109
110024592118
110024592127
110024592136
110024592145
110024592172
110024592181
110024592190
110024592207
110024592216
110024592225
110024592234
110024592243
110024592252
110024592261
110024592270
110024592289
110024592298
110024592305
110024592332
110024592341
110024592369
110024592378
110024592387
110024592396
110024592403
110024592412
110024592430
110024592449
110024592467
110024592476
110024592494
110024592500
110024592519
110024592528
110024592546
110024592564
110024592608
110024592617
110024592626
110024592635
110024592644
110024592653
110024592662
110024592671
110024592706
110024592715
110024592742
110024592751
110024592760
110024592779
110024592804
110024592813
110024592822
110024592859
110024592868
110024592877
110024592886
110024592895
110024592902
110024592911
110024592920
110024592939
110024592966
110024592975
110024592984
110024593000
110024593019
110024593028
110024593037
110024593064
110024593073
110024593082
110024593091
110024593108
110024593117
110024593135
110024593144
110024593162
110024593171
110024593180
110024593206
110024593215
110024593224
110024593233
110024593242
110024593297
110024593304
110024593322
110024593331
110024593340
110024593359
110024593368
110024593377
110024593386
110024593395
110024593402
110024593411
110024593439
110024593466
110024593475
110024593509
110024593518
110024593527
110024593536
110024593554
110024593563
110024593572
110024593581
110024593590
110024593607
110024593616
110024593625
110024593643
110024593661
110024593670
110024593689
110024593698
110024593705
110024593714
110024593723
110024593732
110024593741
110024593750
110024593769
110024593778
110024593812
110024593849
110024593876
110024593894
110024593910
110024593929
110024593938
110024593965
110024593974
110024593983
110024593992
110024594018
110024594027
110024594036
110024594063
110024594072
110024594081
110024594125
110024594134
110024594143
110024594152
110024594161
110024594189
110024594205
110024594223
110024594232
110024594241
110024594269
110024594278
110024594303
110024594312
110024594321
110024594330
110024594349
110024594376
110024594385
110024594401
110024594410
110024594429
110024594438
110024594447
110024594465
110024594474
110024594483
110024594492
110024594508
110024594517
110024594535
110024594562
110024594571
110024594580
110024594599
110024594606
110024594615
110024594624
110024594633
110024594642
110024594651
110024594660
110024594679
110024594697
110024594713
110024594722
110024594731
110024594740
110024594759
110024594768
110024594777
110024594802
110024594811
110024594820
110024594839
110024594848
110024594857
110024594866
110024594884
110024594893
110024594919
110024594946
110024594955
110024594964
110024594973
110024594982
110024594991
110024595017
110024595026
110024595035
110024595044
110024595053
110024595062
110024595071
110024595080
110024595099
110024595106
110024595115
110024595124
110024595133
110024595142
110024595151
110024595160
110024595179
110024595188
110024595197
110024595204
110024595213
110024595222
110024595231
110024595240
110024595259
110024595268
110024595277
110024595286
110024595295
110024595302
110024595311
110024595320
110024595339
110024595348
110024595357
110024595366
110024595375
110024595384
110024595393
110024595400
110024595419
110024595428
110024595446
110024595455
110024595464
110024595473
110024595482
110024595491
110024595507
110024595516
110024595525
110024595534
110024595543
110024595561
110024595570
110024595589
110024595598
110024595605
110024595614
