110024595623
110024595632
110024595641
110024595650
110024595669
110024595678
110024595687
110024595712
110024595721
110024595730
110024595749
110024595767
110024595785
110024595794
110024595801
110024595810
110024595829
110024595838
110024595847
110024595856
110024595865
110024595874
110024595883
110024595892
110024595909
110024595918
110024595963
110024595972
110024595981
110024595990
110024596007
110024596016
110024596025
110024596034
110024596052
110024596061
110024596070
110024596089
110024596098
110024596105
110024596114
110024596123
110024596132
110024596150
110024596169
110024596187
110024596196
110024596203
110024596212
110024596276
110024596294
110024596301
110024596329
110024596338
110024596347
110024596356
110024596365
110024596374
110024596383
110024596392
110024596409
110024596418
110024596427
110024596445
110024596454
110024596463
110024596472
110024596481
110024596490
110024596506
110024596515
110024596533
110024596542
110024596551
110024596588
110024596613
110024596622
110024596631
110024596640
110024596659
110024596668
110024596677
110024596686
110024596695
110024596702
110024596711
110024596720
110024596739
110024596766
110024596775
110024596784
110024596800
110024596819
110024596828
110024596837
110024596846
110024596855
110024596864
110024596873
110024596882
110024596891
110024596908
110024596917
110024596926
110024596935
110024596953
110024596962
110024596971
110024596980
110024597006
110024597015
110024597024
110024597033
110024597042
110024597060
110024597079
110024597088
110024597097
110024597104
110024597113
110024597122
110024597131
110024597140
110024597159
110024597168
110024597177
110024597186
110024597195
110024597220
110024597239
110024597248
110024597257
110024597266
110024597284
110024597293
110024597300
110024597328
110024597337
110024597346
110024597355
110024597364
110024597373
110024597382
110024597391
110024597426
110024597435
110024597444
110024597462
110024597471
110024597480
110024597499
110024597505
110024597514
110024597523
110024597532
110024597541
110024597550
110024597569
110024597578
110024597587
110024597596
110024597603
110024597621
110024597630
110024597649
110024597658
110024597667
110024597676
110024597694
110024597701
110024597710
110024597729
110024597738
110024597765
110024597774
110024597783
110024597792
110024597809
110024597818
110024597827
110024597845
110024597854
110024597863
110024597872
110024597890
110024597907
110024597916
110024597925
110024597934
110024597943
110024597952
110024597970
110024597989
110024597998
110024598005
110024598014
110024598023
110024598032
110024598041
110024598050
110024598069
110024598078
110024598087
110024598096
110024598103
110024598112
110024598121
110024598130
110024598149
110024598158
110024598167
110024598176
110024598194
110024598210
110024598238
110024598247
110024598265
110024598283
110024598292
110024598318
110024598327
110024598336
110024598345
110024598354
110024598363
110024598372
110024598381
110024598416
110024598425
110024598443
110024598452
110024598461
110024598470
110024598489
110024598498
110024598504
110024598513
110024598522
110024598531
110024598540
110024598568
110024598577
110024598586
110024598602
110024598620
110024598639
110024598648
110024598657
110024598675
110024598684
110024598871
110024599077
110024599102
110024599111
110024599157
110024626056
110024809858
110024809885
110024810123
110024810221
110024810249
110024810258
110024810267
110024810276
110024810285
110024810310
110024810356
110024810383
110024810409
110024810418
110024810427
110024810436
110024810454
110024810463
110024810490
110024810506
110024810542
110024810560
110024810597
110024810604
110024810631
110024810640
110024810659
110024810677
110024810686
110024810711
110024810720
110024810739
110024810757
110024810793
110024810800
110024810828
110024810837
110024810846
110024810882
110024810917
110024810926
110024810944
110024810962
110024810971
110024810980
110024810999
110024811006
110024811015
110024811024
110024811033
110024811042
110024811051
110024811079
110024811088
110024811097
110024811113
110024811140
110024811426
110024811435
110024811444
110024811453
110024811471
110024811499
110024811523
110024811569
110024811603
110024811649
110024811667
110024811685
110024811701
110024811729
110024811756
110024811774
110024811792
110024811818
110024811863
110024811872
110024811890
110024811916
110024811989
110024811998
110024812014
110024812023
110024812041
110024812069
110024812602
110024812648
110024812657
110024812693
110024812728
110024812737
110024812755
110024812826
110024812844
110024812853
110024812960
110024812988
110024813004
110024813013
110024813059
110024813077
110024813095
110024813111
110024813120
110024813139
110024813157
110024813166
110024813184
110024813200
110024813255
110024813264
110024813282
110024813291
110024813335
110024813479
110024813497
110024813727
110024813745
110024813763
110024813781
110024813807
110024813825
110024813923
110024813941
110024814021
110024814030
110024814049
110024814067
110024814076
110024814085
110024814094
110024814101
110024814110
110024814129
110024814156
110024814254
110024814290
110024814325
110024814343
110024814361
110024814398
110024814414
110024814441
110024814771
110024814815
110024814824
110024814842
110024814851
110024814879
110024814897
110024814931
110024814959
110024814995
110024815002
110024815011
110024815020
110024815039
110024815057
110024815075
110024815084
110024815093
110024815119
110024815146
110024815155
110024815173
110024815191
110024815208
110024815217
110024815244
110024816136
110024816154
110024816172
110024816181
110024816190
110024816207
110024816216
110024816225
110024816243
110024816252
110024816261
110024816270
110024816289
110024816298
110024816305
110024816323
110024816332
110024816341
110024816369
110024816387
110024816396
110024816403
110024816412
110024816421
110024816449
110024816458
110024816467
110024816476
110024816485
110024816500
110024816519
110024816528
110024816537
110024816546
110024816555
110024816564
110024816573
110024816582
110024816591
110024816608
110024816617
110024816635
110024816644
110024816653
110024816662
110024816671
110024816699
110024816706
110024816715
110024816733
110024816742
110024816760
110024816779
110024816788
110024816797
110024816804
110024816813
110024816822
110024816831
110024816840
110024816868
110024816886
110024816895
110024817251
110024817260
110024817279
110024817304
110024817322
110024817331
110024817340
110024817368
110024817377
110024817386
110024817395
110024817402
110024817411
110024817439
110024817448
110024817466
110024817475
110024817484
110024817493
110024817509
110024817527
110024817545
110024817554
110024817563
110024817581
110024817590
110024817607
110024817616
110024817625
110024818081
110024818090
110024818134
110024818152
110024818161
110024818170
110024818189
110024818198
110024818205
110024818214
110024818223
110024818232
110024818241
110024818269
110024818278
110024818303
110024818312
110024818349
110024818358
110024818376
110024818385
110024818394
110024818401
110024818410
110024818438
110024818447
110024818456
110024818465
110024818483
110024819017
110024819035
110024819044
110024819062
110024819099
110024819106
110024819124
110024819160
110024819179
110024819188
110024819197
110024819213
110024819222
110024819268
110024819277
110024819286
110024819295
110024819302
110024819311
110024819320
110024819348
110024819357
110024819366
110024819375
110024819393
110024819400
110024819419
110024819428
110024819455
110024819473
110024819491
110024819507
110024819525
110024819543
110024819561
110024819570
110024819589
110024819605
110024819614
110024819632
110024819669
110024819687
110024819696
110024819703
110024819712
110024819730
110024820050
110024820069
110024820087
110024820112
110024820158
110024820167
110024820194
110024820201
110024820210
110024820238
110024820256
110024820265
110024820274
110024820283
110024820292
110024820309
110024820318
110024820336
110024820345
110024820363
110024820381
110024820407
110024820416
110024820425
110024820434
110024820443
110024820461
110024820470
110024820504
110024820522
110024820531
110024820540
110024820577
110024820586
110024820602
110024820611
110024820620
110024820853
110024820862
110024820979
110024820988
110024820997
110024821004
110024821022
110024821031
110024821040
110024821059
110024821068
110024821077
110024821095
110024821102
110024821111
110024821120
110024821139
110024821157
110024821166
110024821184
110024821200
110024821219
110024821317
110024821326
110024821335
110024821353
110024821362
110024821371
110024821380
110024821406
110024821415
110024821424
110024821433
110024821442
110024821451
110024821479
110024821488
110024821497
110024821512
110024821521
110024821530
110024821549
110024821567
110024821585
110024821601
110024821610
110024821629
110024821638
110024821647
110024821656
110024821665
110024821674
110024821683
110024821692
110024821727
110024822085
110024822101
110024822307
110024822646
110024822717
110024822735
110024822753
110024822824
110024822833
110024822842
110024822922
110024823565
110024823672
110024823716
110024823734
110024823887
110024823903
110024824010
110024824314
110024824350
110024824387
110024824421
110024824458
110024824911
110024825224
110024825518
110024825885
110024825894
110024825901
110024825947
110024825956
110024825965
110024825992
110024826009
110024826027
110024826045
110024826054
110024826063
110024826090
110024826107
110024826134
110024826143
110024826161
110024826170
110024826189
110024826198
110024826205
110024826214
110024826232
110024826241
110024826250
110024826802
110024826848
110024826866
110024826875
110024827614
110024828739
110024828917
110024829694
110024829701
110024829710
110024829729
110024829738
110024829747
110024829756
110024829872
110024829907
110024830012
110024831020
110024831039
110024831084
110024831119
110024831146
110024831164
110024831235
110024831244
110024831306
110024831912
110024832056
110024832065
110024832074
110024832092
110024832145
110024832154
110024832163
110024832172
110024832225
110024832868
110024832877
110024832902
110024832920
110024832939
110024832957
110024833019
110024833064
110024833117
110024833135
110024833153
110024833171
110024833180
110024833199
110024833215
110024833224
110024833233
110024833304
110024833331
110024833858
110024833894
110024833929
110024834107
110024834214
110024834358
110024834642
110024834713
110024834802
110024834866
110024834928
110024834964
110024834982
110024835008
110024835339
110024835348
110024835446
110024835473
110024835482
110024835516
110024835534
110024835561
110024835570
110024835589
110024835598
110024835650
110024835730
110024835776
110024835810
110024835829
110024835972
110024836169
110024836178
110024836187
110024836203
110024836212
110024836659
110024836677
110024837060
110024837177
110024837186
110024837211
110024868918
110024868936
110024868945
110024868954
110024869203
110024869249
110024869533
110024869882
110024869891
110024873519
110024873528
110024874439
110024874448
110024874457
110024874466
110024874475
110024874484
110024874493
110024874509
110024874527
110024875429
110024876507
110024876516
110024876525
110024876534
110024876543
110024877365
110024877383
110024878596
110024878710
110024882144
110024882180
110024882224
110024882242
110024882251
110024882288
110024882297
110024883045
110024883134
110024883269
110024883296
110024883312
110024883401
110024883438
110024883447
110024883456
110024883483
110024883492
110024883508
110024883517
110024883535
110024883544
110024883553
110024883562
110024883571
110024883580
110024883599
110024883615
110024883624
110024883633
110024884311
110024884339
110024884348
110024886168
110024886177
110024886195
110024886202
110024886211
110024886220
110024886239
110024886248
110024886257
110024886266
110024886284
110024886293
110024886630
110024886649
110024886658
110024886676
110024886998
110024887014
110024887023
110024887050
110024887078
110024887087
110024887096
110024887112
110024887121
110024887452
110024887461
110024887470
110024887489
110024887817
110024887826
110024887844
110024887853
110024887960
110024887979
110024887988
110024887997
110024888004
110024888013
110024888273
110024888718
110024888727
110024888969
110024889049
110024889058
110024889085
110024889094
110024889138
110024889343
110024889352
110024889361
110024889370
110024889423
110024889637
110024889655
110024889771
110024889799
110024889806
110024889860
110024889931
110024889940
110024889959
110024889986
110024890000
110024890055
110024890064
110024890073
110024890091
110024890135
110024890144
110024890153
110024890162
110024890171
110024890180
110024890206
110024890260
110024890475
110024890714
110024890732
110024890741
110024890750
110024890778
110024929149
110024930057
110024930066
110024930235
110024942188
110024942473
110024942482
110025032462
110025147829
110025169127
110025169163
110025169243
110025170124
110025170534
110025170918
110025170936
110025171070
110025171230
110025171668
110025171800
110025183030
110025183147
110025201350
