110025201430
110025201494
110025205034
110025205061
110025205114
110025206319
110025206408
110025206426
110025206444
110025206453
110025206462
110025206471
110025206499
110025206505
110025206514
110025206523
110025206532
110025206578
110025206612
110025206630
110025206649
110025206667
110025206676
110025207489
110025207498
110025207504
110025207513
110025207531
110025207540
110025207568
110025207602
110025207620
110025207648
110025207657
110025207666
110025207675
110025207684
110025207700
110025207817
110025209147
110025211205
110025212400
110025212419
110025212437
110025212455
110025212464
110025212552
110025212561
110025212598
110025213132
110025213141
110025213203
110025213383
110025217673
110025217682
110025217691
110025218592
110025229312
110025240996
110025244698
110025246419
110025247668
110025254980
110025275351
110025310483
110025310492
110025310526
110025310535
110025310553
110025310562
110025310571
110025310599
110025310606
110025310615
110025310697
110025311446
110025311534
110025311543
110025311552
110025311570
110025311589
110025311614
110025311632
110025311687
110025311703
110025311730
110025311758
110025311767
110025311785
110025311794
110025311801
110025311838
110025311936
110025311954
110025312025
110025312070
110025312132
110025312169
110025312196
110025312212
110025312249
110025312276
110025312285
110025312409
110025312463
110025312472
110025312490
110025312506
110025312524
110025312533
110025312542
110025312579
110025312588
110025312711
110025312766
110025312784
110025312800
110025312828
110025312882
110025312944
110025312962
110025312980
110025313015
110025313042
110025313079
110025313104
110025313122
110025313186
110025313202
110025313355
110025313373
110025313382
110025313391
110025313471
110025313729
110025313774
110025313818
110025314577
110025314602
110025314639
110025314666
110025314675
110025314693
110025314728
110025315148
110025315157
110025315166
110025315175
110025315193
110025315200
110025315219
110025315237
110025315246
110025315488
110025316496
110025316619
110025316628
110025316860
110025316879
110025316888
110025316904
110025316913
110025316959
110025318378
110025318421
110025318920
110025318939
110025318948
110025319046
110025328802
110025329026
110025329062
110025329142
110025329794
110025329801
110025331246
110025331399
110025331406
110025331424
110025331530
110025331549
110025331594
110025331601
110025331629
110025331647
110025331656
110025331665
110025331772
110025331790
110025331816
110025331870
110025331889
110025331923
110025331932
110025331950
110025331978
110025332003
110025332003
110025332101
110025332129
110025332183
110025332325
110025332432
110025332548
110025332655
110025332682
110025332691
110025332717
110025332771
110025332780
110025332799
110025332815
110025336410
110025336615
110025336964
110025336973
110025337525
110025337534
110025337543
110025337552
110025337561
110025337570
110025337589
110025337598
110025337605
110025337623
110025337669
110025337678
110025337703
110025337712
110025337721
110025337730
110025337767
110025337776
110025337785
110025337794
110025337801
110025337829
110025337838
110025337856
110025337865
110025337874
110025337883
110025337892
110025337909
110025337918
110025337927
110025337954
110025337963
110025337972
110025337990
110025338007
110025338016
110025338025
110025338034
110025338043
110025338061
110025338070
110025338089
110025338098
110025338105
110025338114
110025338123
110025338132
110025338141
110025338150
110025338169
110025338178
110025338196
110025338203
110025338212
110025338267
110025338383
110025338472
110025338515
110025338588
110025338613
110025338677
110025338702
110025339523
110025339550
110025339596
110025339603
110025339649
110025339667
110025339676
110025339694
110025339701
110025339729
110025339756
110025339792
110025339836
110025339863
110025339872
110025339934
110025339952
110025340049
110025340076
110025340085
110025340101
110025340110
110025340129
110025340138
110025340156
110025340165
110025340174
110025340183
110025340192
110025340209
110025340218
110025340227
110025340236
110025340245
110025340254
110025340263
110025340290
110025340307
110025340316
110025340325
110025340334
110025340343
110025340352
110025340361
110025340389
110025340441
110025340469
110025340487
110025340539
110025340557
110025340575
110025340584
110025340600
110025340628
110025340646
110025340655
110025341182
110025341208
110025341271
110025341299
110025341315
110025341342
110025341360
110025341388
110025341397
110025341404
110025341413
110025341422
110025341431
110025341440
110025341459
110025341468
110025341477
110025341486
110025341495
110025341501
110025341529
110025341547
110025341565
110025341583
110025341592
110025341609
110025341618
110025341636
110025341645
110025341654
110025341663
110025341672
110025341681
110025341690
110025341725
110025341734
110025341743
110025341761
110025341770
110025341798
110025341805
110025341814
110025341823
110025341832
110025341841
110025341878
110025341887
110025341896
110025341903
110025341930
110025341958
110025341994
110025342056
110025342074
110025342136
110025342163
110025342181
110025342207
110025342243
110025342323
110025342449
110025342476
110025342500
110025342537
110025342742
110025342868
110025342895
110025342902
110025342948
110025342957
110025342966
110025342975
110025342984
110025343000
110025343019
110025343037
110025343046
110025343055
110025343073
110025343082
110025343091
110025343108
110025343117
110025343126
110025343135
110025343144
110025343180
110025343199
110025343206
110025343215
110025343233
110025343251
110025343260
110025343279
110025343288
110025343304
110025343322
110025343331
110025343340
110025343359
110025343368
110025343386
110025343395
110025343420
110025343439
110025343457
110025343466
110025343475
110025343484
110025343493
110025343509
110025343518
110025343527
110025343536
110025343545
110025343554
110025343590
110025343616
110025343625
110025343634
110025343643
110025343652
110025343698
110025343705
110025343732
110025343769
110025343787
110025343796
110025343812
110025343821
110025343876
110025343885
110025343901
110025343910
110025343983
110025344027
110025344287
110025344321
110025344349
110025344367
110025344385
110025344394
110025344429
110025344447
110025344474
110025344492
110025344517
110025344535
110025344553
110025344615
110025344633
110025344651
110025344660
110025344697
110025344704
110025344731
110025344740
110025344768
110025344820
110025344848
110025344857
110025344875
110025344884
110025344893
110025344919
110025344937
110025344946
110025344964
110025344982
110025345008
110025345053
110025345099
110025345240
110025345277
110025345295
110025345302
110025345320
110025345348
110025345366
110025345400
110025345428
110025345455
110025345464
110025345482
110025345507
110025345525
110025345534
110025345543
110025345561
110025345598
110025345605
110025345623
110025345632
110025345641
110025345687
110025345696
110025345721
110025345730
110025345749
110025345767
110025345776
110025345785
110025345801
110025345810
110025345829
110025345847
110025345856
110025345865
110025345883
110025345892
110025345909
110025345918
110025345927
110025345963
110025345981
110025345990
110025346016
110025346025
110025346034
110025346061
110025346070
110025346098
110025346105
110025346114
110025346123
110025346132
110025346169
110025346187
110025346203
110025346221
110025346258
110025346276
110025346338
110025347104
110025347113
110025347131
110025347435
110025347453
110025347471
110025347854
110025347863
110025347881
110025347890
110025347907
110025347916
110025347925
110025347934
110025347961
110025347970
110025347989
110025347998
110025348005
110025348014
110025348023
110025348032
110025348041
110025348050
110025348069
110025348078
110025348087
110025348096
110025348103
110025348112
110025348121
110025348130
110025348158
110025348201
110025348210
110025348229
110025348336
110025348345
110025348363
110025348381
110025348416
110025348452
110025348461
110025348470
110025348504
110025348513
110025348568
110025348602
110025348657
110025348666
110025348684
110025348700
110025348728
110025348737
110025348746
110025348782
110025348817
110025348826
110025348862
110025348871
110025348880
110025348933
110025348979
110025349004
110025349013
110025349022
110025349068
110025349086
110025349111
110025349157
110025349255
110025349264
110025349291
110025349308
110025349317
110025349353
110025349362
110025349424
110025349442
110025349479
110025349530
110025349567
110025349576
110025349585
110025349594
110025349629
110025349656
110025349665
110025349674
110025349709
110025349718
110025349727
110025349745
110025349754
110025349790
110025349843
110025349852
110025349914
110025349923
110025349932
110025349941
110025349978
110025350046
110025350082
110025350108
110025350126
110025350135
110025350144
110025350153
110025350180
110025350224
110025350233
110025350251
110025350260
110025350288
110025350297
110025350331
110025350340
110025350359
110025350368
110025350402
110025350411
110025350457
110025350493
110025350518
110025350536
110025350545
110025350563
110025350590
110025350616
110025350634
110025350689
110025350698
110025350714
110025350723
110025350769
110025350796
110025350821
110025350858
110025350929
110025350938
110025350947
110025350992
110025351009
110025351018
110025351063
110025351072
110025351081
110025351090
110025351125
110025351134
110025351161
110025351205
110025351223
110025351241
110025351278
110025351330
110025351349
110025351394
110025351410
110025351429
110025351456
110025351492
110025351526
110025351544
110025351553
110025351562
110025351599
110025351615
110025351624
110025351651
110025351697
110025351713
110025351731
110025351768
110025351802
110025351820
110025351839
110025351866
110025351884
110025351900
110025351928
110025351946
110025351964
110025351973
110025351991
110025352017
110025352035
110025352071
110025352080
110025352106
110025352115
110025352160
110025352179
110025352197
110025352240
110025352268
110025352302
110025352357
110025352366
110025352375
110025352393
110025352419
110025352446
110025352473
110025352482
110025352507
110025352516
110025352525
110025352534
110025352543
110025352552
110025352570
110025352589
110025352623
110025352669
110025352678
110025352696
110025352703
110025352749
110025352767
110025352776
110025352794
110025352865
110025352892
110025352945
110025352963
110025352972
110025352990
110025353007
110025353061
110025353089
110025353098
110025353105
110025353169
110025353203
110025353230
110025353258
110025353285
110025353310
110025353347
110025353365
110025353463
110025353490
110025353506
110025353524
110025353604
110025353613
110025353640
110025353659
110025353695
110025353702
110025353748
110025353757
110025353784
110025353819
110025353828
110025353855
110025353873
110025353882
110025353891
110025353917
110025353926
110025353980
110025354042
110025354079
110025354097
110025354159
110025354186
110025354248
110025354275
110025354328
110025354346
110025354364
110025354373
110025354417
110025354444
110025354453
110025354462
110025354523
110025354532
110025354541
110025354569
110025354587
110025354596
110025354621
110025354630
110025354694
110025354756
110025354765
110025354774
110025354792
110025354809
110025354827
110025354845
110025354863
110025354872
110025354907
110025354925
110025354952
110025354970
110025354989
110025355005
110025355023
110025355041
110025355069
110025355121
110025355149
110025355158
110025355167
110025355201
110025355247
110025355265
110025355292
110025355327
110025355336
110025355390
110025355407
110025355416
110025355425
110025355434
110025355443
110025355452
110025355559
110025355568
110025355577
110025355586
110025355595
110025355620
110025355639
110025355648
110025355666
110025355684
110025355700
110025355728
110025355746
110025355755
110025355764
110025355782
110025355835
110025355880
110025355899
110025355924
110025355933
110025355960
110025356004
110025356013
110025356022
110025356031
110025356059
110025356086
110025356102
110025356139
110025356157
110025356175
110025356200
110025356228
110025356237
110025356317
110025356344
110025356362
110025356371
110025356380
110025356424
110025356433
110025356451
110025356460
110025356479
110025356488
110025356503
110025356549
110025356558
110025356567
110025356656
110025356665
110025356674
110025356683
110025356692
110025356718
110025356754
110025356825
110025356834
110025356843
110025356852
110025356861
110025356898
110025356932
110025356950
110025356996
110025357003
110025357076
110025357094
110025357110
110025357138
110025357147
110025357192
110025357227
110025357245
110025357272
110025357316
110025357343
110025357361
110025357370
110025357423
110025357478
110025357487
110025357502
110025357511
110025357520
110025357539
110025357584
110025357600
110025357619
110025357682
110025357708
110025357726
110025357735
110025357753
110025357771
110025357780
110025357799
110025357842
110025357860
110025357879
110025357904
110025357913
110025357922
110025357931
110025357968
110025358020
110025358048
110025358093
