110025358128
110025358173
110025358182
110025358226
110025358244
110025358253
110025358271
110025358299
110025358351
110025358360
110025358379
110025358388
110025358404
110025358422
110025358440
110025358468
110025358477
110025358510
110025358529
110025358538
110025358547
110025358574
110025358592
110025358618
110025358636
110025358663
110025358716
110025358743
110025358752
110025358823
110025358832
110025358887
110025358967
110025359047
110025359056
110025359065
110025359074
110025359118
110025359163
110025359216
110025359261
110025359350
110025359396
110025359403
110025359412
110025359449
110025359485
110025359500
110025359528
110025359617
110025359626
110025359653
110025359671
110025359699
110025359724
110025359742
110025359751
110025359831
110025359840
110025359895
110025359920
110025359939
110025359957
110025360008
110025360017
110025360035
110025360044
110025360062
110025360080
110025360099
110025360124
110025360179
110025360188
110025360213
110025360231
110025360277
110025360286
110025360302
110025360339
110025360366
110025360375
110025360400
110025360428
110025360455
110025360464
110025360473
110025360482
110025360507
110025360525
110025360534
110025360543
110025360614
110025360703
110025360749
110025360785
110025360810
110025360865
110025360892
110025360972
110025360990
110025361007
110025361025
110025361114
110025361132
110025361169
110025361187
110025361196
110025361203
110025361221
110025361230
110025361249
110025361258
110025361276
110025361285
110025361301
110025361365
110025361383
110025361392
110025361409
110025361418
110025361445
110025361463
110025361481
110025361506
110025361515
110025361524
110025361533
110025361542
110025361579
110025361597
110025361604
110025361613
110025361622
110025361640
110025361659
110025361677
110025361702
110025361711
110025361766
110025361775
110025361793
110025361819
110025361837
110025361846
110025361864
110025361926
110025361944
110025361980
110025361999
110025362024
110025362079
110025362177
110025362195
110025362202
110025362211
110025362257
110025362293
110025362346
110025362417
110025362499
110025362514
110025362550
110025362578
110025362587
110025362612
110025362621
110025362676
110025362694
110025362710
110025362729
110025362738
110025362765
110025362774
110025362783
110025362818
110025362863
110025362872
110025362916
110025362925
110025362952
110025362998
110025363005
110025363014
110025363032
110025363103
110025363121
110025363130
110025363149
110025363167
110025363194
110025363210
110025363229
110025363238
110025363265
110025363274
110025363309
110025363354
110025363372
110025363390
110025363416
110025363452
110025363461
110025363470
110025363489
110025363504
110025363522
110025363531
110025363568
110025363586
110025363602
110025363657
110025363666
110025363675
110025363684
110025363693
110025363700
110025363737
110025363746
110025363773
110025363782
110025363791
110025363835
110025363844
110025363862
110025363871
110025363899
110025363906
110025363942
110025363951
110025363997
110025364040
110025364095
110025364120
110025364148
110025364166
110025364175
110025364219
110025364255
110025364273
110025364291
110025364308
110025364326
110025364344
110025364362
110025364371
110025364399
110025364442
110025364479
110025364503
110025364576
110025364594
110025364601
110025364610
110025364647
110025364656
110025364665
110025364709
110025364727
110025364736
110025364745
110025364772
110025364790
110025364807
110025364825
110025364834
110025364843
110025364852
110025364889
110025364898
110025364905
110025364941
110025364987
110025365021
110025365030
110025365085
110025365138
110025365156
110025365165
110025365174
110025365183
110025365227
110025365254
110025365263
110025365272
110025365281
110025365398
110025365405
110025365441
110025365496
110025365520
110025365539
110025365548
110025365600
110025365619
110025365655
110025365664
110025365708
110025365717
110025365726
110025365735
110025365744
110025365771
110025365799
110025365806
110025365815
110025365860
110025365922
110025365931
110025365977
110025365995
110025366011
110025366039
110025366048
110025366057
110025366066
110025366084
110025366093
110025366100
110025366137
110025366146
110025366182
110025366235
110025366244
110025366299
110025366306
110025366315
110025366333
110025366342
110025366413
110025366422
110025366468
110025366477
110025366501
110025366565
110025366583
110025366609
110025366618
110025366636
110025366654
110025366690
110025366716
110025366725
110025366743
110025366770
110025366841
110025366878
110025366903
110025366912
110025366921
110025366930
110025366976
110025366985
110025366994
110025367083
110025367092
110025367109
110025367127
110025367145
110025367154
110025367172
110025367181
110025367234
110025367243
110025367252
110025367261
110025367270
110025367289
110025367314
110025367341
110025367378
110025367387
110025367430
110025367467
110025367519
110025367528
110025367537
110025367564
110025367573
110025367582
110025367608
110025367626
110025367635
110025367644
110025367653
110025367662
110025367671
110025367680
110025367715
110025367742
110025367760
110025367788
110025367804
110025367895
110025367920
110025367939
110025367957
110025367966
110025367975
110025368055
110025368064
110025368073
110025368108
110025368144
110025368242
110025368304
110025368322
110025368331
110025368340
110025368377
110025368386
110025368448
110025368466
110025368475
110025368493
110025368554
110025368572
110025368607
110025368634
110025368661
110025368670
110025368698
110025368705
110025368723
110025368732
110025368778
110025368803
110025368858
110025368885
110025368894
110025368910
110025368947
110025368965
110025368983
110025369027
110025369036
110025369063
110025369090
110025369107
110025369198
110025369205
110025369214
110025369241
110025369269
110025369287
110025369296
110025369330
110025369349
110025369358
110025369376
110025369401
110025369429
110025369438
110025369492
110025369508
110025369553
110025369571
110025369599
110025369624
110025369697
110025369704
110025369722
110025369731
110025369777
110025369795
110025369820
110025369839
110025369857
110025369875
110025369884
110025369919
110025369928
110025369955
110025369991
110025370006
110025370024
110025370033
110025370097
110025370113
110025370122
110025370131
110025370186
110025370220
110025370239
110025370248
110025370300
110025370364
110025370408
110025370426
110025370499
110025370523
110025370578
110025370587
110025370596
110025370630
110025370667
110025370676
110025370694
110025370738
110025370747
110025370783
110025370809
110025370818
110025370827
110025370845
110025370907
110025370943
110025370998
110025371050
110025371112
110025371121
110025371167
110025371185
110025371194
110025371201
110025371210
110025371238
110025371247
110025371256
110025371265
110025371274
110025371363
110025371390
110025371461
110025371470
110025371498
110025371504
110025371522
110025371568
110025371602
110025371693
110025371700
110025371746
110025371764
110025371782
110025371791
110025371835
110025371844
110025371862
110025371880
110025371906
110025371924
110025371933
110025371979
110025372004
110025372013
110025372059
110025372077
110025372111
110025372139
110025372175
110025372193
110025372219
110025372237
110025372246
110025372255
110025372291
110025372308
110025372317
110025372326
110025372371
110025372399
110025372433
110025372442
110025372451
110025372460
110025372558
110025372567
110025372576
110025372585
110025372610
110025372629
110025372638
110025372656
110025372665
110025372683
110025372718
110025372736
110025372754
110025372763
110025372781
110025372825
110025372861
110025372914
110025372932
110025372950
110025372969
110025373030
110025373049
110025373058
110025373076
110025373085
110025373094
110025373138
110025373147
110025373183
110025373227
110025373272
110025373281
110025373325
110025373334
110025373343
110025373352
110025373361
110025373389
110025373405
110025373414
110025373423
110025373441
110025373469
110025373496
110025373502
110025373539
110025373575
110025373600
110025373646
110025373655
110025373691
110025373708
110025373717
110025373753
110025373762
110025373799
110025373806
110025373833
110025373851
110025373860
110025373922
110025373959
110025373968
110025373977
110025373995
110025374011
110025374066
110025374075
110025374128
110025374137
110025374146
110025374155
110025374173
110025374182
110025374235
110025374244
110025374306
110025374315
110025374324
110025374333
110025374351
110025374379
110025374388
110025374404
110025374440
110025374459
110025374486
110025374495
110025374510
110025374547
110025374565
110025374627
110025374636
110025374663
110025374707
110025374734
110025374761
110025374770
110025374789
110025374805
110025374832
110025374869
110025374878
110025374887
110025374985
110025374994
110025375001
110025375010
110025375029
110025375047
110025375065
110025375074
110025375083
110025375092
110025375118
110025375145
110025375154
110025375190
110025375234
110025375270
110025375305
110025375332
110025375341
110025375378
110025375449
110025375458
110025375467
110025375485
110025375528
110025375537
110025375546
110025375555
110025375573
110025375582
110025375626
110025375653
110025375662
110025375733
110025375751
110025375760
110025375788
110025375797
110025375813
110025375822
110025375840
110025375859
110025375868
110025375877
110025375886
110025375895
110025375948
110025375957
110025375966
110025375975
110025376019
110025376046
110025376135
110025376144
110025376206
110025376215
110025376233
110025376242
110025376251
110025376279
110025376288
110025376297
110025376304
110025376331
110025376340
110025376359
110025376386
110025376411
110025376420
110025376439
110025376448
110025376457
110025376518
110025376536
110025376572
110025376652
110025376705
110025376732
110025376787
110025376803
110025376830
110025376867
110025376876
110025376885
110025376929
110025376938
110025376956
110025376983
110025377009
110025377036
110025377072
110025377161
110025377170
110025377189
110025377250
110025377269
110025377278
110025377303
110025377410
110025377447
110025377465
110025377483
110025377492
110025377553
110025377562
110025377624
110025377660
110025377688
110025377697
110025377704
110025377731
110025377802
110025377811
110025377820
110025377857
110025377900
110025377937
110025377955
110025377973
110025378008
110025378035
110025378071
110025378106
110025378115
110025378142
110025378160
110025378197
110025378204
110025378213
110025378231
110025378268
110025378295
110025378348
110025378357
110025378366
110025378375
110025378419
110025378446
110025378491
110025378507
110025378525
110025378543
110025378589
110025378614
110025378623
110025378632
110025378641
110025378650
110025378696
110025378730
110025378749
110025378758
110025378776
110025378810
110025378829
110025378909
110025378972
110025378990
110025379016
110025379034
110025379070
110025379098
110025379105
110025379114
110025379123
110025379150
110025379169
110025379221
110025379230
110025379249
110025379258
110025379294
110025379301
110025379347
110025379356
110025379409
110025379418
110025379427
110025379481
110025379524
110025379542
110025379551
110025379560
110025379579
110025379588
110025379613
110025379622
110025379640
110025379659
110025379668
110025379739
110025379757
110025379775
110025379784
110025379800
110025379837
110025379864
110025379944
110025379953
110025380040
110025380077
110025380086
110025380095
110025380102
110025380111
110025380120
110025380139
110025380157
110025380175
110025380193
110025380255
110025380317
110025380326
110025380344
110025380371
110025380380
110025380399
110025380424
110025380433
110025380451
110025380460
110025380594
110025380601
110025380629
110025380683
110025380692
110025380727
110025380736
110025380763
110025380790
110025380816
110025380825
110025380834
110025380852
110025380870
110025380889
110025380898
110025380914
110025380923
110025380932
110025380950
110025380969
110025380978
110025381012
110025381049
110025381058
110025381085
110025381094
110025381147
110025381156
110025381209
110025381236
110025381263
110025381290
110025381316
110025381361
110025381405
110025381487
110025381496
110025381502
110025381511
110025381566
110025381600
110025381628
110025381637
110025381646
110025381655
110025381673
110025381708
110025381717
110025381753
110025381799
110025381842
110025381851
110025381888
110025381931
110025381986
110025381995
110025382039
110025382066
110025382075
110025382093
110025382119
110025382128
110025382146
110025382164
110025382235
110025382244
110025382262
110025382324
110025382360
110025382388
110025382397
110025382404
110025382422
110025382459
110025382477
110025382501
110025382510
110025382565
110025382583
110025382609
110025382627
110025382636
110025382645
110025382672
110025382681
110025382690
110025382716
110025382725
110025382770
110025382789
110025382814
110025382814
110025382841
110025382850
110025382869
110025382878
110025382903
110025382912
110025382949
110025382958
110025382976
110025383010
110025383029
110025383056
110025383083
110025383092
110025383109
110025383118
