110025383145
110025383154
110025383190
110025383216
110025383243
110025383252
110025383270
110025383314
110025383332
110025383350
110025383369
110025383403
110025383412
110025383421
110025383467
110025383485
110025383494
110025383500
110025383519
110025383537
110025383546
110025383608
110025383617
110025383635
110025383706
110025383751
110025383760
110025383813
110025383831
110025383877
110025383911
110025383939
110025383957
110025383975
110025383984
110025383993
110025384000
110025384046
110025384064
110025384091
110025384117
110025384126
110025384153
110025384180
110025384199
110025384368
110025384368
110025398969
110025485749
110025498450
110025509108
110025510007
110025518134
110025529104
110025543954
110025552113
110025558457
110025573083
110025576197
110025596709
110025621600
110025627971
110025628266
110025628355
110025639851
110025643702
110025643855
110025644060
110025651694
110025652210
110025655057
110025655253
110025655315
110025670888
110025670913
110025671342
110025671609
110025671743
110025671878
110025677471
110025677621
110025677836
110025694461
110025704316
110025712762
110025715652
110025716492
110025724198
110025732410
110025743346
110025743453
110025743499
110025743961
110025744194
110025744602
110025787389
110025801522
110025847396
110025856278
110025861681
110025861903
110025865357
110025865384
110025872731
110025899035
110025910708
110025910833
110025910995
110025937468
110025968086
110025968629
110025976736
110025982694
110025991862
110025998320
110026001500
110026028554
110026029946
110026029991
110026038464
110026038767
110026047007
110026062249
110026063499
110026090913
110026106773
110026106871
110026106924
110026107102
110026107488
110026107601
110026107647
110026107816
110026115380
110026115460
110026115497
110026118403
110026122354
110026122675
110026128893
110026129106
110026135233
110026135849
110026135965
110026144394
110026145339
110026150607
110026172727
110026174654
110026179490
110026199655
110026203659
110026206825
110026216529
110026277151
110026277437
110026277703
110026287578
110026289111
110026303097
110026316519
110026324608
110026327641
110026335963
110026352818
110026369935
110026371174
110026374830
110026383517
110026406020
110026406253
110026406770
110026406896
110026416723
110026418838
110026426062
110026431582
110026431653
110026450613
110026463039
110026463645
110026463707
110026466740
110026467179
110026468007
110026475696
110026481689
110026488343
110026506118
110026516367
110026531082
110026541758
110026544700
110026544853
110026544960
110026554057
110026606331
110026629744
110026629806
110026629977
110026645049
110026647733
110026648082
110026648377
110026663224
110026693512
110026747830
110026748820
110026749730
110026782435
110026782505
110026800479
110026804894
110026805679
110026810155
110026833078
110026902788
110026918628
110026931088
110026938973
110026976066
110026976869
110026999363
110027033751
110027048683
110027048718
110027048727
110027048807
110027048861
110027048969
110027060212
110027060560
110027060588
110027060604
110027062265
110027088149
110027109402
110027114263
110027114370
110027132136
110027132877
110027133108
110027139326
110027139567
110027139656
110027147095
110027151917
110027214020
110027214609
110027214618
110027214627
110027214636
110027214681
110027214690
110027214734
110027214761
110027214798
110027214814
110027216251
110027218543
110027221904
110027222388
110027222431
110027222440
110027222538
110027222565
110027223993
110027224251
110027224288
110027224322
110027224368
110027224616
110027224625
110027224634
110027224661
110027224698
110027224705
110027224714
110027224723
110027224732
110027224778
110027224812
110027224885
110027224929
110027224938
110027224983
110027225009
110027225125
110027225214
110027225232
110027225278
110027225312
110027225456
110027225492
110027225508
110027225517
110027227515
110027227551
110027232126
110027232144
110027232153
110027232199
110027232206
110027232215
110027232224
110027232233
110027232242
110027232260
110027232279
110027232288
110027232304
110027232313
110027232322
110027232331
110027232340
110027232359
110027232368
110027232386
110027232395
110027232439
110027232493
110027234213
110027234598
110027234669
110027234678
110027234687
110027234696
110027234703
110027234721
110027234749
110027234776
110027234785
110027234794
110027234801
110027234810
110027234838
110027234847
110027234856
110027234865
110027234874
110027234883
110027234909
110027234927
110027234936
110027234945
110027241802
110027242320
110027243178
110027243196
110027243212
110027243221
110027243301
110027243310
110027243356
110027243392
110027243409
110027243436
110027243445
110027243506
110027243551
110027243560
110027243579
110027243604
110027243613
110027243622
110027243631
110027243640
110027243668
110027243677
110027243686
110027243695
110027243702
110027243748
110027243757
110027243775
110027243784
110027243793
110027243846
110027243908
110027243926
110027243944
110027243971
110027243999
110027244435
110027244462
110027244471
110027244499
110027244523
110027244541
110027244569
110027244578
110027244587
110027244596
110027244612
110027244630
110027244667
110027244685
110027244701
110027244710
110027244738
110027244765
110027244792
110027244818
110027244827
110027244845
110027244863
110027244872
110027244881
110027244907
110027244916
110027244952
110027244970
110027244998
110027245023
110027245032
110027245041
110027245050
110027245390
110027245407
110027245416
110027245425
110027245434
110027245443
110027245452
110027245461
110027245470
110027245489
110027245498
110027245504
110027245513
110027245559
110027245568
110027245577
110027245595
110027245602
110027245620
110027245648
110027245657
110027245675
110027245684
110027245693
110027245719
110027245979
110027245988
110027245997
110027246013
110027246022
110027246031
110027246040
110027246059
110027246077
110027246086
110027246095
110027246111
110027246120
110027246139
110027246148
110027246157
110027246175
110027246184
110027246193
110027246200
110027246219
110027246228
110027246237
110027246255
110027246273
110027246282
110027246291
110027246308
110027246317
110027246326
110027246344
110027246727
110027246736
110027246745
110027246772
110027246825
110027246834
110027246861
110027246889
110027246898
110027246905
110027246914
110027246923
110027246932
110027246941
110027246969
110027246987
110027246996
110027247003
110027247012
110027247021
110027247030
110027247049
110027247361
110027247370
110027247389
110027247398
110027247405
110027247414
110027247423
110027247441
110027247450
110027247469
110027247487
110027247496
110027247502
110027247511
110027247520
110027247539
110027247548
110027247557
110027247566
110027247575
110027247593
110027247600
110027247628
110027247646
110027247655
110027247673
110027247682
110027247691
110027248262
110027248306
110027248342
110027248422
110027248440
110027248459
110027248468
110027248477
110027248486
110027248495
110027248510
110027248529
110027248538
110027248547
110027248556
110027248565
110027248574
110027248583
110027248592
110027248609
110027248618
110027248627
110027248645
110027248654
110027248663
110027248672
110027248681
110027248690
110027248707
110027248725
110027248734
110027248743
110027248752
110027248761
110027248770
110027248789
110027248805
110027248823
110027248832
110027248841
110027248850
110027248887
110027248896
110027248903
110027248921
110027248930
110027248958
110027248967
110027248985
110027249038
110027249047
110027249083
110027249109
110027249118
110027249127
110027249163
110027249172
110027249181
110027249190
110027249225
110027249234
110027249243
110027249252
110027249261
110027249270
110027249350
110027250123
110027250187
110027250392
110027250409
110027250427
110027250454
110027250481
110027250588
110027250631
110027250640
110027250659
110027250668
110027250686
110027250739
110027250757
110027250766
110027250775
110027250784
110027250819
110027250837
110027250846
110027250855
110027250864
110027250873
110027250882
110027250908
110027250917
110027250926
110027250935
110027250944
110027250962
110027250971
110027250980
110027250999
110027251006
110027251015
110027251024
110027251033
110027251042
110027251051
110027251060
110027251088
110027251097
110027251104
110027251113
110027251122
110027251131
110027251140
110027251177
110027251186
110027251195
110027251202
110027251220
110027251239
110027251248
110027251257
110027251266
110027251275
110027251284
110027251293
110027251300
110027251319
110027251408
110027251435
110027251499
110027251505
110027252586
110027252595
110027252611
110027252666
110027252693
110027252700
110027252728
110027252737
110027252746
110027252755
110027252764
110027252773
110027252782
110027252791
110027252808
110027252817
110027252826
110027252844
110027252853
110027252862
110027252880
110027252899
110027252906
110027252915
110027252933
110027252951
110027253184
110027253246
110027253273
110027253291
110027253326
110027253335
110027253371
110027253399
110027253406
110027253415
110027253424
110027253433
110027253451
110027253460
110027253512
110027253521
110027253530
110027253549
110027253629
110027253647
110027253665
110027253692
110027253736
110027253772
110027254183
110027254192
110027254218
110027254307
110027254334
110027254343
110027254370
110027254469
110027254478
110027254520
110027254557
110027254566
110027254593
110027254600
110027254619
110027254628
110027254646
110027254655
110027254995
110027308072
110027360246
110027360255
110027360335
110027360399
110027360406
110027360415
110027360424
110027360433
110027362716
110027362734
110027363154
110027363163
110027363207
110027363216
110027363270
110027363305
110027363350
110027363369
110027363378
110027363396
110027363412
110027363430
110027363546
110027363555
110027363573
110027363626
110027363644
110027363653
110027363671
110027363724
110027363733
110027363742
110027363751
110027363760
110027363779
110027363797
110027363804
110027363813
110027363822
110027363831
110027363859
110027363868
110027363877
110027363886
110027363895
110027363902
110027363911
110027363957
110027363984
110027363993
110027364000
110027364019
110027364028
110027364037
110027364046
110027364055
110027364064
110027364091
110027364117
110027364135
110027364162
110027364171
110027364224
110027364233
110027364242
110027364279
110027364297
110027364386
110027364466
110027364475
110027364607
110027364625
110027364643
110027364661
110027364983
110027364992
110027365009
110027365018
110027365027
110027365036
110027365054
110027365063
110027365072
110027365081
110027365090
110027365107
110027365116
110027365125
110027365134
110027365143
110027365170
110027365189
110027365198
110027365205
110027365214
110027365232
110027365241
110027365250
110027365269
110027365278
110027365287
110027365296
110027365303
110027365312
110027365330
110027365349
110027365358
110027365367
110027365376
110027365385
110027365394
110027365410
110027365447
110027365456
110027365465
110027365474
110027365483
110027365492
110027365508
110027365517
110027365535
110027365580
110027365599
110027365615
110027365624
110027365633
110027365651
110027365679
110027365713
110027365777
110027365795
110027365811
110027365839
110027365893
110027365919
110027365946
110027365955
110027366179
110027366188
110027366204
110027366231
110027366268
110027366277
110027366295
110027366311
110027366366
110027366384
110027366419
110027366428
110027366455
110027366464
110027366491
110027366525
110027366534
110027366589
110027366598
110027366605
110027366614
110027366623
110027366632
110027366650
110027366678
110027366687
110027366696
110027366703
110027366721
110027366730
110027366749
110027366758
110027366794
110027366801
110027366838
110027366856
110027366865
110027366874
110027366883
110027366892
110027366909
110027366918
110027366936
110027366945
110027366981
110027367007
110027367016
110027367052
110027367070
110027367089
110027367132
110027367141
110027367169
110027367178
110027367196
110027367212
110027367258
110027367267
110027367285
110027367294
110027367301
110027367347
110027367356
110027367374
110027367392
110027367409
110027367445
110027367454
110027367463
110027367481
110027367515
110027367524
110027367542
110027367551
110027367579
110027367604
110027367622
110027367640
110027367677
110027367702
110027367720
110027367766
110027367784
110027367793
110027367819
110027367828
110027367837
110027367855
110027367864
110027367908
110027367953
110027367962
110027367971
110027368006
110027368015
110027368024
110027368042
110027368051
110027368088
110027368104
110027368113
110027368140
110027368159
110027368186
110027368195
110027368202
110027368220
110027368257
110027368275
110027368319
110027368328
110027368355
110027368364
110027368373
110027368382
110027368391
110027368408
110027368417
110027368444
110027368462
110027368471
110027368480
110027368499
110027368505
110027368514
110027368532
110027368550
110027368578
110027368612
110027368630
110027368667
110027368701
110027368710
110027368756
110027368783
110027368827
110027368845
110027368881
