110027368925
110027368989
110027369050
110027369087
110027369112
110027369158
110027369167
110027369210
110027369247
110027369283
110027369292
110027369309
110027369318
110027369345
110027369372
110027369434
110027369452
110027369470
110027369559
110027369577
110027369611
110027369620
110027369648
110027369666
110027369675
110027369700
110027369728
110027369746
110027369773
110027369835
110027369871
110027369899
110027369906
110027369915
110027369933
110027369951
110027369979
110027369997
110027370039
110027370066
110027370075
110027370084
110027370093
110027370119
110027370137
110027370235
110027370244
110027370271
110027370299
110027370324
110027370360
110027370379
110027370397
110027370404
110027370431
110027370440
110027370459
110027370486
110027370495
110027370501
110027370529
110027370538
110027370556
110027370565
110027370583
110027370609
110027370627
110027370645
110027370672
110027370690
110027370725
110027370789
110027370805
110027370814
110027370841
110027370850
110027370878
110027370896
110027370921
110027370958
110027370967
110027370985
110027371029
110027371047
110027371083
110027371092
110027371118
110027371136
110027371145
110027371154
110027371172
110027371190
110027371207
110027371216
110027371225
110027371243
110027371252
110027371289
110027371298
110027371314
110027371323
110027371341
110027371369
110027371396
110027371421
110027371449
110027371476
110027371494
110027371519
110027371528
110027371546
110027371573
110027371582
110027371608
110027371617
110027371644
110027371653
110027371671
110027371680
110027371699
110027371724
110027371733
110027371751
110027371788
110027371797
110027371831
110027371840
110027371859
110027371868
110027371877
110027371895
110027371920
110027371948
110027371957
110027371984
110027372000
110027372019
110027372037
110027372055
110027372108
110027372117
110027372126
110027372171
110027372206
110027372233
110027372242
110027372251
110027372279
110027372297
110027372322
110027372340
110027372359
110027372377
110027372386
110027372395
110027372411
110027372448
110027372457
110027372475
110027372484
110027372509
110027372518
110027372563
110027372572
110027372590
110027372607
110027372616
110027372625
110027372714
110027372723
110027373027
110027373036
110027373045
110027373072
110027373081
110027373090
110027374464
110027374981
110027375089
110027375098
110027375524
110027375542
110027375597
110027375775
110027375837
110027602486
110027604046
110027605367
110027605802
110027606981
110027608097
110027608408
110027609318
110027609461
110027610315
110027610324
110027611341
110027611644
110027611699
110027612359
110027614641
110027614687
110027615800
110027617238
110027618031
110027618834
110027619030
110027619058
110027619619
110027621349
110027621839
110027622927
110027623631
110027625470
110027625899
110027626870
110027627290
110027627334
110027627398
110027627432
110027627469
110027627502
110027627520
110027627593
110027627637
110027627664
110027628299
110027628333
110027628379
110027628404
110027628468
110027628486
110027628501
110027628574
110027628645
110027628654
110027628672
110027629001
110027630259
110027631301
110027631882
110027632275
110027632355
110027632373
110027632391
110027632426
110027632462
110027632471
110027632505
110027633050
110027633130
110027633283
110027634932
110027635584
110027637216
110027638368
110027638563
110027640550
110027640621
110027645056
110027646224
110027647713
110027649114
110027662811
110027664114
110027664230
110027665532
110027665541
110027665587
110027665667
110027666746
110027667166
110027667442
110027667521
110027669299
110027669404
110027670072
110027670526
110027671357
110027673364
110027674489
110027678190
110027681300
110027681845
110027685235
110027685379
110027688633
110027689384
110027691264
110027691308
110027691549
110027691601
110027691647
110027691683
110027691727
110027691763
110027693556
110027699943
110027699998
110027700156
110027700192
110027700361
110027701459
110027704198
110027704624
110027706891
110027706944
110027706971
110027707293
110027710546
110027711153
110027712027
110027712367
110027714089
110027716586
110027718548
110027719690
110027719707
110027719725
110027719752
110027719789
110027719832
110027719878
110027719912
110027719958
110027719994
110027720036
110027721749
110027722855
110027728252
110027728305
110027732657
110027733594
110027738606
110027739428
110027739446
110027739455
110027739473
110027739491
110027739507
110027739516
110027739534
110027739552
110027739570
110027739598
110027739614
110027739632
110027739650
110027739678
110027739696
110027739712
110027739721
110027740265
110027740372
110027740452
110027740513
110027740531
110027740559
110027740577
110027740602
110027740620
110027740648
110027740666
110027740675
110027740826
110027740915
110027740942
110027741059
110027741148
110027746483
110027747767
110027748114
110027750128
110027752028
110027752698
110027753633
110027755622
110027756006
110027758166
110027759414
110027759423
110027760206
110027760661
110027762115
110027763105
110027763123
110027766264
110027769555
110027771855
110027774488
110027774638
110027775281
110027775520
110027776654
110027777065
110027777430
110027777449
110027777458
110027777608
110027779820
110027781620
110027781693
110027781826
110027783717
110027783860
110027784761
110027784770
110027784789
110027784798
110027784805
110027784814
110027784823
110027784832
110027784841
110027784869
110027784903
110027786304
110027786313
110027786322
110027786331
110027786340
110027851796
110027851885
110027852018
110027852027
110027852063
110027852152
110027852189
110027852296
110027852312
110027852321
110027852330
110027852358
110027852376
110027852385
110027852410
110027852429
110027852438
110027852447
110027852474
110027852483
110027852508
110027852526
110027852544
110027852562
110027852633
110027852642
110027852660
110027852679
110027852688
110027852704
110027852722
110027852731
110027852759
110027852768
110027852777
110027852795
110027852811
110027852820
110027852839
110027852848
110027852857
110027852866
110027852875
110027852893
110027852900
110027852919
110027852928
110027852946
110027852955
110027852964
110027852973
110027852982
110027852991
110027853008
110027853017
110027853035
110027853053
110027853062
110027853071
110027853080
110027853106
110027853124
110027853142
110027853151
110027853197
110027853222
110027853231
110027853240
110027853268
110027853277
110027853286
110027853295
110027853302
110027853311
110027853320
110027853357
110027853366
110027853375
110027853384
110027853393
110027853400
110027853419
110027853428
110027853437
110027853446
110027853455
110027853473
110027853491
110027853507
110027853516
110027853543
110027853598
110027853605
110027853614
110027853801
110027853892
110027853918
110027853936
110027854034
110027854043
110027854052
110027854070
110027854123
110027854141
110027854169
110027854187
110027854196
110027854212
110027854221
110027854230
110027854249
110027854267
110027854285
110027854294
110027854301
110027854329
110027854347
110027854356
110027854365
110027854392
110027854427
110027854463
110027854481
110027854490
110027854506
110027854524
110027854533
110027854560
110027854579
110027854597
110027854622
110027854640
110027854668
110027854686
110027854695
110027854711
110027854720
110027854739
110027854748
110027854757
110027854766
110027854784
110027854793
110027854800
110027854828
110027854837
110027854873
110027854882
110027854917
110027854935
110027854953
110027854971
110027855006
110027855024
110027855033
110027855042
110027855051
110027855079
110027855088
110027855097
110027855104
110027855113
110027855122
110027855140
110027855211
110027855239
110027855257
110027855284
110027855293
110027855328
110027855337
110027855364
110027855382
110027855391
110027855435
110027855444
110027855471
110027855480
110027855499
110027855514
110027855523
110027855532
110027855541
110027855569
110027855587
110027855630
110027855649
110027855658
110027855667
110027855701
110027855710
110027855747
110027855756
110027855774
110027855783
110027855809
110027855827
110027855836
110027855845
110027855854
110027855863
110027855872
110027855989
110027856005
110027856023
110027856032
110027856069
110027856078
110027856096
110027856103
110027856112
110027856149
110027856158
110027856167
110027856176
110027856185
110027856201
110027856229
110027856292
110027856309
110027856336
110027856354
110027856363
110027856381
110027856407
110027856416
110027856452
110027856559
110027856568
110027856577
110027856586
110027856595
110027856611
110027856620
110027856648
110027856657
110027856666
110027856684
110027856693
110027856700
110027856719
110027856728
110027856737
110027856782
110027856835
110027856871
110027856880
110027856899
110027856906
110027856915
110027856924
110027856933
110027856942
110027857013
110027857040
110027857068
110027857077
110027857095
110027857111
110027857139
110027857157
110027857790
110027857870
110027857941
110027857978
110027857987
110027858003
110027858012
110027858021
110027858030
110027858110
110027858129
110027858147
110027858156
110027858174
110027858192
110027858209
110027858218
110027858227
110027858245
110027858254
110027858263
110027858511
110027858548
110027858557
110027858566
110027858584
110027858593
110027858600
110027858619
110027858637
110027858646
110027858655
110027858664
110027858691
110027858708
110027858717
110027858726
110027858780
110027858799
110027858806
110027858815
110027858824
110027858851
110027858860
110027858879
110027858888
110027858897
110027858904
110027858931
110027858940
110027858959
110027858977
110027858986
110027858995
110027859011
110027859020
110027859048
110027859057
110027859066
110027859075
110027859084
110027859128
110027859280
110027859299
110027859306
110027859324
110027859342
110027859431
110027859440
110027859468
110027859477
110027859501
110027859510
110027859529
110027859547
110027859556
110027859565
110027859583
110027859592
110027859618
110027859627
110027859636
110027859645
110027859663
110027859672
110027859681
110027859690
110027859707
110027859716
110027859734
110027859743
110027859752
110027859761
110027859789
110027922611
110027947186
110027947195
110027947202
110027947211
110027947248
110027947257
110027947266
110027947275
110027947284
110027947293
110027947319
110027947328
110027947337
110027947355
110027947364
110027947373
110027947382
110027947408
110027947417
110027947426
110027947435
110027947444
110027947453
110027947462
110027947471
110027947480
110027947499
110027947505
110027947514
110027947532
110027947541
110027947569
110027947578
110027947587
110027947596
110027947612
110027947630
110027947649
110027947667
110027947676
110027947685
110027947701
110027947710
110027947729
110027947738
110027947756
110027947765
110027947774
110027947783
110027947792
110027947809
110027947818
110027947827
110027947836
110027947845
110027947854
110027947863
110027947872
110027947881
110027947890
110027947916
110027947925
110027947943
110027947961
110027948023
110027948032
110027948041
110027948050
110027948069
110027948087
110027948096
110027948103
110027948130
110027948176
110027948185
110027948194
110027948201
110027948210
110027948238
110027948247
110027948256
110027948265
110027948274
110027948283
110027948309
110027948318
110027948327
110027948336
110027948345
110027948354
110027948372
110027948381
110027948390
110027948416
110027948425
110027948434
110027948443
110027948452
110027948461
110027948470
110027948489
110027948513
110027948522
110027948568
110027948577
110027948586
110027948595
110027948611
110027948620
110027948657
110027948675
110027948693
110027948700
110027948719
110027948728
110027948737
110027948755
110027948773
110027948782
110027948791
110027948808
110027948817
110027948835
110027948844
110027948853
110027948862
110027948880
110027948899
110027948915
110027948924
110027948951
110027948960
110027948988
110027948997
110027949004
110027949022
110027949059
110027949095
110027949102
110027949111
110027949120
110027949157
110027949175
110027949184
110027949193
110027949200
110027949219
110027949237
110027949264
110027949282
110027949291
110027949308
110027949317
110027949326
110027949335
110027949344
110027949353
110027949362
110027949371
110027949406
110027949415
110027949433
110027949442
110027949488
110027949497
110027949503
110027949512
110027949530
110027949558
110027949576
110027949585
110027949594
110027949610
110027949629
110027949647
110027949656
110027949665
110027949692
110027949709
110027949718
110027949727
110027949745
110027949754
110027949772
110027949781
110027949790
110027949807
110027949816
110027949825
110027949834
110027949843
110027949852
110027949861
110027949870
110027949889
110027949898
110027949914
110027949923
110027949932
110027949941
110027949969
110027949978
110027949987
110027950000
110027950019
110027950046
110027950055
110027950064
110027950073
110027950091
110027950108
110027950117
110027950135
110027950144
110027950153
110027950162
110027950180
110027950206
110027950215
110027950224
110027950242
110027950251
110027950279
