110027950288
110027950297
110027950304
110027950313
110027950322
110027950331
110027950340
110027950359
110027950377
110027950386
110027950402
110027950411
110027950420
110027950439
110027950457
110027950466
110027950475
110027950484
110027950493
110027950509
110027950527
110027950545
110027950554
110027950563
110027950572
110027950581
110027950607
110027950616
110027950625
110027950634
110027950643
110027950652
110027950698
110027950705
110027950723
110027950732
110027950741
110027950769
110027950778
110027950787
110027950796
110027950803
110027950812
110027950821
110027950830
110027950849
110027950867
110027950885
110027950894
110027950901
110027950910
110027950947
110027950956
110027950965
110027950974
110027950983
110027951018
110027951027
110027951045
110027951054
110027951072
110027951090
110027951107
110027951116
110027951152
110027951161
110027951198
110027951205
110027951214
110027951241
110027951269
110027951278
110027951287
110027951296
110027951312
110027951321
110027951349
110027951358
110027951376
110027951385
110027951394
110027951401
110027951410
110027951429
110027951438
110027951447
110027951456
110027951465
110027951483
110027951492
110027951508
110027951517
110027951526
110027951535
110027951544
110027951562
110027951571
110027951599
110027951624
110027951633
110027951651
110027951679
110027951688
110027951697
110027951704
110027951713
110027951731
110027951740
110027951759
110027951777
110027951786
110027951795
110027951802
110027951811
110027951820
110027951839
110027951857
110027951875
110027951884
110027951893
110027951900
110027951937
110027951946
110027951955
110027951973
110027951991
110027952008
110027952017
110027952026
110027952044
110027952053
110027952071
110027952080
110027952099
110027952106
110027952115
110027952124
110027952133
110027952142
110027952151
110027952179
110027952197
110027952204
110027952213
110027952222
110027952259
110027952268
110027952277
110027952286
110027952295
110027952311
110027952320
110027952339
110027952348
110027952357
110027952375
110027952393
110027952400
110027952419
110027952428
110027952437
110027952446
110027952455
110027952464
110027952473
110027952482
110027952491
110027952516
110027952525
110027952534
110027952561
110027952570
110027952589
110027952598
110027952605
110027952614
110027952623
110027952632
110027952641
110027952650
110027952669
110027952678
110027952703
110027952712
110027952721
110027952749
110027952758
110027952776
110027952785
110027952794
110027952801
110027952810
110027952829
110027952838
110027952856
110027952865
110027952874
110027952883
110027952892
110027952909
110027952945
110027952954
110027952963
110027952981
110027952990
110027953007
110027953016
110027953025
110027953052
110027953061
110027953070
110027953089
110027953098
110027953105
110027953114
110027953123
110027953132
110027953141
110027953150
110027953169
110027953178
110027953196
110027953203
110027953212
110027953221
110027953258
110027953267
110027953276
110027953285
110027953294
110027953301
110027953329
110027953338
110027953365
110027953374
110027953383
110027953392
110027953409
110027953418
110027953436
110027953454
110027953472
110027953490
110027953506
110027953515
110027953524
110027953560
110027953579
110027953588
110027953604
110027953613
110027953631
110027953668
110027953677
110027953702
110027953711
110027953720
110027953739
110027953748
110027953819
110027953837
110027953855
110027953864
110027953873
110027953891
110027953908
110027953926
110027953935
110027953944
110027953953
110027953962
110027953971
110027953980
110027953999
110027954006
110027954024
110027954033
110027954042
110027954060
110027954079
110027954088
110027954097
110027954122
110027954140
110027954159
110027954177
110027954186
110027954195
110027954202
110027954239
110027954248
110027954257
110027954275
110027954293
110027954300
110027954355
110027954364
110027954373
110027954382
110027954391
110027954408
110027954426
110027954444
110027954453
110027954462
110027954471
110027954480
110027954499
110027954505
110027954514
110027954523
110027954532
110027954541
110027954569
110027954578
110027954587
110027954603
110027954612
110027954621
110027954630
110027954649
110027954667
110027954685
110027954694
110027954701
110027954710
110027954738
110027954747
110027954756
110027954765
110027954774
110027954783
110027954792
110027954809
110027954827
110027954836
110027954845
110027954854
110027954863
110027954872
110027954890
110027954916
110027954934
110027954943
110027954952
110027954961
110027954970
110027954989
110027954998
110027955023
110027955032
110027955041
110027955050
110027955087
110027955103
110027955112
110027955158
110027955167
110027955201
110027955210
110027955247
110027955265
110027955292
110027955318
110027955327
110027955345
110027955363
110027955390
110027955407
110027955425
110027955434
110027955452
110027955470
110027955498
110027955522
110027955531
110027955540
110027955559
110027955577
110027955586
110027955595
110027955602
110027955611
110027955620
110027955648
110027955657
110027955666
110027955675
110027955693
110027955700
110027955728
110027955737
110027955746
110027955755
110027955764
110027955773
110027955782
110027955791
110027955817
110027955826
110027955844
110027955853
110027955862
110027955880
110027955899
110027955906
110027955915
110027955924
110027955942
110027955960
110027955979
110027955988
110027955997
110027956004
110027956013
110027956022
110027956031
110027956059
110027956095
110027956102
110027956120
110027956157
110027956166
110027956175
110027956184
110027956193
110027956200
110027956219
110027956228
110027956237
110027956246
110027956273
110027956282
110027956291
110027956308
110027956317
110027956335
110027956344
110027956362
110027956371
110027956380
110027956399
110027956406
110027956415
110027956424
110027956442
110027956460
110027956503
110027956512
110027956521
110027956530
110027956549
110027956558
110027956567
110027956576
110027956585
110027956594
110027956601
110027956629
110027956638
110027956647
110027956665
110027956674
110027956683
110027956692
110027956709
110027956718
110027956727
110027956736
110027956745
110027956763
110027956772
110027956790
110027956807
110027956816
110027956825
110027956834
110027956843
110027956852
110027956861
110027956870
110027956889
110027956898
110027956905
110027956914
110027956923
110027956932
110027956941
110027956950
110027956978
110027956987
110027956996
110027957012
110027957021
110027957030
110027957058
110027957067
110027957085
110027957094
110027957101
110027957110
110027957138
110027957147
110027957156
110027957174
110027957183
110027957192
110027957218
110027957227
110027957236
110027957254
110027957263
110027957281
110027957290
110027957307
110027957316
110027957325
110027957334
110027957343
110027957361
110027957370
110027957389
110027957405
110027957414
110027957432
110027957441
110027957450
110027957469
110027957511
110027957539
110027957557
110027957584
110027957600
110027957646
110027957655
110027957682
110027957708
110027957726
110027957744
110027957753
110027957771
110027957806
110027957815
110027957824
110027957833
110027957860
110027957879
110027957913
110027957922
110027957931
110027957940
110027957959
110027957968
110027957986
110027957995
110027958002
110027958020
110027958039
110027958057
110027958075
110027958084
110027958093
110027958100
110027958119
110027958128
110027958137
110027958164
110027958173
110027958182
110027958191
110027958208
110027958217
110027958226
110027958235
110027958244
110027958253
110027958280
110027958299
110027958315
110027958324
110027958333
110027958342
110027958360
110027958388
110027958404
110027958413
110027958422
110027958431
110027958440
110027958468
110027958501
110027958538
110027958556
110027958565
110027958574
110027958592
110027958609
110027958618
110027958636
110027958654
110027958672
110027958690
110027958734
110027958743
110027958752
110027958761
110027958814
110027958823
110027958832
110027958841
110027958850
110027958878
110027958887
110027958896
110027958903
110027958930
110027958958
110027958967
110027958976
110027958985
110027958994
110027959029
110027959038
110027959047
110027959056
110027959074
110027959118
110027959127
110027959145
110027959154
110027959172
110027959181
110027959190
110027959207
110027959216
110027959225
110027959234
110027959243
110027959252
110027959270
110027959289
110027959298
110027959305
110027959314
110027959323
110027959332
110027959341
110027959350
110027959369
110027959378
110027959387
110027959396
110027959403
110027959412
110027959449
110027959458
110027959476
110027959485
110027959494
110027959500
110027959528
110027959537
110027959555
110027959564
110027959582
110027959591
110027959626
110027959635
110027959644
110027959653
110027959671
110027959680
110027959706
110027959715
110027959724
110027959733
110027959742
110027959751
110027959760
110027959779
110027959788
110027959797
110027959804
110027959813
110027959822
110027959831
110027959859
110027959868
110027959877
110027959886
110027959895
110027959902
110027959911
110027959920
110027959939
110027959948
110027959957
110027959966
110027959975
110027959984
110027959993
110027960008
110027960026
110027960035
110027960044
110027960062
110027960071
110027960080
110027960099
110027960106
110027960179
110027960204
110027960213
110027960222
110027960231
110027960240
110027960259
110027960268
110027960277
110027960286
110027960295
110027960302
110027960348
110027960357
110027960384
110027960393
110027960400
110027960428
110027960446
110027960455
110027960473
110027960482
110027960491
110027960507
110027960525
110027960534
110027960543
110027960561
110027960570
110027960589
110027960605
110027960614
110027960632
110027960641
110027960650
110027960687
110027960696
110027960703
110027960721
110027960730
110027960758
110027960767
110027960776
110027960785
110027960794
110027960801
110027960838
110027960856
110027960874
110027960883
110027960909
110027960927
110027960936
110027960945
110027960963
110027960990
110027961007
110027961043
110027961052
110027961061
110027961070
110027961105
110027961114
110027961123
110027961132
110027961141
110027961150
110027961178
110027961187
110027961203
110027961221
110027961230
110027961249
110027961258
110027961285
110027961294
110027961301
110027961310
110027961329
110027961338
110027961347
110027961365
110027961374
110027961383
110027961392
110027961409
110027961418
110027961436
110027961445
110027961454
110027961463
110027961472
110027961481
110027961490
110027961515
110027961524
110027961533
110027961542
110027961551
110027961560
110027961579
110027961597
110027961631
110027961640
110027961659
110027961668
110027961677
110027961686
110027961711
110027961739
110027961748
110027961793
110027961819
110027961828
110027961837
110027961873
110027961882
110027961891
110027961908
110027961917
110027961926
110027961935
110027961944
110027961953
110027961962
110027961971
110027961999
110027962033
110027962042
110027962051
110027962060
110027962079
110027962088
110027962097
110027962122
110027962131
110027962168
110027962177
110027962202
110027962211
110027962220
110027962239
110027962248
110027962266
110027962275
110027962293
110027962319
110027962328
110027962337
110027962346
110027962355
110027962364
110027962373
110027962391
110027962417
110027962426
110027962435
110027962444
110027962453
110027962462
110027962480
110027962499
110027962505
110027962514
110027962523
110027962541
110027962578
110027962587
110027962603
110027962621
110027962630
110027962658
110027962667
110027962676
110027962685
110027962694
110027962701
110027962729
110027962738
110027962747
110027962765
110027962774
110027962783
110027962792
110027962818
110027962827
110027962836
110027962854
110027962881
110027962890
110027962907
110027962916
110027962925
110027962934
110027962952
110027962970
110027962989
110027962998
110027963005
110027963014
110027963023
110027963032
110027963041
110027963050
110027963069
110027963087
110027963096
110027963103
110027963112
110027963130
110027963149
110027963158
110027963167
110027963176
110027963185
110027963201
110027963210
110027963229
110027963238
110027963247
110027963274
110027963283
110027963292
110027963309
110027963318
110027963336
110027963363
110027963372
110027963381
110027963390
110027963407
110027963416
110027963425
110027963434
110027963443
110027963461
110027963470
110027963489
110027963498
110027963504
110027963513
110027963531
110027963559
110027963568
110027963586
110027963595
110027963611
110027963620
110027963657
110027963666
110027963675
110027963684
110027963700
110027963719
110027963728
110027963755
110027963773
110027963791
110027963808
110027963817
110027963826
110027963835
110027963844
110027963906
110027963915
110027963933
110027963942
110027963951
110027963960
110027963979
110027963988
110027963997
110027964004
110027964013
110027964031
110027964040
110027964068
110027964077
110027964086
110027964095
110027964102
110027964111
110027964120
110027964139
110027964157
110027964166
110027964175
110027964193
110027964200
110027964219
