110027964237
110027964246
110027964255
110027964282
110027964291
110027964308
110027964317
110027964326
110027964335
110027964344
110027964353
110027964371
110027964380
110027964399
110027964406
110027964415
110027964424
110027964433
110027964451
110027964460
110027964503
110027964549
110027964558
110027964576
110027964585
110027964594
110027964601
110027964629
110027964647
110027964674
110027964683
110027964709
110027964718
110027964727
110027964736
110027964754
110027964772
110027964781
110027964790
110027964807
110027964816
110027964825
110027964870
110027964889
110027964898
110027964905
110027964914
110027964932
110027964941
110027964950
110027964969
110027964978
110027964987
110027965003
110027965012
110027965021
110027965030
110027965049
110027965067
110027965076
110027965085
110027965147
110027965174
110027965183
110027965209
110027965218
110027965236
110027965245
110027965263
110027965290
110027965307
110027965316
110027965334
110027965343
110027965361
110027965370
110027965398
110027965423
110027965432
110027965441
110027965450
110027965487
110027965496
110027965502
110027965511
110027965539
110027965548
110027965557
110027965575
110027965593
110027965600
110027965619
110027965628
110027965637
110027965655
110027965664
110027965682
110027965691
110027965708
110027965726
110027965735
110027965744
110027965753
110027965762
110027965771
110027965806
110027965815
110027965824
110027965833
110027965851
110027965860
110027965879
110027965888
110027965897
110027965904
110027965913
110027965922
110027965931
110027965940
110027965959
110027965968
110027965977
110027965986
110027965995
110027966002
110027966011
110027966048
110027966075
110027966084
110027966093
110027966100
110027966128
110027966137
110027966146
110027966155
110027966164
110027966182
110027966217
110027966226
110027966235
110027966244
110027966253
110027966262
110027966280
110027966299
110027966306
110027966315
110027966324
110027966333
110027966351
110027966379
110027966388
110027966397
110027966404
110027966413
110027966422
110027966431
110027966440
110027966459
110027966468
110027966477
110027966510
110027966529
110027966538
110027966547
110027966565
110027966583
110027966592
110027966609
110027966627
110027966636
110027966645
110027966654
110027966672
110027966681
110027966716
110027966725
110027966743
110027966752
110027966789
110027966798
110027966805
110027966814
110027966823
110027966832
110027966896
110027966903
110027966912
110027966921
110027966949
110027966958
110027966967
110027966985
110027966994
110027967001
110027967010
110027967038
110027967047
110027967056
110027967083
110027967109
110027967118
110027967127
110027967145
110027967154
110027967163
110027967190
110027967207
110027967216
110027967225
110027967243
110027967252
110027967261
110027967289
110027967305
110027967314
110027967323
110027967350
110027967369
110027967378
110027967387
110027967396
110027967403
110027967412
110027967421
110027967430
110027967449
110027967458
110027967467
110027967476
110027967485
110027967494
110027967519
110027967528
110027967537
110027967546
110027967555
110027967564
110027967582
110027967617
110027967626
110027967635
110027967653
110027967662
110027967671
110027967680
110027967699
110027967715
110027967724
110027967733
110027967742
110027967751
110027967760
110027967788
110027967813
110027967822
110027967831
110027967859
110027967868
110027967895
110027967902
110027967911
110027967939
110027967948
110027967957
110027967966
110027967975
110027967984
110027968028
110027968055
110027968082
110027968091
110027968108
110027968117
110027968126
110027968135
110027968144
110027968153
110027968162
110027968171
110027968180
110027968199
110027968206
110027968215
110027968224
110027968233
110027968242
110027968251
110027968260
110027968279
110027968288
110027968297
110027968304
110027968322
110027968359
110027968368
110027968377
110027968386
110027968395
110027968402
110027968411
110027968420
110027968439
110027968457
110027968466
110027968475
110027968493
110027968509
110027968518
110027968527
110027968536
110027968545
110027968554
110027968563
110027968572
110027968590
110027968607
110027968616
110027968652
110027968661
110027968670
110027968714
110027968732
110027968769
110027968787
110027968803
110027968821
110027968830
110027968849
110027968858
110027968867
110027968885
110027968910
110027968929
110027968938
110027968947
110027968956
110027968983
110027968992
110027969009
110027969018
110027969027
110027969036
110027969045
110027969054
110027969063
110027969090
110027969116
110027969125
110027969134
110027969143
110027969152
110027969161
110027969170
110027969189
110027969205
110027969214
110027969223
110027969232
110027969250
110027969278
110027969303
110027969321
110027969330
110027969349
110027969367
110027969376
110027969385
110027969394
110027969401
110027969429
110027969438
110027969447
110027969456
110027969465
110027969474
110027969492
110027969508
110027969535
110027969544
110027969553
110027969562
110027969571
110027969580
110027969599
110027969606
110027969624
110027969633
110027969651
110027969679
110027969688
110027969697
110027969704
110027969713
110027969722
110027969731
110027969740
110027969759
110027969768
110027969786
110027969795
110027969802
110027969811
110027969820
110027969839
110027969848
110027969857
110027969866
110027969875
110027969884
110027969893
110027969900
110027969919
110027969937
110027969964
110027969973
110027969991
110027970024
110027970033
110027970042
110027970051
110027970060
110027970088
110027970104
110027970122
110027970131
110027970159
110027970168
110027970177
110027970186
110027970195
110027970248
110027970257
110027970266
110027970284
110027970319
110027970328
110027970337
110027970346
110027970355
110027970364
110027970373
110027970382
110027970391
110027970408
110027970417
110027970426
110027970435
110027970444
110027970462
110027970480
110027970499
110027970505
110027970514
110027970523
110027970541
110027970550
110027970578
110027970587
110027970596
110027970603
110027970612
110027970630
110027970649
110027970676
110027970685
110027970694
110027970738
110027970756
110027970765
110027970774
110027970783
110027970809
110027970818
110027970827
110027970836
110027970845
110027970863
110027970872
110027970881
110027970890
110027970907
110027970916
110027970925
110027970934
110027970943
110027970952
110027970961
110027970998
110027971005
110027971014
110027971023
110027971032
110027971050
110027971069
110027971078
110027971087
110027971112
110027971121
110027971130
110027971149
110027971158
110027971167
110027971176
110027971210
110027971229
110027971238
110027971274
110027971283
110027971292
110027971309
110027971327
110027971336
110027971354
110027971363
110027971372
110027971381
110027971390
110027971407
110027971425
110027971434
110027971443
110027971452
110027971461
110027971531
110027971540
110027971559
110027971577
110027971595
110027971602
110027971639
110027971657
110027971666
110027971675
110027971693
110027971700
110027971719
110027971737
110027971746
110027971755
110027971773
110027971782
110027971791
110027971808
110027971826
110027971844
110027971853
110027971862
110027971871
110027971880
110027971906
110027971915
110027971924
110027971933
110027971942
110027971951
110027971960
110027971988
110027971997
110027972004
110027972013
110027972022
110027972040
110027972059
110027972095
110027972111
110027972120
110027972148
110027972157
110027972166
110027972175
110027972193
110027972200
110027972219
110027972228
110027972237
110027972246
110027972255
110027972264
110027972273
110027972282
110027972308
110027972326
110027972344
110027972353
110027972371
110027972399
110027972415
110027972433
110027972451
110027972460
110027972479
110027972497
110027972503
110027972512
110027972530
110027972549
110027972558
110027972567
110027972576
110027972601
110027972610
110027972629
110027972638
110027972647
110027972656
110027972674
110027972683
110027972718
110027972727
110027972736
110027972745
110027972763
110027972772
110027972790
110027972807
110027972816
110027972825
110027972852
110027972861
110027972870
110027972889
110027972898
110027972905
110027972914
110027972923
110027972932
110027972950
110027972978
110027972987
110027972996
110027973021
110027973030
110027973049
110027973058
110027973067
110027973076
110027973085
110027973094
110027973101
110027973129
110027973138
110027973156
110027973165
110027973174
110027973192
110027973209
110027973218
110027973236
110027973254
110027973263
110027973281
110027973290
110027973307
110027973316
110027973325
110027973334
110027973343
110027973352
110027973389
110027973398
110027973414
110027973423
110027973432
110027973441
110027973450
110027973469
110027973511
110027973539
110027973557
110027973575
110027973584
110027973593
110027973600
110027973637
110027981575
110027983608
110027984885
110027987686
110027987720
110027987748
110027987935
110027988015
110027989069
110027989390
110027989443
110027989648
110027989657
110027989666
110027989728
110027989755
110027989773
110027989826
110027990495
110027990501
110027990565
110027990832
110027990841
110027990850
110027990869
110027990887
110027990903
110027990912
110027990921
110027990930
110027990949
110027990958
110027990967
110027990976
110027990985
110027990994
110027991001
110027991010
110027991029
110027991038
110027991047
110027991724
110027991751
110027991797
110027999744
110027999771
110027999780
110027999799
110027999806
110027999815
110027999824
110027999842
110027999860
110027999879
110027999922
110027999931
110028000008
110028000044
110028000053
110028000062
110028000115
110028000124
110028000188
110028000231
110028000240
110028000259
110028000268
110028000277
110028000286
110028000295
110028000311
110028000320
110028000348
110028000384
110028000393
110028000419
110028000437
110028000446
110028000455
110028000507
110028000534
110028000561
110028000570
110028000623
110028000641
110028000669
110028000687
110028000696
110028000712
110028000749
110028000785
110028000794
110028000810
110028000829
110028000838
110028000856
110028000883
110028000892
110028000909
110028000945
110028000954
110028001007
110028001016
110028001025
110028003844
110028004371
110028004415
110028004488
110028004647
110028004656
110028005904
110028005913
110028005922
110028005931
110028005940
110028005968
110028005977
110028005986
110028006002
110028006020
110028006057
110028006066
110028006084
110028006173
110028006253
110028006262
110028006397
110028006501
110028007109
110028008411
110028008448
110028008466
110028008518
110028008527
110028008572
110028008581
110028008689
110028008714
110028008723
110028008778
110028008787
110028008910
110028008929
110028008938
110028008956
110028008992
110028009241
110028009731
110028009740
110028009768
110028012175
110028016073
110028016091
110028016126
110028016153
110028016162
110028016199
110028016215
110028016242
110028016251
110028016340
110028016359
110028016368
110028017474
110028017508
110028017517
110028017535
110028017606
110028017651
110028017660
110028017713
110028017722
110028017759
110028017777
110028017802
110028017857
110028017875
110028017928
110028017937
110028017964
110028018053
110028018071
110028018197
110028018204
110028018213
110028018222
110028018231
110028018259
110028018268
110028018277
110028018295
110028018302
110028019132
110028019141
110028019169
110028019178
110028019187
110028019196
110028028266
110028028275
110028029425
110028029844
110028029988
110028029997
110028032126
110028032698
110028032803
110028032910
110028032947
110028033027
110028033036
110028034632
110028034641
110028034650
110028036373
110028038656
110028038709
110028038718
110028038727
110028038736
110028038754
110028038772
110028038781
110028040206
110028040224
110028040260
110028040297
110028040313
110028040359
110028041624
110028041633
110028041697
110028041820
110028041866
110028041884
110028041893
110028041928
110028041982
110028041991
110028042008
110028042026
110028042044
110028042142
110028043043
110028043052
110028043105
110028043114
110028043169
110028043196
110028043203
110028043249
110028044845
110028044863
110028044916
110028050506
110028050533
110028050542
110028051710
110028051738
110028051747
110028051765
110028051792
110028051809
110028051818
110028051989
110028060871
110028061932
110028061987
110028062003
110028062012
110028062030
110028062049
110028062129
110028062174
110028062192
110028062502
110028063618
110028066081
110028066198
110028066205
110028066214
110028066223
110028067339
110028068187
110028068757
110028068766
110028071011
110028071066
110028072136
110028072298
110028073661
110028074615
110028075810
110028075909
110028075927
110028075936
110028075954
110028075963
110028075972
110028076016
110028076034
110028076070
110028076098
110028077239
110028077569
110028077587
110028077649
110028078103
110028078121
110028079576
110028079889
110028083856
110028084882
110028085480
110028085499
110028085532
110028085587
110028087255
110028090090
110028091473
110028092695
110028092953
110028093621
110028093729
110028093738
