110028094620
110028097137
110028097146
110028097208
110028097645
110028098396
110028098813
110028100034
110028100427
110028100686
110028100739
110028100980
110028101015
110028101033
110028101042
110028101060
110028101079
110028102755
110028102817
110028103148
110028104290
110028105011
110028106902
110028107849
110028109099
110028109981
110028110103
110028110416
110028112290
110028112673
110028113556
110028113574
110028113592
110028113636
110028113645
110028114467
110028114476
110028114485
110028114500
110028114519
110028114528
110028114555
110028114706
110028114715
110028114724
110028114742
110028114760
110028114779
110028114797
110028115457
110028115741
110028115750
110028115769
110028115787
110028115803
110028115812
110028115849
110028117071
110028117099
110028117213
110028118329
110028119033
110028119051
110028119140
110028121761
110028121832
110028121912
110028122902
110028122920
110028122948
110028123830
110028124116
110028124125
110028124143
110028124152
110028124820
110028124857
110028125053
110028125320
110028126098
110028126187
110028126221
110028126267
110028126285
110028126310
110028126365
110028126383
110028126409
110028126418
110028126427
110028126436
110028126454
110028126551
110028127471
110028127480
110028127499
110028127970
110028127998
110028128755
110028128835
110028128844
110028128960
110028129013
110028129059
110028129068
110028129086
110028129111
110028129139
110028129148
110028129157
110028129166
110028129200
110028129219
110028130207
110028130323
110028131297
110028131395
110028131420
110028131741
110028131778
110028131787
110028131796
110028131803
110028131812
110028131849
110028131858
110028132928
110028132937
110028132946
110028133375
110028133384
110028133393
110028133400
110028133589
110028133641
110028133794
110028133801
110028133829
110028134739
110028134775
110028134864
110028134935
110028135854
110028138744
110028139075
110028139388
110028139397
110028139413
110028139422
110028139431
110028139529
110028139574
110028139609
110028139636
110028140848
110028141838
110028141847
110028141856
110028141865
110028142123
110028142132
110028142141
110028142150
110028142178
110028142196
110028142212
110028142668
110028142980
110028144032
110028144041
110028144069
110028144078
110028144149
110028144158
110028144167
110028144256
110028144292
110028144327
110028144513
110028144522
110028144531
110028144568
110028144577
110028145120
110028145148
110028145166
110028145969
110028145978
110028145987
110028145996
110028146003
110028146012
110028146021
110028146030
110028146520
110028146539
110028146557
110028147119
110028147128
110028147137
110028147146
110028147155
110028147164
110028147226
110028147235
110028147244
110028147789
110028147805
110028147832
110028148421
110028150006
110028150319
110028150337
110028150346
110028150355
110028150364
110028150373
110028150382
110028150453
110028150462
110028150471
110028150523
110028150532
110028150587
110028152077
110028152095
110028152111
110028152558
110028152825
110028152834
110028152843
110028152852
110028152861
110028154208
110028154217
110028154226
110028154299
110028154805
110028154823
110028154878
110028154887
110028154903
110028154949
110028154967
110028155895
110028156028
110028156064
110028156073
110028156260
110028156279
110028158632
110028158721
110028158749
110028158758
110028158785
110028158794
110028158810
110028158829
110028159846
110028159855
110028159864
110028159882
110028159891
110028159908
110028159917
110028159926
110028159944
110028159953
110028159962
110028159971
110028159980
110028159999
110028160004
110028160013
110028160022
110028160031
110028160040
110028160059
110028160068
110028160095
110028160111
110028160709
110028160718
110028160727
110028160825
110028160843
110028161012
110028161021
110028161030
110028161717
110028161904
110028162495
110028162501
110028162510
110028162529
110028162538
110028162547
110028162556
110028162574
110028162592
110028162609
110028162681
110028162752
110028163895
110028163957
110028164395
110028164830
110028165116
110028165134
110028165214
110028165526
110028165535
110028165562
110028165571
110028165580
110028165599
110028166491
110028166507
110028166516
110028166525
110028166534
110028166543
110028166552
110028166561
110028166570
110028166589
110028166598
110028166605
110028166730
110028167276
110028167294
110028167310
110028167588
110028167597
110028167604
110028169229
110028169265
110028169452
110028169461
110028169489
110028169504
110028169513
110028170397
110028171984
110028172279
110028172288
110028172402
110028173704
110028173795
110028173955
110028173964
110028173973
110028174552
110028174785
110028175016
110028175025
110028175105
110028175294
110028175365
110028175506
110028175524
110028175604
110028175891
110028175917
110028175944
110028175953
110028175962
110028175971
110028175980
110028175999
110028176177
110028176569
110028176747
110028177069
110028177078
110028177087
110028177096
110028177997
110028178004
110028178022
110028178031
110028178479
110028178978
110028179030
110028180484
110028180509
110028180661
110028180723
110028180929
110028180947
110028180956
110028181465
110028181474
110028181483
110028181492
110028181526
110028181544
110028181553
110028181562
110028182008
110028186825
110028186843
110028186852
110028187968
110028187986
110028188510
110028188976
110028189225
110028189387
110028189582
110028189680
110028189797
110028190151
110028190231
110028190339
110028190348
110028190516
110028190534
110028191007
110028191542
110028191980
110028191999
110028192006
110028192186
110028192328
110028192836
110028193130
110028194362
110028194950
110028194969
110028194987
110028194996
110028195003
110028195012
110028195049
110028195058
110028195067
110028195076
110028195799
110028196093
110028197029
110028197056
110028197127
110028197788
110028197840
110028197966
110028199009
110028199438
110028199447
110028199839
110028200337
110028200355
110028200676
110028200710
110028200756
110028201167
110028201327
110028201434
110028201452
110028201835
110028201880
110028202013
110028202219
110028202255
110028202282
110028202479
110028203227
110028203691
110028203744
110028204011
110028204253
110028204477
110028204486
110028204501
110028204529
110028205591
110028205779
110028206395
110028206475
110028206581
110028209365
110028209374
110028209383
110028209392
110028209409
110028209427
110028209436
110028209454
110028209533
110028209668
110028209677
110028209686
110028209855
110028209926
110028210040
110028210291
110028211352
110028211566
110028211575
110028213387
110028214064
110028214073
110028214082
110028214206
110028214750
110028214769
110028214803
110028214812
110028214876
110028215429
110028215438
110028215447
110028215456
110028215599
110028216936
110028218916
110028219112
110028219390
110028219407
110028219791
110028219808
110028219817
110028219826
110028219835
110028219844
110028219853
110028219862
110028219871
110028219880
110028219899
110028219906
110028219924
110028219933
110028219942
110028219951
110028219960
110028219979
110028219988
110028219997
110028220002
110028220155
110028220707
110028220716
110028220743
110028220770
110028220789
110028221911
110028223189
110028223198
110028223205
110028223214
110028223232
110028223241
110028223250
110028223394
110028223401
110028225089
110028225258
110028225427
110028225436
110028225659
110028225837
110028225953
110028225971
110028226131
110028226168
110028226186
110028226202
110028226266
110028226275
110028226284
110028226300
110028226373
110028226382
110028226391
110028226417
110028227201
110028227461
110028227540
110028227568
110028228558
110028228763
110028228923
110028229290
110028229307
110028229361
110028229986
110028230572
110028230689
110028230698
110028230876
110028231312
110028231376
110028231410
110028231429
110028231438
110028231517
110028231553
110028231580
110028231642
110028232160
110028232179
110028233007
110028233052
110028233132
110028233695
110028233711
110028233720
110028233748
110028233793
110028233828
110028233908
110028233917
110028233926
110028233935
110028233944
110028233953
110028234042
110028234088
110028234346
110028234881
110028234925
110028235078
110028235087
110028235274
110028235425
110028235602
110028235755
110028235826
110028236068
110028236273
110028236317
110028236424
110028236442
110028236503
110028237361
110028237389
110028237511
110028237655
110028237780
110028237806
110028237824
110028238075
110028238191
110028238226
110028238262
110028238271
110028238486
110028238574
110028238716
110028238725
110028238734
110028238752
110028238761
110028238912
110028240188
110028240204
110028240918
110028241123
110028241454
110028241597
110028242113
110028242140
110028242275
110028242373
110028242391
110028243005
110028243675
110028243844
110028244399
110028244424
110028244433
110028244763
110028244914
110028245030
110028245049
110028245940
110028246468
110028246547
110028247038
110028247056
110028247172
110028247323
110028247378
110028247546
110028247564
110028248331
110028248377
110028248395
110028248545
110028248750
110028248787
110028248796
110028248803
110028248910
110028248974
110028249848
110028249900
110028250256
110028250737
110028250880
110028250915
110028250924
110028250933
110028250942
110028250951
110028251086
110028251102
110028251656
110028251718
110028252361
110028252398
110028252405
110028252860
110028252879
110028252888
110028253173
110028253235
110028253351
110028253869
110028254190
110028254323
110028254494
110028255475
110028255741
110028255894
110028255910
110028255965
110028255992
110028256125
110028256688
110028257124
110028257213
110028257375
110028257393
110028257847
110028257874
110028257918
110028258089
110028258105
110028258114
110028258196
110028258230
110028258267
110028258310
110028258338
110028258347
110028258427
110028259211
110028259220
110028259765
110028259774
110028260423
110028270190
110028270369
110028270822
110028270911
110028270975
110028270993
110028271055
110028271064
110028271073
110028271171
110028271457
110028271527
110028271607
110028271616
110028271625
110028271643
110028271652
110028271661
110028271698
110028271705
110028271714
110028272250
110028272278
110028272287
110028272303
110028272312
110028272321
110028272330
110028272349
110028272358
110028272385
110028272438
110028272447
110028272456
110028272465
110028272492
110028272508
110028272517
110028272526
110028272535
110028272544
110028272562
110028272571
110028272580
110028272599
110028272606
110028272633
110028272651
110028272660
110028272679
110028272688
110028272697
110028272704
110028272713
110028272722
110028272731
110028272740
110028272759
110028272768
110028272777
110028272786
110028272795
110028272802
110028272811
110028272839
110028272848
110028272857
110028272866
110028272875
110028272884
110028272893
110028272900
110028272919
110028272928
110028272937
110028272946
110028272955
110028272964
110028272973
110028272982
110028272991
110028273008
110028273017
110028273026
110028273035
110028273044
110028273053
110028273062
110028273071
110028273080
110028273099
110028273106
110028273115
110028273124
110028273133
110028273419
110028273428
110028273446
110028273482
110028273516
110028273543
110028273838
110028273847
110028273856
110028273874
110028273883
110028276005
110028288243
110028288779
110028288797
110028288804
110028288813
110028288822
110028288831
110028288840
110028288859
110028288877
110028288886
110028288895
110028288902
110028288920
110028288939
110028288948
110028288957
110028288966
110028288975
110028288993
110028289019
110028289073
110028289117
110028289126
110028289135
110028289144
110028289162
110028289171
110028289199
110028289206
110028289215
110028289224
110028289242
110028289251
110028289279
110028289331
110028289340
110028289368
110028289395
110028289402
110028289411
110028289420
110028289439
110028289457
110028289466
110028289484
110028289493
110028289509
110028289518
110028289536
110028289545
110028289554
110028289563
110028289572
110028289581
110028289590
110028289634
110028289661
110028289670
110028289698
110028289714
110028289769
110028289796
110028289812
110028289849
110028289867
110028289894
110028289901
110028289938
110028289947
110028289956
110028289965
110028289974
110028289983
110028289992
110028290007
110028290016
110028290025
110028290034
110028290043
110028290061
110028290070
110028290098
110028290105
110028290114
110028290123
110028290132
110028290141
110028290178
110028290187
110028290196
110028290203
110028290230
110028290249
110028290258
110028290276
110028290285
110028290294
110028290365
110028290374
110028290392
110028290409
110028290418
110028290445
110028290472
110028290542
110028290560
110028290597
110028290613
110028290891
110028290908
110028290917
110028290962
110028290999
110028291006
110028291024
110028291033
110028291060
110028291079
110028291097
110028291113
110028291122
110028291131
110028291140
110028291159
110028291177
110028291186
110028291195
110028291220
110028291239
110028291266
110028291284
110028291300
110028291328
110028291337
110028291346
110028291355
110028291364
110028291382
110028291391
