110028291408
110028291417
110028291426
110028291435
110028291444
110028291453
110028291462
110028291471
110028291480
110028291499
110028291505
110028291523
110028291532
110028291541
110028291569
110028291578
110028291596
110028291603
110028291612
110028291621
110028291630
110028291667
110028291676
110028291685
110028291694
110028291710
110028291729
110028291738
110028291774
110028291792
110028291809
110028291818
110028291827
110028291836
110028291854
110028291863
110028291872
110028291890
110028291907
110028291934
110028291943
110028291961
110028291970
110028291998
110028292005
110028292023
110028292032
110028292050
110028292078
110028292087
110028292096
110028292112
110028292130
110028292158
110028292167
110028292176
110028292185
110028292194
110028292210
110028292229
110028292238
110028292247
110028292256
110028292265
110028292274
110028292283
110028292292
110028292309
110028292318
110028292327
110028292336
110028292354
110028292363
110028292372
110028292381
110028292390
110028292407
110028292425
110028292434
110028292443
110028292470
110028292489
110028292498
110028292522
110028292531
110028292540
110028292559
110028292577
110028292586
110028292595
110028292620
110028292639
110028292666
110028292675
110028292684
110028292693
110028292700
110028292728
110028292755
110028292773
110028292791
110028292808
110028292817
110028292835
110028292844
110028292853
110028292871
110028292880
110028292899
110028292915
110028292924
110028292960
110028292979
110028292997
110028293013
110028293022
110028293031
110028293059
110028293077
110028293086
110028293095
110028293111
110028293120
110028293148
110028293157
110028293166
110028293175
110028293193
110028293200
110028293219
110028293228
110028293246
110028293264
110028293273
110028293291
110028293308
110028293326
110028293335
110028293353
110028293497
110028293503
110028293512
110028293521
110028293530
110028293549
110028293558
110028293567
110028293576
110028293585
110028293594
110028293601
110028293610
110028293647
110028293656
110028293665
110028293683
110028293692
110028293736
110028293745
110028293763
110028293772
110028293781
110028293790
110028293807
110028293816
110028293825
110028293843
110028293852
110028293870
110028293898
110028293914
110028293923
110028293932
110028293950
110028293969
110028293978
110028293996
110028294012
110028294030
110028294058
110028294067
110028294110
110028294129
110028294138
110028294147
110028294156
110028294165
110028294183
110028294192
110028294209
110028294218
110028294245
110028294263
110028294272
110028294281
110028294307
110028294316
110028294325
110028294334
110028294343
110028294361
110028294370
110028294389
110028294398
110028294414
110028294432
110028294441
110028294450
110028294469
110028294478
110028294487
110028294496
110028294502
110028294511
110028294520
110028294539
110028294548
110028294557
110028294566
110028294575
110028294584
110028294593
110028294600
110028294619
110028294637
110028294646
110028294655
110028294664
110028294673
110028294682
110028294691
110028294708
110028294726
110028294744
110028294753
110028294762
110028294771
110028294780
110028294799
110028294842
110028294851
110028294860
110028294888
110028294897
110028294904
110028294913
110028294931
110028294940
110028294959
110028294977
110028294986
110028294995
110028295002
110028295020
110028295039
110028295048
110028295057
110028295075
110028295084
110028295093
110028295119
110028295137
110028295173
110028295182
110028295217
110028295235
110028295244
110028295280
110028295299
110028295315
110028295333
110028295342
110028295379
110028295404
110028295477
110028295501
110028295510
110028295538
110028295547
110028295556
110028295574
110028295592
110028295609
110028295627
110028295645
110028295663
110028295672
110028295681
110028295707
110028295716
110028295725
110028295743
110028295752
110028295789
110028295798
110028295841
110028295878
110028295887
110028295896
110028295903
110028295921
110028295930
110028295949
110028295958
110028295967
110028295976
110028295985
110028296001
110028296010
110028296038
110028296047
110028296056
110028296065
110028296074
110028296083
110028296092
110028296118
110028296127
110028296136
110028296145
110028296163
110028296172
110028296181
110028296190
110028296207
110028296225
110028296243
110028296252
110028296261
110028296270
110028296289
110028296298
110028296305
110028296323
110028296332
110028296350
110028296369
110028296387
110028296396
110028296412
110028296421
110028296430
110028296449
110028296458
110028296476
110028296485
110028296494
110028296500
110028296519
110028296528
110028296537
110028296546
110028296564
110028296582
110028296591
110028296608
110028296626
110028296644
110028296653
110028296662
110028296680
110028296699
110028296715
110028296724
110028296742
110028296751
110028296760
110028296779
110028296797
110028296804
110028296822
110028296831
110028296840
110028296859
110028296868
110028296877
110028296886
110028296895
110028296902
110028296911
110028296939
110028296948
110028296957
110028296966
110028296975
110028296984
110028297019
110028297028
110028297037
110028297046
110028297055
110028297064
110028297082
110028297108
110028297126
110028297135
110028297144
110028297171
110028297180
110028297206
110028297215
110028297224
110028297233
110028297242
110028297251
110028297260
110028297279
110028297288
110028297297
110028297304
110028297313
110028297322
110028297331
110028297340
110028297359
110028297368
110028297377
110028297386
110028297395
110028297402
110028297411
110028297420
110028297439
110028297448
110028297457
110028297466
110028297475
110028297484
110028297493
110028297509
110028297518
110028297536
110028297545
110028297554
110028297563
110028297572
110028297590
110028297607
110028297625
110028297643
110028297652
110028297670
110028297689
110028297698
110028297714
110028297732
110028297741
110028297750
110028297769
110028297778
110028297796
110028297803
110028297821
110028297830
110028297849
110028297858
110028297876
110028297885
110028297894
110028297901
110028297910
110028297929
110028297956
110028297965
110028297974
110028297992
110028298009
110028298027
110028298045
110028298054
110028298063
110028298081
110028298107
110028298116
110028298125
110028298134
110028298161
110028298170
110028298189
110028298205
110028298223
110028298241
110028298250
110028298269
110028298278
110028298287
110028298296
110028298303
110028298312
110028298321
110028298330
110028298349
110028298358
110028298367
110028298376
110028298385
110028298394
110028298410
110028298429
110028298438
110028298447
110028298456
110028298465
110028298508
110028298517
110028298562
110028298571
110028298919
110028298946
110028298955
110028298973
110028299008
110028299017
110028299026
110028299035
110028299099
110028299106
110028299124
110028299151
110028299188
110028299204
110028299222
110028299231
110028299259
110028299295
110028299311
110028299320
110028299366
110028299384
110028299393
110028299400
110028299419
110028299428
110028299437
110028299446
110028299455
110028299464
110028299473
110028299482
110028299491
110028299507
110028299516
110028299525
110028299552
110028299561
110028299570
110028299589
110028299598
110028299605
110028299614
110028299632
110028299641
110028299650
110028299669
110028299687
110028299703
110028299712
110028299721
110028299749
110028299758
110028299767
110028299794
110028299847
110028299856
110028299865
110028299892
110028299918
110028299936
110028299945
110028299954
110028300014
110028300023
110028300041
110028300050
110028300069
110028300096
110028300103
110028300112
110028300121
110028300130
110028300149
110028300158
110028300167
110028300176
110028300194
110028300201
110028300210
110028300229
110028300247
110028300265
110028300274
110028300283
110028300292
110028300309
110028300318
110028300345
110028300354
110028300363
110028300372
110028300390
110028300407
110028300416
110028300425
110028300434
110028300452
110028300461
110028300489
110028300498
110028300504
110028300513
110028300522
110028300531
110028300540
110028300559
110028300568
110028300577
110028300586
110028300700
110028300728
110028300737
110028300755
110028300764
110028300773
110028300782
110028300791
110028300808
110028300817
110028300826
110028300835
110028300844
110028300853
110028300871
110028300880
110028300899
110028300906
110028300915
110028300924
110028300933
110028300942
110028300951
110028301004
110028301022
110028301040
110028301077
110028301086
110028301095
110028301102
110028301111
110028301139
110028301148
110028301166
110028301175
110028301184
110028301219
110028301246
110028301255
110028301264
110028301282
110028301291
110028301308
110028301317
110028301326
110028301335
110028301344
110028301353
110028301362
110028301380
110028301399
110028301415
110028301442
110028301451
110028301460
110028301521
110028301576
110028301594
110028301601
110028301610
110028301647
110028301665
110028301692
110028301754
110028301772
110028301781
110028301790
110028301807
110028301816
110028301825
110028301834
110028301843
110028301852
110028301870
110028301889
110028301898
110028301905
110028301914
110028301932
110028301941
110028301950
110028301978
110028301987
110028302003
110028302021
110028302049
110028302067
110028302076
110028302085
110028302110
110028302129
110028302138
110028302147
110028302156
110028302165
110028302174
110028302183
110028302192
110028302209
110028302245
110028302263
110028302272
110028302281
110028302290
110028302325
110028302334
110028302352
110028302361
110028302389
110028302398
110028302414
110028302423
110028302441
110028302450
110028302478
110028302487
110028302496
110028302511
110028302539
110028302548
110028302566
110028302575
110028302593
110028302600
110028302619
110028302664
110028302682
110028302691
110028302726
110028302744
110028302753
110028302762
110028302860
110028302879
110028302904
110028302922
110028302940
110028302959
110028302986
110028303002
110028303011
110028303039
110028303066
110028303075
110028303084
110028303119
110028303155
110028303164
110028303173
110028303191
110028303208
110028303226
110028303235
110028303253
110028303262
110028303271
110028303280
110028303299
110028303324
110028303333
110028303342
110028303351
110028303360
110028303379
110028303388
110028303397
110028303404
110028303422
110028303431
110028303440
110028303459
110028303468
110028303486
110028303495
110028303501
110028303529
110028303538
110028303547
110028303556
110028303565
110028303583
110028303592
110028303609
110028303627
110028303645
110028303663
110028303672
110028303681
110028303707
110028303734
110028303798
110028303814
110028303823
110028303850
110028303869
110028303878
110028303903
110028303912
110028303930
110028303949
110028303958
110028303967
110028303985
110028303994
110028304010
110028304056
110028304065
110028304074
110028304092
110028304109
110028304118
110028304127
110028304145
110028304154
110028304163
110028304172
110028304190
110028304207
110028304216
110028304234
110028304243
110028304252
110028304270
110028304289
110028304305
110028304314
110028304341
110028304350
110028304369
110028304396
110028304449
110028304662
110028304804
110028304813
110028304868
110028304886
110028304911
110028304939
110028305279
110028305297
110028305322
110028305359
110028305377
110028305395
110028305475
110028305518
110028305545
110028305554
110028305563
110028305572
110028305581
110028305590
110028305607
110028305616
110028305625
110028305643
110028305652
110028305661
110028305689
110028305698
110028305705
110028305714
110028305723
110028305732
110028305741
110028305750
110028305769
110028305778
110028305796
110028305803
110028305812
110028305821
110028305849
110028305858
110028305876
110028305901
110028305910
110028305929
110028305947
110028305965
110028305974
110028305992
110028306009
110028306018
110028306027
110028306036
110028306152
110028306161
110028306269
110028306287
110028306296
110028306376
110028306410
110028306429
110028306465
110028306474
110028306508
110028306517
110028306526
110028307062
110028307071
110028307080
110028307099
110028307106
110028307115
110028307133
110028307295
110028307302
110028307311
110028307320
110028307339
110028307357
110028307366
110028307384
110028307393
110028307419
110028307437
110028307446
110028307455
110028307464
110028307473
110028307482
110028307491
110028307507
110028307525
110028307534
110028307552
110028307561
110028307570
110028307589
110028307614
110028307623
110028307632
110028307641
110028307650
110028307669
110028307678
110028307687
110028675583
110028676074
110028676127
110028676582
110028676591
110028676635
110028676671
110028713998
110028714283
110028714292
110028717057
110028717066
110028717084
110028717093
110028717182
110028717306
110028717921
110028717930
110028717949
110028717958
110028717967
110028718546
110028719242
110028719590
110028719821
110028719830
110028899878
110028970549
110029003316
110029025123
110029032570
110029199515
110029217050
110029247009
110029270660
110029346090
110029394117
110029412393
110029421766
110029443421
110029449620
110029460624
110029474432
110029480130
110029500010
