110029503017
110029504793
110029516566
110029516584
110029517066
110029517146
110029517164
110029517173
110029517235
110029517271
110029517351
110029517379
110029517397
110029517404
110029517413
110029517422
110029517431
110029517459
110029518788
110029518797
110029518804
110029518813
110029519206
110029519242
110029520141
110029520267
110029520294
110029520338
110029520365
110029520374
110029520383
110029520392
110029520427
110029520436
110029520445
110029520463
110029520481
110029520506
110029520515
110029520524
110029520533
110029520542
110029520551
110029520560
110029520588
110029520613
110029520622
110029520631
110029520640
110029520659
110029520668
110029520677
110029520686
110029520702
110029520711
110029520720
110029520739
110029520748
110029520757
110029520766
110029520775
110029520784
110029520800
110029520855
110029520953
110029521006
110029521060
110029521079
110029521088
110029521097
110029521104
110029521113
110029521122
110029521159
110029521195
110029521220
110029521239
110029521248
110029521257
110029521284
110029521300
110029521337
110029521355
110029521382
110029521408
110029521417
110029521426
110029521444
110029521453
110029521480
110029526378
110029526421
110029526500
110029526573
110029526626
110029526671
110029526680
110029526706
110029527867
110029527876
110029527885
110029527894
110029527901
110029527910
110029527929
110029527938
110029527947
110029527956
110029527965
110029527974
110029527983
110029527992
110029528009
110029528018
110029528036
110029528045
110029528054
110029528063
110029528072
110029528081
110029528107
110029528125
110029528134
110029528161
110029528189
110029528198
110029528553
110029535251
110030061359
110030078939
110030437329
110030437356
110030437392
110030437418
110030437427
110030437604
110030437622
110030437640
110030437659
110030437677
110030437695
110030439354
110030439746
110030443517
110030443544
110030443580
110030443642
110030443660
110030443679
110030443697
110030443704
110030445846
110030451605
110030451614
110030451623
110030451632
110030451669
110030452016
110030452061
110030452123
110030462194
110030462210
110030463068
110030463255
110030463521
110030463601
110030463950
110030463969
110030463978
110030464101
110030464110
110030464209
110030464236
110030464245
110030464272
110030464281
110030464290
110030464307
110030464316
110030464325
110030464343
110030464352
110030464646
110030465413
110030465422
110030465431
110030466127
110030466261
110030466289
110030466653
110030466671
110030466699
110030467064
110030467135
110030467153
110030467242
110030467251
110030467386
110030467741
110030467947
110030467956
110030468161
110030468278
110030468287
110030468296
110030468303
110030468321
110030468358
110030468367
110030468376
110030468385
110030468429
110030468438
110030468508
110030468571
110030468624
110030468704
110030468768
110030468802
110030468900
110030468946
110030469071
110030469080
110030469357
110030469366
110030469375
110030469446
110030469482
110030469534
110030469543
110030469552
110030469758
110030469918
110030470087
110030470103
110030470513
110030470586
110030470595
110030470728
110030470746
110030470755
110030470791
110030471022
110030471077
110030471102
110030471148
110030471166
110030471255
110030471282
110030471488
110030471781
110030471816
110030471905
110030472110
110030472156
110030472290
110030472334
110030472405
110030472539
110030472548
110030472557
110030472708
110030472717
110030472726
110030472735
110030472897
110030472940
110030473039
110030473048
110030473075
110030473271
110030473315
110030473333
110030473379
110030473556
110030473592
110030473609
110030473618
110030473627
110030473716
110030473725
110030473734
110030473743
110030473832
110030473887
110030474190
110030474644
110030474859
110030474993
110030475000
110030475019
110030475028
110030475037
110030475046
110030475055
110030475073
110030475082
110030475091
110030475108
110030475117
110030475126
110030475135
110030475153
110030475162
110030475304
110030475313
110030475322
110030475536
110030475661
110030475670
110030475689
110030475698
110030475714
110030475723
110030475732
110030475741
110030475750
110030475769
110030475796
110030475885
110030476036
110030476269
110030476303
110030476438
110030476474
110030476492
110030476517
110030476642
110030477259
110030477320
110030477375
110030477534
110030477678
110030477687
110030477954
110030478150
110030478506
110030478515
110030479284
110030479319
110030479569
110030479818
110030479845
110030479854
110030479881
110030479925
110030480254
110030480334
110030480414
110030480432
110030480441
110030480469
110030480478
110030481155
110030481191
110030481486
110030481501
110030482662
110030482751
110030482779
110030482804
110030482822
110030488853
110030489692
110030489709
110030489727
110030489736
110030489754
110030489772
110030489781
110030489790
110030489807
110030489825
110030489834
110030489843
110030489852
110030489870
110030489898
110030489914
110030489923
110030489941
110030489950
110030489987
110030490038
110030490387
110030490412
110030491000
110030491019
110030491901
110030491910
110030491929
110030491938
110030492474
110030492483
110030492517
110030492535
110030492599
110030492660
110030492704
110030492713
110030493231
110030493259
110030493268
110030493277
110030493286
110030493295
110030736657
110030736773
110030736782
110030736826
110030736844
110030736915
110030737031
110030738799
110030740866
110030743168
110030743177
110030743239
110030743248
110030744130
110030744149
110030744176
110030744185
110030744210
110030744229
110030744238
110030744256
110030744265
110030744283
110030744372
110030744381
110030744390
110030744407
110030744416
110030744425
110030744434
110030744443
110030744452
110030744461
110030744489
110030744498
110030744513
110030744522
110030744531
110030744540
110030744559
110030744568
110030744586
110030744595
110030744602
110030744620
110030745237
110030745273
110030745816
110030745843
110030745852
110030745861
110030745870
110030746021
110030746058
110030746067
110030746094
110030746888
110030746897
110030746913
110030746922
110030746931
110030746940
110030750435
110030750444
110030750480
110030750550
110030750569
110030763421
110030763671
110030763699
110030763706
110030763715
110030763724
110030763733
110030763742
110030763751
110030763760
110030763788
110030763804
110030763831
110030763840
110030764849
110030764858
110030764894
110030764910
110030764929
110030764938
110030764947
110030764956
110030764965
110030764983
110030765018
110030765027
110030765036
110030765045
110030765063
110030765385
110030765394
110030765401
110030765884
110030765893
110030765900
110030765919
110030766268
110030766277
110030766286
110030766295
110030766302
110030766320
110030766339
110030766348
110030766366
110030766375
110030766384
110030766393
110030766400
110030766419
110030766428
110030766455
110030766464
110030766473
110030766482
110030766507
110030766525
110030766543
110030766552
110030767249
110030767276
110030767294
110030767310
110030767418
110030767445
110030767454
110030767472
110030767481
110030767506
110030767515
110030767524
110030767533
110030767542
110030767551
110030767560
110030767579
110030767588
110030767597
110030767604
110030767622
110030767631
110030767640
110030767659
110030767668
110030767677
110030767686
110030767702
110030767720
110030767739
110030768587
110030768676
110030769050
110030769069
110030769078
110030769087
110030769103
110030769112
110030769121
110030769130
110030769149
110030769167
110030769176
110030769185
110030769194
110030769201
110030769504
110030769611
110030769648
110030769657
110030769675
110030769693
110030769700
110030769719
110030769737
110030770262
110030770271
110030770280
110030770306
110030770315
110030772821
110030772830
110030772849
110030772885
110030772894
110030772901
110030772929
110030772938
110030772947
110030772956
110030772965
110030772974
110030772983
110030772992
110030773036
110030773063
110030773143
110030773189
110030773198
110030773205
110030773223
110030773232
110030774231
110030775481
110030776131
110030816801
110030816847
110030816936
110030817016
110030817105
110030819862
110030826104
110030893317
110030893479
110030895217
110030895262
110030895636
110030896010
110030896369
110030896671
110030897171
110030898394
110030898447
110030898820
110030899197
110030899561
110030899570
110030899589
110030900639
110030900853
110030901371
110030901380
110030901512
110030901567
110030901772
110030902236
110030902405
110030902575
110030902584
110030903173
110030903351
110030903422
110030903725
110030903798
110030904083
110030904092
110030904118
110030904127
110030904136
110030904154
110030904163
110030904190
110030904225
110030904252
110030904500
110030904822
110030904859
110030904868
110030904877
110030905297
110030905377
110030906107
110030906553
110030906571
110030906606
110030906633
110030906660
110030906866
110030906964
110030906982
110030907099
110030907366
110030907721
110030907785
110030907865
110030907963
110030907972
110030907981
110030907990
110030908007
110030908025
110030908043
110030908178
110030908187
110030908196
110030908551
110030909177
110030909202
110030909444
110030909685
110030910370
110030910398
110030910423
110030910432
110030910646
110030910655
110030910664
110030910673
110030910682
110030910691
110030911173
110030911529
110030911734
110030911752
110030912181
110030912190
110030912207
110030912216
110030912225
110030912243
110030912252
110030912270
110030912298
110030912305
110030912314
110030912635
110030912644
110030912653
110030912662
110030912706
110030912724
110030912902
110030913411
110030913420
110030913466
110030913929
110030913956
110030914884
110030914955
110030915464
110030915678
110030915758
110030915767
110030915972
110030916490
110030916711
110030916748
110030917113
110030917177
110030917211
110030917239
110030917257
110030917266
110030917275
110030917328
110030961305
110030991988
110030992530
110030992834
110030992905
110030992932
110030992969
110030992978
110030992987
110030993478
110030993487
110030993496
110030993502
110030993511
110030993520
110030993888
110030993897
110030993904
110030993913
110030994271
110030994306
110030994315
110030994324
110030994342
110030994351
110030994360
110030994379
110030994388
110030994397
110030994404
110030994413
110030994459
110030994477
110030994495
110030994501
110030994510
110030994547
110030994556
110030994565
110030994574
110030994583
110030994592
110030994609
110030994627
110030994636
110030994645
110030994654
110030994663
110030994672
110030994681
110030994690
110030994707
110030994716
110030994734
110030994743
110030994752
110030994761
110030994789
110030994798
110030994912
110030994967
110030994985
110030994994
110030995029
110030995038
110030996411
110030996439
110030996448
110030996484
110030996493
110030996509
110030996518
110030999819
110030999828
110030999846
110030999864
110030999873
110030999917
110030999926
110030999935
110030999944
110030999953
110030999971
110031000093
110031000146
110031000244
110031000388
110031000397
110031002297
110031002304
110031002322
110031002331
110031002359
110031002368
110031002386
110031002439
110031002448
110031002457
110031002475
110031007461
110031018976
110031018985
110031018994
110031019010
110031019029
110031019038
110031019056
110031019065
110031019083
110031019092
110031019181
110031019207
110031019216
110031019225
110031019243
110031019252
110031019298
110031019314
110031019341
110031019350
110031019369
110031019378
110031019387
110031019396
110031019403
110031019412
110031019421
110031019430
110031019449
110031020464
110031020534
110031020650
110031020838
110031021098
110031021490
110031022051
110031022480
110031022569
110031022863
110031023425
110031023504
110031023531
110031023997
110031024013
110031024291
110031024335
110031024488
110031024745
110031024834
110031024969
110031025156
110031025487
110031025584
110031025619
110031025637
110031026137
110031026217
110031026887
110031026976
110031027699
110031028714
110031028732
110031028741
110031029018
110031029376
110031029991
110031033290
110031034039
110031034315
110031034663
110031035118
110031035181
110031036796
110031037599
110031042075
110031043485
110031044689
110031044705
110031046080
110031046106
110031046222
110031049568
110031050010
110031054686
110031054702
110031054962
110031054971
110031055596
110031058334
110031059048
110031059280
110031060802
110031061151
110031062695
110031073978
110031073987
110031073996
110031074003
110031096070
110031096089
110031096409
110031097122
110031097186
110031098540
110031100109
110031100467
110031104864
110031104953
110031106899
110031106960
110031107585
110031107674
110031107709
110031110170
110031110198
110031110349
110031110367
110031110385
110031110394
110031112613
110031112622
110031112631
110031112659
110031112864
110031112891
110031112944
110031113015
110031113337
110031113408
110031128820
110031129259
110031129311
110031130167
110031130390
110031133280
110031145197
110031147444
110031149282
110031149344
110031149424
110031149647
110031154220
110031157860
