110031159387
110031159519
110031161105
110031173138
110031174084
110031174262
110031184304
110031184377
110031184386
110031189728
110031201063
110031202696
110031202990
110031207593
110031209323
110031210099
110031210106
110031214576
110031215735
110031216002
110031216039
110031216048
110031225948
110031225993
110031226983
110031241537
110031242901
110031245034
110031245560
110031249682
110031249691
110031251605
110031251641
110031251838
110031252962
110031255745
110031258216
110031262078
110031262087
110031262309
110031265075
110031265084
110031265093
110031267867
110031267894
110031267929
110031267956
110031268018
110031268214
110031268303
110031268811
110031269080
110031269106
110031269133
110031269142
110031269151
110031269188
110031269197
110031269204
110031269222
110031269302
110031269311
110031269320
110031269339
110031269357
110031269366
110031269375
110031269384
110031269400
110031269419
110031269455
110031269482
110031269507
110031269516
110031269525
110031269534
110031269543
110031269589
110031269650
110031269669
110031269678
110031269758
110031269801
110031269810
110031269909
110031269945
110031269981
110031270078
110031270103
110031270158
110031270167
110031270194
110031270363
110031270390
110031270416
110031270470
110031270568
110031270595
110031270602
110031271344
110031272316
110031274010
110031274065
110031274145
110031274154
110031274163
110031274172
110031274662
110031274671
110031274699
110031274706
110031274733
110031274742
110031274751
110031274760
110031274788
110031274813
110031274877
110031274911
110031274920
110031274957
110031274975
110031278542
110031278695
110031279006
110031279275
110031279818
110031280030
110031280067
110031280637
110031281235
110031281342
110031281798
110031281912
110031281958
110031281976
110031282145
110031282350
110031282485
110031282546
110031282564
110031282608
110031282635
110031282706
110031282840
110031282886
110031282911
110031283233
110031283297
110031283304
110031283331
110031283359
110031283368
110031283475
110031283661
110031283821
110031283830
110031283849
110031283858
110031283867
110031283876
110031283947
110031283992
110031284009
110031284198
110031284296
110031284492
110031284508
110031284544
110031284562
110031284571
110031284580
110031284599
110031284759
110031284768
110031284802
110031284820
110031284839
110031284848
110031284857
110031284884
110031285026
110031285044
110031285053
110031285062
110031285080
110031285419
110031285428
110031285516
110031285712
110031285829
110031285918
110031285972
110031285981
110031286007
110031286016
110031286043
110031286052
110031286061
110031286123
110031286196
110031286258
110031286445
110031286926
110031287257
110031287426
110031287480
110031287541
110031287578
110031287658
110031287756
110031287836
110031287989
110031288210
110031288274
110031288345
110031288354
110031288363
110031288372
110031288416
110031288443
110031288489
110031288498
110031288746
110031288755
110031288835
110031288844
110031289246
110031289291
110031289308
110031289914
110031290172
110031290341
110031290449
110031290751
110031290975
110031291028
110031291313
110031291322
110031291983
110031292018
110031292615
110031292704
110031292866
110031293428
110031294463
110031295211
110031295328
110031295453
110031295462
110031295514
110031295523
110031295541
110031295550
110031295578
110031295694
110031297228
110031297237
110031297246
110031297264
110031297317
110031297326
110031297335
110031298664
110031298833
110031299271
110031299510
110031300125
110031300143
110031300580
110031300704
110031301017
110031301348
110031301357
110031301598
110031301927
110031301936
110031301981
110031302007
110031302105
110031302766
110031302775
110031302784
110031302837
110031302855
110031302873
110031302882
110031302980
110031303248
110031303257
110031303266
110031303275
110031303328
110031303391
110031303417
110031303453
110031303480
110031303505
110031303532
110031303550
110031303578
110031303596
110031303621
110031303649
110031303676
110031303694
110031303701
110031304719
110031305433
110031305503
110031305745
110031307039
110031307226
110031307306
110031307324
110031307887
110031307896
110031307903
110031307921
110031307949
110031307967
110031307985
110031307994
110031308323
110031308341
110031308369
110031308378
110031308449
110031308467
110031308537
110031308546
110031308751
110031308779
110031308868
110031308877
110031308966
110031308984
110031309000
110031309055
110031309572
110031315119
110031316831
110031316902
110031317028
110031317206
110031317518
110031317938
110031319106
110031319151
110031319650
110031319669
110031319678
110031319687
110031319696
110031319703
110031319776
110031319785
110031319794
110031319810
110031320096
110031320648
110031320675
110031321399
110031321433
110031321692
110031322147
110031322708
110031322735
110031323137
110031323752
110031324001
110031324010
110031324350
110031324715
110031324822
110031325019
110031325046
110031325457
110031325689
110031325705
110031326027
110031326401
110031326410
110031326465
110031327259
110031327268
110031327598
110031327703
110031327936
110031329872
110031329989
110031330085
110031330389
110031330691
110031330735
110031330744
110031330753
110031330762
110031330780
110031331084
110031331440
110031331459
110031331468
110031331477
110031331486
110031331618
110031331663
110031331761
110031331903
110031331921
110031332243
110031332350
110031332591
110031332671
110031332993
110031333288
110031333297
110031333322
110031333368
110031333466
110031333876
110031333885
110031333910
110031333938
110031334447
110031334456
110031335106
110031335268
110031335641
110031335721
110031336187
110031336409
110031336418
110031336668
110031336766
110031336793
110031336828
110031336873
110031336908
110031336971
110031337177
110031337426
110031337435
110031337444
110031337453
110031337462
110031337471
110031337480
110031337499
110031337505
110031337514
110031337541
110031337578
110031337587
110031337603
110031337836
110031337845
110031337925
110031337934
110031337943
110031337970
110031337998
110031338005
110031338041
110031338069
110031338112
110031338121
110031338130
110031338283
110031338318
110031338327
110031338381
110031338452
110031338470
110031338559
110031338568
110031338586
110031338611
110031338620
110031338639
110031338924
110031338933
110031338942
110031339139
110031339148
110031339184
110031339460
110031339479
110031339503
110031339521
110031339549
110031340145
110031341340
110031341698
110031341741
110031341947
110031342054
110031342107
110031342483
110031342697
110031342937
110031343115
110031343151
110031343552
110031343687
110031343696
110031343749
110031343758
110031343767
110031343776
110031343794
110031343810
110031343838
110031343847
110031343856
110031343865
110031343927
110031343945
110031343954
110031343963
110031343972
110031343990
110031344007
110031344016
110031344025
110031344034
110031344043
110031344212
110031344249
110031344258
110031344338
110031344347
110031344356
110031344365
110031344374
110031344383
110031344445
110031344454
110031344463
110031344472
110031344481
110031344490
110031344579
110031344588
110031344597
110031344604
110031344613
110031344622
110031344631
110031344640
110031344659
110031344677
110031344739
110031344748
110031344757
110031344766
110031344775
110031344819
110031344908
110031344999
110031345006
110031345015
110031345033
110031345042
110031345060
110031345079
110031345122
110031345131
110031345159
110031345168
110031345211
110031345220
110031345239
110031345248
110031345275
110031345284
110031345300
110031345328
110031345355
110031345364
110031345382
110031345417
110031345426
110031345435
110031345630
110031345676
110031345747
110031345765
110031345783
110031345970
110031346185
110031346773
110031346844
110031347380
110031347406
110031347415
110031347530
110031347549
110031347558
110031347567
110031347576
110031347585
110031347594
110031347601
110031347610
110031347629
110031347638
110031347647
110031347656
110031347665
110031347674
110031347683
110031347914
110031347932
110031347941
110031348094
110031348174
110031348600
110031348646
110031348691
110031348708
110031348833
110031348922
110031348977
110031350062
110031350142
110031350160
110031350179
110031350197
110031350213
110031350222
110031350231
110031350240
110031350259
110031350268
110031350277
110031350286
110031350295
110031350393
110031350419
110031350428
110031350534
110031350561
110031350570
110031350589
110031350598
110031350605
110031350614
110031350669
110031350678
110031350730
110031350785
110031350801
110031350829
110031350838
110031350847
110031350865
110031350874
110031350892
110031351098
110031351294
110031351310
110031351329
110031351374
110031351542
110031351551
110031351560
110031351579
110031351686
110031351775
110031352060
110031352211
110031352872
110031352890
110031353265
110031353274
110031353283
110031353407
110031353452
110031353461
110031353470
110031353489
110031353498
110031353504
110031353513
110031353522
110031353531
110031353540
110031353559
110031353693
110031353853
110031353862
110031353871
110031353899
110031353906
110031353915
110031354102
110031354111
110031354120
110031354148
110031354460
110031354629
110031354718
110031354727
110031354772
110031355281
110031355316
110031355343
110031355352
110031355432
110031355441
110031355450
110031355469
110031355628
110031355637
110031355655
110031355664
110031355753
110031355815
110031355842
110031355851
110031355879
110031355888
110031355897
110031355904
110031355913
110031357118
110031357163
110031357172
110031357396
110031357831
110031357939
110031357993
110031358251
110031358297
110031358536
110031358545
110031358572
110031358590
110031358607
110031358616
110031358938
110031358947
110031358956
110031358965
110031359474
110031359492
110031359571
110031359722
110031359759
110031359786
110031359964
110031359973
110031360337
110031360667
110031360916
110031361568
110031362399
110031362406
110031362754
110031362763
110031363334
110031363940
110031364066
110031364084
110031364342
110031364351
110031364360
110031364379
110031364397
110031364431
110031364459
110031364618
110031364627
110031364636
110031364681
110031364707
110031364725
110031364743
110031364761
110031364798
110031364832
110031364841
110031364887
110031364896
110031364903
110031364912
110031364958
110031364976
110031364985
110031365001
110031365010
110031365029
110031365118
110031365127
110031365243
110031365252
110031365261
110031365270
110031365289
110031365298
110031365387
110031365582
110031365724
110031366108
110031366313
110031366331
110031366359
110031366894
110031366956
110031367027
110031367036
110031367090
110031367367
110031367385
110031367394
110031367474
110031367937
110031367982
110031368035
110031368053
110031368320
110031368384
110031368712
110031368758
110031368776
110031368963
110031369052
110031369061
110031369123
110031369141
110031369221
110031369258
110031369267
110031369294
110031369365
110031369445
110031369659
110031369686
110031369702
110031369711
110031369720
110031369757
110031369775
110031369784
110031369800
110031369819
110031369837
110031369855
110031370219
110031370317
110031370371
110031370415
110031370530
110031370558
110031370576
110031370585
110031370610
110031370656
110031370683
110031370692
110031370709
110031370718
110031370727
110031370736
110031370745
110031370754
110031370763
110031370772
110031370781
110031370825
110031370843
110031370852
110031370861
110031370870
110031370889
110031370898
110031371370
110031371441
110031371708
110031371717
110031371726
110031371735
110031371744
110031371753
110031371762
110031371771
110031371799
110031371806
110031371897
110031372084
110031372093
110031372100
110031372119
110031372146
110031372164
110031372182
110031372235
110031372565
110031372574
110031373975
110031373993
110031374019
110031374037
110031374055
110031374082
110031374251
110031374279
110031374812
110031374830
110031374849
110031375170
110031375198
110031375456
110031375848
110031375946
110031375955
110031375964
110031375973
110031375982
110031375991
110031376008
110031376017
110031376026
110031376035
110031376053
110031376062
110031376071
110031376115
110031376124
110031376133
110031376151
110031376179
110031376188
110031376197
110031376204
110031376213
110031376222
110031376231
110031376240
110031376259
110031376286
110031376302
110031376320
110031376348
110031376375
110031376473
110031376605
110031376614
110031376623
110031376632
110031376641
110031376936
110031376954
110031376963
110031376972
110031376981
110031376990
110031377007
110031377016
110031377025
110031377034
110031377043
110031377052
110031377061
110031377089
110031377098
110031377105
110031377114
110031377132
110031377249
110031377258
110031377267
110031377427
110031377515
110031377551
110031377560
110031377579
110031377622
110031377640
110031377659
110031377677
110031377695
110031377702
110031377711
110031377720
110031377739
110031377748
110031377757
110031377766
110031377775
110031377784
110031377828
110031377846
110031377908
110031378319
110031378505
110031378970
110031379005
110031379103
