110031379149
110031380066
110031380164
110031380182
110031380208
110031380217
110031380226
110031380235
110031380262
110031380271
110031380280
110031380299
110031380306
110031380315
110031380324
110031380333
110031380645
110031380654
110031380663
110031380912
110031381010
110031381163
110031381546
110031381555
110031381715
110031382028
110031382082
110031382448
110031382466
110031382607
110031382634
110031382652
110031382732
110031382778
110031382796
110031382803
110031382830
110031382885
110031382894
110031382901
110031382929
110031382938
110031382947
110031382956
110031382965
110031382974
110031382992
110031383009
110031383027
110031383107
110031383161
110031383205
110031383223
110031383303
110031383312
110031383330
110031383615
110031383624
110031383651
110031383660
110031383786
110031384277
110031384623
110031384632
110031384650
110031384669
110031384678
110031384687
110031384730
110031384829
110031384927
110031384936
110031384945
110031384954
110031384972
110031385034
110031386051
110031386186
110031386890
110031386907
110031386934
110031387032
110031387041
110031387050
110031387069
110031387238
110031387247
110031388219
110031388353
110031388380
110031388442
110031388460
110031388488
110031388497
110031388503
110031388512
110031388521
110031388549
110031388558
110031388567
110031388674
110031388807
110031388898
110031388905
110031388914
110031388923
110031388969
110031388987
110031389003
110031389012
110031389030
110031389058
110031389209
110031389218
110031389227
110031389236
110031389389
110031389398
110031389405
110031389423
110031389432
110031389637
110031389655
110031389664
110031389771
110031389780
110031389833
110031389851
110031390046
110031390064
110031390073
110031390082
110031390126
110031390251
110031390313
110031390536
110031390554
110031390572
110031390670
110031390778
110031390796
110031390803
110031390812
110031390821
110031390867
110031391045
110031391063
110031391072
110031391170
110031391214
110031391465
110031391474
110031391483
110031391492
110031391517
110031391535
110031391697
110031391704
110031391759
110031391768
110031391777
110031391820
110031391893
110031391919
110031391928
110031391937
110031391946
110031391964
110031392044
110031392062
110031392071
110031392099
110031392106
110031392151
110031392179
110031392188
110031392302
110031392311
110031392589
110031392632
110031392856
110031393196
110031393294
110031393631
110031394006
110031394140
110031394177
110031394195
110031394391
110031394612
110031394630
110031394658
110031394694
110031394792
110031395265
110031395283
110031395381
110031395407
110031395416
110031395452
110031395522
110031395639
110031395693
110031395988
110031396772
110031396969
110031397030
110031397101
110031397138
110031397334
110031397343
110031397361
110031397469
110031397619
110031397646
110031397655
110031397664
110031397673
110031397682
110031397691
110031397708
110031397717
110031397726
110031397806
110031397851
110031397860
110031397888
110031397904
110031397959
110031398011
110031398020
110031398084
110031398093
110031398146
110031398155
110031398164
110031398208
110031398217
110031398342
110031398351
110031398468
110031398486
110031398495
110031398538
110031398547
110031398556
110031398645
110031398681
110031398725
110031398798
110031398805
110031398823
110031398832
110031398878
110031398903
110031398921
110031398967
110031398976
110031398985
110031398994
110031399001
110031399010
110031399092
110031399109
110031399118
110031399127
110031399181
110031399207
110031399252
110031399350
110031399369
110031399387
110031399396
110031399412
110031399421
110031399430
110031399449
110031399458
110031399476
110031399546
110031399555
110031399573
110031399644
110031399662
110031399671
110031399680
110031399699
110031399706
110031399715
110031399724
110031399733
110031399742
110031399751
110031399760
110031399779
110031399788
110031399804
110031399840
110031399868
110031399920
110031400017
110031400035
110031400106
110031400712
110031400749
110031400794
110031401098
110031401105
110031401249
110031401258
110031401686
110031401819
110031401855
110031401908
110031401935
110031401999
110031402015
110031402603
110031402676
110031402809
110031403602
110031403693
110031403719
110031403880
110031403915
110031403924
110031403942
110031403979
110031403988
110031403997
110031404004
110031404013
110031404022
110031404095
110031404148
110031404228
110031404255
110031404282
110031404282
110031404647
110031404807
110031405067
110031405502
110031405575
110031405584
110031405600
110031405619
110031405708
110031406798
110031406921
110031407118
110031407127
110031407485
110031407868
110031407975
110031407993
110031408000
110031408019
110031408073
110031408091
110031408144
110031408162
110031408199
110031408206
110031408395
110031408457
110031408493
110031408536
110031408670
110031408705
110031408858
110031409713
110031410248
110031410257
110031410266
110031410275
110031410293
110031410300
110031410319
110031410328
110031410337
110031410346
110031410355
110031410890
110031410907
110031410925
110031410934
110031411014
110031411283
110031411292
110031411309
110031411318
110031411327
110031411336
110031411345
110031411354
110031411363
110031411513
110031411559
110031411951
110031411960
110031411979
110031411997
110031412068
110031412086
110031412237
110031412406
110031412488
110031412692
110031412843
110031412861
110031413021
110031413290
110031413307
110031413316
110031413325
110031413334
110031413343
110031413352
110031413370
110031413389
110031413405
110031413414
110031413539
110031413799
110031413851
110031413879
110031414146
110031414155
110031414164
110031414173
110031414226
110031414556
110031414565
110031414583
110031414672
110031414761
110031414958
110031414967
110031414976
110031414985
110031414994
110031415001
110031415047
110031415056
110031415289
110031415298
110031415314
110031415403
110031416073
110031416420
110031416545
110031416698
110031416821
110031416885
110031417330
110031417358
110031417553
110031417571
110031417580
110031417606
110031418320
110031418516
110031418767
110031418847
110031418856
110031418874
110031418892
110031418945
110031419463
110031419472
110031419711
110031419819
110031419837
110031419873
110031419908
110031420683
110031421307
110031421343
110031421469
110031421584
110031421888
110031422155
110031422173
110031422823
110031422841
110031423449
110031423671
110031423751
110031423868
110031423911
110031423939
110031424304
110031424359
110031424493
110031424572
110031424590
110031424634
110031424830
110031425116
110031425205
110031425241
110031425250
110031425269
110031425278
110031425287
110031425376
110031425580
110031425713
110031426213
110031427258
110031427560
110031427588
110031427819
110031427828
110031428024
110031428042
110031428079
110031428300
110031428382
110031428391
110031428408
110031428710
110031428792
110031428818
110031429229
110031429489
110031429568
110031429915
110031429924
110031429951
110031429960
110031429979
110031430002
110031430011
110031430020
110031430039
110031430048
110031430057
110031430066
110031430075
110031430084
110031430093
110031430119
110031430262
110031430342
110031430468
110031430486
110031430529
110031430547
110031430565
110031430574
110031430583
110031430592
110031430609
110031430618
110031430636
110031430832
110031431074
110031431332
110031431369
110031431378
110031431421
110031431528
110031431537
110031431546
110031431564
110031431582
110031431617
110031431662
110031431751
110031431966
110031432126
110031432144
110031432162
110031432242
110031432251
110031432260
110031432279
110031432297
110031432313
110031432322
110031432411
110031432796
110031432849
110031432867
110031432894
110031432929
110031432938
110031432956
110031432992
110031433018
110031433036
110031433054
110031433072
110031433090
110031433116
110031433465
110031433562
110031433580
110031433606
110031433713
110031434106
110031434197
110031434945
110031435016
110031435034
110031435061
110031435105
110031435123
110031435141
110031435481
110031435542
110031435604
110031435677
110031435686
110031435695
110031435702
110031435711
110031435720
110031435748
110031435757
110031435775
110031435971
110031436015
110031436024
110031436033
110031436042
110031436051
110031436060
110031436088
110031436140
110031436159
110031436168
110031436499
110031436701
110031436729
110031436925
110031437167
110031437666
110031437773
110031438013
110031438095
110031438111
110031438175
110031438200
110031438228
110031438246
110031438255
110031438264
110031438282
110031438353
110031438371
110031438406
110031438415
110031438479
110031438530
110031438585
110031438594
110031438601
110031438610
110031438629
110031438736
110031438754
110031438772
110031438932
110031438987
110031439003
110031439021
110031439030
110031439058
110031439076
110031439129
110031439138
110031439147
110031439156
110031439192
110031439227
110031439370
110031439398
110031439405
110031439753
110031439780
110031440019
110031440233
110031440242
110031440563
110031440698
110031440929
110031440938
110031441606
110031441615
110031442053
110031442080
110031442160
110031442188
110031442197
110031442204
110031442213
110031442222
110031442231
110031442240
110031442311
110031443016
110031443034
110031443052
110031443061
110031443686
110031443999
110031444024
110031444033
110031444042
110031444275
110031466919
110031467188
110031467197
110031467268
110031467277
110031467357
110031467384
110031467712
110031467758
110031467829
110031467856
110031467883
110031467892
110031467909
110031467927
110031467936
110031467954
110031469373
110031469382
110031469391
110031469854
110031469872
110031469881
110031469952
110031469970
110031469989
110031470021
110031470922
110031470931
110031476276
110031477792
110031488940
110031491758
110031493257
110031495932
110031499108
110031499144
110031499171
110031499484
110031499527
110031499536
110031499581
110031499858
110031499885
110031499894
110031499929
110031499947
110031500258
110031500285
110031500775
110031500793
110031500873
110031501337
110031501355
110031501364
110031501881
110031501907
110031502005
110031502023
110031502087
110031502103
110031502853
110031502933
110031503264
110031503558
110031503567
110031505299
110031505315
110031505324
110031505645
110031506010
110031506074
110031506118
110031506519
110031508517
110031508599
110031508651
110031509277
110031510568
110031512049
110031514519
110031514528
110031514546
110031522859
110031522868
110031527738
110031535088
110031619470
110032590060
110032590364
110032592424
110032592460
110032592558
110032592567
110032592601
110032592610
110032592629
110032592727
110032597223
110032597232
110032597241
110032597250
110032597269
110032597287
110032597410
110032597553
110032597786
110032598437
110032598482
110032598491
110032598525
110032598543
110032598669
110032598954
110032598963
110032599016
110032599043
110032599472
110032599524
110032599720
110032600326
110032600415
110032600433
110032600834
110032600870
110032600898
110032600905
110032601094
110032601209
110032601897
110032602146
110032602253
110032602404
110032602486
110032602501
110032602529
110032602538
110032602574
110032602949
110032603378
110032603804
110032603822
110032604279
110032604395
110032604643
110032604661
110032604670
110032605161
110032605170
110032605376
110032605483
110032605580
110032605606
110032605624
110032605731
110032606179
110032606428
110032606437
110032606446
110032606561
110032606598
110032606623
110032606650
110032606687
110032606696
110032606703
110032606721
110032606749
110032606794
110032606865
110032606874
110032606927
110032606945
110032608015
110032608042
110032608051
110032608060
110032608097
110032608104
110032608113
110032608159
110032608266
110032608293
110032608328
110032608355
110032608667
110032608970
110032609158
110032609390
110032609416
110032609425
110032609504
110032609586
110032609666
110032610119
110032610280
110032610627
110032610636
110032610654
110032610663
110032610672
110032610681
110032610690
110032610761
110032610832
110032610841
110032610869
110032610903
110032610930
110032611519
110032611555
110032611626
110032611680
110032611699
110032611733
110032611797
110032612206
110032612359
110032612368
110032612475
110032612821
110032612849
110032612901
110032612910
110032612956
110032612983
110032612992
110032613018
110032613027
110032613143
110032613241
110032613303
110032613651
110032613731
110032613740
110032613768
110032613777
110032613900
110032613919
110032614400
110032614428
110032614552
110032614703
110032614721
110032614749
110032614758
110032614810
110032614954
110032615070
110032615294
110032615579
110032615677
110032616097
110032616140
110032616186
110032616202
110032616300
110032616328
110032616337
110032616355
110032616364
110032616578
110032616818
110032616934
110032617041
110032617149
110032617238
110032617265
110032617274
110032617443
110032617540
110032617700
110032618022
110032618086
110032618120
110032618175
110032618193
110032618237
110032618424
110032618512
110032618530
110032619021
110032619478
110032619664
110032619833
110032620395
110032620411
