110032620536
110032620723
110032620830
110032621189
110032621205
110032621269
110032621544
110032621580
110032621651
110032621820
110032621857
110032621946
110032621955
110032622348
110032622357
110032622393
110032622400
110032622589
110032622598
110032622614
110032622669
110032622696
110032622936
110032623016
110032623061
110032623114
110032623285
110032623338
110032623542
110032623622
110032623702
110032623739
110032623766
110032623926
110032624293
110032624300
110032624373
110032624391
110032625345
110032625586
110032625764
110032625782
110032625817
110032626996
110032627003
110032627012
110032627021
110032627058
110032627076
110032627502
110032627682
110032627717
110032627959
110032627968
110032627995
110032628002
110032628011
110032628057
110032628093
110032628100
110032628663
110032628752
110032628850
110032628903
110032628912
110032628967
110032628985
110032628994
110032629083
110032629190
110032629449
110032629957
110032631695
110032631917
110032632104
110032632122
110032632131
110032632168
110032632186
110032632195
110032632202
110032632211
110032632220
110032632239
110032632248
110032632257
110032632266
110032632275
110032632319
110032632391
110032632408
110032632426
110032632435
110032632444
110032632453
110032632480
110032632505
110032632514
110032632541
110032633292
110032633309
110032633318
110032633522
110032633531
110032634059
110032634068
110032634077
110032634086
110032634095
110032634102
110032634111
110032634139
110032634157
110032634166
110032634175
110032634184
110032634193
110032634200
110032634219
110032634228
110032634237
110032634255
110032634264
110032634273
110032634282
110032634291
110032634317
110032634326
110032634335
110032634353
110032634399
110032634406
110032634415
110032634424
110032634460
110032634479
110032634488
110032634497
110032634521
110032634530
110032634549
110032634558
110032634567
110032634594
110032634601
110032634610
110032634629
110032634638
110032634647
110032634656
110032634665
110032635806
110032635842
110032635977
110032646359
110032646368
110032646377
110032646386
110032646395
110032646402
110032646411
110032646420
110032646439
110032646448
110032646457
110032646466
110032646475
110032646484
110032646493
110032646509
110032646518
110032646527
110032646536
110032646545
110032646563
110032646572
110032646581
110032646590
110032646607
110032646616
110032646625
110032646634
110032646643
110032646652
110032646661
110032646670
110032646689
110032646698
110032646705
110032646714
110032646723
110032646732
110032646741
110032646769
110032646778
110032646796
110032646803
110032646812
110032646821
110032646830
110032646849
110032646858
110032646867
110032646876
110032646885
110032646894
110032646901
110032646910
110032646938
110032646947
110032646956
110032646965
110032646974
110032646983
110032646992
110032647009
110032647018
110032647027
110032647036
110032647045
110032647054
110032647063
110032647072
110032647081
110032647090
110032647107
110032647116
110032647125
110032647134
110032647143
110032647152
110032647161
110032647170
110032647189
110032647198
110032647205
110032647214
110032647223
110032647232
110032647250
110032647269
110032647278
110032647287
110032647296
110032647303
110032647312
110032647321
110032647330
110032647358
110032647367
110032647376
110032647385
110032647394
110032647401
110032647410
110032647429
110032647438
110032647447
110032647456
110032647465
110032647474
110032647483
110032647492
110032647517
110032647526
110032647562
110032647571
110032647599
110032647606
110032647615
110032647624
110032647633
110032647642
110032647651
110032647660
110032647679
110032647688
110032647697
110032647713
110032647722
110032647731
110032647740
110032647759
110032647768
110032647786
110032647802
110032647857
110032647866
110032647884
110032647893
110032647919
110032647937
110032647946
110032647973
110032647991
110032648017
110032648035
110032648044
110032648062
110032648106
110032648115
110032648133
110032648142
110032648151
110032648160
110032648179
110032648188
110032648197
110032648222
110032648231
110032648259
110032648286
110032648295
110032648302
110032648311
110032648320
110032648339
110032648348
110032648357
110032648366
110032648375
110032648384
110032648393
110032648464
110032648482
110032648491
110032648516
110032648543
110032648552
110032648561
110032648570
110032648589
110032648614
110032648623
110032648632
110032648641
110032648650
110032648669
110032648678
110032648687
110032648696
110032648712
110032648721
110032648730
110032648749
110032648758
110032648767
110032648776
110032648785
110032648794
110032648801
110032648810
110032648829
110032648838
110032648847
110032648856
110032648865
110032648874
110032648883
110032648892
110032648909
110032648918
110032648927
110032648936
110032648945
110032648954
110032648963
110032648981
110032649007
110032649016
110032649025
110032649070
110032649089
110032649123
110032649169
110032649178
110032649187
110032649196
110032649230
110032649267
110032649276
110032649285
110032649301
110032649338
110032649356
110032649365
110032649383
110032649409
110032649427
110032649436
110032649454
110032649463
110032649472
110032649481
110032649515
110032649533
110032649542
110032649560
110032649579
110032649597
110032649604
110032649622
110032649640
110032649668
110032649677
110032649748
110032649757
110032649766
110032649775
110032649784
110032649793
110032654072
110032654081
110032654143
110032654152
110032654349
110032654358
110032654367
110032654385
110032654401
110032654410
110032654429
110032654474
110032654553
110032654606
110032654615
110032654624
110032654660
110032654713
110032654731
110032655008
110032655160
110032655277
110032655286
110032655320
110032655357
110032655366
110032655419
110032655687
110032655703
110032655730
110032655758
110032655776
110032655794
110032655801
110032655829
110032655838
110032655865
110032655883
110032655909
110032655936
110032656016
110032656025
110032656043
110032656061
110032656070
110032656098
110032656123
110032656132
110032656141
110032656169
110032656178
110032656196
110032656249
110032656267
110032656285
110032656310
110032656329
110032656338
110032656347
110032656365
110032656374
110032656392
110032656542
110032656551
110032656560
110032656579
110032656588
110032656604
110032656640
110032656677
110032656686
110032656711
110032656720
110032656757
110032656766
110032656775
110032656784
110032656793
110032656800
110032656846
110032656855
110032656864
110032656891
110032656908
110032656971
110032656980
110032656999
110032657006
110032657015
110032657024
110032657033
110032657097
110032657104
110032657122
110032657131
110032657523
110032657541
110032657578
110032657587
110032657667
110032657701
110032660074
110032660172
110032660181
110032660225
110032660234
110032660369
110032660396
110032660421
110032660500
110032660519
110032660546
110032660591
110032660608
110032660617
110032660635
110032660644
110032660671
110032660680
110032660706
110032660724
110032660742
110032660760
110032660779
110032660804
110032660868
110032660948
110032660957
110032660975
110032661037
110032667549
110032667558
110032667585
110032667594
110032667601
110032667629
110032667656
110032667674
110032667692
110032667718
110032667754
110032667772
110032667816
110032667825
110032667852
110032667861
110032667870
110032667905
110032718860
110032725344
110032728957
110032729064
110032729073
110032729929
110032729938
110032729947
110032729956
110032729965
110032729974
110032730025
110032730052
110032730061
110032730070
110032730105
110032730114
110032730141
110032730310
110032730329
110032732210
110032732229
110032732238
110032741905
110032741914
110032742664
110032742682
110032742744
110032742799
110032742815
110032742931
110032743039
110032743066
110032743280
110032743299
110032743324
110032743495
110032743501
110032743743
110032743752
110032744001
110032744396
110032744403
110032744421
110032744430
110032744458
110032744573
110032744591
110032745466
110032745493
110032745518
110032745527
110032745536
110032745545
110032745554
110032745563
110032745572
110032745590
110032745625
110032745643
110032745661
110032745670
110032746009
110032746205
110032746214
110032746232
110032747357
110032747400
110032747446
110032747473
110032747543
110032747561
110032747570
110032747589
110032747598
110032747909
110032747918
110032747990
110032748007
110032748025
110032750887
110032750921
110032751065
110032751163
110032751387
110032751617
110032751760
110032751948
110032751993
110032752073
110032752849
110032753410
110032754384
110032754473
110032754516
110032754534
110032754543
110032754561
110032754570
110032754598
110032754605
110032754632
110032754650
110032754678
110032754696
110032754703
110032754712
110032754749
110032754767
110032754829
110032754838
110032755864
110032755873
110032755882
110032755891
110032755908
110032755917
110032755926
110032755935
110032755953
110032755962
110032755971
110032755999
110032756006
110032756015
110032756024
110032756033
110032756042
110032756060
110032756079
110032756088
110032756097
110032756104
110032756113
110032756122
110032756131
110032756140
110032756159
110032756168
110032756177
110032756186
110032756195
110032756202
110032756211
110032756220
110032756239
110032756257
110032756266
110032756284
110032756293
110032756300
110032756319
110032756328
110032756337
110032756346
110032756355
110032756364
110032756373
110032756382
110032756391
110032756417
110032756426
110032756444
110032756453
110032756462
110032756471
110032756480
110032756499
110032756505
110032756514
110032756523
110032756532
110032756550
110032756569
110032756578
110032756587
110032756603
110032756612
110032756621
110032756630
110032756649
110032756658
110032756685
110032756694
110032756701
110032756710
110032756729
110032756738
110032756747
110032756756
110032756765
110032756783
110032756809
110032756818
110032756827
110032756836
110032756845
110032756854
110032756863
110032756872
110032756881
110032756907
110032756916
110032756925
110032756934
110032756943
110032756952
110032756961
110032756970
110032756989
110032756998
110032757005
110032757014
110032757032
110032757050
110032757069
110032757078
110032757087
110032757096
110032757103
110032757121
110032757149
110032757158
110032757167
110032757176
110032757185
110032757194
110032757201
110032757210
110032757229
110032757238
110032757247
110032757265
110032757274
110032757283
110032757292
110032757309
110032757318
110032757327
110032757336
110032757345
110032757354
110032757363
110032757372
110032757381
110032757390
110032757407
110032757416
110032757425
110032757434
110032757443
110032757461
110032757470
110032757489
110032757498
110032757504
110032757513
110032757531
110032757540
110032757559
110032757568
110032757577
110032757586
110032757595
110032757602
110032757611
110032757620
110032757639
110032757648
110032757657
110032757666
110032757675
110032757684
110032757693
110032757700
110032757719
110032757728
110032757737
110032757764
110032757773
110032757782
110032757791
110032757808
110032757817
110032757826
110032757835
110032757844
110032757862
110032757871
110032757880
110032757899
110032757906
110032757915
110032757933
110032757951
110032757960
110032757979
110032757988
110032757997
110032758004
110032758022
110032758031
110032758040
110032758059
110032758068
110032758077
110032758086
110032758095
110032758102
110032758111
110032758139
110032758148
110032758157
110032758166
110032758175
110032758184
110032758219
110032758228
110032758237
110032758246
110032758255
110032758264
110032758273
110032758282
110032758291
110032758317
110032758326
110032758335
110032758344
110032758362
110032758371
110032758380
110032758399
110032758406
110032758415
110032758424
110032758433
110032758442
110032758451
110032758460
110032758479
110032758488
110032758497
110032758503
110032758512
110032758521
110032758530
110032758549
110032758558
110032758576
110032758585
110032758594
110032758601
110032758610
110032758638
110032758647
110032758656
110032758665
110032758674
110032758683
110032758692
110032758718
110032758727
110032758736
110032758745
110032758754
110032758763
110032758772
110032758790
110032758807
110032758816
110032758834
110032758843
110032758852
110032758861
110032758870
110032758889
110032758898
110032758905
110032758914
110032758923
110032758932
110032758941
110032758950
110032758969
110032758978
110032758987
110032758996
110032759012
110032759021
110032759030
110032759049
110032759058
110032759067
110032759076
110032759085
110032759094
110032759101
110032759110
110032759129
110032759138
110032759147
110032759156
110032759165
110032759174
110032759183
110032759192
110032759209
110032759218
110032759227
110032759236
110032759245
110032759254
110032759263
110032759272
110032759290
110032759307
110032759316
110032759325
110032759334
110032759343
110032759352
110032759361
110032759370
110032759389
110032759398
110032759405
110032759414
110032759423
110032759432
110032759441
110032759450
110032759469
110032759478
110032759496
110032759502
110032759511
110032759520
110032759539
110032759548
110032759557
